1392	1.000199	0.000024	0.163452	-0.000024	1.000199	-0.134064
1393	0.999836	-0.000145	-0.195312	0.000145	0.999836	0.040863
1394	1.000136	0.000160	-0.308838	-0.000160	1.000136	0.149506	
1395	0.999870	0.000046	0.220947	-0.000046	0.999870	0.120728	
1396	1.000169	0.000008	-0.333862	-0.000008	1.000169	0.263824	
1397	0.999778	0.000100	-0.173584	-0.000100	0.999778	0.164642	
1398	1.000187	-0.000220	-0.179932	0.000220	1.000187	-0.295654	
1399	0.999744	-0.000195	-0.251831	0.000195	0.999744	0.076294	
1400	1.000166	-0.000195	-0.237915	0.000195	1.000166	-0.207520	
1401	0.999838	-0.000161	0.386597	0.000161	0.999838	-0.395294	
1402	1.000221	-0.000090	-0.224121	0.000090	1.000221	-0.419281	
1403	0.999904	-0.000151	0.196533	0.000151	0.999904	0.026215	
1404	1.000050	-0.000504	-0.239502	0.000504	1.000050	-0.154144	
1405	0.999718	-0.000132	0.458984	0.000132	0.999718	-0.013428	
1406	1.000343	-0.000084	-0.613037	0.000084	1.000343	-0.203766	
1407	0.999612	-0.000103	0.797363	0.000103	0.999612	-0.105835	
1408	1.000277	-0.000141	-0.399902	0.000141	1.000277	-0.632141	
1409	0.999695	-0.000300	-0.462769	0.000300	0.999695	0.109833	
1410	1.000187	-0.000169	0.101196	0.000169	1.000187	-0.140564	
1411	0.999959	-0.000321	0.047485	0.000321	0.999959	-0.187469	
1412	1.000049	-0.000117	0.038086	0.000117	1.000049	-0.228455	
1413	0.999795	-0.000170	0.093994	0.000170	0.999795	-0.159180	
1414	1.000319	-0.000076	-0.437988	0.000076	1.000319	-0.913879	
1415	0.999721	-0.000346	0.323608	0.000346	0.999721	-0.245850	
1416	1.000146	-0.000343	-0.199829	0.000343	1.000146	0.038086	
1417	0.999746	-0.000123	0.131470	0.000123	0.999746	-0.103485	
1418	1.000294	-0.000322	0.038574	0.000322	1.000294	-1.158356	
1419	0.999808	-0.000072	-0.127441	0.000072	0.999808	0.180054	
1420	1.000188	-0.000160	-0.160889	0.000160	1.000188	-0.360260	
1421	0.999732	-0.000148	0.119263	0.000148	0.999732	0.032440	
1422	1.000279	0.000114	-0.944458	-0.000114	1.000279	0.277710	
1423	0.999738	-0.000260	0.794312	0.000260	0.999738	-0.750732	
1424	1.000290	0.000030	-0.566406	-0.000030	1.000290	0.070526	
1425	0.999697	-0.000070	-0.002075	0.000070	0.999697	0.160095	
1426	1.000234	0.000019	-0.416504	-0.000019	1.000234	-0.035583	
1427	0.999923	-0.000053	0.029175	0.000053	0.999923	-0.082428	
1428	1.000129	-0.000009	-0.195435	0.000009	1.000129	-0.164642	
1429	0.999957	-0.000008	0.044678	0.000008	0.999957	0.068024	
1430	0.999973	-0.000005	0.023315	0.000005	0.999973	0.040894	
1431	0.999932	-0.000034	0.185547	0.000034	0.999932	-0.224518	
1432	1.000105	0.000095	-0.460571	-0.000095	1.000105	-0.724304	
1433	1.000006	0.000070	0.014160	-0.000070	1.000006	0.022980	
1434	1.000017	-0.000062	-0.239380	0.000062	1.000017	-0.020660	
1435	0.999984	0.000039	-0.058228	-0.000039	0.999984	-0.176178	
1436	1.000022	-0.000047	0.472534	0.000047	1.000022	-0.690948	
1437	0.999978	-0.000320	-0.222900	0.000320	0.999978	0.114288	
1438	0.999968	0.000180	-0.445312	-0.000180	0.999968	0.241638	
1439	1.000072	-0.000130	-0.086792	0.000130	1.000072	-0.834656	
1440	1.000002	-0.000157	-0.072388	0.000157	1.000002	-0.102692	
1441	0.999914	0.000032	-0.092773	-0.000032	0.999914	0.200439	
1442	1.000031	0.000044	-0.005981	-0.000044	1.000031	-0.336823	
1443	0.999920	-0.000177	0.185669	0.000177	0.999920	-0.078979	
1444	1.000003	-0.000007	0.030884	0.000007	1.000003	0.191711	
1445	0.999963	-0.000036	0.017578	0.000036	0.999963	-0.142609	
1446	1.000197	0.000200	-0.231323	-0.000200	1.000197	-0.402374	
1447	0.999986	-0.000259	0.089111	0.000259	0.999986	-0.294098	
1448	1.000252	0.000082	-0.845825	-0.000082	1.000252	-0.032013	
1449	0.999701	-0.000159	0.543823	0.000159	0.999701	-0.379974	
1450	1.000145	0.000039	-0.266724	-0.000039	1.000145	0.158539	
1451	0.999718	0.000028	0.030151	-0.000028	0.999718	0.235657	
1452	1.000172	0.000101	-0.031738	-0.000101	1.000172	-0.734314	
1453	0.999983	-0.000041	0.065186	0.000041	0.999983	-0.470612	
1454	1.000106	-0.000157	-0.056030	0.000157	1.000106	-0.089844	
1455	0.999800	-0.000047	0.119873	0.000047	0.999800	-0.033691	
1456	1.000155	-0.000073	-0.320190	0.000073	1.000155	-0.228424	
1457	0.999833	0.000246	0.027100	-0.000246	0.999833	0.085754	
1458	1.000324	0.000236	-0.639404	-0.000236	1.000324	-0.211792	
1459	0.999704	0.000317	0.577515	-0.000317	0.999704	0.148254	
1460	1.000075	-0.000041	0.071777	0.000041	1.000075	0.050659	
1461	0.999829	-0.000082	0.088745	0.000082	0.999829	0.031372	
1462	1.000133	0.000536	-0.035889	-0.000536	1.000133	0.025543	
1463	0.999738	-0.000036	0.257935	0.000036	0.999738	-0.444763	
1464	1.000051	0.000181	0.117920	-0.000181	1.000051	0.116547	
1465	0.999880	0.000045	0.036865	-0.000045	0.999880	0.065582	
1466	1.000001	0.000041	0.027222	-0.000041	1.000001	0.042419	
1467	0.999841	0.000077	0.190186	-0.000077	0.999841	0.029663	
1468	1.000008	0.000082	-0.053345	-0.000082	1.000008	-0.013977	
1469	0.999727	0.000246	0.667236	-0.000246	0.999727	-0.101593	
1470	1.000155	0.000054	0.047729	-0.000054	1.000155	-0.180664	
1471	0.999736	-0.000047	0.345459	0.000047	0.999736	0.357239	
1472	1.000117	0.000257	-0.026611	-0.000257	1.000117	0.147583	
1473	0.999861	0.000013	0.173340	-0.000013	0.999861	0.101776	
1474	1.000201	0.000369	0.033325	-0.000369	1.000201	0.050720	
1475	0.999699	0.000219	0.610474	-0.000219	0.999699	0.342010	
1476	1.000265	0.000188	-0.532837	-0.000188	1.000265	0.148529	
1477	0.999795	0.000154	0.088257	-0.000154	0.999795	0.292023	
1478	1.000147	0.000416	0.441895	-0.000416	1.000147	-0.209595	
1479	0.999822	0.000211	0.236694	-0.000211	0.999822	0.301056	
1480	1.000214	0.000273	-0.107666	-0.000273	1.000214	0.078094	
1481	0.999716	0.000083	0.844604	-0.000083	0.999716	0.160309	
1482	1.000297	0.000266	-0.155518	-0.000266	1.000297	0.092682	
1483	0.999853	0.000053	0.402344	-0.000053	0.999853	0.045380	
1484	1.000068	0.000035	-0.025513	-0.000035	1.000068	0.099701	
1485	0.999898	0.000024	0.137085	-0.000024	0.999898	0.076385	
1486	0.999968	-0.000039	0.127075	0.000039	0.999968	-0.162903	
1487	0.999796	-0.000012	0.118286	0.000012	0.999796	-0.172180	
1488	1.000182	0.000015	0.322388	-0.000015	1.000182	-0.304749	
1489	0.999747	0.000051	0.302368	-0.000051	0.999747	-0.297333	
1490	1.000285	0.000142	0.119385	-0.000142	1.000285	0.227570	
1491	0.999612	-0.000075	0.831909	0.000075	0.999612	0.039398	
1492	1.000311	0.000140	0.493408	-0.000140	1.000311	0.038513	
1493	0.999671	-0.000161	0.108032	0.000161	0.999671	-0.038971	
1494	1.000095	0.000137	0.112549	-0.000137	1.000095	-0.003174	
1495	0.999812	-0.000017	0.419800	0.000017	0.999812	0.003174	
1496	1.000132	0.000068	-0.012573	-0.000068	1.000132	-0.033447	
1497	0.999645	0.000149	0.627930	-0.000149	0.999645	0.280487	
1498	1.000131	-0.000060	0.143311	0.000060	1.000131	-0.110809	
1499	0.999844	0.000077	0.363403	-0.000077	0.999844	0.263000	
1500	1.000022	-0.000040	0.218018	0.000040	1.000022	0.076782	
1501	0.999759	-0.000067	0.407959	0.000067	0.999759	-0.037903	
1502	1.000071	0.000008	-0.036499	-0.000008	1.000071	-0.092407	
1503	0.999663	-0.000075	0.724243	0.000075	0.999663	-0.057953	
1504	1.000140	-0.000130	0.092163	0.000130	1.000140	0.051819	
1505	0.999783	-0.000300	0.484375	0.000300	0.999783	0.237762	
1506	1.000104	0.000152	0.015991	-0.000152	1.000104	0.123627	
1507	0.999823	0.000034	0.013794	-0.000034	0.999823	0.236511	
1508	1.000154	-0.000057	-0.345093	0.000057	1.000154	-0.285980	
1509	0.999771	0.000001	0.321411	-0.000001	0.999771	0.090576	
1510	1.000044	-0.000258	0.278931	0.000258	1.000044	-0.670654	
1511	0.999672	0.000125	0.712524	-0.000125	0.999672	0.596741	
1512	1.000401	-0.000095	0.222290	0.000095	1.000401	0.591278	
1513	0.999509	0.000068	0.453857	-0.000068	0.999509	0.304993	
1514	1.000163	0.000065	-0.361816	-0.000065	1.000163	-0.049438	
1515	0.999720	0.000036	0.522827	-0.000036	0.999720	0.561035	
1516	1.000072	0.000064	0.053955	-0.000064	1.000072	-0.047760	
1517	0.999866	0.000030	0.335938	-0.000030	0.999866	0.279907	
1518	1.000040	0.000049	0.008911	-0.000049	1.000040	0.032654	
1519	0.999941	-0.000044	0.318481	0.000044	0.999941	-0.228790	
1520	1.000135	0.000000	-0.026611	-0.000000	1.000135	-0.106171	
1521	0.999864	0.000074	0.224976	-0.000074	0.999864	0.701630	
1522	1.000063	0.000036	-0.118408	-0.000036	1.000063	0.202850	
1523	0.999847	0.000104	0.239746	-0.000104	0.999847	0.292633	
1524	1.000136	-0.000009	-0.277832	0.000009	1.000136	-0.130859	
1525	0.999703	0.000291	-0.180542	-0.000291	0.999703	0.132355	
1526	1.000213	-0.000081	-0.096680	0.000081	1.000213	-0.329620	
1527	0.999791	-0.000113	0.144653	0.000113	0.999791	0.131470	
1528	1.000041	-0.000049	0.021484	0.000049	1.000041	-0.025543	
1529	0.999855	-0.000273	0.244263	0.000273	0.999855	-0.512878	
1530	1.000132	-0.000304	-0.275635	0.000304	1.000132	-0.758759	
1531	0.999590	0.000161	-0.038452	-0.000161	0.999590	0.478943	
1532	1.000282	0.000188	-0.045288	-0.000188	1.000282	-0.061127	
1533	0.999709	-0.000477	-0.197754	0.000477	0.999709	-0.369965	
1534	1.000181	0.000066	-0.855103	-0.000066	1.000181	0.231903	
1535	0.999590	0.000191	0.680664	-0.000191	0.999590	0.790039	
1536	1.000221	0.000030	-0.009521	-0.000030	1.000221	-0.609283	
1537	0.999942	0.000202	-0.211548	-0.000202	0.999942	0.072021	
1538	1.000041	-0.000094	0.154907	0.000094	1.000041	-0.262238	
1539	0.999946	-0.000188	-0.118774	0.000188	0.999946	-0.264069	
1540	1.000215	-0.000149	-0.890625	0.000149	1.000215	-0.419281	
1541	0.999931	-0.000086	-0.369385	0.000086	0.999931	-0.211670	
1542	1.000011	-0.000045	-0.112183	0.000045	1.000011	-0.088074	
1543	0.999933	-0.000064	0.073486	0.000064	0.999933	-0.238617	
1544	1.000093	0.000182	-0.339111	-0.000182	1.000093	-0.536743	
1545	1.000019	-0.000061	-0.382324	0.000061	1.000019	-0.062042	
1546	0.999951	-0.000039	-0.591553	0.000039	0.999951	0.155731	
1547	0.999954	-0.000038	-0.139038	0.000038	0.999954	0.271454	
1548	0.999929	-0.000083	0.088379	0.000083	0.999929	0.000549	
1549	0.999950	0.000094	-0.891357	-0.000094	0.999950	0.322388	
1550	0.999962	0.000085	-0.083252	-0.000085	0.999962	0.056305	
1551	0.999975	0.000074	0.048828	-0.000074	0.999975	0.061432	
1552	1.000018	0.000138	-0.109497	-0.000138	1.000018	-0.056519	
1553	0.999915	0.000176	-0.491333	-0.000176	0.999915	0.167908	
1554	0.999961	-0.000029	-0.112549	0.000029	0.999961	-0.053619	
1555	1.000123	0.000076	-0.685181	-0.000076	1.000123	-0.485687	
1556	0.999975	0.000124	-0.260864	-0.000124	0.999975	0.051025	
1557	1.000041	-0.000027	-0.322754	0.000027	1.000041	0.183350	
1558	0.999939	-0.000105	-0.781982	0.000105	0.999939	-0.145477	
1559	1.000133	0.000103	-0.635742	-0.000103	1.000133	-0.228241	
1560	0.999963	-0.000088	-0.058105	0.000088	0.999963	-0.532257	
1561	1.000015	0.000143	-0.959351	-0.000143	1.000015	0.028503	
1562	0.999978	0.000088	0.059326	-0.000088	0.999978	0.162598	
1563	1.000028	0.000102	-0.362915	-0.000102	1.000028	0.207977	
1564	1.000081	0.000062	-0.068970	-0.000062	1.000081	0.066498	
1565	0.999757	0.000027	-0.127441	-0.000027	0.999757	0.125702	
1566	1.000379	0.000346	-0.951050	-0.000346	1.000379	0.019409	
1567	0.999710	0.000197	0.581055	-0.000197	0.999710	0.481110	
1568	1.000094	0.000481	-0.240479	-0.000481	1.000094	-0.120972	
1569	0.999996	0.000142	-0.140747	-0.000142	0.999996	0.152435	
1570	1.000277	0.000129	-0.946899	-0.000129	1.000277	0.146362	
1571	0.999713	0.000108	0.177368	-0.000108	0.999713	0.187286	
1572	1.000155	0.000133	-0.331055	-0.000133	1.000155	0.056244	
1573	0.999794	0.000095	-0.387207	-0.000095	0.999794	0.387299	
1574	1.000096	-0.000030	-0.230713	0.000030	1.000096	-0.055328	
1575	0.999921	0.000112	0.046631	-0.000112	0.999921	0.225708	
1576	1.000170	0.000342	0.014648	-0.000342	1.000170	0.123291	
1577	0.999741	-0.000011	0.010010	0.000011	0.999741	0.087189	
1578	1.000090	0.000059	0.089844	-0.000059	1.000090	0.401184	
1579	0.999689	0.000243	-0.626587	-0.000243	0.999689	0.508636	
1580	1.000261	0.000098	-0.306396	-0.000098	1.000261	-0.190369	
1581	0.999616	0.000010	0.733154	-0.000010	0.999616	0.216431	
1582	1.000171	0.000065	-0.056519	-0.000065	1.000171	0.252380	
1583	0.999899	0.000116	-0.086304	-0.000116	0.999899	0.261353	
1584	1.000136	0.000184	0.074341	-0.000184	1.000136	-0.103302	
1585	0.999875	-0.000006	0.140137	0.000006	0.999875	0.038086	
1586	1.000111	0.000088	-0.010620	-0.000088	1.000111	-0.065979	
1587	0.999890	0.000071	0.031128	-0.000071	0.999890	0.059448	
1588	1.000303	0.000144	0.049316	-0.000144	1.000303	0.003876	
1589	0.999766	-0.000126	0.078857	0.000126	0.999766	0.111481	
1590	1.000087	0.000034	0.048462	-0.000034	1.000087	0.196472	
1591	0.999830	-0.000118	0.535767	0.000118	0.999830	0.482544	
1592	1.000093	-0.000014	-0.012451	0.000014	1.000093	0.014832	
1593	0.999915	0.000202	0.222168	-0.000202	0.999915	0.440399	
1594	1.000059	0.000106	0.020874	-0.000106	1.000059	0.141510	
1595	0.999847	0.000138	0.173950	-0.000138	0.999847	0.128998	
1596	1.000368	0.000268	0.154663	-0.000268	1.000368	0.321716	
1597	0.999590	0.000027	0.767212	-0.000027	0.999590	0.718414	
1598	1.000172	0.000076	-0.289917	-0.000076	1.000172	0.140869	
1599	0.999824	0.000035	0.432739	-0.000035	0.999824	0.042603	
1600	1.000167	0.000099	-0.212524	-0.000099	1.000167	0.281189	
1601	0.999760	0.000193	0.156128	-0.000193	0.999760	0.964600	
1602	1.000121	-0.000100	-0.071533	0.000100	1.000121	-0.196136	
1603	0.999854	-0.000023	0.272095	0.000023	0.999854	0.195953	
1604	1.000199	-0.000224	0.316162	0.000224	1.000199	0.225403	
1605	0.999748	-0.000071	0.492920	0.000071	0.999748	0.209167	
1606	1.000198	0.000192	0.362427	-0.000192	1.000198	0.379150	
1607	0.999682	0.000068	-0.190308	-0.000068	0.999682	0.281586	
1608	1.000207	0.000063	-0.026001	-0.000063	1.000207	0.121338	
1609	0.999738	0.000071	0.424561	-0.000071	0.999738	0.914978	
1610	1.000157	0.000058	0.028442	-0.000058	1.000157	-0.079681	
1611	0.999879	0.000309	-0.003296	-0.000309	0.999879	0.037476	
1612	1.000487	-0.000136	0.027954	0.000136	1.000487	-0.706970	
1613	0.999630	0.000241	0.572388	-0.000241	0.999630	0.777344	
1614	1.000303	0.000082	-0.980469	-0.000082	1.000303	0.372498	
1615	0.999703	-0.000127	0.447266	0.000127	0.999703	0.322968	
1616	1.000130	-0.000049	0.196289	0.000049	1.000130	-0.131409	
1617	0.999920	0.000152	0.224731	-0.000152	0.999920	0.052673	
1618	1.000188	0.000138	-0.056030	-0.000138	1.000188	-0.001770	
1619	0.999950	-0.000005	0.137207	0.000005	0.999950	0.183167	
1620	1.000082	-0.000214	-0.041870	0.000214	1.000082	0.010498	
1621	0.999802	-0.000004	-0.125854	0.000004	0.999802	0.247711	
1622	1.000256	0.000101	0.304199	-0.000101	1.000256	0.203064	
1623	0.999892	0.000189	0.255981	-0.000189	0.999892	0.144836	
1624	1.000166	0.000094	-0.306519	-0.000094	1.000166	0.044647	
1625	0.999879	0.000008	0.037109	-0.000008	0.999879	0.256470	
1626	1.000123	0.000090	-0.265747	-0.000090	1.000123	0.157410	
1627	0.999868	0.000029	0.047729	-0.000029	0.999868	0.119110	
1628	1.000101	0.000083	-0.056030	-0.000083	1.000101	0.083191	
1629	0.999907	0.000003	0.215088	-0.000003	0.999907	-0.015045	
1630	1.000100	0.000109	-0.260010	-0.000109	1.000100	0.184967	
1631	0.999771	-0.000040	0.412476	0.000040	0.999771	-0.140869	
1632	1.000143	0.000120	-0.183105	-0.000120	1.000143	-0.564392	
1633	0.999807	-0.000179	0.279663	0.000179	0.999807	0.002930	
1634	1.000075	-0.000028	-0.025269	0.000028	1.000075	0.051514	
1635	0.999795	-0.000137	-0.347290	0.000137	0.999795	-0.110046	
1636	1.000324	-0.000159	-0.028564	0.000159	1.000324	-0.092163	
1637	0.999590	0.000081	-0.121826	-0.000081	0.999590	0.291382	
1638	1.000265	-0.000175	-0.053223	0.000175	1.000265	-0.402100	
1639	0.999764	-0.000012	0.157593	0.000012	0.999764	0.121399	
1640	1.000034	-0.000186	0.166260	0.000186	1.000034	-0.283722	
1641	0.999713	0.000055	0.461426	-0.000055	0.999713	0.307739	
1642	0.999957	-0.000246	0.167847	0.000246	0.999957	0.530640	
1643	0.999947	0.000206	0.223145	-0.000206	0.999947	0.032898	
1644	1.000067	0.000102	-0.057251	-0.000102	1.000067	0.069489	
1645	1.000116	0.000163	-0.658203	-0.000163	1.000116	-0.102905	
1646	1.000050	0.000082	-0.133545	-0.000082	1.000050	-0.015320	
1647	0.999881	-0.000154	-0.057129	0.000154	0.999881	-0.588104	
1648	0.999941	0.000305	0.010864	-0.000305	0.999941	0.579102	
1649	0.999934	-0.000122	0.149292	0.000122	0.999934	-0.363159	
1650	1.000011	0.000119	-0.133301	-0.000119	1.000011	-0.176270	
1651	1.000030	0.000052	-0.146484	-0.000052	1.000030	0.159363	
1652	0.999924	0.000040	-0.427612	-0.000040	0.999924	0.293976	
1653	0.999981	0.000028	0.015869	-0.000028	0.999981	0.088074	
1654	1.000018	0.000033	0.014893	-0.000033	1.000018	-0.063477	
1655	1.000007	0.000103	-0.030762	-0.000103	1.000007	0.027832	
1656	1.000002	0.000320	-0.238281	-0.000320	1.000002	0.141541	
1657	0.999869	-0.000221	-0.075439	0.000221	0.999869	0.114197	
1658	0.999960	0.000237	-0.441406	-0.000237	0.999960	1.030487	
1659	0.999833	0.000338	0.356201	-0.000338	0.999833	0.079346	
1660	1.000233	0.000254	0.234619	-0.000254	1.000233	-0.226410	
1661	0.999967	0.000091	-0.251465	-0.000091	0.999967	0.417603	
1662	0.999965	0.000138	-0.168213	-0.000138	0.999965	0.281464	
1663	0.999958	0.000080	-0.169556	-0.000080	0.999958	0.283539	
1664	0.999930	0.000113	0.058350	-0.000113	0.999930	0.173767	
1665	1.000088	0.000289	-0.334106	-0.000289	1.000088	0.315247	
1666	0.999937	0.000004	0.309082	-0.000004	0.999937	-0.233063	
1667	1.000018	0.000167	-0.002319	-0.000167	1.000018	0.397949	
1668	1.000017	0.000129	-0.274170	-0.000129	1.000017	0.327271	
1669	1.000014	-0.000040	-0.213257	0.000040	1.000014	0.194946	
1670	0.999899	-0.000033	0.161499	0.000033	0.999899	0.258698	
1671	0.999965	0.000148	0.070801	-0.000148	0.999965	0.127838	
1672	0.999944	0.000227	0.226685	-0.000227	0.999944	0.113434	
1673	1.000012	-0.000016	0.490234	0.000016	1.000012	0.133484	
1674	0.999963	0.000159	0.036987	-0.000159	0.999963	0.622986	
1675	0.999947	-0.000118	-0.137573	0.000118	0.999947	0.292542	
1676	0.999930	0.000174	0.292358	-0.000174	0.999930	-0.111511	
1677	1.000096	0.000113	0.063965	-0.000113	1.000096	0.015686	
1678	0.999976	-0.000025	-0.587036	0.000025	0.999976	0.307159	
1679	1.000013	0.000040	-0.037598	-0.000040	1.000013	0.203918	
1680	0.999925	0.000204	0.146729	-0.000204	0.999925	0.473663	
1681	0.999877	0.000092	0.507446	-0.000092	0.999877	0.297333	
1682	1.000097	-0.000002	0.741699	0.000002	1.000097	-0.050659	
1683	0.999917	0.000194	0.315674	-0.000194	0.999917	0.873901	
1684	1.000027	-0.000018	0.189209	0.000018	1.000027	0.277344	
1685	0.999963	0.000056	0.004517	-0.000056	0.999963	0.298157	
1686	1.000118	0.000128	-0.017212	-0.000128	1.000118	0.263550	
1687	0.999848	0.000162	0.260498	-0.000162	0.999848	0.514221	
1688	1.000358	0.000186	0.182861	-0.000186	1.000358	0.074158	
1689	0.999710	0.000000	0.864746	-0.000000	0.999710	0.177551	
1690	1.000227	0.000122	-0.102295	-0.000122	1.000227	0.135651	
1691	0.999918	0.000051	0.188354	-0.000051	0.999918	0.192780	
1692	1.000100	0.000075	-0.160767	-0.000075	1.000100	0.100403	
1693	0.999914	-0.000013	0.110718	0.000013	0.999914	0.300018	
1694	1.000091	-0.000083	-0.100830	0.000083	1.000091	-0.109619	
1695	0.999790	-0.000179	0.158081	0.000179	0.999790	0.235046	
1696	1.000110	-0.000172	0.224976	0.000172	1.000110	-0.204102	
1697	0.999686	-0.000125	0.736084	0.000125	0.999686	0.032501	
1698	1.000347	0.000086	0.047241	-0.000086	1.000347	0.015594	
1699	0.999839	-0.000225	0.182007	0.000225	0.999839	-0.004303	
1700	1.000041	0.000068	-0.071289	-0.000068	1.000041	0.158844	
1701	0.999900	0.000025	0.232788	-0.000025	0.999900	0.198578	
1702	0.999983	-0.000028	0.085571	0.000028	0.999983	-0.013855	
1703	0.999927	-0.000085	0.244995	0.000085	0.999927	-0.076294	
1704	1.000039	0.000065	0.077881	-0.000065	1.000039	0.073822	
1705	0.999945	0.000020	0.137451	-0.000020	0.999945	0.077240	
1706	1.000081	0.000019	-0.033569	-0.000019	1.000081	0.086761	
1707	0.999762	0.000245	0.657349	-0.000245	0.999762	0.533417	
1708	1.000295	-0.000005	-0.212402	0.000005	1.000295	-0.128845	
1709	0.999883	0.000128	0.087524	-0.000128	0.999883	0.302826	
1710	1.000093	0.000152	-0.026367	-0.000152	1.000093	0.131805	
1711	0.999962	0.000179	-0.113647	-0.000179	0.999962	0.272766	
1712	1.000158	0.000153	0.281006	-0.000153	1.000158	0.342834	
1713	0.999782	0.000274	0.232422	-0.000274	0.999782	0.648651	
1714	1.000125	0.000135	0.055786	-0.000135	1.000125	0.056122	
1715	0.999828	0.000123	0.366089	-0.000123	0.999828	0.223053	
1716	1.000258	0.000286	-0.218262	-0.000286	1.000258	0.109863	
1717	0.999907	0.000092	0.081299	-0.000092	0.999907	0.225830	
1718	1.000058	0.000101	0.111694	-0.000101	1.000058	0.102539	
1719	0.999793	0.000150	0.367188	-0.000150	0.999793	0.284302	
1720	1.000093	0.000107	-0.098633	-0.000107	1.000093	0.142853	
1721	0.999917	0.000024	0.015259	-0.000024	0.999917	0.138611	
1722	0.999992	0.000050	0.139404	-0.000050	0.999992	0.060608	
1723	0.999780	0.000044	0.464355	-0.000044	0.999780	0.078979	
1724	1.000018	0.000025	0.105591	-0.000025	1.000018	0.177521	
1725	0.999897	0.000069	0.016968	-0.000069	0.999897	0.234833	
1726	1.000139	0.000009	0.232666	-0.000009	1.000139	-0.050537	
1727	0.999823	0.000013	0.699219	-0.000013	0.999823	0.297119	
1728	1.000269	0.000164	-0.306885	-0.000164	1.000269	0.227783	
1729	0.999806	-0.000094	0.702271	0.000094	0.999806	0.250031	
1730	1.000139	0.000208	-0.222046	-0.000208	1.000139	0.347229	
1731	0.999874	0.000054	0.195557	-0.000054	0.999874	0.402710	
1732	1.000266	0.000035	0.116455	-0.000035	1.000266	-0.083374	
1733	0.999829	0.000042	0.326050	-0.000042	0.999829	0.023956	
1734	1.000245	0.000026	0.093384	-0.000026	1.000245	-0.034058	
1735	0.999752	0.000004	0.619507	-0.000004	0.999752	0.170746	
1736	1.000293	0.000006	-0.538452	-0.000006	1.000293	0.144287	
1737	0.999774	-0.000044	0.137817	0.000044	0.999774	0.203979	
1738	1.000091	-0.000098	0.005005	0.000098	1.000091	0.123230	
1739	0.999842	-0.000101	0.308594	0.000101	0.999842	0.216461	
1740	1.000113	-0.000234	0.603516	0.000234	1.000113	-0.237335	
1741	0.999848	-0.000317	0.252197	0.000317	0.999848	0.288239	
1742	1.000171	-0.000008	-0.135132	0.000008	1.000171	0.106110	
1743	0.999804	0.000135	0.758179	-0.000135	0.999804	-0.084351	
1744	1.000224	0.000026	-0.250122	-0.000026	1.000224	-0.190704	
1745	0.999894	0.000237	0.158691	-0.000237	0.999894	0.415771	
1746	1.000266	0.000193	0.423340	-0.000193	1.000266	-0.442657	
1747	0.999696	-0.000202	0.193970	0.000202	0.999696	-0.122559	
1748	1.000142	-0.000025	-0.201782	0.000025	1.000142	0.081879	
1749	0.999716	-0.000015	-0.354492	0.000015	0.999716	0.222046	
1750	1.000138	-0.000027	-0.056763	0.000027	1.000138	0.087860	
1751	0.999903	0.000037	0.106567	-0.000037	0.999903	0.172516	
1752	1.000071	0.000097	-0.014526	-0.000097	1.000071	-0.022766	
1753	0.999922	0.000150	0.141602	-0.000150	0.999922	0.117249	
1754	1.000154	0.000414	-0.114624	-0.000414	1.000154	0.176605	
1755	0.999918	0.000224	-0.129517	-0.000224	0.999918	0.821381	
1756	1.000044	0.000209	-0.177368	-0.000209	1.000044	0.382202	
1757	0.999872	0.000227	0.170044	-0.000227	0.999872	0.217957	
1758	1.000212	0.000282	-0.115845	-0.000282	1.000212	-0.087219	
1759	0.999956	0.000296	-0.060303	-0.000296	0.999956	0.107086	
1760	1.000194	0.000301	-0.329590	-0.000301	1.000194	0.124390	
1761	0.999828	0.000260	-0.005859	-0.000260	0.999828	0.504791	
1762	1.000007	0.000197	0.092529	-0.000197	1.000007	0.531342	
1763	0.999851	0.000332	0.436768	-0.000332	0.999851	0.722168	
1764	1.000128	-0.000047	-0.205444	0.000047	1.000128	-0.223663	
1765	0.999855	0.000509	0.035522	-0.000509	0.999855	0.172974	
1766	1.000013	0.000145	0.052612	-0.000145	1.000013	0.168182	
1767	0.999940	0.000095	0.110840	-0.000095	0.999940	0.177917	
1768	1.000055	0.000170	-0.306763	-0.000170	1.000055	0.128967	
1769	0.999888	0.000314	-0.497803	-0.000314	0.999888	0.217316	
1770	1.000139	0.000052	-0.057983	-0.000052	1.000139	0.102295	
1771	0.999807	0.000123	0.359253	-0.000123	0.999807	0.513336	
1772	1.000061	0.000120	-0.034058	-0.000120	1.000061	0.183746	
1773	1.000042	0.000138	-0.217896	-0.000138	1.000042	0.167328	
1774	1.000051	0.000029	0.041992	-0.000029	1.000051	0.043793	
1775	0.999795	0.000110	0.003296	-0.000110	0.999795	0.225159	
1776	1.000130	0.000328	-0.083130	-0.000328	1.000130	0.128540	
1777	0.999888	-0.000072	0.151855	0.000072	0.999888	0.325134	
1778	1.000089	0.000033	-0.126587	-0.000033	1.000089	0.002930	
1779	0.999720	0.000195	0.485962	-0.000195	0.999720	0.168060	
1780	1.000230	0.000200	-0.407349	-0.000200	1.000230	0.061188	
1781	0.999643	-0.000048	0.027588	0.000048	0.999643	0.172882	
1782	1.000231	0.000037	-0.021362	-0.000037	1.000231	-0.153870	
1783	0.999832	0.000048	0.103027	-0.000048	0.999832	0.369110	
1784	1.000032	-0.000058	-0.139648	0.000058	1.000032	-0.102417	
1785	0.999891	0.000127	0.087158	-0.000127	0.999891	0.177704	
1786	1.000046	0.000253	-0.130493	-0.000253	1.000046	0.054382	
1787	0.999980	0.000057	-0.751465	-0.000057	0.999980	-0.136475	
1788	1.000190	-0.000035	-0.143921	0.000035	1.000190	0.357208	
1789	0.999925	-0.000144	0.264893	0.000144	0.999925	-0.279572	
1790	1.000018	0.000216	-0.208984	-0.000216	1.000018	-0.091431	
1791	1.000010	0.000051	-0.186035	-0.000051	1.000010	-0.254547	
1792	0.999934	0.000116	-0.203735	-0.000116	0.999934	0.281128	
1793	0.999922	0.000165	0.279541	-0.000165	0.999922	0.465698	
1794	0.999970	0.000021	0.008911	-0.000021	0.999970	0.015472	
1795	1.000011	0.000348	-0.359863	-0.000348	1.000011	-0.109131	
1796	1.000025	-0.000017	-0.725464	0.000017	1.000025	0.134155	
1797	0.999938	0.000057	-0.392700	-0.000057	0.999938	-0.176849	
1798	0.999986	0.000244	0.268311	-0.000244	0.999986	-0.176514	
1799	0.999933	-0.000279	0.333740	0.000279	0.999933	0.144135	
1800	1.000020	-0.000008	-0.123413	0.000008	1.000020	0.114807	
1801	0.999988	0.000150	-0.061890	-0.000150	0.999988	0.106232	
1802	0.999899	0.000070	0.206299	-0.000070	0.999899	0.124664	
1803	1.000004	0.000038	-0.701172	-0.000038	1.000004	-0.072449	
1804	0.999961	0.000217	0.082397	-0.000217	0.999961	0.327576	
1805	0.999908	0.000236	0.187622	-0.000236	0.999908	0.066864	
1806	1.000024	0.000028	-0.013672	-0.000028	1.000024	0.063721	
1807	0.999962	-0.000095	-0.234741	0.000095	0.999962	-0.094482	
1808	0.999907	0.000262	-0.024536	-0.000262	0.999907	0.415771	
1809	0.999969	0.000052	-0.015381	-0.000052	0.999969	0.109375	
1810	0.999933	0.000061	0.218750	-0.000061	0.999933	-0.048889	
1811	1.000028	0.000195	-0.095581	-0.000195	1.000028	-0.071472	
1812	1.000039	-0.000113	-0.608398	0.000113	1.000039	0.274628	
1813	1.000067	0.000031	-0.180420	-0.000031	1.000067	0.053589	
1814	0.999978	-0.000039	0.141235	0.000039	0.999978	-0.192902	
1815	1.000047	-0.000045	-0.028931	0.000045	1.000047	-0.069305	
1816	0.999960	0.000099	0.160156	-0.000099	0.999960	0.307831	
1817	0.999978	0.000071	0.077393	-0.000071	0.999978	0.208099	
1818	1.000041	0.000007	0.172119	-0.000007	1.000041	-0.049530	
1819	0.999927	0.000036	0.253418	-0.000036	0.999927	0.029694	
1820	1.000166	-0.000113	0.005493	0.000113	1.000166	-0.052216	
1821	0.999944	0.000098	0.035156	-0.000098	0.999944	0.238190	
1822	1.000196	-0.000017	0.003662	0.000017	1.000196	0.150848	
1823	0.999839	-0.000113	0.369751	0.000113	0.999839	0.950928	
1824	1.000128	-0.000288	-0.141968	0.000288	1.000128	-0.401520	
1825	0.999829	0.000131	0.433228	-0.000131	0.999829	0.395905	
1826	1.000230	0.000072	-0.041260	-0.000072	1.000230	0.077881	
1827	0.999889	-0.000053	0.167725	0.000053	0.999889	0.111816	
1828	1.000086	0.000001	0.221436	-0.000001	1.000086	0.541138	
1829	0.999650	0.000017	0.762329	-0.000017	0.999650	0.402557	
1830	1.000408	-0.000113	0.221069	0.000113	1.000408	-0.085999	
1831	0.999537	0.000198	0.688965	-0.000198	0.999537	0.578552	
1832	1.000358	0.000183	-0.343994	-0.000183	1.000358	0.070129	
1833	0.999756	-0.000267	0.266968	0.000267	0.999756	0.225281	
1834	1.000191	-0.000064	-0.363281	0.000064	1.000191	0.133575	
1835	0.999678	0.000125	0.578979	-0.000125	0.999678	0.095490	
1836	1.000142	0.000073	-0.004761	-0.000073	1.000142	0.017303	
1837	0.999934	0.000006	0.087280	-0.000006	0.999934	0.178680	
1838	1.000015	-0.000009	0.089233	0.000009	1.000015	0.037384	
1839	0.999948	-0.000050	-0.033813	0.000050	0.999948	0.181213	
1840	1.000060	0.000132	-0.162598	-0.000132	1.000060	0.216309	
1841	0.999804	-0.000249	0.040405	0.000249	0.999804	0.519775	
1842	1.000051	0.000310	-0.258057	-0.000310	1.000051	0.035706	
1843	0.999903	-0.000044	0.207275	0.000044	0.999903	0.138123	
1844	1.000171	-0.000078	-0.180664	0.000078	1.000171	0.203217	
1845	0.999862	0.000039	0.148804	-0.000039	0.999862	1.117432	
1846	1.000278	0.000156	0.477295	-0.000156	1.000278	-0.472870	
1847	0.999898	0.000212	0.129639	-0.000212	0.999898	0.405853	
1848	1.000055	0.000112	-0.091797	-0.000112	1.000055	0.095306	
1849	1.000026	0.000115	-0.195801	-0.000115	1.000026	0.016205	
1850	1.000116	-0.000013	-0.100708	0.000013	1.000116	0.082947	
1851	0.999891	0.000120	0.230591	-0.000120	0.999891	0.334229	
1852	1.000058	0.000098	-0.010620	-0.000098	1.000058	0.252472	
1853	0.999954	0.000204	-0.125610	-0.000204	0.999954	0.372955	
1854	1.000055	0.000030	0.021606	-0.000030	1.000055	-0.051819	
1855	0.999994	0.000310	-0.070923	-0.000310	0.999994	0.451447	
1856	1.000044	0.000061	0.008911	-0.000061	1.000044	0.079956	
1857	0.999826	0.000130	0.275391	-0.000130	0.999826	0.612305	
1858	0.999951	0.000016	0.207031	-0.000016	0.999951	0.111115	
1859	0.999836	0.000044	0.280029	-0.000044	0.999836	0.615509	
1860	1.000115	-0.000028	-0.082886	0.000028	1.000115	-0.160187	
1861	0.999873	0.000116	0.181030	-0.000116	0.999873	0.341675	
1862	1.000167	0.000034	-0.072388	-0.000034	1.000167	0.226868	
1863	0.999814	0.000000	0.297974	-0.000000	0.999814	0.373596	
1864	1.000216	-0.000011	0.236694	0.000011	1.000216	0.175629	
1865	0.999757	0.000106	0.059448	-0.000106	0.999757	0.348083	
1866	1.000151	0.000362	0.064697	-0.000362	1.000151	0.220612	
1867	0.999910	-0.000153	0.151978	0.000153	0.999910	0.061249	
1868	1.000053	0.000173	-0.045654	-0.000173	1.000053	0.149963	
1869	0.999845	0.000106	0.269165	-0.000106	0.999845	0.153137	
1870	1.000217	0.000048	-0.051514	-0.000048	1.000217	-0.084015	
1871	0.999839	-0.000219	0.157593	0.000219	0.999839	-0.217255	
1872	1.000235	-0.000008	-0.041626	0.000008	1.000235	-0.163147	
1873	0.999854	-0.000001	0.116577	0.000001	0.999854	0.071442	
1874	1.000107	-0.000333	0.412354	0.000333	1.000107	-0.511536	
1875	0.999896	0.000078	-0.026367	-0.000078	0.999896	0.319550	
1876	1.000091	-0.000028	-0.043579	0.000028	1.000091	-0.097504	
1877	0.999956	-0.000026	0.054810	0.000026	0.999956	0.343048	
1878	1.000027	0.000055	0.018799	-0.000055	1.000027	0.038635	
1879	0.999866	-0.000049	0.432129	0.000049	0.999866	-0.054779	
1880	1.000356	0.000076	-0.270020	-0.000076	1.000356	-0.027466	
1881	0.999868	-0.000033	0.169678	0.000033	0.999868	0.273041	
1882	1.000077	0.000103	-0.082520	-0.000103	1.000077	0.115784	
1883	0.999792	0.000061	0.261230	-0.000061	0.999792	0.145355	
1884	1.000185	0.000049	-0.068359	-0.000049	1.000185	0.013153	
1885	0.999743	0.000125	0.095947	-0.000125	0.999743	0.517181	
1886	1.000158	-0.000030	-0.433594	0.000030	1.000158	-0.069244	
1887	0.999641	0.000046	0.670898	-0.000046	0.999641	0.157898	
1888	1.000269	0.000106	-0.123657	-0.000106	1.000269	-0.109467	
1889	0.999790	-0.000051	0.182617	0.000051	0.999790	0.144928	
1890	1.000033	0.000059	0.303833	-0.000059	1.000033	-0.195435	
1891	0.999928	-0.000064	0.035278	0.000064	0.999928	0.099304	
1892	1.000062	0.000123	-0.118408	-0.000123	1.000062	0.269775	
1893	0.999812	0.000215	0.200317	-0.000215	0.999812	0.316010	
1894	1.000189	0.000138	0.194946	-0.000138	1.000189	-0.176239	
1895	0.999808	0.000076	0.267578	-0.000076	0.999808	0.094604	
1896	1.000191	0.000038	-0.280640	-0.000038	1.000191	0.059418	
1897	0.999759	0.000030	-0.090210	-0.000030	0.999759	0.323151	
1898	1.000178	0.000095	0.088257	-0.000095	1.000178	0.008972	
1899	0.999724	0.000037	0.520752	-0.000037	0.999724	0.209290	
1900	1.000243	-0.000070	-0.429443	0.000070	1.000243	-0.143707	
1901	0.999849	-0.000131	0.276001	0.000131	0.999849	-0.028656	
1902	1.000017	0.000032	0.113892	-0.000032	1.000017	0.172211	
1903	0.999914	-0.000108	0.151733	0.000108	0.999914	-0.084808	
1904	1.000063	0.000112	-0.107910	-0.000112	1.000063	0.204285	
1905	0.999731	-0.000194	0.375732	0.000194	0.999731	-0.217590	
1906	1.000177	0.000073	0.053711	-0.000073	1.000177	0.173187	
1907	0.999937	-0.000116	0.219482	0.000116	0.999937	-0.193756	
1908	1.000106	0.000060	-0.059204	-0.000060	1.000106	0.098236	
1909	0.999854	-0.000023	0.198242	0.000023	0.999854	0.045227	
1910	1.000075	-0.000014	-0.084229	0.000014	1.000075	-0.017334	
1911	0.999802	0.000046	0.432251	-0.000046	0.999802	0.075256	
1912	1.000082	-0.000121	-0.069458	0.000121	1.000082	-0.262238	
1913	1.000005	0.000023	0.028687	-0.000023	1.000005	-0.026672	
1914	1.000172	0.000014	-0.174316	-0.000014	1.000172	-0.136597	
1915	1.000038	0.000125	-0.195679	-0.000125	1.000038	0.308411	
1916	1.000047	0.000008	0.029907	-0.000008	1.000047	0.180115	
1917	0.999939	-0.000012	-0.040161	0.000012	0.999939	0.194092	
1918	1.000192	0.000021	-0.078003	-0.000021	1.000192	-0.195282	
1919	0.999971	-0.000168	0.119995	0.000168	0.999971	-0.167389	
1920	1.000170	0.000085	-0.227661	-0.000085	1.000170	-0.000671	
1921	0.999827	-0.000000	0.330688	0.000000	0.999827	0.050293	
1922	1.000218	0.000091	-0.632446	-0.000091	1.000218	0.232391	
1923	0.999900	-0.000035	0.201660	0.000035	0.999900	0.077484	
1924	0.999995	0.000165	0.074951	-0.000165	0.999995	-0.065155	
1925	1.000100	0.000122	-0.422485	-0.000122	1.000100	0.095276	
1926	0.999907	0.000007	0.345215	-0.000007	0.999907	0.051025	
1927	0.999955	0.000070	0.169067	-0.000070	0.999955	-0.140381	
1928	0.999940	0.000129	0.179565	-0.000129	0.999940	0.259918	
1929	0.999946	-0.000088	0.288330	0.000088	0.999946	0.057007	
1930	1.000140	-0.000045	-0.255371	0.000045	1.000140	-0.023102	
1931	1.000053	-0.000036	-0.017212	0.000036	1.000053	-0.024139	
1932	0.999914	0.000044	0.337036	-0.000044	0.999914	0.109741	
1933	1.000059	-0.000050	-0.037354	0.000050	1.000059	-0.009003	
1934	0.999997	0.000006	0.015381	-0.000006	0.999997	0.059479	
1935	0.999983	-0.000023	0.057373	0.000023	0.999983	0.033234	
1936	0.999962	0.000157	0.621704	-0.000157	0.999962	0.104706	
1937	1.000184	-0.000088	-0.005127	0.000088	1.000184	-0.125763	
1938	1.000077	0.000092	0.107666	-0.000092	1.000077	-0.149811	
1939	0.999880	-0.000058	0.307739	0.000058	0.999880	-0.103180	
1940	1.000172	0.000037	-0.237671	-0.000037	1.000172	-0.643433	
1941	0.999781	0.000030	0.416992	-0.000030	0.999781	-0.287231	
1942	1.000274	0.000178	-0.152466	-0.000178	1.000274	-0.929291	
1943	0.999818	-0.000078	0.420654	0.000078	0.999818	-0.266693	
1944	1.000275	-0.000006	-0.140503	0.000006	1.000275	-0.183075	
1945	0.999877	-0.000184	0.027588	0.000184	0.999877	-0.038544	
1946	1.000185	0.000044	-0.317505	-0.000044	1.000185	-0.211670	
1947	0.999902	0.000004	0.082397	-0.000004	0.999902	-0.085968	
1948	1.000032	0.000387	-0.004028	-0.000387	1.000032	-0.220795	
1949	0.999921	-0.000093	0.092163	0.000093	0.999921	0.026917	
1950	1.000126	-0.000225	-0.087769	0.000225	1.000126	-0.475128	
1951	0.999829	-0.000009	0.472534	0.000009	0.999829	-0.323151	
1952	1.000133	0.000315	-0.189087	-0.000315	1.000133	0.031799	
1953	0.999961	-0.000159	0.030029	0.000159	0.999961	0.053864	
1954	1.000026	0.000143	-0.031982	-0.000143	1.000026	0.179047	
1955	0.999822	0.000259	0.198975	-0.000259	0.999822	0.047058	
1956	1.000142	0.000058	0.077881	-0.000058	1.000142	-0.027740	
1957	0.999854	0.000132	-0.089111	-0.000132	0.999854	0.498016	
1958	1.000064	0.000044	0.098389	-0.000044	1.000064	0.026855	
1959	0.999657	0.000196	1.138550	-0.000196	0.999657	0.074982	
1960	1.000290	0.000048	-0.412109	-0.000048	1.000290	-0.024597	
1961	0.999729	0.000065	0.000977	-0.000065	0.999729	-0.061584	
1962	1.000194	0.000327	-0.142212	-0.000327	1.000194	0.085052	
1963	0.999924	-0.000134	-0.175049	0.000134	0.999924	0.322937	
1964	1.000070	0.000045	-0.114990	-0.000045	1.000070	0.289093	
1965	0.999857	0.000226	0.130127	-0.000226	0.999857	-0.004883	
1966	1.000250	0.000045	-0.141235	-0.000045	1.000250	-0.193573	
1967	0.999972	0.000307	0.087036	-0.000307	0.999972	1.056213	
1968	1.000270	0.000007	0.219849	-0.000007	1.000270	0.121399	
1969	0.999875	0.000460	-0.551392	-0.000460	0.999875	0.837769	
1970	1.000106	-0.000186	0.201416	0.000186	1.000106	-0.463898	
1971	0.999885	0.000094	0.143677	-0.000094	0.999885	0.175720	
1972	1.000087	0.000123	-0.035767	-0.000123	1.000087	0.114349	
1973	0.999944	0.000040	-0.019897	-0.000040	0.999944	0.124329	
1974	1.000011	0.000183	-0.001465	-0.000183	1.000011	0.298096	
1975	0.999874	0.000070	0.107788	-0.000070	0.999874	0.218140	
1976	1.000078	0.000146	0.194458	-0.000146	1.000078	0.252533	
1977	0.999879	-0.000034	0.126709	0.000034	0.999879	0.019989	
1978	1.000267	0.000049	-0.039062	-0.000049	1.000267	-0.038544	
1979	0.999861	-0.000072	0.073730	0.000072	0.999861	0.217896	
1980	1.000294	-0.000238	-0.367920	0.000238	1.000294	0.048645	
1981	0.999776	-0.000122	0.228699	0.000122	0.999776	0.548889	
1982	1.000124	-0.000045	0.064819	0.000045	1.000124	-0.050537	
1983	0.999961	0.000194	0.104980	-0.000194	0.999961	-0.060974	
1984	1.000111	-0.000029	-0.122070	0.000029	1.000111	-0.481903	
1985	0.999997	-0.000030	0.109253	0.000030	0.999997	0.216125	
1986	0.999994	-0.000081	0.085449	0.000081	0.999994	-0.048004	
1987	0.999976	-0.000041	0.014648	0.000041	0.999976	0.215729	
1988	1.000088	0.000168	-0.057983	-0.000168	1.000088	0.356232	
1989	0.999937	0.000030	-0.012817	-0.000030	0.999937	0.208435	
1990	0.999977	-0.000064	0.547852	0.000064	0.999977	-0.236145	
1991	0.999906	0.000073	0.210327	-0.000073	0.999906	0.146759	
1992	1.000150	-0.000101	-0.162476	0.000101	1.000150	-0.139618	
1993	0.999929	-0.000149	0.162476	0.000149	0.999929	0.159943	
1994	1.000114	-0.000021	0.084717	0.000021	1.000114	-0.274780	
1995	0.999909	0.000013	0.174805	-0.000013	0.999909	0.062469	
1996	1.000110	-0.000093	-0.046753	0.000093	1.000110	0.045044	
1997	0.999899	-0.000224	0.071899	0.000224	0.999899	0.079102	
1998	1.000062	-0.000099	0.257324	0.000099	1.000062	-0.184052	
1999	0.999927	0.000066	0.082764	-0.000066	0.999927	0.173950	
2000	1.000075	-0.000026	0.037842	0.000026	1.000075	-0.110016	
2001	0.999832	-0.000054	0.114136	0.000054	0.999832	0.115265	
2002	1.000117	0.000169	0.047729	-0.000169	1.000117	0.180664	
2003	0.999963	0.000008	0.087891	-0.000008	0.999963	0.074829	
2004	1.000043	0.000105	-0.035034	-0.000105	1.000043	0.181824	
2005	0.999926	0.000099	0.186768	-0.000099	0.999926	0.217529	
2006	1.000041	0.000091	0.021606	-0.000091	1.000041	-0.011810	
2007	0.999811	0.000062	0.473877	-0.000062	0.999811	0.249603	
2008	1.000070	0.000063	-0.106812	-0.000063	1.000070	0.163391	
2009	0.999779	0.000080	0.463501	-0.000080	0.999779	0.176331	
2010	1.000103	0.000213	0.222290	-0.000213	1.000103	-0.030029	
2011	0.999881	0.000079	0.402954	-0.000079	0.999881	-0.194214	
2012	1.000062	-0.000061	0.086304	0.000061	1.000062	-0.050507	
2013	0.999816	-0.000059	0.344971	0.000059	0.999816	0.117615	
2014	1.000151	-0.000190	-0.078369	0.000190	1.000151	0.111206	
2015	0.999856	0.000005	0.188599	-0.000005	0.999856	0.067841	
2016	1.000109	-0.000014	0.012939	0.000014	1.000109	-0.012756	
2017	0.999738	-0.000184	-0.037842	0.000184	0.999738	0.123779	
2018	1.000894	-0.000215	-0.994751	0.000215	1.000894	-0.594025	
2019	0.999879	-0.000026	0.102051	0.000026	0.999879	0.065216	
2020	1.000218	0.000087	0.249268	-0.000087	1.000218	-0.460480	
2021	0.999861	-0.000096	0.025269	0.000096	0.999861	-0.240906	
2022	1.000142	-0.000139	-0.160278	0.000139	1.000142	-0.466980	
2023	0.999767	0.000042	0.232178	-0.000042	0.999767	0.089874	
2024	1.000292	-0.000128	-0.629517	0.000128	1.000292	-0.602692	
2025	0.999833	-0.000025	0.205811	0.000025	0.999833	0.019714	
2026	1.000038	-0.000022	-0.028931	0.000022	1.000038	-0.186127	
2027	1.000145	0.000027	-0.230591	-0.000027	1.000145	-0.501038	
2028	1.000223	-0.000268	-0.639526	0.000268	1.000223	-0.584229	
2029	0.999726	0.000145	0.291504	-0.000145	0.999726	0.532135	
2030	1.000135	-0.000327	-0.092407	0.000327	1.000135	-0.788086	
2031	0.999984	0.000005	-0.009888	-0.000005	0.999984	0.202057	
2032	1.000075	-0.000123	-0.768677	0.000123	1.000075	0.180054	
2033	0.999781	-0.000061	0.208374	0.000061	0.999781	0.067230	
2034	1.000132	-0.000012	-0.025879	0.000012	1.000132	-0.528351	
2035	0.999847	0.000111	-0.109497	-0.000111	0.999847	-0.397980	
2036	1.000245	0.000046	-0.461670	-0.000046	1.000245	-0.156830	
2037	0.999675	-0.000274	-0.335938	0.000274	0.999675	-0.373749	
2038	1.000153	-0.000047	-0.118286	0.000047	1.000153	-0.090790	
2039	0.999793	0.000023	0.055664	-0.000023	0.999793	0.153961	
2040	1.000280	0.000102	-0.659058	-0.000102	1.000280	-0.655029	
2041	0.999848	-0.000037	0.109863	0.000037	0.999848	-0.475677	
2042	1.000060	-0.000001	-0.309204	0.000001	1.000060	0.146027	
2043	0.999697	0.000365	-0.013306	-0.000365	0.999697	0.065521	
2044	1.000302	-0.000006	-0.116577	0.000006	1.000302	-0.230804	
2045	0.999725	-0.000174	0.242798	0.000174	0.999725	0.232147	
2046	1.000275	-0.000140	-0.715332	0.000140	1.000275	-0.385437	
2047	0.999760	0.000004	0.136353	-0.000004	0.999760	-0.025787	
2048	1.000269	0.000239	-0.760132	-0.000239	1.000269	-0.416992	
2049	0.999699	-0.000270	0.337891	0.000270	0.999699	-0.080780	
2050	1.000174	-0.000049	0.199585	0.000049	1.000174	-0.645416	
2051	0.999859	-0.000085	-0.130859	0.000085	0.999859	-0.062408	
2052	1.000066	-0.000020	0.012573	0.000020	1.000066	-0.329651	
2053	0.999963	-0.000327	0.125488	0.000327	0.999963	-0.710220	
2054	1.000088	-0.000195	0.129761	0.000195	1.000088	-0.355927	
2055	0.999910	-0.000059	-0.078613	0.000059	0.999910	0.113434	
2056	1.000221	-0.000197	-0.361084	0.000197	1.000221	-0.322510	
2057	0.999815	0.000049	0.098267	-0.000049	0.999815	-0.028778	
2058	1.000039	0.000192	0.220215	-0.000192	1.000039	-0.112091	
2059	0.999816	-0.000227	-0.009155	0.000227	0.999816	-0.114471	
2060	1.000113	0.000088	-0.072510	-0.000088	1.000113	-0.288696	
2061	0.999866	-0.000016	0.187378	0.000016	0.999866	0.047180	
2062	1.000270	0.000031	-0.787354	-0.000031	1.000270	0.201874	
2063	0.999624	0.000016	0.664551	-0.000016	0.999624	-0.066803	
2064	1.000101	-0.000042	0.020996	0.000042	1.000101	-0.176361	
2065	0.999821	0.000115	0.098755	-0.000115	0.999821	-0.137268	
2066	1.000215	0.000009	-0.147583	-0.000009	1.000215	-0.330444	
2067	0.999757	-0.000127	-0.058350	0.000127	0.999757	0.007812	
2068	1.000013	0.000014	0.067383	-0.000014	1.000013	0.076904	
2069	0.999925	0.000031	0.075562	-0.000031	0.999925	0.214569	
2070	0.999991	0.000142	-0.025513	-0.000142	0.999991	0.072876	
2071	0.999994	0.000079	0.015381	-0.000079	0.999994	-0.331482	
2072	1.000274	0.000389	-0.712891	-0.000389	1.000274	0.618744	
2073	0.999589	-0.000298	0.770020	0.000298	0.999589	0.364563	
2074	1.000095	0.000077	-0.238281	-0.000077	1.000095	0.011902	
2075	0.999894	0.000101	0.117432	-0.000101	0.999894	0.129181	
2076	1.000174	0.000178	-0.622925	-0.000178	1.000174	0.209290	
2077	0.999794	0.000097	0.020874	-0.000097	0.999794	0.119415	
2078	1.000086	0.000128	0.076904	-0.000128	1.000086	-0.604523	
2079	0.999871	0.000058	0.158691	-0.000058	0.999871	-0.013153	
2080	1.000178	0.000026	-0.324707	-0.000026	1.000178	0.443604	
2081	0.999681	0.000010	0.034180	-0.000010	0.999681	0.297089	
2082	1.000313	0.000064	-0.598877	-0.000064	1.000313	-0.226410	
2083	0.999764	-0.000002	0.088745	0.000002	0.999764	-0.010101	
2084	1.000096	0.000115	-0.072510	-0.000115	1.000096	0.106293	
2085	0.999884	0.000067	0.212036	-0.000067	0.999884	0.129425	
2086	1.000107	0.000271	-0.173584	-0.000271	1.000107	0.084412	
2087	0.999804	0.000142	0.026611	-0.000142	0.999804	0.324524	
2088	1.000134	0.000016	0.004761	-0.000016	1.000134	0.028503	
2089	0.999832	-0.000010	0.131348	0.000010	0.999832	-0.010193	
2090	1.000228	0.000257	-0.667480	-0.000257	1.000228	0.171539	
2091	0.999845	-0.000181	0.096680	0.000181	0.999845	-0.003662	
2092	1.000077	0.000481	-0.205811	-0.000481	1.000077	0.117340	
2093	0.999974	-0.000093	0.049805	0.000093	0.999974	-0.059052	
2094	1.000089	0.000002	-0.268188	-0.000002	1.000089	0.025085	
2095	0.999768	0.000035	-0.080078	-0.000035	0.999768	0.110138	
2096	1.000252	-0.000055	-0.444946	0.000055	1.000252	-0.189209	
2097	0.999833	0.000056	0.174072	-0.000056	0.999833	0.166931	
2098	1.000077	0.000021	-0.342163	-0.000021	1.000077	0.112518	
2099	0.999872	0.000141	-0.087158	-0.000141	0.999872	0.175690	
2100	1.000173	0.000097	-0.295044	-0.000097	1.000173	-0.315491	
2101	0.999727	0.000144	-0.374268	-0.000144	0.999727	0.235016	
2102	1.000140	-0.000069	-0.104248	0.000069	1.000140	-0.232178	
2103	0.999815	0.000019	0.094116	-0.000019	0.999815	-0.081543	
2104	1.000275	-0.000087	-0.230591	0.000087	1.000275	-0.852814	
2105	0.999764	-0.000240	-0.034668	0.000240	0.999764	-0.007324	
2106	1.000255	0.000004	-0.984863	-0.000004	1.000255	0.016632	
2107	0.999861	-0.000059	0.168701	0.000059	0.999861	-0.019806	
2108	1.000162	-0.000210	-0.174683	0.000210	1.000162	-0.192566	
2109	0.999813	0.000066	0.313843	-0.000066	0.999813	0.206696	
2110	1.000289	-0.000197	-1.001099	0.000197	1.000289	-0.968018	
2111	0.999737	-0.000172	0.361694	0.000172	0.999737	0.097412	
2112	1.000192	-0.000020	-0.308228	0.000020	1.000192	-0.044312	
2113	0.999744	-0.000084	-0.465942	0.000084	0.999744	0.233612	
2114	1.000309	0.000257	-0.014404	-0.000257	1.000309	-0.265869	
2115	0.999897	-0.000097	-0.023804	0.000097	0.999897	-0.083954	
2116	1.000269	-0.000060	-0.384766	0.000060	1.000269	-0.433685	
2117	0.999799	0.000121	-0.549927	-0.000121	0.999799	-0.021820	
2118	1.000209	-0.000110	-0.276611	0.000110	1.000209	-0.375061	
2119	0.999722	-0.000117	0.703613	0.000117	0.999722	-0.265503	
2120	1.000407	0.000077	-0.953491	-0.000077	1.000407	-0.204529	
2121	0.999650	0.000018	-0.385864	-0.000018	0.999650	0.172058	
2122	1.000235	-0.000005	-0.411865	0.000005	1.000235	-0.860229	
2123	0.999977	-0.000051	0.093628	0.000051	0.999977	-0.083496	
2124	1.000285	0.000039	-0.659180	-0.000039	1.000285	-0.069977	
2125	0.999133	0.000027	1.364502	-0.000027	0.999133	0.206757	
2126	1.000355	-0.000183	-0.903198	0.000183	1.000355	-0.458923	
2127	0.999709	-0.000043	0.101685	0.000043	0.999709	0.041718	
2128	1.000277	0.000094	-0.189941	-0.000094	1.000277	-0.274200	
2129	0.999875	-0.000090	0.050903	0.000090	0.999875	-0.242401	
2130	1.000219	-0.000146	-0.327637	0.000146	1.000219	0.044067	
2131	0.999668	-0.000117	-0.286743	0.000117	0.999668	0.044037	
2132	1.000123	-0.000211	0.020752	0.000211	1.000123	-0.196198	
2133	0.999945	-0.000097	-0.578125	0.000097	0.999945	-0.269806	
2134	1.000271	0.000249	0.123657	-0.000249	1.000271	-0.240295	
2135	0.999929	-0.000095	0.085449	0.000095	0.999929	-0.145508	
2136	1.000159	-0.000091	-0.644287	0.000091	1.000159	-0.191528	
2137	0.999710	0.000044	-0.087769	-0.000044	0.999710	-0.112152	
2138	1.000332	-0.000076	-0.483398	0.000076	1.000332	-0.836670	
2139	0.999901	-0.000160	-0.126587	0.000160	0.999901	0.119446	
2140	1.000371	0.000103	-0.704102	-0.000103	1.000371	-0.082153	
2141	1.000020	0.000162	-0.042603	-0.000162	1.000020	-0.067657	
2142	1.000211	-0.000025	-0.247437	0.000025	1.000211	-0.168732	
2143	0.999810	0.000093	0.021240	-0.000093	0.999810	-0.130188	
2144	1.000397	0.000105	-0.895996	-0.000105	1.000397	0.035950	
2145	0.999631	-0.000019	0.278320	0.000019	0.999631	0.164825	
2146	1.000336	0.000187	-0.964355	-0.000187	1.000336	-0.094360	
2147	0.999591	0.000137	0.929199	-0.000137	0.999591	0.243805	
2148	1.000422	0.000294	-0.328491	-0.000294	1.000422	-0.479645	
2149	0.999889	0.000082	-0.213257	-0.000082	0.999889	0.403778	
2150	1.000170	0.000170	-0.145752	-0.000170	1.000170	-0.052917	
2151	0.999900	0.000152	0.115845	-0.000152	0.999900	0.138245	
2152	1.000246	-0.000010	-0.540771	0.000010	1.000246	-0.472504	
2153	0.999586	-0.000024	0.113892	0.000024	0.999586	0.078461	
2154	1.000379	-0.000128	-0.966187	0.000128	1.000379	-0.345917	
2155	0.999592	0.000072	0.302490	-0.000072	0.999592	0.092346	
2156	1.000300	-0.000056	-0.485596	0.000056	1.000300	-0.564636	
2157	0.999802	0.000018	0.357422	-0.000018	0.999802	-0.014954	
2158	1.000292	0.000202	-0.337402	-0.000202	1.000292	-0.419830	
2159	0.999850	-0.000036	-0.090210	0.000036	0.999850	0.032166	
2160	1.000272	0.000043	-0.501465	-0.000043	1.000272	-0.024506	
2161	0.999723	0.000102	-0.137207	-0.000102	0.999723	0.078064	
2162	1.000443	0.000012	0.117004	-0.000012	1.000443	-0.157745	
2163	0.999825	0.000098	-0.321045	-0.000098	0.999825	-0.053986	
2164	1.000354	0.000021	-0.524902	-0.000021	1.000354	-0.171478	
2165	0.999894	0.000195	-0.052124	-0.000195	0.999894	0.344360	
2166	1.000264	-0.000234	-0.670410	0.000234	1.000264	-0.457947	
2167	0.999743	0.000072	0.230835	-0.000072	0.999743	0.242889	
2168	1.000187	0.000025	-0.342285	-0.000025	1.000187	-0.516510	
2169	0.999872	0.000091	-0.029663	-0.000091	0.999872	0.109070	
2170	1.000235	-0.000164	-0.290161	0.000164	1.000235	-0.572418	
2171	0.999627	-0.000088	0.091309	0.000088	0.999627	0.302338	
2172	1.000193	-0.000027	-0.351685	0.000027	1.000193	-0.033569	
2173	0.999956	0.000007	0.132202	-0.000007	0.999956	0.021515	
2174	1.000224	-0.000039	-0.408813	0.000039	1.000224	-0.126648	
2175	0.999929	0.000045	-0.224243	-0.000045	0.999929	0.046906	
2176	1.000169	-0.000030	-0.076904	0.000030	1.000169	-0.025818	
2177	0.999863	0.000094	0.126709	-0.000094	0.999863	0.195404	
2178	1.000204	0.000051	0.055908	-0.000051	1.000204	0.022186	
2179	0.999731	0.000083	0.510864	-0.000083	0.999731	0.147308	
2180	1.000200	0.000083	-0.202515	-0.000083	1.000200	-0.034088	
2181	0.999747	0.000103	-0.211914	-0.000103	0.999747	0.225891	
2182	1.000260	0.000179	-0.144287	-0.000179	1.000260	-0.451355	
2183	0.999910	0.000025	0.091797	-0.000025	0.999910	0.077972	
2184	1.000137	-0.000317	-0.383667	0.000317	1.000137	-0.441681	
2185	0.999827	-0.000002	-0.549927	0.000002	0.999827	-0.067474	
2186	1.000175	0.000208	-0.128784	-0.000208	1.000175	-0.034790	
2187	0.999963	-0.000131	0.030396	0.000131	0.999963	0.023682	
2188	1.000120	-0.000105	-0.045166	0.000105	1.000120	-0.386139	
2189	0.999941	0.000248	0.050537	-0.000248	0.999941	0.445099	
2190	1.000030	0.000047	-0.062866	-0.000047	1.000030	-0.149567	
2191	0.999976	0.000089	0.032593	-0.000089	0.999976	0.097290	
2192	1.000051	0.000129	0.044312	-0.000129	1.000051	0.034119	
2193	0.999771	-0.000040	-0.110840	0.000040	0.999771	0.142639	
2194	1.000063	0.000016	-0.148438	-0.000016	1.000063	0.105347	
2195	0.999891	0.000015	0.093506	-0.000015	0.999891	0.002197	
2196	1.000021	0.000231	0.055054	-0.000231	1.000021	0.128906	
2197	1.000058	0.000118	-0.497803	-0.000118	1.000058	-0.143768	
2198	0.999982	-0.000119	0.238525	0.000119	0.999982	0.004272	
2199	1.000032	-0.000006	-0.179688	0.000006	1.000032	0.114929	
2200	1.000023	0.000072	0.058594	-0.000072	1.000023	-0.032227	
2201	1.000124	0.000013	-0.260254	-0.000013	1.000124	-0.063232	
2202	0.999915	0.000070	0.100464	-0.000070	0.999915	0.211151	
2203	1.000015	0.000033	0.016235	-0.000033	1.000015	0.082092	
2204	0.999937	0.000051	0.217773	-0.000051	0.999937	0.193268	
2205	1.000106	0.000070	-0.336792	-0.000070	1.000106	0.609894	
2206	0.999966	0.000144	-0.031006	-0.000144	0.999966	-0.071045	
2207	1.000047	0.000058	-0.095215	-0.000058	1.000047	-0.287781	
2208	1.000003	0.000089	-0.114380	-0.000089	1.000003	0.496246	
2209	0.999994	0.000205	-0.208008	-0.000205	0.999994	0.476807	
2210	0.999987	-0.000057	0.031616	0.000057	0.999987	0.216858	
2211	1.000092	0.000178	-0.164185	-0.000178	1.000092	0.469696	
2212	1.000046	-0.000006	-0.058960	0.000006	1.000046	0.164581	
2213	1.000150	0.000191	-0.653198	-0.000191	1.000150	0.720978	
2214	0.999960	-0.000215	0.283325	0.000215	0.999960	-0.419250	
2215	1.000001	0.000058	0.214478	-0.000058	1.000001	-0.048035	
2216	1.000017	0.000053	-0.053955	-0.000053	1.000017	0.030121	
2217	1.000095	0.000205	-0.323120	-0.000205	1.000095	0.167023	
2218	0.999999	-0.000022	0.081665	0.000022	0.999999	0.028107	
2219	1.000041	0.000015	-0.059204	-0.000015	1.000041	0.338043	
2220	0.999989	0.000296	-0.109741	-0.000296	0.999989	0.949402	
2221	1.000037	-0.000050	-0.002441	0.000050	1.000037	-0.124268	
2222	1.000100	0.000067	-0.136597	-0.000067	1.000100	0.132996	
2223	1.000078	-0.000026	-0.072144	0.000026	1.000078	0.470398	
2224	1.000046	0.000135	-0.100220	-0.000135	1.000046	0.382355	
2225	1.000019	0.000232	-0.039673	-0.000232	1.000019	0.292084	
2226	1.000108	0.000179	-0.080322	-0.000179	1.000108	0.309692	
2227	0.999994	0.000250	-0.144409	-0.000250	0.999994	0.517883	
2228	1.000206	0.000035	-0.339844	-0.000035	1.000206	-0.021362	
2229	0.999950	0.000126	-0.485229	-0.000126	0.999950	0.201019	
2230	1.000196	-0.000003	-0.096802	0.000003	1.000196	0.227600	
2231	0.999983	0.000006	-0.055786	-0.000006	0.999983	0.065094	
2232	1.000067	0.000072	0.060669	-0.000072	1.000067	0.207458	
2233	0.999940	-0.000063	0.052002	0.000063	0.999940	-0.096100	
2234	1.000236	-0.000098	-0.853027	0.000098	1.000236	0.926910	
2235	0.999668	0.000185	0.169434	-0.000185	0.999668	0.236359	
2236	1.000159	0.000052	-0.012085	-0.000052	1.000159	-0.196594	
2237	1.000000	0.000279	-0.456665	-0.000279	1.000000	0.683258	
2238	1.000323	0.000118	-0.593628	-0.000118	1.000323	0.073608	
2239	0.999786	0.000101	0.402588	-0.000101	0.999786	0.216217	
2240	1.000209	0.000162	-0.308105	-0.000162	1.000209	0.104919	
2241	1.000009	0.000380	-0.289307	-0.000380	1.000009	0.392792	
2242	1.000249	0.000208	-0.429199	-0.000208	1.000249	0.302338	
2243	0.999809	0.000335	-0.017090	-0.000335	0.999809	0.435211	
2244	1.000099	0.000123	-0.114990	-0.000123	1.000099	0.166718	
2245	1.000012	0.000174	-0.130371	-0.000174	1.000012	0.142212	
2246	1.000164	0.000141	-0.221924	-0.000141	1.000164	-0.091064	
2247	0.999846	0.000126	-0.119507	-0.000126	0.999846	0.393005	
2248	1.000185	0.000005	-0.372437	-0.000005	1.000185	0.129303	
2249	0.999777	-0.000016	-0.343506	0.000016	0.999777	0.239258	
2250	1.000244	0.000102	-0.049683	-0.000102	1.000244	-0.202759	
2251	0.999777	0.000202	0.081177	-0.000202	0.999777	-0.019623	
2252	1.000269	-0.000060	0.002197	0.000060	1.000269	-0.806915	
2253	0.999847	-0.000096	0.020264	0.000096	0.999847	0.176483	
2254	1.000090	-0.000085	-0.810669	0.000085	1.000090	-0.052155	
2255	0.999868	-0.000012	0.131714	0.000012	0.999868	0.024780	
2256	1.000199	0.000014	-0.091187	-0.000014	1.000199	-0.516907	
2257	0.999858	-0.000104	0.267334	0.000104	0.999858	-0.056763	
2258	1.000263	0.000066	-0.535034	-0.000066	1.000263	-0.053528	
2259	0.999735	-0.000147	0.559326	0.000147	0.999735	-0.268982	
2260	1.000162	0.000069	-0.394531	-0.000069	1.000162	-0.040405	
2261	0.999863	0.000037	-0.178467	-0.000037	0.999863	0.054993	
2262	1.000308	0.000272	-0.209961	-0.000272	1.000308	-0.335052	
2263	0.999830	-0.000330	0.078369	0.000330	0.999830	0.134003	
2264	1.000198	-0.000031	-0.288574	0.000031	1.000198	-0.321106	
2265	0.999831	0.000111	0.385742	-0.000111	0.999831	-0.159729	
2266	1.000240	-0.000110	-0.195679	0.000110	1.000240	-0.460632	
2267	1.000033	0.000106	-0.085449	-0.000106	1.000033	0.112183	
2268	1.000155	0.000005	-0.179077	-0.000005	1.000155	-0.018829	
2269	0.999975	0.000020	-0.022217	-0.000020	0.999975	0.042877	
2270	1.000208	0.000360	-0.320801	-0.000360	1.000208	0.045166	
2271	0.999934	-0.000055	0.155396	0.000055	0.999934	-0.064972	
2272	1.000170	0.000110	-0.301270	-0.000110	1.000170	0.127563	
2273	0.999771	0.000126	-0.283203	-0.000126	0.999771	0.158691	
2274	1.000296	0.000080	-0.158325	-0.000080	1.000296	-0.291107	
2275	0.999781	0.000046	0.408447	-0.000046	0.999781	-0.000519	
2276	1.000256	0.000178	0.195435	-0.000178	1.000256	-0.088409	
2277	0.999887	-0.000045	0.090454	0.000045	0.999887	0.054260	
2278	1.000093	0.000136	-0.129150	-0.000136	1.000093	0.345703	
2279	0.999894	0.000011	0.125244	-0.000011	0.999894	0.165558	
2280	1.000246	-0.000136	-0.287842	0.000136	1.000246	0.136444	
2281	0.999798	-0.000042	0.009766	0.000042	0.999798	0.675964	
2282	1.000157	0.000227	-0.079834	-0.000227	1.000157	0.287689	
2283	0.999976	0.000110	0.139893	-0.000110	0.999976	0.214661	
2284	1.000196	0.000311	-0.071045	-0.000311	1.000196	-0.143341	
2285	0.999860	0.000027	0.480347	-0.000027	0.999860	-0.303711	
2286	1.000308	-0.000046	-0.624390	0.000046	1.000308	-0.191071	
2287	0.999896	-0.000083	0.014160	0.000083	0.999896	-0.315369	
2288	0.999945	0.000179	0.210938	-0.000179	0.999945	0.055969	
2289	0.999964	-0.000049	-0.119873	0.000049	0.999964	-0.104034	
2290	1.000171	-0.000562	-0.542847	0.000562	1.000171	-0.871796	
2291	0.999869	-0.000062	-0.527588	0.000062	0.999869	-0.038971	
2292	1.000341	-0.000057	0.120728	0.000057	1.000341	-0.216888	
2293	0.999815	-0.000233	0.137817	0.000233	0.999815	-0.220245	
2294	1.000118	0.000007	-0.012329	-0.000007	1.000118	-0.035706	
2295	0.999897	-0.000104	0.304077	0.000104	0.999897	0.090393	
2296	1.000087	0.000033	-0.025513	-0.000033	1.000087	0.044250	
2297	0.999912	-0.000007	0.268188	0.000007	0.999912	0.078583	
2298	1.000079	0.000129	-0.133911	-0.000129	1.000079	0.273895	
2299	0.999902	0.000001	0.138672	-0.000001	0.999902	0.033569	
2300	1.000292	0.000195	0.088379	-0.000195	1.000292	0.060486	
2301	0.999754	0.000086	0.139771	-0.000086	0.999754	0.274017	
2302	1.000149	0.000093	-1.001343	-0.000093	1.000149	0.283997	
2303	0.999647	0.000048	1.107422	-0.000048	0.999647	0.131592	
2304	1.000160	0.000068	-0.251221	-0.000068	1.000160	0.044220	
2305	0.999918	0.000059	0.113525	-0.000059	0.999918	0.195404	
2306	1.000089	0.000071	-0.199585	-0.000071	1.000089	0.241333	
2307	0.999843	0.000064	0.261963	-0.000064	0.999843	0.134796	
2308	1.000143	0.000092	-0.194702	-0.000092	1.000143	-0.085114	
2309	0.999862	0.000252	-0.532104	-0.000252	0.999862	0.065735	
2310	1.000153	0.000081	-0.266113	-0.000081	1.000153	0.034760	
2311	0.999710	-0.000028	0.652344	0.000028	0.999710	0.200226	
2312	1.000240	-0.000012	-0.609619	0.000012	1.000240	-0.240723	
2313	0.999769	0.000268	0.012573	-0.000268	0.999769	0.244476	
2314	1.000151	-0.000088	0.161987	0.000088	1.000151	-0.138092	
2315	0.999917	-0.000017	0.209229	0.000017	0.999917	-0.006470	
2316	1.000061	-0.000012	-0.038330	0.000012	1.000061	-0.021118	
2317	0.999941	0.000073	0.092041	-0.000073	0.999941	0.180603	
2318	0.999981	0.000160	0.127808	-0.000160	0.999981	-0.160309	
2319	0.999938	0.000038	0.336182	-0.000038	0.999938	0.226410	
2320	1.000065	0.000085	0.051636	-0.000085	1.000065	0.129089	
2321	0.999927	0.000013	0.373535	-0.000013	0.999927	0.148163	
2322	1.000040	0.000045	0.124023	-0.000045	1.000040	0.035126	
2323	0.999868	0.000160	0.200562	-0.000160	0.999868	0.541901	
2324	1.000098	0.000087	-0.150635	-0.000087	1.000098	0.200684	
2325	0.999940	-0.000018	-0.019897	0.000018	0.999940	0.061768	
2326	1.000322	0.000098	-0.997925	-0.000098	1.000322	0.065979	
2327	0.999475	0.000088	0.135620	-0.000088	0.999475	0.714111	
2328	1.000371	0.000322	0.298462	-0.000322	1.000371	-0.393768	
2329	0.999696	0.000182	0.518799	-0.000182	0.999696	0.391907	
2330	1.000160	0.000063	-0.341675	-0.000063	1.000160	-0.076843	
2331	0.999924	0.000217	-0.066406	-0.000217	0.999924	0.263733	
2332	1.000240	-0.000175	-0.425171	0.000175	1.000240	-0.468353	
2333	0.999547	-0.000035	0.649048	0.000035	0.999547	0.530762	
2334	1.000134	-0.000157	-0.177002	0.000157	1.000134	-0.443665	
2335	0.999895	-0.000032	0.359009	0.000032	0.999895	-0.021912	
2336	1.000205	-0.000125	-0.237915	0.000125	1.000205	-0.305115	
2337	0.999824	-0.000017	0.394043	0.000017	0.999824	0.196960	
2338	1.000073	-0.000145	-0.007080	0.000145	1.000073	-0.332886	
2339	0.999943	0.000003	0.023560	-0.000003	0.999943	0.007416	
2340	1.000111	-0.000166	0.131714	0.000166	1.000111	-0.393677	
2341	0.999907	-0.000028	-0.114624	0.000028	0.999907	0.028320	
2342	1.000101	-0.000045	0.220093	0.000045	1.000101	-0.074219	
2343	0.999954	-0.000027	-0.112427	0.000027	0.999954	0.043488	
2344	1.000167	0.000190	-0.429810	-0.000190	1.000167	0.209839	
2345	0.999395	0.000318	0.801514	-0.000318	0.999395	0.149536	
2346	1.000386	-0.000190	-0.644165	0.000190	1.000386	-0.776642	
2347	0.999699	0.000391	0.187012	-0.000391	0.999699	1.016510	
2348	1.000148	-0.000144	-0.258911	0.000144	1.000148	-0.294739	
2349	0.999822	0.000085	0.252441	-0.000085	0.999822	0.317291	
2350	1.000209	-0.000005	-0.632446	0.000005	1.000209	-0.184265	
2351	0.999643	-0.000015	0.152222	0.000015	0.999643	0.140839	
2352	1.000353	-0.000060	-0.694824	0.000060	1.000353	-0.278168	
2353	0.999828	0.000141	0.295776	-0.000141	0.999828	0.314026	
2354	0.999961	0.000088	0.180542	-0.000088	0.999961	-0.001709	
2355	0.999947	0.000057	0.116455	-0.000057	0.999947	0.005890	
2356	1.000239	-0.000117	-0.395386	0.000117	1.000239	-0.237793	
2357	0.999767	0.000239	-0.406860	-0.000239	0.999767	0.369293	
2358	1.000275	-0.000141	0.092896	0.000141	1.000275	-0.171448	
2359	0.999707	-0.000068	0.143188	0.000068	0.999707	0.235657	
2360	1.000223	-0.000031	0.041138	0.000031	1.000223	-0.615356	
2361	0.999854	-0.000274	-0.384399	0.000274	0.999854	-0.240814	
2362	1.000004	0.000184	-0.118042	-0.000184	1.000004	0.728363	
2363	0.999913	-0.000094	0.200806	0.000094	0.999913	-0.092834	
2364	1.000026	0.000135	-0.017822	-0.000135	1.000026	0.103119	
2365	1.000044	-0.000016	-0.119141	0.000016	1.000044	-0.119598	
2366	0.999971	0.000040	-0.165894	-0.000040	0.999971	0.101227	
2367	1.000039	-0.000017	-0.083740	0.000017	1.000039	0.177704	
2368	0.999952	0.000007	0.124268	-0.000007	0.999952	-0.004608	
2369	1.000027	0.000138	-0.101929	-0.000138	1.000027	0.193726	
2370	0.999946	-0.000027	0.121216	0.000027	0.999946	-0.028259	
2371	1.000154	0.000248	-0.673218	-0.000248	1.000154	0.293884	
2372	0.999971	0.000082	0.081177	-0.000082	0.999971	0.178986	
2373	0.999979	0.000194	0.083252	-0.000194	0.999979	0.543884	
2374	0.999952	0.000056	0.382324	-0.000056	0.999952	0.072449	
2375	1.000093	0.000346	-0.457397	-0.000346	1.000093	0.229919	
2376	1.000093	0.000029	-0.410156	-0.000029	1.000093	0.106018	
2377	0.999972	0.000158	-0.040039	-0.000158	0.999972	0.167847	
2378	0.999931	0.000129	0.087891	-0.000129	0.999931	0.039520	
2379	1.000041	0.000290	0.193726	-0.000290	1.000041	0.289429	
2380	1.000016	-0.000060	0.017456	0.000060	1.000016	-0.110626	
2381	0.999942	0.000105	0.159302	-0.000105	0.999942	0.153320	
2382	1.000012	0.000081	0.078491	-0.000081	1.000012	0.630035	
2383	0.999895	0.000090	0.131592	-0.000090	0.999895	0.434875	
2384	1.000071	-0.000040	0.108643	0.000040	1.000071	-0.143372	
2385	1.000007	0.000550	-0.586792	-0.000550	1.000007	0.876678	
2386	1.000206	-0.000083	0.355591	0.000083	1.000206	0.202881	
2387	0.999585	0.000083	0.905518	-0.000083	0.999585	0.461761	
2388	1.000208	0.000250	-0.375610	-0.000250	1.000208	0.541229	
2389	0.999757	0.000384	-0.340942	-0.000384	0.999757	0.760498	
2390	1.000129	-0.000107	1.102295	0.000107	1.000129	-0.220367	
2391	0.999804	0.000121	-0.123413	-0.000121	0.999804	0.227875	
2392	1.000062	-0.000011	0.050903	0.000011	1.000062	-0.107056	
2393	0.999891	0.000024	0.192993	-0.000024	0.999891	0.185333	
2394	1.000086	-0.000073	0.060791	0.000073	1.000086	-0.123016	
2395	0.999958	0.000043	0.016602	-0.000043	0.999958	0.081604	
2396	1.000062	-0.000018	-0.036499	0.000018	1.000062	0.017822	
2397	0.999937	0.000007	0.126709	-0.000007	0.999937	0.141998	
2398	1.000097	0.000095	-0.137085	-0.000095	1.000097	0.039581	
2399	0.999899	-0.000123	0.078735	0.000123	0.999899	0.009308	
2400	1.000131	0.000011	-0.017700	-0.000011	1.000131	0.128021	
2401	0.999938	0.000019	0.064941	-0.000019	0.999938	0.324036	
2402	1.000080	0.000032	-0.099365	-0.000032	1.000080	0.024017	
2403	0.999897	-0.000065	0.078369	0.000065	0.999897	0.141968	
2404	1.000072	0.000022	0.029297	-0.000022	1.000072	-0.008118	
2405	0.999913	0.000076	-0.063843	-0.000076	0.999913	0.155609	
2406	1.000129	0.000102	-0.229370	-0.000102	1.000129	0.245331	
2407	0.999842	-0.000003	0.312012	0.000003	0.999842	0.171997	
2408	1.000075	0.000143	-0.125122	-0.000143	1.000075	0.147339	
2409	0.999956	0.000043	0.091309	-0.000043	0.999956	0.115143	
2410	1.000094	0.000093	-0.050537	-0.000093	1.000094	0.205994	
2411	0.999894	0.000241	-0.041748	-0.000241	0.999894	0.771118	
2412	1.000105	0.000061	0.006958	-0.000061	1.000105	0.088654	
2413	0.999929	0.000198	0.158569	-0.000198	0.999929	0.279755	
2414	1.000212	0.000316	0.026123	-0.000316	1.000212	0.312836	
2415	0.999656	-0.000081	0.721069	0.000081	0.999656	0.440857	
2416	1.000240	0.000158	-0.382568	-0.000158	1.000240	0.029236	
2417	0.999815	-0.000025	0.442017	0.000025	0.999815	0.104218	
2418	1.000367	-0.000124	-0.385376	0.000124	1.000367	0.327423	
2419	0.999710	0.000026	-0.185547	-0.000026	0.999710	0.438782	
2420	1.000245	0.000133	-0.184692	-0.000133	1.000245	-0.193665	
2421	0.999963	-0.000194	-0.014282	0.000194	0.999963	0.311218	
2422	1.000043	-0.000120	0.227661	0.000120	1.000043	0.219849	
2423	0.999998	0.000106	0.072021	-0.000106	0.999998	0.257843	
2424	1.000094	0.000081	-0.041260	-0.000081	1.000094	0.183258	
2425	0.999726	0.000133	0.585083	-0.000133	0.999726	0.587769	
2426	1.000188	0.000073	-0.280884	-0.000073	1.000188	0.048920	
2427	0.999877	0.000068	0.281250	-0.000068	0.999877	0.589478	
2428	1.000143	-0.000087	-0.017944	0.000087	1.000143	0.119751	
2429	0.999932	0.000103	0.177734	-0.000103	0.999932	0.444275	
2430	1.000144	-0.000106	-0.144043	0.000106	1.000144	-0.156769	
2431	0.999901	-0.000107	0.205444	0.000107	0.999901	0.616272	
2432	1.000135	0.000140	-0.047363	-0.000140	1.000135	0.015900	
2433	0.999968	-0.000045	0.022461	0.000045	0.999968	0.429810	
2434	1.000228	-0.000058	0.201660	0.000058	1.000228	0.145752	
2435	0.999632	0.000372	0.455933	-0.000372	0.999632	0.974274	
2436	1.000225	-0.000118	-0.304077	0.000118	1.000225	0.042053	
2437	0.999928	0.000074	0.011841	-0.000074	0.999928	0.298737	
2438	1.000122	0.000044	0.123291	-0.000044	1.000122	0.114899	
2439	0.999864	0.000076	-0.144775	-0.000076	0.999864	0.370575	
2440	1.000205	0.000075	-0.142456	-0.000075	1.000205	0.655518	
2441	0.999637	-0.000050	0.959106	0.000050	0.999637	0.294067	
2442	1.000262	0.000030	-0.226807	-0.000030	1.000262	0.152863	
2443	0.999933	-0.000034	0.030518	0.000034	0.999933	0.054199	
2444	1.000147	-0.000134	-0.052979	0.000134	1.000147	0.372955	
2445	0.999891	-0.000040	0.083984	0.000040	0.999891	0.287323	
2446	1.000086	-0.000033	0.113892	0.000033	1.000086	-0.169159	
2447	0.999949	0.000057	0.012695	-0.000057	0.999949	0.402435	
2448	1.000079	-0.000269	0.054810	0.000269	1.000079	0.423401	
2449	0.999795	0.000256	0.171509	-0.000256	0.999795	0.299896	
2450	1.000114	0.000003	-0.068481	-0.000003	1.000114	-0.088623	
2451	0.999782	0.000105	0.107056	-0.000105	0.999782	0.531067	
2452	1.000172	-0.000019	-0.222168	0.000019	1.000172	0.009003	
2453	0.999756	-0.000070	0.245605	0.000070	0.999756	0.503448	
2454	1.000185	-0.000184	-0.126221	0.000184	1.000185	-0.023132	
2455	0.999829	-0.000201	-0.164062	0.000201	0.999829	0.445221	
2456	1.000204	0.000164	-0.104614	-0.000164	1.000204	-0.125183	
2457	0.999908	-0.000195	0.109741	0.000195	0.999908	-0.075348	
2458	1.000148	0.000122	-0.079834	-0.000122	1.000148	0.359314	
2459	0.999826	-0.000114	0.248169	0.000114	0.999826	-0.018127	
2460	1.000358	0.000040	-0.545166	-0.000040	1.000358	0.152252	
2461	0.999772	-0.000143	0.341431	0.000143	0.999772	0.681396	
2462	1.000121	0.000126	-0.198730	-0.000126	1.000121	0.280914	
2463	0.999903	0.000266	0.050171	-0.000266	0.999903	0.523621	
2464	1.000149	0.000103	-0.122681	-0.000103	1.000149	0.109283	
2465	0.999937	-0.000025	0.111328	0.000025	0.999937	0.019714	
2466	1.000095	-0.000063	-0.097656	0.000063	1.000095	0.128510	
2467	0.999893	0.000130	0.074585	-0.000130	0.999893	0.397430	
2468	1.000146	0.000006	-0.198853	-0.000006	1.000146	0.121155	
2469	0.999985	0.000145	-0.155884	-0.000145	0.999985	0.400116	
2470	1.000034	-0.000172	0.463379	0.000172	1.000034	0.326599	
2471	0.999782	0.000159	0.303345	-0.000159	0.999782	0.256317	
2472	1.000399	-0.000183	-0.629639	0.000183	1.000399	-0.124146	
2473	0.999400	0.000083	0.393433	-0.000083	0.999400	0.913971	
2474	1.000331	-0.000096	0.051147	0.000096	1.000331	-0.281433	
2475	0.999836	0.000227	0.009521	-0.000227	0.999836	0.062714	
2476	1.000224	-0.000195	-0.021606	0.000195	1.000224	-0.075409	
2477	0.999934	-0.000065	0.244019	0.000065	0.999934	0.020996	
2478	1.000116	0.000018	-0.014404	-0.000018	1.000116	0.019043	
2479	0.999866	-0.000083	0.109863	0.000083	0.999866	0.238312	
2480	1.000165	0.000078	-0.215332	-0.000078	1.000165	0.109253	
2481	0.999950	0.000014	-0.115112	-0.000014	0.999950	0.347260	
2482	1.000157	0.000103	0.078369	-0.000103	1.000157	-0.409027	
2483	0.999704	0.000204	0.477295	-0.000204	0.999704	0.823212	
2484	1.000226	-0.000171	-0.158081	0.000171	1.000226	-0.149048	
2485	0.999991	-0.000158	-0.186646	0.000158	0.999991	0.068909	
2486	1.000052	0.000123	0.171021	-0.000123	1.000052	-0.027679	
2487	0.999947	0.000080	0.084595	-0.000080	0.999947	0.344086	
2488	1.000179	0.000027	0.062256	-0.000027	1.000179	0.126160	
2489	0.999989	0.000009	-0.071289	-0.000009	0.999989	0.056732	
2490	1.000029	0.000090	0.251831	-0.000090	1.000029	0.266632	
2491	0.999837	0.000293	0.574707	-0.000293	0.999837	0.614258	
2492	1.000290	0.000038	-0.462402	-0.000038	1.000290	0.215454	
2493	0.999838	-0.000014	0.093384	0.000014	0.999838	0.102356	
2494	1.000130	0.000152	-0.246216	-0.000152	1.000130	0.308197	
2495	0.999934	0.000015	0.135010	-0.000015	0.999934	0.033173	
2496	1.000333	0.000112	0.187256	-0.000112	1.000333	0.098114	
2497	0.999768	-0.000210	0.148438	0.000210	0.999768	-0.038940	
2498	1.000055	0.000006	-0.072144	-0.000006	1.000055	0.006165	
2499	0.999988	-0.000024	0.470215	0.000024	0.999988	0.323364	
2500	1.000156	-0.000134	-0.424072	0.000134	1.000156	-0.004608	
2501	1.000052	-0.000003	-0.100830	0.000003	1.000052	0.428497	
2502	0.999970	-0.000095	0.387207	0.000095	0.999970	0.313263	
2503	0.999937	0.000134	0.389160	-0.000134	0.999937	0.285889	
2504	1.000143	0.000119	-0.560852	-0.000119	1.000143	0.033417	
2505	1.000084	0.000149	-0.151489	-0.000149	1.000084	0.070587	
2506	1.000025	0.000119	0.005493	-0.000119	1.000025	-0.021454	
2507	1.000062	0.000016	0.087402	-0.000016	1.000062	-0.252228	
2508	1.000018	-0.000025	0.028320	0.000025	1.000018	0.026306	
2509	1.000070	-0.000146	0.177490	0.000146	1.000070	0.293762	
2510	0.999981	-0.000044	-0.001099	0.000044	0.999981	-0.060150	
2511	1.000026	-0.000192	0.057129	0.000192	1.000026	-0.638000	
2512	1.000072	-0.000038	0.011230	0.000038	1.000072	0.302795	
2513	0.999944	-0.000025	-0.052979	0.000025	0.999944	0.170380	
2514	1.000155	-0.000279	0.127563	0.000279	1.000155	-0.207306	
2515	0.999942	-0.000074	0.327515	0.000074	0.999942	0.264160	
2516	1.000139	-0.000060	0.025513	0.000060	1.000139	-0.123260	
2517	1.000053	0.000019	0.100220	-0.000019	1.000053	-0.067841	
2518	1.000075	-0.000086	-0.039551	0.000086	1.000075	0.169556	
2519	0.999896	-0.000008	0.081665	0.000008	0.999896	0.174011	
2520	1.000110	0.000028	0.098511	-0.000028	1.000110	-0.360138	
2521	1.000009	0.000018	0.035767	-0.000018	1.000009	0.065430	
2522	1.000039	-0.000036	0.095215	0.000036	1.000039	0.394470	
2523	0.999948	0.000013	0.046265	-0.000013	0.999948	0.065948	
2524	1.000071	0.000091	-0.092285	-0.000091	1.000071	0.168579	
2525	0.999963	0.000087	0.043701	-0.000087	0.999963	0.196411	
2526	1.000071	0.000068	-0.119385	-0.000068	1.000071	0.082306	
2527	1.000009	0.000035	-0.091675	-0.000035	1.000009	-0.296783	
2528	1.000068	-0.000008	-0.006714	0.000008	1.000068	-0.105347	
2529	0.999898	-0.000043	-0.400391	0.000043	0.999898	-0.099487	
2530	1.000353	0.000073	-0.312256	-0.000073	1.000353	-0.023804	
2531	0.999880	-0.000025	0.357910	0.000025	0.999880	0.054169	
2532	1.000216	-0.000051	0.130127	0.000051	1.000216	-0.152466	
2533	0.999818	-0.000155	-0.021484	0.000155	0.999818	-0.298309	
2534	1.000356	-0.000137	-0.645264	0.000137	1.000356	-0.457886	
2535	0.999857	0.000071	0.150635	-0.000071	0.999857	0.179688	
2536	1.000085	-0.000077	-0.009033	0.000077	1.000085	-0.168518	
2537	0.999989	-0.000036	-0.023438	0.000036	0.999989	-0.132111	
2538	1.000052	-0.000023	0.105225	0.000023	1.000052	0.048981	
2539	1.000014	0.000013	-0.088379	-0.000013	1.000014	-0.064362	
2540	1.000097	0.000110	0.190552	-0.000110	1.000097	0.127686	
2541	0.999842	-0.000017	0.310059	0.000017	0.999842	0.088837	
2542	1.000124	0.000003	-0.189453	-0.000003	1.000124	0.003021	
2543	0.999877	0.000283	0.081299	-0.000283	0.999877	-0.072815	
2544	1.000152	-0.000202	-0.141113	0.000202	1.000152	-0.304993	
2545	0.999806	0.000025	-0.229980	-0.000025	0.999806	0.059204	
2546	1.000327	-0.000118	0.014648	0.000118	1.000327	-0.827240	
2547	0.999677	-0.000184	0.743774	0.000184	0.999677	0.260101	
2548	1.000231	-0.000022	0.009399	0.000022	1.000231	-0.089905	
2549	0.999956	0.000004	0.073364	-0.000004	0.999956	-0.002258	
2550	1.000128	-0.000046	0.029175	0.000046	1.000128	-0.153992	
2551	0.999917	-0.000077	-0.106689	0.000077	0.999917	-0.140564	
2552	1.000133	-0.000056	0.078491	0.000056	1.000133	0.053436	
2553	0.999828	-0.000073	0.320312	0.000073	0.999828	-0.029297	
2554	1.000369	0.000056	0.350220	-0.000056	1.000369	0.059845	
2555	0.999836	-0.000077	0.171631	0.000077	0.999836	-0.031464	
2556	1.000191	0.000081	-0.141968	-0.000081	1.000191	0.024109	
2557	0.999911	0.000116	0.043823	-0.000116	0.999911	0.246948	
2558	1.000064	0.000041	-0.047241	-0.000041	1.000064	-0.042206	
2559	0.999839	0.000074	0.354980	-0.000074	0.999839	0.126892	
2560	1.000265	0.000318	-0.232788	-0.000318	1.000265	-0.126556	
2561	0.999833	-0.000072	0.369385	0.000072	0.999833	0.122284	
2562	1.000054	-0.000036	-0.011841	0.000036	1.000054	-0.033447	
2563	0.999892	0.000068	0.200684	-0.000068	0.999892	0.144745	
2564	1.000260	-0.000088	0.173706	0.000088	1.000260	-0.305511	
2565	0.999887	0.000039	-0.140015	-0.000039	0.999887	0.185364	
2566	1.000215	0.000202	-0.117554	-0.000202	1.000215	-0.207581	
2567	0.999711	-0.000035	0.754517	0.000035	0.999711	0.039124	
2568	1.000491	0.000154	-0.824219	-0.000154	1.000491	-0.057465	
2569	0.999782	-0.000109	0.510620	0.000109	0.999782	-0.033600	
2570	1.000167	0.000078	-0.132446	-0.000078	1.000167	0.068207	
2571	0.999824	0.000064	0.402710	-0.000064	0.999824	0.202789	
2572	1.000301	-0.000069	-0.207031	0.000069	1.000301	-0.638428	
2573	0.999947	0.000063	-0.246094	-0.000063	0.999947	0.110474	
2574	1.000154	0.000001	0.297241	-0.000001	1.000154	0.025085	
2575	0.999891	-0.000037	0.172485	0.000037	0.999891	0.064667	
2576	1.000216	0.000086	-0.346558	-0.000086	1.000216	-0.094055	
2577	0.999973	0.000031	0.025635	-0.000031	0.999973	-0.001862	
2578	1.000116	-0.000051	-0.092407	0.000051	1.000116	-0.065796	
2579	0.999844	-0.000009	0.241089	0.000009	0.999844	0.200836	
2580	1.000210	0.000131	-0.089722	-0.000131	1.000210	-0.824402	
2581	0.999986	0.000382	-0.976807	-0.000382	0.999986	-0.317535	
2582	1.000228	0.000067	0.061035	-0.000067	1.000228	0.251587	
2583	0.999800	-0.000047	0.404053	0.000047	0.999800	0.952728	
2584	1.000142	0.000007	-0.188354	-0.000007	1.000142	0.052643	
2585	0.999825	-0.000044	0.084717	0.000044	0.999825	-0.020752	
2586	1.000306	0.000090	-0.770386	-0.000090	1.000306	-0.130188	
2587	0.999637	0.000111	0.673218	-0.000111	0.999637	0.271912	
2588	1.000176	0.000086	-0.180664	-0.000086	1.000176	0.050842	
2589	0.999931	0.000075	-0.022339	-0.000075	0.999931	0.246857	
2590	1.000225	-0.000012	-0.392822	0.000012	1.000225	-0.032043	
2591	0.999784	0.000040	0.364746	-0.000040	0.999784	-0.050690	
2592	1.000149	0.000095	-0.268799	-0.000095	1.000149	0.116699	
2593	0.999989	-0.000029	0.045654	0.000029	0.999989	-0.058197	
2594	1.000107	0.000067	-0.115845	-0.000067	1.000107	-0.025146	
2595	0.999893	0.000016	-0.058716	-0.000016	0.999893	0.320679	
2596	1.000077	-0.000015	0.114746	0.000015	1.000077	0.181061	
2597	0.999927	0.000116	-0.287598	-0.000116	0.999927	0.539795	
2598	1.000044	0.000077	0.323730	-0.000077	1.000044	0.164154	
2599	0.999906	0.000097	0.121460	-0.000097	0.999906	0.142914	
2600	1.000181	0.000096	-0.388916	-0.000096	1.000181	0.237518	
2601	0.999798	0.000317	0.197510	-0.000317	0.999798	1.046204	
2602	0.999994	0.000041	0.078369	-0.000041	0.999994	0.319214	
2603	0.999898	0.000014	0.109985	-0.000014	0.999898	0.117432	
2604	1.000187	0.000235	-0.542725	-0.000235	1.000187	0.443420	
2605	0.999604	0.000225	-0.017456	-0.000225	0.999604	0.810730	
2606	1.000306	0.000194	-0.092041	-0.000194	1.000306	-0.155060	
2607	0.999859	-0.000107	0.775513	0.000107	0.999859	0.066650	
2608	1.000353	-0.000059	-0.051270	0.000059	1.000353	0.421356	
2609	0.999837	0.000007	0.048096	-0.000007	0.999837	0.656036	
2610	1.000184	0.000036	0.038696	-0.000036	1.000184	0.094574	
2611	0.999900	-0.000070	0.251587	0.000070	0.999900	-0.017426	
2612	1.000167	0.000079	0.317993	-0.000079	1.000167	0.306427	
2613	0.999835	-0.000024	0.513062	0.000024	0.999835	0.092285	
2614	1.000138	0.000035	-0.018188	-0.000035	1.000138	0.155090	
2615	0.999901	0.000115	0.035767	-0.000115	0.999901	0.717346	
2616	1.000103	0.000098	-0.172241	-0.000098	1.000103	0.156067	
2617	0.999915	-0.000008	0.149170	0.000008	0.999915	-0.130951	
2618	1.000242	0.000093	-0.438477	-0.000093	1.000242	0.362671	
2619	0.999946	0.000121	0.005859	-0.000121	0.999946	0.504089	
2620	1.000089	0.000063	0.004517	-0.000063	1.000089	0.192932	
2621	0.999885	0.000056	0.259155	-0.000056	0.999885	0.014648	
2622	1.000395	-0.000019	0.118164	0.000019	1.000395	0.352234	
2623	0.999683	-0.000045	0.061646	0.000045	0.999683	0.276642	
2624	1.000241	-0.000098	-0.376465	0.000098	1.000241	-0.299286	
2625	0.999683	-0.000150	0.791504	0.000150	0.999683	0.409241	
2626	1.000250	-0.000234	0.234253	0.000234	1.000250	-0.170197	
2627	0.999886	-0.000040	0.260132	0.000040	0.999886	-0.056702	
2628	1.000128	0.000001	-0.127563	-0.000001	1.000128	-0.180634	
2629	0.999953	-0.000141	0.045288	0.000141	0.999953	-0.038605	
2630	1.000044	-0.000019	-0.009521	0.000019	1.000044	-0.022766	
2631	0.999901	-0.000139	0.295532	0.000139	0.999901	-0.325592	
2632	1.000085	0.000078	-0.129883	-0.000078	1.000085	-0.000671	
2633	0.999831	-0.000207	0.041748	0.000207	0.999831	-0.321045	
2634	1.000202	0.000019	-0.465698	-0.000019	1.000202	-0.146484	
2635	0.999884	-0.000174	0.022461	0.000174	0.999884	-0.478699	
2636	1.000077	0.000143	0.205688	-0.000143	1.000077	-0.372986	
2637	1.000061	-0.000113	0.016724	0.000113	1.000061	-0.127167	
2638	1.000091	-0.000063	-0.711914	0.000063	1.000091	0.015991	
2639	0.999981	-0.000125	0.104004	0.000125	0.999981	-0.144073	
2640	0.999902	0.000034	0.385254	-0.000034	0.999902	-0.380524	
2641	1.000109	0.000099	-0.183716	-0.000099	1.000109	-0.389435	
2642	1.000081	-0.000239	-0.237915	0.000239	1.000081	-0.328522	
2643	0.999886	-0.000237	-0.283936	0.000237	0.999886	-0.075348	
2644	1.000035	-0.000059	0.269775	0.000059	1.000035	0.104309	
2645	1.000024	-0.000301	-0.355469	0.000301	1.000024	-0.533661	
2646	1.000032	-0.000008	-0.019043	0.000008	1.000032	-0.131805	
2647	1.000025	-0.000085	0.102539	0.000085	1.000025	-0.174469	
2648	1.000025	-0.000185	-0.024414	0.000185	1.000025	-0.251038	
2649	1.000002	0.000017	0.005005	-0.000017	1.000002	-0.019806	
2650	1.000025	-0.000046	-0.110962	0.000046	1.000025	-0.389618	
2651	1.000097	-0.000002	-0.268799	0.000002	1.000097	-0.082611	
2652	0.999981	0.000028	0.043579	-0.000028	0.999981	-0.027161	
2653	0.999983	-0.000000	0.078003	0.000000	0.999983	-0.005493	
2654	1.000074	-0.000009	-0.084717	0.000009	1.000074	-0.122620	
2655	0.999974	-0.000043	-0.068359	0.000043	0.999974	-0.162567	
2656	1.000150	0.000041	-0.257202	-0.000041	1.000150	-0.011719	
2657	0.999935	0.000085	0.051392	-0.000085	0.999935	0.183624	
2658	1.000017	-0.000072	0.066040	0.000072	1.000017	-0.168579	
2659	0.999939	0.000180	-0.093140	-0.000180	0.999939	0.386475	
2660	1.000081	0.000124	-0.183228	-0.000124	1.000081	0.235992	
2661	0.999753	0.000073	0.034302	-0.000073	0.999753	0.471863	
2662	1.000206	0.000134	0.088745	-0.000134	1.000206	-0.414642	
2663	0.999960	-0.000013	0.023438	0.000013	0.999960	0.152740	
2664	1.000087	0.000040	-0.170288	-0.000040	1.000087	0.040192	
2665	0.999820	0.000066	-0.061401	-0.000066	0.999820	0.287201	
2666	1.000096	0.000006	-0.070557	-0.000006	1.000096	0.118835	
2667	0.999923	0.000053	0.027466	-0.000053	0.999923	0.104889	
2668	1.000076	0.000044	-0.092163	-0.000044	1.000076	0.076996	
2669	0.999874	-0.000055	-0.283691	0.000055	0.999874	1.090057	
2670	1.000083	0.000065	0.049194	-0.000065	1.000083	0.015808	
2671	0.999945	0.000129	-0.052368	-0.000129	0.999945	0.265411	
2672	1.000089	0.000087	0.033325	-0.000087	1.000089	0.493439	
2673	0.999889	0.000083	-0.069336	-0.000083	0.999889	0.221375	
2674	1.000145	-0.000067	0.023560	0.000067	1.000145	-0.191864	
2675	0.999955	0.000057	0.047485	-0.000057	0.999955	0.196899	
2676	1.000119	-0.000088	0.017090	0.000088	1.000119	0.106110	
2677	0.999927	-0.000112	0.198975	0.000112	0.999927	0.219788	
2678	1.000159	-0.000035	0.028931	0.000035	1.000159	0.056396	
2679	0.999835	-0.000077	0.088867	0.000077	0.999835	0.057587	
2680	1.000236	0.000141	-0.121216	-0.000141	1.000236	-0.165314	
2681	1.000037	-0.000126	-0.036987	0.000126	1.000037	-0.130371	
2682	1.000086	0.000006	-0.104858	-0.000006	1.000086	-0.005035	
2683	0.999995	-0.000080	0.015381	0.000080	0.999995	0.170013	
2684	1.000138	0.000002	-0.111816	-0.000002	1.000138	-0.005280	
2685	0.999907	0.000002	0.301636	-0.000002	0.999907	0.037994	
2686	1.000384	-0.000201	0.074341	0.000201	1.000384	-0.575195	
2687	0.999913	-0.000060	0.120239	0.000060	0.999913	0.264740	
2688	1.000146	-0.000052	-0.216187	0.000052	1.000146	-0.026794	
2689	0.999958	-0.000088	0.101685	0.000088	0.999958	0.035248	
2690	1.000098	-0.000018	-0.084229	0.000018	1.000098	-0.124390	
2691	0.999945	0.000058	-0.029541	-0.000058	0.999945	0.108154	
2692	1.000257	-0.000134	-0.171143	0.000134	1.000257	-0.433655	
2693	0.999911	-0.000017	-0.448242	0.000017	0.999911	0.165375	
2694	1.000241	0.000024	-0.373291	-0.000024	1.000241	-0.089447	
2695	0.999884	0.000032	0.091919	-0.000032	0.999884	-0.056366	
2696	1.000346	-0.000237	-0.411743	0.000237	1.000346	-0.701019	
2697	0.999783	0.000260	0.136841	-0.000260	0.999783	-0.121948	
2698	1.000331	-0.000053	-0.607178	0.000053	1.000331	-0.399261	
2699	1.000009	-0.000137	-0.099487	0.000137	1.000009	0.036346	
2700	1.000117	-0.000005	-0.239136	0.000005	1.000117	0.156097	
2701	0.999742	-0.000066	-0.041382	0.000066	0.999742	-0.027313	
2702	1.000336	0.000124	-0.964966	-0.000124	1.000336	0.053192	
2703	0.999689	0.000066	0.169067	-0.000066	0.999689	-0.720886	
2704	1.000381	0.000009	-0.524048	-0.000009	1.000381	-0.392914	
2705	0.999913	0.000032	-0.140991	-0.000032	0.999913	0.268280	
2706	1.000236	-0.000067	0.045776	0.000067	1.000236	-0.093079	
2707	0.999903	0.000084	-0.173462	-0.000084	0.999903	-0.098358	
2708	1.000323	0.000098	-0.538330	-0.000098	1.000323	-0.709900	
2709	0.999954	-0.000265	-0.028931	0.000265	0.999954	-0.024109	
2710	1.000060	-0.000027	-0.071777	0.000027	1.000060	-0.266022	
2711	0.999947	-0.000042	-0.235718	0.000042	0.999947	-0.117493	
2712	1.000287	-0.000194	-0.729126	0.000194	1.000287	-0.015137	
2713	0.999801	-0.000192	0.334961	0.000192	0.999801	-0.193481	
2714	1.000136	-0.000026	-0.141479	0.000026	1.000136	-0.196320	
2715	0.999965	-0.000037	-0.274414	0.000037	0.999965	-0.006775	
2716	1.000142	-0.000028	-0.153442	0.000028	1.000142	0.056976	
2717	0.999758	-0.000164	0.113525	0.000164	0.999758	0.572571	
2718	1.000102	0.000060	-0.146240	-0.000060	1.000102	0.020142	
2719	0.999945	0.000000	0.062012	-0.000000	0.999945	0.100037	
2720	1.000230	0.000367	-0.818726	-0.000367	1.000230	-0.054840	
2721	0.999944	-0.000013	-0.032837	0.000013	0.999944	-0.033844	
2722	0.999974	0.000287	0.246704	-0.000287	0.999974	-0.461090	
2723	1.000075	-0.000066	-0.091553	0.000066	1.000075	-0.014893	
2724	1.000057	-0.000121	-0.041748	0.000121	1.000057	0.050720	
2725	1.000106	0.000182	-0.611694	-0.000182	1.000106	-0.047913	
2726	1.000039	-0.000139	0.081055	0.000139	1.000039	-0.359741	
2727	1.000016	-0.000138	-0.057251	0.000138	1.000016	-0.079071	
2728	1.000012	-0.000079	-0.024658	0.000079	1.000012	-0.135345	
2729	1.000060	-0.000285	-0.009033	0.000285	1.000060	-0.638428	
2730	0.999966	-0.000107	0.067993	0.000107	0.999966	0.043945	
2731	0.999973	-0.000052	0.219238	0.000052	0.999973	-0.170044	
2732	1.000086	-0.000139	-0.183228	0.000139	1.000086	0.064484	
2733	1.000020	-0.000044	-0.027954	0.000044	1.000020	-0.215027	
2734	1.000043	0.000101	-0.072021	-0.000101	1.000043	-0.006653	
2735	0.999957	-0.000031	0.119019	0.000031	0.999957	0.251556	
2736	0.999950	0.000081	0.095337	-0.000081	0.999950	0.274963	
2737	1.000048	-0.000141	0.007324	0.000141	1.000048	-0.222412	
2738	1.000043	-0.000079	-0.048828	0.000079	1.000043	0.005890	
2739	1.000008	-0.000072	0.094604	0.000072	1.000008	0.031250	
2740	1.000035	-0.000039	0.009888	0.000039	1.000035	-0.079956	
2741	1.000095	-0.000105	-0.181885	0.000105	1.000095	-0.131470	
2742	0.999982	0.000053	0.058472	-0.000053	0.999982	0.103271	
2743	0.999920	-0.000106	0.213257	0.000106	0.999920	0.232788	
2744	1.000178	-0.000272	-0.142090	0.000272	1.000178	-0.664032	
2745	0.999953	-0.000065	0.096313	0.000065	0.999953	-0.220276	
2746	1.000211	0.000086	0.008911	-0.000086	1.000211	-0.686340	
2747	0.999820	-0.000095	-0.217285	0.000095	0.999820	0.003693	
2748	1.000077	-0.000050	0.045776	0.000050	1.000077	0.068878	
2749	0.999867	-0.000228	0.186523	0.000228	0.999867	-0.008881	
2750	1.000142	-0.000065	-0.026855	0.000065	1.000142	-0.099335	
2751	0.999994	-0.000013	0.075928	0.000013	0.999994	-0.060608	
2752	1.000127	-0.000178	-0.044922	0.000178	1.000127	-0.288879	
2753	0.999949	-0.000188	0.165405	0.000188	0.999949	-0.296387	
2754	1.000214	-0.000147	-0.223511	0.000147	1.000214	-0.420959	
2755	0.999830	-0.000221	-0.189819	0.000221	0.999830	-0.257965	
2756	1.000350	0.000190	-1.078735	-0.000190	1.000350	-0.161469	
2757	0.999945	-0.000075	-0.185547	0.000075	0.999945	-0.334320	
2758	1.000150	0.000216	-0.082031	-0.000216	1.000150	-0.194763	
2759	1.000031	-0.000058	-0.047729	0.000058	1.000031	-0.645508	
2760	1.000190	0.000067	-1.057373	-0.000067	1.000190	-1.201385	
2761	0.999762	-0.000365	-0.110962	0.000365	0.999762	0.467926	
2762	1.000124	-0.000002	-0.205322	0.000002	1.000124	0.478973	
2763	0.999746	0.000219	-0.261230	-0.000219	0.999746	-0.175507	
2764	1.000265	0.000062	-1.069336	-0.000062	1.000265	-1.862122	
2765	0.999812	-0.000377	-2.123169	0.000377	0.999812	-0.613800	
2766	1.000401	0.000259	-1.471924	-0.000259	1.000401	-0.992004	
2767	0.999703	-0.000285	-0.134399	0.000285	0.999703	-1.289307	
2768	1.000386	-0.001101	-2.327637	0.001101	1.000386	-1.787994	
2769	0.999630	0.000923	-0.723755	-0.000923	0.999630	0.617096	
2770	1.000565	-0.000267	-2.858765	0.000267	1.000565	-2.836975	
2771	0.999822	-0.000735	-2.781738	0.000735	0.999822	-1.003174	
2772	1.000205	0.000176	0.335449	-0.000176	1.000205	-0.612549	
2773	0.999806	0.000035	0.373779	-0.000035	0.999806	-2.008148	
2774	1.000106	-0.000473	-0.890503	0.000473	1.000106	-1.624695	
2775	0.999994	-0.000443	1.422119	0.000443	0.999994	1.605164	
2776	1.000083	-0.000908	0.653076	0.000908	1.000083	-0.446350	
2777	0.999739	-0.000430	-1.118042	0.000430	0.999739	0.951141	
2778	1.000222	0.000891	0.159790	-0.000891	1.000222	-1.018341	
2779	0.999951	0.000052	-1.083008	-0.000052	0.999951	-1.878571	
2780	1.000343	-0.000429	0.126831	0.000429	1.000343	0.059052	
2781	0.999730	0.000884	2.165527	-0.000884	0.999730	0.163574	
