1203	0.999527	-0.000493	0.534668	0.000493	0.999527	-0.722168
1204	0.998051	-0.000498	1.220337	0.000498	0.998051	-0.561676	
1205	0.999012	-0.000504	0.744446	0.000504	0.999012	-0.619873	
1206	0.998742	-0.000835	1.131165	0.000835	0.998742	-0.802155	
1207	0.998520	-0.000807	1.250732	0.000807	0.998520	-0.890533	
1208	0.998018	-0.000796	1.513611	0.000796	0.998018	-0.610321	
1209	0.998741	-0.000557	1.108215	0.000557	0.998741	-0.692657	
1210	0.998986	-0.000722	0.771851	0.000722	0.998986	-0.594330	
1211	0.998912	-0.000378	0.934998	0.000378	0.998912	-0.346863	
1212	0.998107	-0.000624	1.463074	0.000624	0.998107	-0.738281	
1213	0.998443	-0.000530	1.212952	0.000530	0.998443	-0.397675	
1214	0.998378	-0.000458	1.159180	0.000458	0.998378	-0.498108	
1215	0.998683	-0.000644	1.256287	0.000644	0.998683	-0.609772	
1216	0.998189	-0.000570	1.181458	0.000570	0.998189	-0.381409	
1217	0.998276	-0.000495	1.224304	0.000495	0.998276	-0.294189	
1218	0.998601	-0.000787	1.065796	0.000787	0.998601	-0.568268	
1219	0.999162	-0.000771	1.151245	0.000771	0.999162	-0.794891	
1220	0.998853	-0.000333	0.963745	0.000333	0.998853	-0.479614	
1221	0.998248	-0.000677	1.269073	0.000677	0.998248	-0.459351	
1222	0.998397	-0.000495	1.216797	0.000495	0.998397	-0.409302	
1223	0.998679	-0.000392	1.044861	0.000392	0.998679	-0.411316	
1224	0.998575	-0.000581	1.126343	0.000581	0.998575	-0.392303	
1225	0.999130	-0.000387	0.571716	0.000387	0.999130	-0.384003	
1226	0.998795	-0.000396	0.823059	0.000396	0.998795	-0.398712	
1227	0.998124	-0.000749	1.364502	0.000749	0.998124	-0.617020	
1228	0.999078	-0.000585	0.754395	0.000585	0.999078	-0.383087	
1229	0.999182	-0.000764	0.761780	0.000764	0.999182	-0.739502	
1230	0.998107	-0.000439	1.280151	0.000439	0.998107	-0.312469	
1231	0.998124	-0.000853	1.309753	0.000853	0.998124	-0.753998	
1232	0.998154	-0.000327	1.329041	0.000327	0.998154	-0.216522	
1233	0.998321	-0.000749	1.364868	0.000749	0.998321	-0.561005	
1234	0.997713	-0.000503	1.721680	0.000503	0.997713	-0.435944	
1235	0.998964	-0.000704	1.212585	0.000704	0.998964	-0.947174	
1236	0.998728	-0.000790	1.078735	0.000790	0.998728	-0.661285	
1237	0.998745	-0.000506	1.199646	0.000506	0.998745	-0.385406	
1238	0.998617	-0.000410	0.994873	0.000410	0.998617	-0.423615	
1239	0.999028	-0.000255	0.866882	0.000255	0.999028	-0.460876	
1240	0.998448	-0.000813	0.976257	0.000813	0.998448	-1.087097	
1241	0.998650	-0.000531	1.063599	0.000531	0.998650	-0.670288	
1242	0.998606	-0.000736	1.235718	0.000736	0.998606	-0.559357	
1243	0.999154	-0.000323	0.747620	0.000323	0.999154	-0.769043	
1244	0.999029	-0.000374	0.824524	0.000374	0.999029	-0.310303	
1245	0.999124	-0.000616	0.947388	0.000616	0.999124	-0.864929	
1246	0.997973	-0.000644	1.596558	0.000644	0.997973	-0.745392	
1247	0.998817	-0.000522	1.109924	0.000522	0.998817	-0.565216	
1248	0.999228	-0.000535	0.836792	0.000535	0.999228	-0.722565	
1249	0.999120	-0.000324	1.016174	0.000324	0.999120	-0.744202	
1250	0.999063	-0.000474	0.811096	0.000474	0.999063	-0.737274	
1251	0.999275	-0.000630	0.864624	0.000630	0.999275	-0.802521	
1252	0.998765	-0.000324	1.032532	0.000324	0.998765	-0.485870	
1253	0.998582	-0.000790	1.449951	0.000790	0.998582	-1.196335	
1254	0.998151	-0.000711	1.306763	0.000711	0.998151	-0.642715	
1255	0.998284	-0.000360	1.415649	0.000360	0.998284	-0.955612	
1256	0.998802	-0.000580	0.878662	0.000580	0.998802	-0.602615	
1257	0.998243	-0.000879	1.198547	0.000879	0.998243	-0.919434	
1258	0.998325	-0.000774	1.431213	0.000774	0.998325	-0.914429	
1259	0.998490	-0.000822	1.256531	0.000822	0.998490	-1.030121	
1260	0.998267	-0.000330	1.115295	0.000330	0.998267	-0.435760	
1261	0.998986	-0.000794	0.979797	0.000794	0.998986	-0.920380	
1262	0.997937	-0.000255	1.263123	0.000255	0.997937	-0.666901	
1263	0.999622	-0.000223	0.450623	0.000223	0.999622	-0.685669	
1264	0.998776	-0.000589	1.055725	0.000589	0.998776	-1.015930	
1265	0.998558	-0.000657	1.176147	0.000657	0.998558	-0.638977	
1266	0.998760	-0.000525	1.046448	0.000525	0.998760	-0.732697	
1267	0.999187	-0.000589	0.864014	0.000589	0.999187	-0.747925	
1268	0.998240	-0.000438	1.297241	0.000438	0.998240	-0.549561	
1269	0.998496	-0.000233	1.085266	0.000233	0.998496	-0.692825	
1270	0.997880	-0.000445	1.541321	0.000445	0.997880	-0.657410	
1271	0.998103	-0.000451	1.222717	0.000451	0.998103	-0.535828	
1272	0.998601	-0.000584	0.739746	0.000584	0.998601	-0.588898	
1273	0.999671	-0.000217	0.241638	0.000217	0.999671	-0.584900	
1274	0.998899	-0.000510	0.966553	0.000510	0.998899	-0.661957	
1275	0.998914	-0.000517	1.049744	0.000517	0.998914	-0.699860	
1276	0.998860	0.000000	0.770752	-0.000000	0.998860	-0.472534	
1277	0.999102	-0.000744	1.070862	0.000744	0.999102	-1.200684	
1278	0.997893	-0.000576	1.408569	0.000576	0.997893	-0.485199	
1279	0.998624	-0.000702	1.008362	0.000702	0.998624	-0.949799	
1280	0.998053	0.000004	1.182373	-0.000004	0.998053	-0.340973	
1281	0.998069	-0.000636	1.502319	0.000636	0.998069	-0.872589	
1282	0.998586	-0.000733	1.131409	0.000733	0.998586	-0.704987	
1283	0.998758	-0.000679	1.013000	0.000679	0.998758	-0.456970	
1284	0.998209	-0.000520	1.308472	0.000520	0.998209	-0.452118	
1285	0.998915	-0.000675	1.053345	0.000675	0.998915	-0.878571	
1286	0.998502	-0.000409	1.240173	0.000409	0.998502	-0.593262	
1287	0.999784	-0.000198	0.319702	0.000198	0.999784	-0.611969	
1288	0.998067	-0.000654	1.417847	0.000654	0.998067	-0.565247	
1289	0.998635	-0.000941	1.039917	0.000941	0.998635	-0.783936	
1290	0.998421	-0.000558	1.323975	0.000558	0.998421	-0.449097	
1291	0.998308	-0.000725	1.435486	0.000725	0.998308	-0.656494	
1292	0.998088	-0.000989	1.152527	0.000989	0.998088	-0.922028	
1293	0.999011	-0.000722	0.753174	0.000722	0.999011	-0.738205	
1294	0.998371	-0.000100	1.282837	0.000100	0.998371	-0.465790	
1295	0.997823	-0.000707	1.641296	0.000707	0.997823	-0.920410	
1296	0.998142	-0.000810	1.340454	0.000810	0.998142	-0.645447	
1297	0.998967	-0.000348	1.060364	0.000348	0.998967	-1.033249	
1298	0.998305	-0.000311	1.315857	0.000311	0.998305	-0.638550	
1299	0.999090	-0.000896	0.723389	0.000896	0.999090	-0.871338	
1300	0.999541	-0.000317	0.400024	0.000317	0.999541	-0.460144	
1301	0.998608	-0.000598	1.259216	0.000598	0.998608	-0.742767	
1302	0.998748	-0.000588	1.165833	0.000588	0.998748	-0.892883	
1303	0.999247	-0.000237	0.838501	0.000237	0.999247	-0.973724	
1304	0.998304	-0.000780	1.372498	0.000780	0.998304	-0.933167	
1305	0.999700	-0.000297	0.528442	0.000297	0.999700	-1.045288	
1306	0.998352	-0.000882	1.372070	0.000882	0.998352	-1.049942	
1307	0.997731	-0.000540	1.707214	0.000540	0.997731	-0.765259	
1308	0.998122	-0.000489	1.343445	0.000489	0.998122	-0.586151	
1309	0.999146	-0.000399	0.897278	0.000399	0.999146	-1.132416	
1310	0.999190	-0.000416	0.845581	0.000416	0.999190	-0.544464	
1311	0.999052	-0.000765	0.875122	0.000765	0.999052	-1.245850	
1312	0.999142	-0.000660	0.720581	0.000660	0.999142	-0.584869	
1313	0.998648	-0.000482	0.948364	0.000482	0.998648	-0.702545	
1314	0.998122	-0.000550	1.239807	0.000550	0.998122	-0.563751	
1315	0.999339	0.000025	0.518433	-0.000025	0.999339	-0.572052	
1316	0.999447	-0.000042	0.485046	0.000042	0.999447	-0.755310	
1317	0.998897	-0.000882	0.841797	0.000882	0.998897	-1.078430	
1318	0.998700	-0.000217	0.945618	0.000217	0.998700	-0.790192	
1319	0.999502	-0.000587	0.653381	0.000587	0.999502	-0.559814	
1320	0.998681	-0.000195	0.899109	0.000195	0.998681	-0.655914	
1321	0.999280	-0.000677	0.673767	0.000677	0.999280	-0.851715	
1322	0.998144	-0.000315	1.458252	0.000315	0.998144	-0.712997	
1323	0.998637	-0.000447	1.201721	0.000447	0.998637	-0.784271	
1324	0.998541	-0.000608	1.159119	0.000608	0.998541	-0.880127	
1325	0.999512	-0.000055	0.490234	0.000055	0.999512	-0.678680	
1326	0.998857	-0.000614	1.118530	0.000614	0.998857	-0.656921	
1327	0.998404	-0.000961	1.174133	0.000961	0.998404	-0.983734	
1328	0.998959	-0.000416	0.825867	0.000416	0.998959	-0.675629	
1329	0.999493	-0.000439	0.503540	0.000439	0.999493	-0.673431	
1330	0.999626	-0.000414	0.414185	0.000414	0.999626	-0.568390	
1331	0.997840	-0.000196	1.458984	0.000196	0.997840	-0.505463	
1332	0.999868	-0.000122	0.226318	0.000122	0.999868	-0.725586	
1333	0.998349	-0.000151	1.171875	0.000151	0.998349	-0.488098	
1334	0.999051	-0.000288	0.779358	0.000288	0.999051	-0.618408	
1335	0.999499	-0.000336	0.530090	0.000336	0.999499	-0.532715	
1336	0.998828	-0.000403	1.023865	0.000403	0.998828	-0.480133	
1337	0.999560	-0.000421	0.595215	0.000421	0.999560	-0.677826	
1338	0.998340	-0.000545	1.407898	0.000545	0.998340	-0.718597	
1339	0.999128	-0.000523	0.889099	0.000523	0.999128	-0.576691	
1340	0.998591	-0.000875	1.100647	0.000875	0.998591	-0.675629	
1341	0.999564	-0.000439	0.324890	0.000439	0.999564	-0.380249	
1342	0.998791	-0.000647	1.068115	0.000647	0.998791	-0.726288	
1343	0.999111	-0.000700	0.872620	0.000700	0.999111	-1.051361	
1344	0.999156	-0.000600	0.798645	0.000600	0.999156	-0.565979	
1345	0.999644	-0.000219	0.244690	0.000219	0.999644	-0.295563	
1346	0.998365	-0.000497	0.989197	0.000497	0.998365	-0.475128	
1347	0.998913	-0.000634	0.923279	0.000634	0.998913	-0.623932	
1348	0.999372	-0.000342	0.464844	0.000342	0.999372	-0.291443	
1349	0.997828	-0.000540	1.317810	0.000540	0.997828	-0.495880	
1350	0.998284	-0.000712	1.263794	0.000712	0.998284	-0.754364	
1351	0.999103	-0.000715	0.781311	0.000715	0.999103	-0.602661	
1352	0.997736	-0.000971	1.374512	0.000971	0.997736	-0.621918	
1353	0.998750	-0.001104	1.086731	0.001104	0.998750	-0.991608	
1354	0.998173	-0.000364	1.428284	0.000364	0.998173	-0.299683	
1355	0.999013	-0.000098	0.867920	0.000098	0.999013	-0.741180	
1356	0.999402	-0.000512	0.713806	0.000512	0.999402	-0.636780	
1357	0.998540	-0.000869	1.434021	0.000869	0.998540	-0.947845	
1358	0.998523	-0.000543	1.317139	0.000543	0.998523	-0.653168	
1359	0.999503	-0.000166	0.478699	0.000166	0.999503	-0.587708	
1360	0.999463	-0.000267	0.484192	0.000267	0.999463	-0.456390	
1361	0.998820	-0.000628	0.980042	0.000628	0.998820	-0.715363	
1362	0.998759	-0.000339	1.216125	0.000339	0.998759	-0.411133	
1363	0.998741	-0.000336	1.129150	0.000336	0.998741	-0.462250	
1364	0.998601	-0.000613	1.112854	0.000613	0.998601	-0.741638	
1365	0.999329	-0.000319	0.656250	0.000319	0.999329	-0.559814	
1366	0.998938	-0.000707	1.172607	0.000707	0.998938	-0.730865	
1367	0.998230	-0.000335	1.248169	0.000335	0.998230	-0.559509	
1368	0.998899	-0.000686	1.096802	0.000686	0.998899	-0.834198	
1369	0.998929	-0.000696	1.101501	0.000696	0.998929	-0.714264	
1370	0.999101	-0.000368	0.712646	0.000368	0.999101	-0.580963	
1371	0.998677	-0.000880	1.118286	0.000880	0.998677	-0.864075	
1372	0.998333	-0.000697	1.210266	0.000697	0.998333	-0.653015	
1373	0.999941	-0.000431	0.062378	0.000431	0.999941	-0.717926	
1374	0.999027	-0.000313	0.621033	0.000313	0.999027	-0.264313	
1375	0.998577	-0.000704	1.124084	0.000704	0.998577	-0.726166	
1376	0.998224	-0.000690	1.196045	0.000690	0.998224	-0.736938	
1377	0.999768	-0.000327	0.353088	0.000327	0.999768	-0.663330	
1378	0.998608	-0.001120	1.066345	0.001120	0.998608	-0.988617	
1379	0.998751	-0.000969	1.046082	0.000969	0.998751	-0.803619	
1380	0.998747	-0.000904	0.652710	0.000904	0.998747	-0.568024	
1381	0.999125	-0.000302	0.729614	0.000302	0.999125	-0.331390	
1382	0.998686	-0.000660	1.288391	0.000660	0.998686	-0.733856	
1383	0.998728	-0.000765	1.488892	0.000765	0.998728	-1.054443	
1384	0.999103	-0.000867	0.856018	0.000867	0.999103	-0.831451	
1385	0.999541	-0.000458	0.688354	0.000458	0.999541	-0.542511	
1386	0.997834	-0.000457	1.670776	0.000457	0.997834	-0.513000	
1387	0.999020	-0.000745	0.952515	0.000745	0.999020	-1.045074	
1388	0.999337	-0.000332	0.701721	0.000332	0.999337	-0.284851	
1389	0.998609	-0.000672	1.450317	0.000672	0.998609	-0.830841	
1390	0.997994	-0.000442	1.446655	0.000442	0.997994	-0.387146	
1391	0.998033	-0.000402	1.404480	0.000402	0.998033	-0.495819	
1392	0.998186	-0.000909	1.161804	0.000909	0.998186	-0.552856	
1393	0.999366	-0.000400	0.557556	0.000400	0.999366	-0.329132	
1394	0.998644	-0.000756	1.046875	0.000756	0.998644	-0.590820	
1395	0.998617	-0.000571	1.242004	0.000571	0.998617	-0.531708	
1396	0.998827	-0.001080	1.208374	0.001080	0.998827	-1.115387	
1397	0.999264	-0.000398	0.759094	0.000398	0.999264	-0.341370	
1398	0.998479	-0.000630	1.381775	0.000630	0.998479	-0.478424	
1399	0.998455	-0.000407	1.153809	0.000407	0.998455	-0.345734	
1400	0.999474	-0.000515	0.504333	0.000515	0.999474	-0.391998	
1401	0.999583	-0.000450	0.487915	0.000450	0.999583	-0.406097	
1402	0.997444	-0.000317	1.891663	0.000317	0.997444	-0.386078	
1403	0.998951	-0.000522	1.005066	0.000522	0.998951	-0.475830	
1404	0.998017	-0.000609	1.225586	0.000609	0.998017	-0.197784	
1405	0.998245	-0.000321	1.257812	0.000321	0.998245	-0.499939	
1406	0.998057	-0.000552	1.276611	0.000552	0.998057	-0.435028	
1407	0.998803	-0.001065	1.014832	0.001065	0.998803	-1.154938	
1408	0.998720	-0.000707	0.970764	0.000707	0.998720	-0.390625	
1409	0.998061	-0.000763	1.303772	0.000763	0.998061	-0.798126	
1410	0.998465	-0.000391	1.090881	0.000391	0.998465	-0.115417	
1411	0.998308	-0.000658	1.257507	0.000658	0.998308	-0.629639	
1412	0.998264	-0.000614	1.299255	0.000614	0.998264	-0.521576	
1413	0.998726	-0.000457	1.196777	0.000457	0.998726	-0.461945	
1414	0.998211	-0.000543	1.458069	0.000543	0.998211	-0.261505	
1415	0.998195	-0.000833	1.548523	0.000833	0.998195	-0.550964	
1416	0.999592	-0.000122	0.467041	0.000122	0.999592	-0.452209	
1417	0.997914	-0.000442	1.414612	0.000442	0.997914	-0.699371	
1418	0.999468	-0.000290	0.612305	0.000290	0.999468	-0.332703	
1419	0.999186	-0.000430	0.674377	0.000430	0.999186	-0.323334	
1420	0.998227	-0.000767	1.424316	0.000767	0.998227	-0.774811	
1421	0.997812	-0.000572	1.560303	0.000572	0.997812	-0.616180	
1422	0.997721	-0.000755	1.293213	0.000755	0.997721	-0.463837	
1423	0.999058	-0.000536	0.863403	0.000536	0.999058	-0.552063	
1424	0.998515	-0.000486	1.270996	0.000486	0.998515	-0.490143	
1425	0.998687	-0.000266	1.144592	0.000266	0.998687	-0.371918	
1426	0.999160	-0.000635	0.816772	0.000635	0.999160	-0.658401	
1427	0.998319	-0.000432	1.362061	0.000432	0.998319	-0.433228	
1428	0.998376	-0.000734	1.316223	0.000734	0.998376	-0.626556	
1429	0.999147	-0.000605	0.696838	0.000605	0.999147	-0.704315	
1430	0.998982	-0.000555	0.913940	0.000555	0.998982	-0.624603	
1431	0.999620	-0.000345	0.548584	0.000345	0.999620	-0.445984	
1432	0.997848	-0.000527	1.376221	0.000527	0.997848	-0.486969	
1433	0.999401	-0.000486	0.646851	0.000486	0.999401	-0.700348	
1434	0.999153	-0.000214	0.787903	0.000214	0.999153	-0.238586	
1435	0.998374	-0.000747	1.183716	0.000747	0.998374	-0.745117	
1436	0.998410	-0.000449	1.048645	0.000449	0.998410	-0.436310	
1437	0.999223	-0.000434	0.766357	0.000434	0.999223	-0.653473	
1438	0.998398	-0.000614	1.062073	0.000614	0.998398	-0.257080	
1439	0.998546	-0.000514	1.028564	0.000514	0.998546	-0.522034	
1440	0.999127	-0.000381	0.831482	0.000381	0.999127	-0.461548	
1441	0.999914	-0.000282	0.330688	0.000282	0.999914	-0.697998	
1442	0.998715	-0.000615	0.903015	0.000615	0.998715	-0.490967	
1443	0.999514	-0.000317	0.498352	0.000317	0.999514	-0.595703	
1444	0.997796	-0.000289	1.371399	0.000289	0.997796	-0.311493	
1445	0.998986	-0.000505	0.874023	0.000505	0.998986	-0.575211	
1446	0.999538	-0.000260	0.497253	0.000260	0.999538	-0.319153	
1447	0.999660	-0.000432	0.467102	0.000432	0.999660	-0.484192	
1448	0.998139	-0.000777	1.391663	0.000777	0.998139	-0.558716	
1449	0.998765	-0.000640	1.051880	0.000640	0.998765	-0.596344	
1450	0.997916	-0.000654	1.314087	0.000654	0.997916	-0.432526	
1451	0.999033	-0.000741	0.942627	0.000741	0.999033	-0.750549	
1452	0.999170	-0.000363	0.721313	0.000363	0.999170	-0.271606	
1453	0.999331	-0.000805	0.892090	0.000805	0.999331	-1.033051	
1454	0.999493	-0.000357	0.607239	0.000357	0.999493	-0.521790	
1455	0.998320	-0.000620	1.429810	0.000620	0.998320	-0.828033	
1456	0.997809	-0.000236	1.484741	0.000236	0.997809	-0.175934	
1457	0.999913	-0.000422	0.184631	0.000422	0.999913	-0.643921	
1458	0.997686	-0.000496	1.518005	0.000496	0.997686	-0.226929	
1459	0.998661	-0.000772	1.309387	0.000772	0.998661	-0.975677	
1460	0.999036	-0.000410	0.779541	0.000410	0.999036	-0.361023	
1461	0.999004	-0.000658	1.102966	0.000658	0.999004	-0.797729	
1462	0.998143	-0.000748	1.251831	0.000748	0.998143	-0.642670	
1463	0.998186	-0.000391	1.316040	0.000391	0.998186	-0.455475	
1464	0.998874	-0.000636	1.044128	0.000636	0.998874	-0.602936	
1465	0.999231	-0.000638	0.973145	0.000638	0.999231	-1.035950	
1466	0.999300	-0.000480	0.882202	0.000480	0.999300	-0.555618	
1467	0.999954	-0.000364	0.323303	0.000364	0.999954	-0.784973	
1468	0.997999	-0.000721	1.390442	0.000721	0.997999	-0.376312	
1469	0.999399	-0.000835	0.592285	0.000835	0.999399	-0.924408	
1470	0.998248	-0.000870	1.082642	0.000870	0.998248	-0.664062	
1471	0.999528	-0.000380	0.514160	0.000380	0.999528	-0.405609	
1472	0.998627	-0.000656	1.166992	0.000656	0.998627	-0.617584	
1473	0.999824	-0.000198	0.264465	0.000198	0.999824	-0.438019	
1474	0.998739	-0.000429	0.941650	0.000429	0.998739	-0.535126	
1475	0.999136	-0.000587	0.830688	0.000587	0.999136	-0.821930	
1476	0.998478	-0.000407	1.129578	0.000407	0.998478	-0.424744	
1477	0.999024	-0.000851	1.027771	0.000851	0.999024	-0.829285	
1478	0.998506	-0.000366	1.157776	0.000366	0.998506	-0.349365	
1479	0.999083	-0.000872	1.188965	0.000872	0.999083	-1.132446	
1480	0.998778	-0.000682	1.128784	0.000682	0.998778	-0.716949	
1481	0.999460	-0.000688	0.680786	0.000688	0.999460	-0.765411	
1482	0.998705	-0.000413	1.064270	0.000413	0.998705	-0.376678	
1483	0.999694	-0.000474	0.438477	0.000474	0.999694	-0.600067	
1484	0.998144	-0.000268	1.205872	0.000268	0.998144	-0.183289	
1485	0.998543	-0.000886	1.124878	0.000886	0.998543	-0.663300	
1486	0.997973	-0.000550	1.332397	0.000550	0.997973	-0.400452	
1487	0.999576	-0.000619	0.696838	0.000619	0.999576	-0.662506	
1488	0.997990	-0.000473	1.287537	0.000473	0.997990	-0.224213	
1489	0.999167	-0.000905	0.825989	0.000905	0.999167	-0.822357	
1490	0.998195	-0.000763	1.168884	0.000763	0.998195	-0.539124	
1491	0.998852	-0.000739	1.277161	0.000739	0.998852	-0.745331	
1492	0.998502	-0.001138	1.388184	0.001138	0.998502	-0.999939	
1493	0.998536	-0.001325	1.201599	0.001325	0.998536	-0.989563	
1494	0.999510	-0.000354	0.483032	0.000354	0.999510	-0.366852	
1495	0.998893	-0.000968	0.935547	0.000968	0.998893	-0.470490	
1496	0.998100	-0.000480	1.112000	0.000480	0.998100	-0.224884	
1497	0.999815	-0.000212	0.101318	0.000212	0.999815	-0.296478	
1498	0.998640	-0.000516	1.295654	0.000516	0.998640	-0.531006	
1499	0.999625	-0.000476	0.649597	0.000476	0.999625	-0.743469	
1500	0.999608	-0.000321	0.352600	0.000321	0.999608	-0.547729	
1501	0.998764	-0.000635	1.255920	0.000635	0.998764	-0.668579	
1502	0.998623	-0.000848	1.325867	0.000848	0.998623	-0.685028	
1503	0.998731	-0.000590	1.062317	0.000590	0.998731	-0.636627	
1504	0.998697	-0.000708	1.108765	0.000708	0.998697	-0.813507	
1505	0.998463	-0.000658	1.229492	0.000658	0.998463	-0.629364	
1506	0.998108	-0.000721	1.330139	0.000721	0.998108	-0.815826	
1507	0.998832	-0.000333	0.992432	0.000333	0.998832	-0.304382	
1508	0.998335	-0.000458	1.111145	0.000458	0.998335	-0.206604	
1509	0.998764	-0.000864	0.850037	0.000864	0.998764	-0.968811	
1510	0.999249	-0.000461	1.009033	0.000461	0.999249	-0.353851	
1511	0.999666	-0.000598	0.817810	0.000598	0.999666	-0.853363	
1512	0.997947	-0.000488	1.652283	0.000488	0.997947	-0.591461	
1513	0.998898	-0.000351	1.105408	0.000351	0.998898	-0.635986	
1514	0.998319	-0.000970	1.520081	0.000970	0.998319	-1.084625	
1515	0.999674	-0.000407	0.686829	0.000407	0.999674	-0.689758	
1516	0.999249	-0.000413	0.484436	0.000413	0.999249	-0.271667	
1517	0.998297	-0.000866	1.259827	0.000866	0.998297	-0.805054	
1518	0.998708	-0.000538	1.112427	0.000538	0.998708	-0.485748	
1519	0.999267	-0.000618	0.950684	0.000618	0.999267	-0.929352	
1520	0.998275	-0.000782	1.384216	0.000782	0.998275	-0.782410	
1521	0.998088	-0.000038	1.530029	0.000038	0.998088	-0.390869	
1522	0.999144	-0.000478	1.040588	0.000478	0.999144	-0.867126	
1523	0.998662	-0.001018	1.280701	0.001018	0.998662	-0.924316	
1524	0.999068	-0.000426	0.942322	0.000426	0.999068	-0.477478	
1525	0.999623	-0.000493	0.720276	0.000493	0.999623	-0.664795	
1526	0.998747	-0.000771	1.110962	0.000771	0.998747	-1.006104	
1527	0.998396	-0.000694	1.059814	0.000694	0.998396	-0.666290	
1528	0.998656	-0.000659	1.109192	0.000659	0.998656	-0.618866	
1529	0.999315	-0.000624	0.613831	0.000624	0.999315	-1.241913	
1530	0.998096	-0.000881	1.457825	0.000881	0.998096	-0.652832	
1531	0.998575	-0.000474	1.219727	0.000474	0.998575	-0.678680	
1532	0.998875	-0.000702	1.117554	0.000702	0.998875	-0.815826	
1533	0.998599	-0.001207	1.436951	0.001207	0.998599	-1.133759	
1534	0.998668	-0.000873	1.068115	0.000873	0.998668	-1.047241	
1535	0.998900	-0.000647	1.044128	0.000647	0.998900	-0.778412	
1536	0.997820	-0.000846	1.490479	0.000846	0.997820	-0.696716	
1537	0.999554	-0.000657	0.657959	0.000657	0.999554	-0.938446	
1538	0.999606	-0.000255	0.382141	0.000255	0.999606	-0.586884	
1539	0.998727	-0.000564	1.294495	0.000564	0.998727	-0.797974	
1540	0.999527	-0.000415	0.548401	0.000415	0.999527	-0.638214	
1541	0.999247	-0.000496	0.945862	0.000496	0.999247	-0.731934	
1542	0.999275	-0.000751	0.890015	0.000751	0.999275	-0.764099	
1543	0.999647	-0.000327	0.688538	0.000327	0.999647	-0.776367	
1544	0.998768	-0.000312	0.963928	0.000312	0.998768	-0.476196	
1545	0.998080	-0.000663	1.269226	0.000663	0.998080	-0.527283	
1546	0.998207	-0.000767	1.178467	0.000767	0.998207	-0.489960	
1547	0.999049	-0.000980	0.872559	0.000980	0.999049	-0.888824	
1548	0.999286	-0.000515	0.470947	0.000515	0.999286	-0.455566	
1549	0.999085	-0.000665	0.680725	0.000665	0.999085	-0.667297	
1550	0.999034	-0.000395	0.916382	0.000395	0.999034	-0.510193	
1551	0.999080	-0.000410	1.132385	0.000410	0.999080	-1.058838	
1552	0.999121	-0.000473	0.783508	0.000473	0.999121	-0.787415	
1553	0.998871	-0.000397	1.188477	0.000397	0.998871	-0.661224	
1554	0.999185	-0.000861	0.862366	0.000861	0.999185	-0.865540	
1555	0.998781	-0.000918	0.949341	0.000918	0.998781	-0.842133	
1556	0.997877	-0.000833	1.414062	0.000833	0.997877	-0.632111	
1557	0.998675	-0.000626	1.419128	0.000626	0.998675	-1.125763	
1558	0.998260	-0.000448	1.247620	0.000448	0.998260	-0.417389	
1559	0.998930	-0.000866	1.174377	0.000866	0.998930	-0.985687	
1560	0.998801	-0.000376	1.266418	0.000376	0.998801	-0.658310	
1561	0.999931	-0.000376	0.426758	0.000376	0.999931	-0.723633	
1562	0.999729	-0.000292	0.358948	0.000292	0.999729	-0.419159	
1563	0.998455	-0.000787	1.283386	0.000787	0.998455	-0.836487	
1564	0.999422	-0.000420	0.854492	0.000420	0.999422	-0.584808	
1565	1.000044	-0.000147	0.393921	0.000147	1.000044	-1.047485	
1566	0.999387	-0.000156	0.900635	0.000156	0.999387	-0.459503	
1567	0.999905	-0.000064	0.586121	0.000064	0.999905	-0.644516	
1568	0.998316	-0.000766	1.287537	0.000766	0.998316	-0.792313	
1569	0.997938	-0.000574	1.654663	0.000574	0.997938	-0.634735	
1570	0.999408	-0.000315	0.805542	0.000315	0.999408	-0.380219	
1571	0.999983	-0.000411	0.796570	0.000411	0.999983	-0.964813	
1572	0.998554	-0.000543	1.256592	0.000543	0.998554	-0.929855	
1573	0.999241	-0.000932	1.040100	0.000932	0.999241	-1.087372	
1574	0.999415	-0.000497	0.697693	0.000497	0.999415	-0.580902	
1575	0.998894	-0.000674	1.030518	0.000674	0.998894	-0.665039	
1576	0.999414	-0.000451	0.632935	0.000451	0.999414	-0.722076	
1577	0.998385	-0.000114	1.433838	0.000114	0.998385	-0.954178	
1578	0.999609	-0.000276	0.624817	0.000276	0.999609	-0.672363	
1579	0.998921	-0.000780	1.130615	0.000780	0.998921	-1.144730	
1580	0.999797	-0.000311	0.461670	0.000311	0.999797	-0.471130	
1581	0.999926	-0.000286	0.626099	0.000286	0.999926	-0.990326	
1582	0.998146	-0.000957	1.643005	0.000957	0.998146	-1.163269	
1583	0.998132	-0.001372	1.856323	0.001372	0.998132	-1.334534	
1584	0.999152	-0.000772	1.144897	0.000772	0.999152	-1.001190	
1585	0.998533	-0.000665	1.372253	0.000665	0.998533	-1.171356	
1586	0.999859	-0.000207	0.518188	0.000207	0.999859	-1.015259	
1587	0.999182	-0.000655	1.032898	0.000655	0.999182	-0.895630	
1588	0.999118	-0.000625	0.716248	0.000625	0.999118	-0.951813	
1589	0.999825	-0.000427	0.473389	0.000427	0.999825	-0.739319	
1590	0.999641	-0.000672	0.607849	0.000672	0.999641	-1.079285	
1591	0.999841	-0.000250	0.373108	0.000250	0.999841	-0.730133	
1592	0.997884	-0.000705	1.528748	0.000705	0.997884	-1.008301	
1593	0.999699	-0.000407	0.393066	0.000407	0.999699	-0.712036	
1594	0.999002	-0.001221	1.111450	0.001221	0.999002	-1.318146	
1595	0.999988	-0.000429	0.028137	0.000429	0.999988	-0.742523	
1596	0.998596	-0.000719	0.944885	0.000719	0.998596	-0.978256	
1597	0.998961	-0.000799	0.869385	0.000799	0.998961	-1.016449	
1598	0.999854	-0.000412	0.245911	0.000412	0.999854	-0.825867	
1599	0.999006	-0.000883	0.946594	0.000883	0.999006	-1.029968	
1600	0.999515	-0.000783	0.620361	0.000783	0.999515	-1.307831	
1601	0.999606	-0.000259	0.611206	0.000259	0.999606	-0.364624	
1602	0.999543	-0.000634	0.731506	0.000634	0.999543	-0.804382	
1603	0.999238	-0.000523	0.877197	0.000523	0.999238	-0.981171	
1604	0.999652	-0.000395	0.473938	0.000395	0.999652	-0.852417	
1605	0.999388	-0.000691	0.777344	0.000691	0.999388	-0.688995	
1606	0.999854	-0.000361	0.526367	0.000361	0.999854	-0.805542	
1607	0.999871	-0.000451	0.309875	0.000451	0.999871	-0.595276	
1608	0.999548	-0.000799	0.701904	0.000799	0.999548	-1.094086	
1609	0.999749	0.000010	0.685791	-0.000010	0.999749	-1.081848	
1610	0.999776	-0.000464	1.315369	0.000464	0.999776	-1.361084	
1611	0.998856	-0.000806	1.353821	0.000806	0.998856	-0.823975	
1612	0.999953	-0.000367	0.330261	0.000367	0.999953	-0.569855	
1613	0.999600	-0.000590	0.709412	0.000590	0.999600	-0.493423	
1614	0.999835	-0.000366	0.447083	0.000366	0.999835	-0.321075	
1615	0.999271	-0.000885	0.876892	0.000885	0.999271	-0.752945	
1616	0.998994	-0.000814	1.138916	0.000814	0.998994	-1.087860	
1617	0.999488	-0.000433	0.702393	0.000433	0.999488	-0.875275	
1618	0.999494	-0.000616	0.805420	0.000616	0.999494	-1.323181	
1619	0.999915	-0.000165	0.394226	0.000165	0.999915	-0.934906	
1620	0.999206	-0.000476	1.051941	0.000476	0.999206	-0.590637	
1621	0.999988	-0.000291	0.204468	0.000291	0.999988	-0.817200	
1622	0.999548	-0.000446	0.676880	0.000446	0.999548	-0.579468	
1623	0.999158	-0.000509	0.829102	0.000509	0.999158	-0.653625	
1624	0.999242	-0.000444	0.952942	0.000444	0.999242	-0.573380	
1625	0.999059	-0.000800	0.754578	0.000800	0.999059	-0.864365	
1626	0.999765	-0.000425	0.301758	0.000425	0.999765	-0.566956	
1627	0.999796	-0.000369	0.265930	0.000369	0.999796	-0.493744	
1628	0.998808	-0.000885	0.809448	0.000885	0.998808	-0.903854	
1629	0.999183	-0.000803	0.732971	0.000803	0.999183	-0.764145	
1630	0.999793	-0.000382	0.167480	0.000382	0.999793	-0.669983	
1631	0.998320	-0.000766	1.261475	0.000766	0.998320	-0.592422	
1632	0.998775	-0.001041	1.020996	0.001041	0.998775	-1.053986	
1633	0.999417	-0.000186	0.527588	0.000186	0.999417	-0.289124	
1634	0.999001	-0.000671	0.881958	0.000671	0.999001	-0.503723	
1635	0.999180	-0.000492	0.586609	0.000492	0.999180	-0.466278	
1636	0.999746	-0.000404	0.443115	0.000404	0.999746	-0.364075	
1637	0.999810	-0.000409	0.361084	0.000409	0.999810	-0.464569	
1638	0.999002	-0.000969	0.949219	0.000969	0.999002	-0.771698	
1639	0.999879	-0.000170	0.167175	0.000170	0.999879	-0.388702	
1640	0.999553	-0.000776	0.544556	0.000776	0.999553	-0.682510	
1641	0.999985	-0.000316	0.091003	0.000316	0.999985	-0.513824	
1642	0.999506	-0.000505	0.533691	0.000505	0.999506	-0.478546	
1643	0.998762	-0.000779	0.917786	0.000779	0.998762	-0.699432	
1644	0.999700	-0.000522	0.445374	0.000522	0.999700	-0.683044	
1645	0.999629	-0.000291	0.486633	0.000291	0.999629	-0.396210	
1646	0.999466	-0.000552	0.357605	0.000552	0.999466	-0.340729	
1647	0.999055	-0.000724	0.856384	0.000724	0.999055	-0.784637	
1648	0.999008	-0.000418	0.962036	0.000418	0.999008	-0.429184	
1649	0.998803	-0.000679	1.067383	0.000679	0.998803	-0.788666	
1650	0.999793	-0.000259	0.351746	0.000259	0.999793	-0.448181	
1651	0.999919	-0.000178	0.496765	0.000178	0.999919	-0.424133	
1652	0.999857	-0.000596	0.333618	0.000596	0.999857	-0.843597	
1653	0.998251	-0.000954	1.354492	0.000954	0.998251	-0.717194	
1654	0.999707	-0.000264	0.391113	0.000264	0.999707	-0.382843	
1655	0.998704	-0.000849	1.085449	0.000849	0.998704	-0.877304	
1656	0.999775	-0.000147	0.437927	0.000147	0.999775	-0.463104	
1657	0.999859	-0.000375	0.292297	0.000375	0.999859	-0.587006	
1658	0.999206	-0.000703	1.038696	0.000703	0.999206	-0.700699	
1659	0.998313	-0.000409	1.198975	0.000409	0.998313	-0.281479	
1660	0.999594	0.000002	0.410278	-0.000002	0.999594	-0.428589	
1661	0.999578	-0.000073	0.534546	0.000073	0.999578	-0.592316	
1662	0.998569	-0.000439	0.864685	0.000439	0.998569	-0.446777	
1663	0.998987	-0.000809	1.038635	0.000809	0.998987	-0.839630	
1664	0.999270	-0.000605	0.877441	0.000605	0.999270	-0.718018	
1665	0.998036	-0.001496	1.319458	0.001496	0.998036	-0.746521	
1666	0.998967	-0.000731	0.962158	0.000731	0.998967	-0.607452	
1667	0.998665	-0.000629	1.002258	0.000629	0.998665	-0.778534	
1668	0.999076	-0.000933	0.845337	0.000933	0.999076	-1.040741	
1669	0.999101	-0.000954	1.070312	0.000954	0.999101	-1.188202	
1670	0.998680	-0.000694	1.135559	0.000694	0.998680	-0.737701	
1671	0.999386	-0.000653	0.716187	0.000653	0.999386	-0.650269	
1672	0.998748	-0.000686	0.989502	0.000686	0.998748	-0.528687	
1673	0.999516	-0.000813	0.262451	0.000813	0.999516	-0.586517	
1674	0.998364	-0.000391	0.983215	0.000391	0.998364	-0.376770	
1675	0.998463	-0.000188	1.347595	0.000188	0.998463	-0.576080	
1676	0.999923	-0.000202	0.164124	0.000202	0.999923	-0.450043	
1677	0.999748	-0.000305	0.341003	0.000305	0.999748	-0.567169	
1678	0.998402	-0.000689	1.217041	0.000689	0.998402	-0.587219	
1679	0.999255	-0.000355	0.670715	0.000355	0.999255	-0.705872	
1680	0.998688	-0.000571	1.132263	0.000571	0.998688	-0.413177	
1681	0.998986	-0.000759	1.014954	0.000759	0.998986	-0.860870	
1682	0.998078	-0.000340	1.178406	0.000340	0.998078	-0.361115	
1683	0.999800	-0.000270	0.249268	0.000270	0.999800	-0.605560	
1684	0.999340	0.000163	0.231934	-0.000163	0.999340	-0.410370	
1685	0.999246	-0.000403	0.567993	0.000403	0.999246	-0.500336	
1686	0.998666	0.000131	0.702637	-0.000131	0.998666	-0.035004	
1687	0.998809	-0.000899	1.032898	0.000899	0.998809	-0.651276	
1688	0.999668	-0.000179	0.394226	0.000179	0.999668	-0.547516	
1689	0.999695	-0.000410	0.701477	0.000410	0.999695	-0.692383	
1690	0.999773	-0.000674	0.689697	0.000674	0.999773	-0.574280	
1691	0.998292	-0.000735	1.189331	0.000735	0.998292	-0.528870	
1692	0.998749	-0.001077	0.899109	0.001077	0.998749	-1.074921	
1693	0.998759	-0.000513	0.913452	0.000513	0.998759	-0.839111	
1694	0.998559	-0.000743	1.193848	0.000743	0.998559	-0.636139	
1695	0.999037	-0.001176	1.169006	0.001176	0.999037	-1.267914	
1696	0.998445	-0.000838	1.105835	0.000838	0.998445	-0.661224	
1697	0.998215	-0.000516	1.214661	0.000516	0.998215	-0.781525	
1698	0.998271	-0.000479	1.096008	0.000479	0.998271	-0.296387	
1699	0.998221	-0.000542	1.335571	0.000542	0.998221	-0.571594	
1700	0.999168	-0.000094	0.241089	0.000094	0.999168	-0.361450	
1701	0.999201	-0.000988	0.726135	0.000988	0.999201	-1.088104	
1702	0.998575	-0.000460	1.114685	0.000460	0.998575	-0.336945	
1703	0.998717	-0.000180	0.877686	0.000180	0.998717	-0.583801	
1704	0.999756	0.000002	0.106445	-0.000002	0.999756	-0.541870	
1705	0.998918	-0.000351	0.736633	0.000351	0.998918	-0.619171	
1706	0.998216	-0.000485	1.413269	0.000485	0.998216	-0.607086	
1707	0.999047	-0.000414	0.806702	0.000414	0.999047	-0.602356	
1708	0.998528	-0.000601	1.080627	0.000601	0.998528	-0.791901	
1709	0.999511	0.000048	0.368103	-0.000048	0.999511	-0.355957	
1710	0.999207	-0.000577	0.629456	0.000577	0.999207	-0.708099	
1711	0.999595	-0.000443	0.406433	0.000443	0.999595	-0.613556	
1712	0.999583	-0.000294	0.385742	0.000294	0.999583	-0.447662	
1713	0.998459	-0.000235	1.180786	0.000235	0.998459	-0.497742	
1714	0.998678	-0.000245	1.116150	0.000245	0.998678	-0.414337	
1715	0.998814	-0.000457	0.749939	0.000457	0.998814	-0.926392	
1716	0.998060	-0.000272	0.887817	0.000272	0.998060	-0.376556	
1717	0.999842	-0.000559	0.602356	0.000559	0.999842	-0.739655	
1718	0.998526	-0.000757	1.120667	0.000757	0.998526	-0.762939	
1719	0.998351	-0.000725	0.996277	0.000725	0.998351	-1.080109	
1720	0.997981	-0.000607	1.096375	0.000607	0.997981	-0.537628	
1721	1.000035	-0.000215	0.033264	0.000215	1.000035	-0.418091	
1722	0.997803	-0.000469	1.277039	0.000469	0.997803	-0.446991	
1723	0.999177	-0.000582	0.772705	0.000582	0.999177	-0.780884	
1724	0.998408	-0.000414	0.789185	0.000414	0.998408	-0.361023	
1725	0.998456	-0.000722	0.976746	0.000722	0.998456	-0.595367	
1726	0.998482	0.000160	0.837769	-0.000160	0.998482	-0.235779	
1727	0.999768	-0.000548	0.597046	0.000548	0.999768	-0.735809	
1728	0.998228	-0.000368	0.965149	0.000368	0.998228	-0.437561	
1729	0.998548	-0.000711	1.207031	0.000711	0.998548	-0.794678	
1730	0.998498	-0.000832	1.081421	0.000832	0.998498	-0.683014	
1731	0.998501	-0.000627	0.779297	0.000627	0.998501	-0.423248	
1732	0.997418	-0.000311	1.305786	0.000311	0.997418	-0.299713	
1733	0.999235	-0.000924	0.948059	0.000924	0.999235	-0.779907	
1734	0.998333	-0.000647	0.880981	0.000647	0.998333	-0.775635	
1735	0.999626	-0.000345	0.425293	0.000345	0.999626	-0.423645	
1736	0.998487	-0.000961	0.903442	0.000961	0.998487	-0.747498	
1737	0.999353	-0.000572	0.523010	0.000572	0.999353	-0.628021	
1738	0.998912	-0.000483	0.641357	0.000483	0.998912	-0.385956	
1739	0.998582	-0.000339	0.960510	0.000339	0.998582	-0.414978	
1740	0.998280	-0.000594	1.079590	0.000594	0.998280	-0.574432	
1741	0.999198	-0.000590	0.779480	0.000590	0.999198	-0.685150	
1742	0.999772	-0.000162	0.047974	0.000162	0.999772	-0.512756	
1743	0.998715	-0.000432	0.849670	0.000432	0.998715	-0.775208	
1744	0.998638	-0.000487	0.779968	0.000487	0.998638	-0.201324	
1745	0.998821	-0.000386	0.892395	0.000386	0.998821	-0.621613	
1746	0.998595	-0.000627	1.198608	0.000627	0.998595	-0.825043	
1747	0.998861	-0.000858	1.366821	0.000858	0.998861	-1.131073	
1748	0.998876	-0.000764	1.022156	0.000764	0.998876	-0.847900	
1749	0.999756	-0.000446	0.682800	0.000446	0.999756	-0.524628	
1750	0.999257	-0.000370	0.642334	0.000370	0.999257	-0.382050	
1751	0.999431	-0.000808	0.745239	0.000808	0.999431	-0.941681	
1752	0.998116	-0.000270	1.105591	0.000270	0.998116	-0.557709	
1753	0.999613	-0.000217	0.511353	0.000217	0.999613	-0.400024	
1754	0.998937	-0.000301	0.795105	0.000301	0.998937	-0.515259	
1755	0.999425	-0.000782	0.727844	0.000782	0.999425	-1.166077	
1756	0.999708	-0.000248	0.309082	0.000248	0.999708	-0.403046	
1757	0.999687	-0.000461	0.401794	0.000461	0.999687	-0.766724	
1758	0.999607	-0.000313	0.263306	0.000313	0.999607	-0.633240	
1759	0.999207	-0.000543	0.751465	0.000543	0.999207	-0.785614	
1760	0.998893	-0.000473	0.901001	0.000473	0.998893	-0.485748	
1761	0.999699	-0.000149	0.334534	0.000149	0.999699	-0.522888	
1762	0.998235	-0.000368	0.995178	0.000368	0.998235	-0.632904	
1763	0.999331	-0.000662	0.540466	0.000662	0.999331	-0.860199	
1764	0.998622	-0.000591	0.795837	0.000591	0.998622	-0.450317	
1765	0.999675	-0.000329	0.267212	0.000329	0.999675	-0.577393	
1766	0.998754	-0.000742	1.087585	0.000742	0.998754	-0.762878	
1767	0.999275	0.000019	1.129944	-0.000019	0.999275	-0.465881	
1768	0.998765	-0.000997	1.191711	0.000997	0.998765	-1.100555	
1769	0.998649	-0.000150	0.942932	0.000150	0.998649	-0.590759	
1770	0.998684	-0.000389	0.956848	0.000389	0.998684	-0.626343	
1771	0.998375	-0.000575	0.976807	0.000575	0.998375	-0.830475	
1772	0.998507	-0.000699	1.202393	0.000699	0.998507	-0.508057	
1773	0.998251	-0.000610	1.408813	0.000610	0.998251	-0.716339	
1774	0.998918	-0.000768	0.889160	0.000768	0.998918	-0.751465	
1775	0.999047	-0.000177	0.686951	0.000177	0.999047	-0.552948	
1776	0.998281	-0.000378	1.493164	0.000378	0.998281	-0.519348	
1777	0.999869	-0.000070	0.273438	0.000070	0.999869	-0.471283	
1778	0.998862	-0.000555	0.923889	0.000555	0.998862	-0.592590	
1779	0.999509	-0.000642	0.765015	0.000642	0.999509	-0.773438	
1780	0.999043	-0.000646	0.718506	0.000646	0.999043	-0.606476	
1781	0.998406	-0.000356	0.983704	0.000356	0.998406	-0.335541	
1782	0.998465	-0.000487	0.939026	0.000487	0.998465	-0.547882	
1783	0.998904	-0.000364	0.897217	0.000364	0.998904	-0.691864	
1784	0.998926	-0.000469	0.666321	0.000469	0.998926	-0.520447	
1785	0.998721	-0.000516	0.924622	0.000516	0.998721	-0.615509	
1786	0.999102	-0.000665	0.991516	0.000665	0.999102	-0.782776	
1787	0.999207	-0.000167	0.738403	0.000167	0.999207	-0.442688	
1788	0.998782	-0.000590	1.008057	0.000590	0.998782	-0.311401	
1789	0.998897	-0.000257	1.044861	0.000257	0.998897	-0.364471	
1790	0.999437	-0.000680	0.738098	0.000680	0.999437	-0.575714	
1791	0.999363	-0.000328	0.560974	0.000328	0.999363	-0.627380	
1792	0.999058	-0.000460	1.043274	0.000460	0.999058	-0.306793	
1793	0.998290	-0.000225	1.314270	0.000225	0.998290	-0.659912	
1794	0.998973	-0.000458	1.315918	0.000458	0.998973	-0.921661	
1795	0.999338	-0.000567	1.129395	0.000567	0.999338	-0.894989	
1796	0.999085	-0.000675	1.210205	0.000675	0.999085	-0.786530	
1797	1.000173	-0.000452	2.614746	0.000452	1.000173	-1.052032	
1798	0.999097	-0.000879	2.228821	0.000879	0.999097	-0.971893	
1799	0.999266	-0.000520	0.869080	0.000520	0.999266	-1.525940	
1800	0.999324	-0.000719	0.750854	0.000719	0.999324	-1.040558	
1801	0.999912	-0.000277	0.215332	0.000277	0.999912	-0.178192	
1802	0.998238	-0.000783	2.051636	0.000783	0.998238	-0.005402	
1803	0.999058	-0.000169	1.197205	0.000169	0.999058	-0.596954	
1804	0.998442	-0.000268	0.395508	0.000268	0.998442	-0.269073	
1805	0.999947	-0.000102	-0.002808	0.000102	0.999947	-0.568146	
1806	0.998774	-0.000448	0.557007	0.000448	0.998774	-0.448334	
1807	0.999370	-0.000514	-0.139954	0.000514	0.999370	-0.298737	
1808	0.998348	-0.000835	1.123230	0.000835	0.998348	-0.305481	
1809	0.999450	-0.000405	0.571411	0.000405	0.999450	-0.492340	
1810	0.998103	-0.000850	1.252930	0.000850	0.998103	-0.258209	
1811	0.999461	-0.000580	0.667297	0.000580	0.999461	-0.203186	
1812	0.998624	-0.000169	1.477417	0.000169	0.998624	-0.028412	
1813	0.999800	-0.000581	0.468384	0.000581	0.999800	-0.529053	
1814	0.999515	-0.000398	0.174011	0.000398	0.999515	-0.148285	
1815	0.999150	-0.000419	0.818787	0.000419	0.999150	-0.318695	
1816	0.997429	-0.000907	1.987000	0.000907	0.997429	-0.526550	
1817	0.999325	-0.000453	0.638672	0.000453	0.999325	-0.488800	
1818	0.998640	-0.000835	1.743225	0.000835	0.998640	-0.186676	
1819	0.999153	-0.000581	1.510254	0.000581	0.999153	-0.502106	
1820	0.998341	-0.000863	1.697815	0.000863	0.998341	-0.533264	
1821	0.999630	-0.000549	0.682617	0.000549	0.999630	-0.281250	
1822	0.998103	-0.000193	1.520752	0.000193	0.998103	0.441559	
1823	0.999494	-0.000703	0.948303	0.000703	0.999494	-0.145569	
1824	0.999198	-0.000516	0.760315	0.000516	0.999198	0.050385	
1825	0.999422	-0.000809	0.435791	0.000809	0.999422	-0.084564	
1826	0.999192	-0.000431	0.641113	0.000431	0.999192	0.361450	
1827	0.998841	-0.000414	1.042175	0.000414	0.998841	-0.069580	
1828	0.999531	-0.000138	0.745667	0.000138	0.999531	-0.208832	
1829	0.998927	-0.000635	1.131165	0.000635	0.998927	-0.321045	
1830	0.998102	-0.000293	1.061218	0.000293	0.998102	0.199585	
1831	0.998292	-0.000702	0.980591	0.000702	0.998292	0.032227	
1832	0.998036	-0.000673	1.356750	0.000673	0.998036	0.479309	
1833	0.999742	-0.000370	0.483337	0.000370	0.999742	-0.309509	
1834	0.998001	-0.000991	1.763672	0.000991	0.998001	-0.358337	
1835	0.999565	-0.000508	0.497192	0.000508	0.999565	-0.422455	
1836	0.999593	-0.000258	0.381042	0.000258	0.999593	-0.223694	
1837	0.998946	-0.000905	0.976074	0.000905	0.998946	-0.417969	
1838	0.999429	-0.000398	0.326599	0.000398	0.999429	0.273651	
1839	0.999893	-0.000420	0.289551	0.000420	0.999893	-0.107758	
1840	0.999319	-0.000608	0.796204	0.000608	0.999319	-0.002594	
1841	0.998666	-0.000406	1.261230	0.000406	0.998666	-0.310120	
1842	0.998740	-0.000563	0.911377	0.000563	0.998740	-0.367218	
1843	0.998941	-0.000687	1.007263	0.000687	0.998941	-0.314667	
1844	0.999091	-0.000616	0.867554	0.000616	0.999091	-0.205902	
1845	0.999674	-0.000405	0.534241	0.000405	0.999674	-0.297455	
1846	0.998519	-0.000646	1.100159	0.000646	0.998519	-0.348694	
1847	0.998854	-0.000866	1.334045	0.000866	0.998854	-0.321289	
1848	0.998264	-0.000214	1.335022	0.000214	0.998264	-0.088165	
1849	0.999590	-0.000747	1.065247	0.000747	0.999590	-0.881866	
1850	0.999214	-0.000258	0.780273	0.000258	0.999214	-0.196747	
1851	0.999276	-0.000614	0.901611	0.000614	0.999276	-0.767792	
1852	0.998379	-0.000860	1.036987	0.000860	0.998379	-0.753540	
1853	0.999146	-0.000458	0.804871	0.000458	0.999146	-0.500275	
1854	0.998828	-0.000791	0.760742	0.000791	0.998828	-0.173981	
1855	0.998054	-0.000334	1.484619	0.000334	0.998054	-0.183411	
1856	0.999363	-0.000483	0.710999	0.000483	0.999363	-0.321899	
1857	0.999995	-0.000439	0.296814	0.000439	0.999995	-0.456329	
1858	0.999241	-0.000454	0.746765	0.000454	0.999241	-0.336243	
1859	0.999008	-0.000386	0.843933	0.000386	0.999008	-0.611298	
1860	0.998339	-0.001010	1.221985	0.001010	0.998339	-0.457764	
1861	0.999125	-0.000616	0.789062	0.000616	0.999125	-0.445709	
1862	0.999577	-0.000451	0.431885	0.000451	0.999577	-0.421509	
1863	0.999503	-0.000169	0.424805	0.000169	0.999503	-0.397308	
1864	0.998985	-0.000541	1.214050	0.000541	0.998985	-0.410004	
1865	0.999698	-0.000248	0.341614	0.000248	0.999698	-0.664673	
1866	0.998651	-0.000768	1.069153	0.000768	0.998651	-0.854187	
1867	0.998977	-0.000774	0.990540	0.000774	0.998977	-0.743988	
1868	0.998778	-0.000344	1.081055	0.000344	0.998778	-0.829620	
1869	0.997972	-0.000198	1.581787	0.000198	0.997972	-0.591217	
1870	0.999554	-0.000514	0.287476	0.000514	0.999554	-0.514954	
1871	0.999604	-0.000687	0.368713	0.000687	0.999604	-0.699738	
1872	0.998925	-0.000053	0.919800	0.000053	0.998925	-0.488892	
1873	0.999219	-0.000499	0.956482	0.000499	0.999219	-0.658539	
1874	0.998767	-0.000620	0.846313	0.000620	0.998767	-0.619690	
1875	0.999015	-0.000237	0.773132	0.000237	0.999015	-0.517609	
1876	0.998660	-0.000485	0.840515	0.000485	0.998660	-0.445557	
1877	0.998773	-0.000271	0.947632	0.000271	0.998773	-0.371155	
1878	0.999128	-0.000710	0.748230	0.000710	0.999128	-0.543060	
1879	0.999979	-0.000208	0.203613	0.000208	0.999979	-0.293793	
1880	0.999133	-0.000551	0.795715	0.000551	0.999133	-0.579224	
1881	0.999556	-0.000636	0.500061	0.000636	0.999556	-0.832245	
1882	0.998736	-0.000538	1.373413	0.000538	0.998736	-0.392975	
1883	0.998704	-0.000982	1.045776	0.000982	0.998704	-0.759918	
1884	0.998998	-0.001434	0.924500	0.001434	0.998998	-1.245758	
1885	0.999804	-0.000611	0.497803	0.000611	0.999804	-0.599243	
1886	0.998693	-0.000363	1.026855	0.000363	0.998693	-0.375122	
1887	0.999280	-0.000702	0.867981	0.000702	0.999280	-0.759796	
1888	0.999027	-0.000557	1.067200	0.000557	0.999027	-0.441681	
1889	0.999413	-0.000402	0.519348	0.000402	0.999413	-0.597534	
1890	0.998503	-0.001007	0.957214	0.001007	0.998503	-0.877594	
1891	0.999162	-0.000569	0.843872	0.000569	0.999162	-0.701996	
1892	0.998941	-0.000496	1.065002	0.000496	0.998941	-0.476471	
1893	0.999723	-0.000350	0.687500	0.000350	0.999723	-0.582397	
1894	0.997919	-0.001303	1.773956	0.001303	0.997919	-0.666199	
1895	0.998969	-0.001292	1.396118	0.001292	0.998969	-1.047638	
1896	0.998847	-0.000781	1.047546	0.000781	0.998847	-0.495544	
1897	0.999221	-0.000672	0.869751	0.000672	0.999221	-0.677429	
1898	0.998262	-0.000393	1.493347	0.000393	0.998262	-0.373962	
1899	0.999063	-0.000893	1.161499	0.000893	0.999063	-0.708588	
1900	0.998426	-0.000566	1.494568	0.000566	0.998426	-1.100128	
1901	0.999367	-0.000191	1.088989	0.000191	0.999367	-1.355591	
1902	0.998700	-0.000197	0.854614	0.000197	0.998700	-1.085449	
1903	0.999807	-0.000864	0.570374	0.000864	0.999807	-1.242157	
1904	0.999045	-0.000569	0.840149	0.000569	0.999045	-0.330872	
1905	0.999742	-0.000841	0.411316	0.000841	0.999742	-0.168304	
1906	0.998695	-0.001253	0.856262	0.001253	0.998695	-0.114288	
1907	0.999096	-0.001009	0.637939	0.001009	0.999096	0.125244	
1908	0.999066	0.000339	0.560242	-0.000339	0.999066	0.340088	
1909	0.999403	-0.000460	1.419983	0.000460	0.999403	-0.938507	
1910	0.999232	-0.000619	0.617798	0.000619	0.999232	-1.372833	
1911	0.999132	-0.000513	0.645447	0.000513	0.999132	-0.682190	
1912	0.999194	-0.000176	0.526062	0.000176	0.999194	-0.250183	
1913	0.999118	-0.000657	1.123779	0.000657	0.999118	-0.668976	
1914	0.999409	-0.000478	0.682190	0.000478	0.999409	0.051208	
1915	0.998696	-0.000307	0.747375	0.000307	0.998696	-0.130493	
1916	0.999345	-0.000182	0.295776	0.000182	0.999345	-0.076416	
1917	0.999862	-0.000594	0.457214	0.000594	0.999862	-0.538544	
1918	0.999669	-0.001181	0.369080	0.001181	0.999669	-0.635803	
1919	0.998580	-0.000671	1.172668	0.000671	0.998580	-0.328766	
1920	0.998151	-0.000455	1.083618	0.000455	0.998151	-0.035492	
1921	0.999166	-0.000416	0.887329	0.000416	0.999166	-0.480194	
1922	0.998608	-0.000370	1.074829	0.000370	0.998608	-0.020325	
1923	0.998673	-0.000523	0.981140	0.000523	0.998673	-0.100311	
1924	0.998139	-0.001117	1.518188	0.001117	0.998139	-0.357330	
1925	0.999273	-0.000041	0.537231	0.000041	0.999273	-0.279755	
1926	0.998544	-0.000336	1.152466	0.000336	0.998544	-0.308746	
1927	0.999205	-0.000395	1.030579	0.000395	0.999205	-0.613556	
1928	0.998709	-0.000546	1.197021	0.000546	0.998709	-0.364014	
1929	0.999249	-0.000276	0.652649	0.000276	0.999249	-0.076202	
1930	0.998185	-0.001104	1.567139	0.001104	0.998185	0.045471	
1931	0.998670	-0.000372	0.860352	0.000372	0.998670	0.269684	
1932	0.999353	-0.000224	0.115784	0.000224	0.999353	-0.089783	
1933	0.998286	-0.000510	1.456482	0.000510	0.998286	0.150696	
1934	0.998602	-0.000633	1.051697	0.000633	0.998602	-0.529297	
1935	0.998506	-0.000712	1.458557	0.000712	0.998506	-0.659943	
1936	0.999100	-0.000567	0.728394	0.000567	0.999100	-0.107513	
1937	0.998399	0.000022	1.139099	-0.000022	0.998399	0.209076	
1938	0.998845	-0.000464	0.663635	0.000464	0.998845	-0.197418	
1939	0.998899	-0.000919	0.652832	0.000919	0.998899	0.026001	
1940	0.998332	-0.000413	1.200195	0.000413	0.998332	0.007141	
1941	0.998642	-0.000008	1.066223	0.000008	0.998642	-0.206360	
1942	0.998190	-0.000385	1.704102	0.000385	0.998190	-0.624969	
1943	0.998786	-0.000126	0.958008	0.000126	0.998786	-0.398438	
1944	0.998950	-0.000522	0.766541	0.000522	0.998950	-0.395721	
1945	0.999106	-0.000990	0.423218	0.000990	0.999106	-0.225708	
1946	0.997193	-0.000542	1.113434	0.000542	0.997193	0.722198	
1947	0.999386	-0.000456	0.802246	0.000456	0.999386	-0.540344	
1948	0.998048	-0.000111	1.454590	0.000111	0.998048	-0.927582	
1949	0.999474	-0.000726	0.694275	0.000726	0.999474	-0.933838	
1950	0.998212	-0.000398	0.658508	0.000398	0.998212	0.727448	
1951	0.998773	-0.000582	0.554443	0.000582	0.998773	1.227264	
1952	0.998919	-0.000815	0.980042	0.000815	0.998919	0.991486	
1953	0.999255	-0.000588	0.679932	0.000588	0.999255	1.159119	
1954	0.999090	-0.000300	0.302917	0.000300	0.999090	0.534332	
1955	0.998421	-0.000975	1.298401	0.000975	0.998421	0.592651	
1956	0.998567	-0.000544	0.286682	0.000544	0.998567	1.494904	
1957	0.998439	-0.000477	0.932007	0.000477	0.998439	1.009735	
1958	0.998378	-0.000546	1.203247	0.000546	0.998378	0.793976	
1959	0.997897	-0.000030	1.381714	0.000030	0.997897	0.418488	
1960	0.999416	-0.000013	0.447449	0.000013	0.999416	0.306702	
1961	0.999429	-0.001456	0.580566	0.001456	0.999429	0.801239	
1962	0.998736	-0.000710	0.643494	0.000710	0.998736	2.367615	
1963	0.998799	-0.000328	0.986755	0.000328	0.998799	1.732910	
1964	0.998040	-0.000313	1.060242	0.000313	0.998040	1.215576	
1965	0.998798	-0.000743	1.153320	0.000743	0.998798	1.269745	
1966	0.999123	-0.000751	1.194946	0.000751	0.999123	2.042755	
1967	0.999072	-0.000773	0.763306	0.000773	0.999072	2.517517	
1968	0.999214	0.000115	0.376770	-0.000115	0.999214	3.015259	
1969	0.998739	-0.000951	1.217896	0.000951	0.998739	2.046082	
1970	0.997624	-0.001095	1.543640	0.001095	0.997624	2.799011	
1971	0.999074	-0.001169	0.692078	0.001169	0.999074	2.890045	
1972	0.999093	-0.000287	0.475830	0.000287	0.999093	3.564026	
1973	0.998769	-0.000608	1.035278	0.000608	0.998769	2.963379	
1974	0.998487	0.000109	0.929504	-0.000109	0.998487	2.673737	
1975	0.998215	0.000585	0.858582	-0.000585	0.998215	1.998810	
1976	0.997857	0.000631	0.761505	-0.000631	0.997857	1.791748	
1977	0.999721	-0.000397	0.625793	0.000397	0.999721	0.703918	
1978	0.999126	-0.000294	0.539185	0.000294	0.999126	2.452148	
1979	0.999163	-0.000261	0.674622	0.000261	0.999163	2.676605	
1980	0.999122	-0.000111	0.684692	0.000111	0.999122	2.654449	
1981	0.999288	-0.000753	0.638489	0.000753	0.999288	2.191711	
1982	0.998286	-0.000189	1.024902	0.000189	0.998286	2.799377	
1983	0.998675	-0.000473	0.759094	0.000473	0.998675	2.562744	
1984	0.998958	-0.000114	0.440247	0.000114	0.998958	2.553619	
1985	0.999294	0.000192	0.673035	-0.000192	0.999294	2.111542	
1986	0.997924	-0.000052	1.394379	0.000052	0.997924	1.482941	
1987	0.999556	-0.000030	0.507629	0.000030	0.999556	1.589508	
1988	0.999354	-0.000039	0.437744	0.000039	0.999354	2.106537	
1989	0.998615	-0.000451	1.149475	0.000451	0.998615	1.395233	
1990	0.998496	-0.000102	1.391602	0.000102	0.998496	0.669159	
1991	0.998893	0.000136	1.802979	-0.000136	0.998893	0.309998	
1992	0.998492	0.000132	0.885376	-0.000132	0.998492	0.074615	
1993	0.999444	-0.000762	0.434753	0.000762	0.999444	0.315735	
1994	0.998672	0.000202	0.565002	-0.000202	0.998672	2.073059	
1995	0.998466	0.000178	1.501526	-0.000178	0.998466	0.329926	
1996	0.999331	0.000183	0.908752	-0.000183	0.999331	-1.277313	
1997	0.999555	-0.000641	0.634338	0.000641	0.999555	-0.221466	
1998	0.999487	-0.001081	0.595764	0.001081	0.999487	1.924469	
1999	0.999175	-0.000918	0.848694	0.000918	0.999175	2.371429	
2000	0.998839	-0.000853	0.861389	0.000853	0.998839	2.476440	
2001	0.999123	-0.000531	0.539917	0.000531	0.999123	1.743958	
2002	0.998336	-0.000180	0.987854	0.000180	0.998336	1.514832	
2003	0.999457	-0.000271	0.107300	0.000271	0.999457	1.475555	
2004	0.999163	-0.000372	0.485046	0.000372	0.999163	1.747131	
2005	0.998703	-0.000652	1.070007	0.000652	0.998703	0.635437	
2006	0.998231	0.000471	1.593384	-0.000471	0.998231	0.176239	
2007	0.999563	-0.000644	1.122498	0.000644	0.999563	-0.722900	
2008	0.998733	-0.000020	0.671448	0.000020	0.998733	0.616638	
2009	0.999576	0.000053	0.489136	-0.000053	0.999576	0.726257	
2010	0.998957	-0.000381	1.845947	0.000381	0.998957	-0.340179	
2011	0.999001	-0.000206	0.858582	0.000206	0.999001	0.149048	
2012	0.998583	-0.000029	0.773926	0.000029	0.998583	1.029510	
2013	0.999118	-0.000306	0.763855	0.000306	0.999118	0.654388	
2014	0.999123	-0.000009	0.684509	0.000009	0.999123	1.095001	
2015	1.000041	-0.000391	0.437439	0.000391	1.000041	0.121094	
2016	0.998911	-0.000231	0.674438	0.000231	0.998911	1.102997	
2017	0.999263	-0.000194	0.778687	0.000194	0.999263	0.615051	
2018	0.999015	0.000078	0.824158	-0.000078	0.999015	0.444031	
2019	0.999693	-0.000208	0.372009	0.000208	0.999693	0.132996	
2020	0.998722	-0.000221	0.720825	0.000221	0.998722	1.029999	
2021	0.999036	-0.000151	0.877991	0.000151	0.999036	0.038635	
2022	0.999061	0.000096	0.784729	-0.000096	0.999061	-0.211334	
2023	0.999028	-0.000481	0.907898	0.000481	0.999028	-0.643127	
2024	0.998668	-0.000296	1.183838	0.000296	0.998668	-0.289154	
2025	0.999174	-0.000019	0.521667	0.000019	0.999174	-0.465393	
2026	0.999064	-0.000380	0.930542	0.000380	0.999064	-0.548096	
2027	0.999434	0.000025	0.609985	-0.000025	0.999434	-0.081757	
2028	0.998835	-0.000711	1.224548	0.000711	0.998835	-0.559784	
2029	0.999135	-0.000301	0.588745	0.000301	0.999135	-0.174744	
2030	0.999012	-0.000160	0.613281	0.000160	0.999012	-0.121887	
2031	0.998897	-0.000267	1.047302	0.000267	0.998897	-0.860016	
2032	0.999141	0.000138	0.706726	-0.000138	0.999141	-1.092224	
2033	0.999243	-0.000518	0.614136	0.000518	0.999243	-0.586121	
2034	0.998500	-0.000361	1.007080	0.000361	0.998500	-0.001648	
2035	0.999373	-0.000075	0.570129	0.000075	0.999373	-0.710022	
2036	0.998897	-0.000359	0.723877	0.000359	0.998897	-0.514038	
2037	0.999574	-0.000370	0.379700	0.000370	0.999574	-0.239380	
2038	0.998279	-0.000934	1.455933	0.000934	0.998279	0.729858	
2039	0.999131	-0.001037	0.645020	0.001037	0.999131	0.340576	
2040	0.998887	-0.000144	0.555908	0.000144	0.998887	0.844482	
2041	0.999656	-0.000536	0.028748	0.000536	0.999656	-0.442352	
2042	0.998866	-0.000367	0.956482	0.000367	0.998866	-0.089874	
2043	0.999434	-0.000203	0.432068	0.000203	0.999434	-0.497528	
2044	0.998996	-0.000074	0.912415	0.000074	0.998996	-0.660583	
2045	0.999277	-0.000139	0.616821	0.000139	0.999277	-1.174347	
2046	0.998962	-0.000117	0.924561	0.000117	0.998962	-0.617493	
2047	0.999475	-0.000220	0.426636	0.000220	0.999475	-0.894928	
2048	0.998267	-0.000253	1.068848	0.000253	0.998267	-0.824738	
2049	0.998888	-0.000341	0.890991	0.000341	0.998888	-0.713623	
2050	0.998778	-0.000414	0.795166	0.000414	0.998778	0.027527	
2051	0.998804	-0.001175	1.062622	0.001175	0.998804	0.211090	
2052	0.999025	-0.000326	0.419495	0.000326	0.999025	0.759125	
2053	0.999167	0.000078	0.670776	-0.000078	0.999167	-0.418060	
2054	0.998562	-0.000610	0.966797	0.000610	0.998562	-0.542847	
2055	0.999282	-0.000518	0.809875	0.000518	0.999282	-0.664154	
2056	0.999142	0.000078	0.524475	-0.000078	0.999142	-0.716675	
2057	0.999196	-0.000571	0.736877	0.000571	0.999196	-0.978760	
2058	0.999103	-0.000339	0.740356	0.000339	0.999103	-0.158173	
2059	0.999572	-0.000522	0.508789	0.000522	0.999572	-0.584564	
2060	0.998743	-0.000742	0.997925	0.000742	0.998743	-0.467041	
2061	0.999686	-0.000338	0.165344	0.000338	0.999686	-0.315735	
2062	0.999176	-0.000113	0.458252	0.000113	0.999176	-0.172729	
2063	0.999595	-0.000273	0.266663	0.000273	0.999595	-0.336609	
2064	0.999407	-0.000346	0.315186	0.000346	0.999407	-0.324310	
2065	0.999094	-0.000278	0.880920	0.000278	0.999094	-0.508118	
2066	0.999490	-0.000066	0.359741	0.000066	0.999490	-0.824066	
2067	0.999055	-0.000658	0.771301	0.000658	0.999055	-0.622589	
2068	0.999370	-0.000266	0.590210	0.000266	0.999370	-0.070679	
2069	0.999455	-0.000433	0.528931	0.000433	0.999455	-0.401703	
2070	0.999536	-0.000817	0.391296	0.000817	0.999536	-0.277893	
2071	0.998810	-0.000065	0.692688	0.000065	0.998810	0.074890	
2072	0.999248	-0.000169	0.701538	0.000169	0.999248	-0.606049	
2073	0.999472	-0.000644	0.548523	0.000644	0.999472	-0.935303	
2074	0.999283	-0.000159	0.522583	0.000159	0.999283	-0.257568	
2075	0.999442	-0.000278	0.535461	0.000278	0.999442	-0.437592	
2076	0.998474	-0.000449	1.179626	0.000449	0.998474	-0.113922	
2077	0.999499	-0.000569	0.503967	0.000569	0.999499	-0.048645	
2078	0.999600	-0.000307	0.260803	0.000307	0.999600	-0.190826	
2079	0.999460	-0.000166	0.646545	0.000166	0.999460	-0.713531	
2080	0.998343	-0.000303	1.110657	0.000303	0.998343	-0.459381	
2081	0.999029	-0.000183	0.941101	0.000183	0.999029	-0.799377	
2082	0.998766	0.000027	0.894165	-0.000027	0.998766	-0.795258	
2083	0.999126	-0.000423	1.039001	0.000423	0.999126	-1.107391	
2084	0.999269	0.000221	0.283691	-0.000221	0.999269	-0.259857	
2085	0.999785	-0.000218	0.552612	0.000218	0.999785	-0.878174	
2086	0.998541	-0.000185	1.201294	0.000185	0.998541	-0.828247	
2087	0.999228	-0.000890	1.069214	0.000890	0.999228	-1.089905	
2088	0.998851	-0.000640	0.974182	0.000640	0.998851	-0.427612	
2089	0.999808	-0.000272	0.257141	0.000272	0.999808	-0.490448	
2090	0.999162	-0.000324	0.682190	0.000324	0.999162	-0.348175	
2091	0.998934	-0.000664	1.088806	0.000664	0.998934	-0.911224	
2092	0.999491	-0.000249	0.358704	0.000249	0.999491	-0.281525	
2093	0.999151	-0.000014	0.875183	0.000014	0.999151	-0.945770	
2094	0.998049	-0.000108	1.326599	0.000108	0.998049	-0.536621	
2095	0.998589	-0.000363	0.949463	0.000363	0.998589	-0.921997	
2096	0.999198	-0.000359	0.862244	0.000359	0.999198	-0.568604	
2097	0.999142	-0.000293	0.672485	0.000293	0.999142	-0.749847	
2098	0.998748	0.000156	0.632263	-0.000156	0.998748	-0.561615	
2099	0.999119	-0.000163	0.798401	0.000163	0.999119	-1.081879	
2100	0.998870	0.000072	0.938721	-0.000072	0.998870	-0.961243	
2101	0.998982	-0.000121	0.777649	0.000121	0.998982	-0.717499	
2102	0.999229	-0.000361	0.623718	0.000361	0.999229	-0.514709	
2103	0.999039	-0.000413	0.886841	0.000413	0.999039	-0.218018	
2104	0.998562	-0.000591	0.678467	0.000591	0.998562	-0.691589	
2105	0.998457	0.000049	0.260559	-0.000049	0.998457	-0.311554	
2106	0.998214	-0.000218	0.933228	0.000218	0.998214	-0.927002	
2107	0.998914	-0.000390	0.794800	0.000390	0.998914	-1.201782	
2108	0.998527	0.000534	0.454834	-0.000534	0.998527	-0.539398	
2109	0.999012	0.000010	0.426331	-0.000010	0.999012	-0.750519	
2110	0.998264	0.000341	0.679871	-0.000341	0.998264	-0.535461	
2111	0.998974	-0.000751	0.895813	0.000751	0.998974	-1.204773	
2112	0.998383	0.000144	0.789856	-0.000144	0.998383	-0.731964	
2113	0.998461	0.000017	0.114075	-0.000017	0.998461	-0.794159	
2114	0.999191	0.000094	0.369141	-0.000094	0.999191	-0.650513	
2115	0.999156	-0.000305	0.904724	0.000305	0.999156	-1.477814	
2116	0.998951	0.000074	0.329590	-0.000074	0.998951	-1.591949	
2117	0.998033	0.000023	0.722626	-0.000023	0.998033	-1.617157	
2118	0.998599	-0.000004	0.810303	0.000004	0.998599	-1.683197	
2119	0.999403	0.000368	0.628479	-0.000368	0.999403	-2.544037	
2120	0.998746	-0.000098	1.158264	0.000098	0.998746	-2.720245	
2121	0.999419	-0.000304	0.391724	0.000304	0.999419	-2.875763	
2122	0.999251	-0.000336	0.588013	0.000336	0.999251	-2.868042	
2123	0.998980	-0.000409	0.412048	0.000409	0.998980	-2.816650	
2124	0.998507	-0.000072	0.993835	0.000072	0.998507	-2.336121	
2125	0.999471	-0.000500	0.232178	0.000500	0.999471	-2.440186	
2126	0.998007	-0.000502	1.179871	0.000502	0.998007	-1.807831	
2127	0.999554	-0.000391	-0.181152	0.000391	0.999554	-2.433594	
2128	0.997888	-0.000278	0.682373	0.000278	0.997888	-1.778503	
2129	0.998363	-0.000328	0.859680	0.000328	0.998363	-2.409302	
2130	0.998948	0.000073	0.571045	-0.000073	0.998948	-2.567657	
2131	0.998458	-0.000001	0.976044	0.000001	0.998458	-2.861877	
2132	0.998924	-0.000353	0.663879	0.000353	0.998924	-3.067657	
2133	0.999487	-0.000444	0.431641	0.000444	0.999487	-2.469391	
2134	0.998581	-0.000426	0.573669	0.000426	0.998581	-1.597900	
2135	0.999225	0.000050	0.203003	-0.000050	0.999225	-2.467560	
2136	0.999047	-0.000432	0.776855	0.000432	0.999047	-3.319336	
2137	0.999184	0.000049	0.515991	-0.000049	0.999184	-3.034546	
2138	0.998508	-0.000679	1.346863	0.000679	0.998508	-2.467407	
2139	0.998796	-0.000809	1.011292	0.000809	0.998796	-2.361420	
2140	0.999201	-0.000335	0.300415	0.000335	0.999201	-2.426514	
2141	0.999778	0.000010	0.459900	-0.000010	0.999778	-2.911530	
2142	0.998314	-0.000495	1.666809	0.000495	0.998314	-3.390259	
2143	0.998992	-0.000753	1.326477	0.000753	0.998992	-3.776550	
2144	0.998714	-0.000685	1.025269	0.000685	0.998714	-2.647491	
2145	0.999054	-0.000866	1.096313	0.000866	0.999054	-2.520782	
2146	0.999426	-0.000399	0.401062	0.000399	0.999426	-2.559052	
2147	0.999039	-0.000205	0.797852	0.000205	0.999039	-2.691193	
2148	0.998270	-0.000650	1.236328	0.000650	0.998270	-2.510437	
2149	0.999065	-0.001247	1.039612	0.001247	0.999065	-2.206421	
2150	0.998153	-0.000527	1.155151	0.000527	0.998153	-1.540039	
2151	0.998053	-0.001053	1.429504	0.001053	0.998053	-2.509064	
2152	0.999103	-0.000597	0.808228	0.000597	0.999103	-2.859070	
2153	0.999330	-0.000932	0.507751	0.000932	0.999330	-2.049835	
2154	0.997904	-0.000335	1.227905	0.000335	0.997904	-1.958893	
2155	0.999009	-0.000794	0.874817	0.000794	0.999009	-1.944366	
2156	0.998561	-0.000420	0.414185	0.000420	0.998561	-1.332642	
2157	0.998874	-0.000615	0.821960	0.000615	0.998874	-1.735687	
2158	0.998105	-0.000238	1.169434	0.000238	0.998105	-1.781067	
2159	0.998245	-0.000464	1.460266	0.000464	0.998245	-1.797119	
2160	0.998612	-0.000702	1.211975	0.000702	0.998612	-2.275421	
2161	0.998416	-0.000901	1.204407	0.000901	0.998416	-1.753662	
2162	0.998803	-0.000223	0.768372	0.000223	0.998803	-1.214935	
2163	0.999137	-0.000811	0.935730	0.000811	0.999137	-1.861603	
2164	0.998569	-0.000514	0.904785	0.000514	0.998569	-1.504486	
2165	0.999359	-0.000673	0.507568	0.000673	0.999359	-1.430969	
2166	0.998943	-0.000943	1.190125	0.000943	0.998943	-1.299957	
2167	0.999453	-0.000681	0.693726	0.000681	0.999453	-1.229218	
2168	0.998412	-0.000788	1.374390	0.000788	0.998412	-1.241913	
2169	0.998637	-0.000714	1.169373	0.000714	0.998637	-1.544678	
2170	0.998667	-0.000612	1.254517	0.000612	0.998667	-1.461121	
2171	0.999938	-0.000357	0.053406	0.000357	0.999938	-1.497498	
2172	0.998725	-0.000590	0.886658	0.000590	0.998725	-1.094086	
2173	0.998681	-0.000349	0.863220	0.000349	0.998681	-0.853363	
2174	0.999247	-0.000326	0.556396	0.000326	0.999247	-0.534302	
2175	0.998635	-0.000747	0.947571	0.000747	0.998635	-0.739044	
2176	0.998560	-0.000870	1.076294	0.000870	0.998560	-0.869812	
2177	0.998430	-0.000509	1.338135	0.000509	0.998430	-0.770752	
2178	0.998419	-0.000706	0.944214	0.000706	0.998419	-0.832336	
2179	0.998785	-0.000405	1.015991	0.000405	0.998785	-0.357483	
2180	0.999478	-0.000279	0.376709	0.000279	0.999478	-0.265442	
2181	0.999387	-0.000826	0.493225	0.000826	0.999387	-0.650604	
2182	0.998490	-0.000707	1.293396	0.000707	0.998490	-0.201508	
2183	0.998584	-0.000659	1.489136	0.000659	0.998584	-0.382507	
2184	0.998317	-0.000848	1.124023	0.000848	0.998317	-0.917755	
2185	0.998643	-0.000602	1.088745	0.000602	0.998643	-0.689087	
2186	0.999617	-0.000361	0.512146	0.000361	0.999617	-0.463196	
2187	0.999122	-0.000968	0.861755	0.000968	0.999122	-0.912567	
2188	0.998592	-0.000894	1.022705	0.000894	0.998592	-0.503815	
2189	0.998489	-0.000838	1.166626	0.000838	0.998489	-0.275787	
2190	0.999380	-0.000447	0.638733	0.000447	0.999380	-0.484558	
2191	0.999961	-0.000089	0.118469	0.000089	0.999961	-0.397217	
2192	0.998891	-0.000623	0.937317	0.000623	0.998891	-0.548676	
2193	0.998655	-0.000913	1.457520	0.000913	0.998655	-0.746887	
2194	0.998863	-0.000534	0.861877	0.000534	0.998863	-0.299957	
2195	0.998572	-0.000775	1.294312	0.000775	0.998572	-0.357452	
2196	0.998602	-0.000603	1.126038	0.000603	0.998602	-0.090454	
2197	0.998765	-0.000793	1.253235	0.000793	0.998765	-0.560150	
2198	0.998652	-0.000747	1.355835	0.000747	0.998652	-0.039886	
2199	0.998084	-0.000592	1.454468	0.000592	0.998084	0.200134	
2200	0.998660	-0.000407	1.051819	0.000407	0.998660	-0.139496	
2201	0.998616	-0.000681	1.179016	0.000681	0.998616	-0.692993	
2202	0.998445	-0.000575	1.309814	0.000575	0.998445	-0.620270	
2203	0.998784	-0.000630	1.277832	0.000630	0.998784	-0.785004	
2204	0.998612	-0.000670	1.270508	0.000670	0.998612	-0.734192	
2205	0.999568	-0.000522	0.884888	0.000522	0.999568	-0.419281	
2206	0.998657	-0.000083	0.989380	0.000083	0.998657	0.250519	
2207	0.999068	-0.001044	0.947449	0.001044	0.999068	-0.852753	
2208	0.999315	-0.000718	0.600220	0.000718	0.999315	-0.368103	
2209	0.998649	-0.000617	1.014709	0.000617	0.998649	-0.069946	
2210	0.998781	-0.000931	1.083435	0.000931	0.998781	-0.300232	
2211	0.999010	-0.000604	0.968018	0.000604	0.999010	-0.534760	
2212	0.998388	-0.000540	1.100281	0.000540	0.998388	-0.142426	
2213	0.998913	-0.000831	1.350037	0.000831	0.998913	-0.757446	
2214	0.999389	-0.000279	0.625244	0.000279	0.999389	-0.335449	
2215	0.999073	-0.001644	1.253052	0.001644	0.999073	-1.352142	
2216	0.998450	-0.000884	1.297485	0.000884	0.998450	-0.691040	
2217	0.998980	-0.000844	1.188538	0.000844	0.998980	-0.955841	
2218	0.998715	-0.001267	1.677490	0.001267	0.998715	-1.045380	
2219	0.999160	-0.001263	1.089661	0.001263	0.999160	-0.796509	
2220	0.998687	-0.000721	1.399841	0.000721	0.998687	-0.489349	
2221	0.999072	-0.001600	1.461548	0.001600	0.999072	-1.249542	
2222	0.998758	-0.000643	0.954285	0.000643	0.998758	-0.497437	
2223	0.998673	-0.000674	1.294861	0.000674	0.998673	-0.508667	
2224	0.998496	-0.000950	1.472717	0.000950	0.998496	-0.888855	
2225	0.998972	-0.000587	1.282837	0.000587	0.998972	-0.773254	
2226	0.999238	-0.000531	0.853149	0.000531	0.999238	-0.536194	
2227	0.998945	-0.000735	0.998962	0.000735	0.998945	-0.761688	
2228	0.998709	-0.000338	1.673706	0.000338	0.998709	-0.470703	
2229	0.998823	-0.000121	2.066101	0.000121	0.998823	-0.958069	
2230	0.999207	-0.000752	2.201416	0.000752	0.999207	-1.297546	
2231	0.999026	-0.000572	2.179260	0.000572	0.999026	-0.590759	
2232	0.998737	-0.000661	2.539062	0.000661	0.998737	-0.351410	
2233	0.998785	-0.001190	2.725952	0.001190	0.998785	-0.784027	
2234	0.998789	-0.000985	2.121826	0.000985	0.998789	-0.444458	
2235	0.998742	-0.001137	1.689636	0.001137	0.998742	-1.002686	
2236	0.999553	-0.000129	1.230103	0.000129	0.999553	-1.042847	
2237	0.999167	-0.000981	1.969238	0.000981	0.999167	-1.196899	
2238	0.998482	-0.001220	1.874207	0.001220	0.998482	-0.709137	
2239	0.999753	-0.000368	0.905151	0.000368	0.999753	-1.069550	
2240	0.998787	-0.000669	1.305420	0.000669	0.998787	-0.836090	
2241	0.998961	-0.000994	1.250793	0.000994	0.998961	-0.840027	
2242	0.998687	-0.000551	1.270081	0.000551	0.998687	-0.595886	
2243	0.998964	-0.001337	1.821777	0.001337	0.998964	-1.627106	
2244	0.998799	-0.000464	1.146240	0.000464	0.998799	-0.683044	
2245	0.998739	-0.000868	1.370972	0.000868	0.998739	-1.143158	
2246	0.997895	-0.001163	2.357910	0.001163	0.997895	-0.925293	
2247	0.998855	-0.001093	1.780762	0.001093	0.998855	-1.236145	
2248	0.998478	-0.000655	1.006470	0.000655	0.998478	-0.535767	
2249	0.999303	-0.000439	0.491699	0.000439	0.999303	-0.521820	
2250	0.999134	-0.000409	0.634094	0.000409	0.999134	-0.430359	
2251	0.999099	-0.000891	1.051331	0.000891	0.999099	-1.032074	
2252	0.999079	-0.000318	0.557495	0.000318	0.999079	-0.921387	
2253	0.998645	-0.000585	1.239197	0.000585	0.998645	-1.143738	
2254	0.998622	-0.000698	1.281433	0.000698	0.998622	-0.820801	
2255	0.999491	-0.000385	0.520447	0.000385	0.999491	-0.879761	
2256	0.998532	-0.000554	1.265930	0.000554	0.998532	-0.549896	
2257	0.998818	-0.000993	1.143188	0.000993	0.998818	-0.752197	
2258	0.998709	-0.000828	0.997742	0.000828	0.998709	-0.580322	
2259	0.998682	-0.000736	1.223572	0.000736	0.998682	-0.839661	
2260	0.998702	-0.000009	1.161621	0.000009	0.998702	-0.661346	
2261	0.998897	-0.001270	1.488525	0.001270	0.998897	-1.112915	
2262	0.998452	-0.000290	1.324768	0.000290	0.998452	-0.516571	
2263	0.998607	-0.000418	1.650085	0.000418	0.998607	-1.019104	
2264	0.998562	-0.000548	1.616577	0.000548	0.998562	-0.973938	
2265	0.999023	-0.000723	1.017761	0.000723	0.999023	-1.379700	
2266	0.998654	-0.000666	1.131226	0.000666	0.998654	-0.719452	
2267	0.999053	-0.000729	0.987793	0.000729	0.999053	-1.181396	
2268	0.998248	-0.000448	1.349915	0.000448	0.998248	-0.615021	
2269	0.999136	-0.000616	0.784241	0.000616	0.999136	-0.705994	
2270	0.997713	-0.000367	1.364410	0.000367	0.997713	-0.484406	
2271	0.998970	-0.000735	1.053284	0.000735	0.998970	-0.849548	
2272	0.998262	-0.000241	1.432922	0.000241	0.998262	-0.562683	
2273	0.999109	-0.000487	0.955444	0.000487	0.999109	-0.892578	
2274	0.998892	-0.000626	1.156738	0.000626	0.998892	-0.714996	
2275	0.999042	-0.000615	1.353333	0.000615	0.999042	-1.234283	
2276	0.998278	-0.000913	1.322632	0.000913	0.998278	-1.014404	
2277	0.998760	-0.000285	0.947327	0.000285	0.998760	-0.781799	
2278	0.998577	-0.000631	1.264832	0.000631	0.998577	-0.638977	
2279	0.999020	-0.000620	1.316772	0.000620	0.999020	-0.844360	
2280	0.998458	-0.000527	1.478027	0.000527	0.998458	-0.618011	
2281	0.999600	-0.000379	0.665039	0.000379	0.999600	-1.408600	
2282	0.999198	-0.000428	1.448547	0.000428	0.999198	-1.101013	
2283	0.999727	-0.000722	0.897034	0.000722	0.999727	-0.778900	
2284	0.999274	-0.000826	0.539978	0.000826	0.999274	-0.744598	
2285	0.998634	-0.000654	1.237732	0.000654	0.998634	-0.287018	
2286	0.998242	-0.000525	1.580322	0.000525	0.998242	-0.497589	
2287	0.998635	-0.000475	1.183533	0.000475	0.998635	-0.693146	
2288	0.998994	-0.000382	1.290833	0.000382	0.998994	-0.577423	
2289	0.998571	-0.000281	1.298523	0.000281	0.998571	-0.328369	
2290	0.998857	-0.000660	1.117004	0.000660	0.998857	-0.781525	
2291	0.998016	-0.000979	1.604004	0.000979	0.998016	-0.717346	
2292	0.998481	-0.000600	1.332886	0.000600	0.998481	-0.302521	
2293	0.998922	-0.000836	1.326111	0.000836	0.998922	-0.977905	
2294	0.998380	-0.001083	1.555237	0.001083	0.998380	-0.757599	
2295	0.998755	-0.000685	1.094971	0.000685	0.998755	-0.697784	
2296	0.998128	-0.000723	1.586975	0.000723	0.998128	-0.620636	
2297	0.999014	-0.000968	1.448975	0.000968	0.999014	-1.032349	
2298	0.999212	-0.000508	0.832214	0.000508	0.999212	-0.561066	
2299	0.999009	-0.000862	1.296448	0.000862	0.999009	-0.620636	
2300	0.998802	-0.000715	1.268982	0.000715	0.998802	-0.590179	
2301	0.999327	-0.000923	1.140869	0.000923	0.999327	-0.872650	
2302	0.998501	-0.000974	1.595520	0.000974	0.998501	-0.351807	
2303	0.999204	-0.000691	1.194153	0.000691	0.999204	-0.236450	
2304	0.998177	-0.000903	1.723083	0.000903	0.998177	-0.022095	
2305	0.998377	-0.000964	1.919556	0.000964	0.998377	-0.158051	
2306	0.998947	-0.000843	1.199585	0.000843	0.998947	-0.302094	
2307	0.998724	-0.001340	1.978882	0.001340	0.998724	-0.793732	
2308	0.998917	-0.000666	1.028381	0.000666	0.998917	-0.386230	
2309	0.998883	-0.000669	1.774414	0.000669	0.998883	-0.395874	
2310	0.998666	-0.001205	1.924133	0.001205	0.998666	-0.508972	
2311	0.999404	-0.000027	1.088135	0.000027	0.999404	-0.295013	
2312	0.999242	-0.000549	1.858948	0.000549	0.999242	-1.241699	
2313	0.998340	-0.000552	2.417847	0.000552	0.998340	-0.877411	
2314	0.998608	-0.000980	2.578552	0.000980	0.998608	-0.997101	
2315	0.999020	-0.000996	1.978699	0.000996	0.999020	-0.937347	
2316	0.998608	-0.001040	1.783691	0.001040	0.998608	-0.592133	
2317	0.998312	-0.000862	2.151794	0.000862	0.998312	-0.610443	
2318	0.998125	-0.001282	2.155945	0.001282	0.998125	-0.859894	
2319	0.998528	-0.000934	1.935730	0.000934	0.998528	-1.155060	
2320	0.998332	-0.001336	1.804688	0.001336	0.998332	-0.929657	
2321	0.998962	-0.000820	1.752075	0.000820	0.998962	-0.772034	
2322	0.998054	-0.000913	2.085083	0.000913	0.998054	-0.824493	
2323	0.998834	-0.000746	1.728943	0.000746	0.998834	-0.549286	
2324	0.998701	-0.000656	1.683411	0.000656	0.998701	-0.540009	
2325	0.999232	-0.000444	1.355225	0.000444	0.999232	-0.597107	
2326	0.998198	-0.001054	2.282349	0.001054	0.998198	-1.156830	
2327	0.999540	-0.000645	1.046204	0.000645	0.999540	-0.850067	
2328	0.997858	-0.000586	2.158569	0.000586	0.997858	-0.450775	
2329	0.998957	-0.001008	1.662292	0.001008	0.998957	-1.176239	
2330	0.999128	-0.000174	1.154358	0.000174	0.999128	-0.669464	
2331	0.998704	-0.000581	1.928833	0.000581	0.998704	-1.011169	
2332	0.998374	-0.001218	1.928894	0.001218	0.998374	-1.062714	
2333	0.998918	-0.000763	1.983704	0.000763	0.998918	-1.089142	
2334	0.999359	-0.000670	1.253540	0.000670	0.999359	-0.628845	
2335	0.998983	-0.000831	1.594727	0.000831	0.998983	-1.022064	
2336	0.998901	-0.000554	1.801758	0.000554	0.998901	-1.009827	
2337	0.998379	-0.000842	1.849182	0.000842	0.998379	-0.974304	
2338	0.998615	-0.000742	1.414429	0.000742	0.998615	-0.701447	
2339	0.999224	-0.000510	1.680664	0.000510	0.999224	-0.695984	
2340	0.998765	-0.000301	1.274170	0.000301	0.998765	-0.664459	
2341	0.998673	-0.001045	1.416382	0.001045	0.998673	-1.015656	
2342	0.998219	-0.000615	1.731873	0.000615	0.998219	-0.500641	
2343	0.998935	-0.000913	1.526367	0.000913	0.998935	-1.005127	
2344	0.998172	-0.001153	1.826965	0.001153	0.998172	-0.740570	
2345	0.999215	-0.000695	1.082947	0.000695	0.999215	-1.035004	
2346	0.998520	-0.000890	1.570984	0.000890	0.998520	-0.594543	
2347	0.998401	-0.001029	1.639709	0.001029	0.998401	-1.055634	
2348	0.998425	-0.000622	1.445557	0.000622	0.998425	-0.627472	
2349	1.000043	-0.000567	0.731018	0.000567	1.000043	-1.112885	
2350	0.997925	-0.000472	1.727478	0.000472	0.997925	-0.983704	
2351	0.998857	-0.000935	1.621948	0.000935	0.998857	-0.984344	
2352	0.998234	-0.000458	1.453247	0.000458	0.998234	-0.374268	
2353	0.998608	-0.000841	1.333191	0.000841	0.998608	-0.841980	
2354	0.998269	-0.000624	1.202026	0.000624	0.998269	-0.688721	
2355	0.998614	-0.000769	1.366028	0.000769	0.998614	-0.910919	
2356	0.998170	-0.000666	1.737915	0.000666	0.998170	-0.622650	
2357	0.998431	-0.001002	1.565979	0.001002	0.998431	-1.096497	
2358	0.998468	-0.000607	1.591064	0.000607	0.998468	-0.618683	
2359	0.998418	-0.000984	1.639221	0.000984	0.998418	-0.788330	
2360	0.998014	-0.000863	1.587830	0.000863	0.998014	-0.870819	
2361	0.999393	-0.000653	1.127441	0.000653	0.999393	-1.391327	
2362	0.998573	-0.000850	1.456787	0.000850	0.998573	-1.258850	
2363	0.998972	-0.000563	1.337402	0.000563	0.998972	-0.757355	
2364	0.998457	-0.000688	1.361389	0.000688	0.998457	-0.903656	
2365	0.999191	-0.000663	1.173523	0.000663	0.999191	-1.124817	
2366	0.998738	-0.000949	1.234131	0.000949	0.998738	-0.987793	
2367	0.998666	-0.000765	1.476135	0.000765	0.998666	-1.190308	
2368	0.998240	-0.000695	1.455566	0.000695	0.998240	-1.046570	
2369	0.998772	-0.001098	1.347412	0.001098	0.998772	-1.252472	
2370	0.998478	-0.000975	1.626404	0.000975	0.998478	-0.805145	
2371	0.998985	-0.000155	1.315125	0.000155	0.998985	-1.095398	
2372	0.997990	-0.001313	2.022278	0.001313	0.997990	-1.261169	
2373	0.998645	-0.001058	1.342102	0.001058	0.998645	-0.855499	
2374	0.997858	-0.000653	1.934509	0.000653	0.997858	-0.411652	
2375	0.998140	-0.000674	1.595520	0.000674	0.998140	-0.806763	
2376	0.998632	-0.000767	1.131042	0.000767	0.998632	-0.824829	
2377	0.999669	-0.000297	0.501099	0.000297	0.999669	-0.548431	
2378	0.997898	-0.000583	1.808044	0.000583	0.997898	-0.809723	
2379	0.998885	-0.000432	1.111389	0.000432	0.998885	-1.132050	
2380	0.998569	-0.000724	1.427124	0.000724	0.998569	-0.647034	
2381	0.998559	-0.001177	1.903931	0.001177	0.998559	-1.663696	
2382	0.999273	-0.000621	0.902649	0.000621	0.999273	-1.007019	
2383	0.998244	-0.000824	1.475098	0.000824	0.998244	-0.889282	
2384	0.998993	-0.000704	1.020935	0.000704	0.998993	-0.580109	
2385	0.998812	-0.000953	1.182373	0.000953	0.998812	-1.363800	
2386	0.998542	-0.000849	1.042236	0.000849	0.998542	-0.607483	
2387	0.998541	-0.000515	1.149231	0.000515	0.998541	-0.643921	
2388	0.998328	-0.000531	1.781311	0.000531	0.998328	-0.743591	
2389	0.999018	-0.000482	1.516357	0.000482	0.999018	-0.987793	
2390	0.998594	-0.000042	1.117065	0.000042	0.998594	-0.930298	
2391	0.998595	-0.000587	1.798828	0.000587	0.998595	-2.059357	
2392	0.998343	-0.000559	1.839661	0.000559	0.998343	-1.713287	
2393	0.999210	-0.000258	0.988708	0.000258	0.999210	-1.780365	
2394	0.999082	-0.000266	1.896545	0.000266	0.999082	-2.104309	
2395	0.998269	-0.001053	2.958984	0.001053	0.998269	-3.148834	
2396	0.998899	-0.000203	1.726501	0.000203	0.998899	-2.721802	
2397	0.998779	-0.001901	2.234131	0.001901	0.998779	-3.955872	
2398	0.998688	-0.001542	0.790161	0.001542	0.998688	0.162445	
2399	0.999126	-0.001743	0.835266	0.001743	0.999126	2.045166	
2400	0.998089	0.001035	1.275146	-0.001035	0.998089	2.813232	
2401	0.997868	-0.000095	2.929138	0.000095	0.997868	-1.755188	
2402	0.999016	-0.000881	1.364624	0.000881	0.999016	-1.583069	
2403	0.998599	-0.001021	2.580994	0.001021	0.998599	0.175232	
2404	0.998854	-0.000158	2.039368	0.000158	0.998854	-0.237427	
