0	1.000000	0.000000	0.000000	0.000000	1.000000	0.000000	
1	0.999407	0.000046	3.851257	-0.000046	0.999407	1.461777	
2	0.999575	0.000104	3.173279	-0.000104	0.999575	1.804886	
3	0.999616	0.000055	2.839325	-0.000055	0.999616	2.567780	
4	0.999573	0.000090	3.243927	-0.000090	0.999573	3.134262	
5	0.999654	0.000073	3.013702	-0.000073	0.999654	3.413376	
6	0.999481	0.000056	2.547882	-0.000056	0.999481	3.892731	
7	0.999352	0.000086	2.199097	-0.000086	0.999352	3.864456	
8	0.999438	0.000073	1.852844	-0.000073	0.999438	3.756546	
9	0.998818	-0.000016	1.744873	0.000016	0.998818	4.075928	
10	0.997289	0.000057	2.282471	-0.000057	0.997289	4.734085	
11	0.997164	-0.000095	2.609558	0.000095	0.997164	7.839569	
12	0.998778	0.000012	1.234772	-0.000012	0.998778	3.727966	
13	0.998296	0.000102	1.453400	-0.000102	0.998296	3.765472	
14	0.998690	0.000052	1.097778	-0.000052	0.998690	3.217133	
15	0.998997	-0.000139	-1.263885	0.000139	0.998997	3.306290	
16	0.999853	0.000071	-1.389648	-0.000071	0.999853	0.745956	
17	0.999881	-0.000138	-1.521729	0.000138	0.999881	0.088196	
18	1.000156	-0.000204	-2.649231	0.000204	1.000156	-0.589890	
19	1.000185	-0.000013	-7.082611	0.000013	1.000185	0.368225	
20	0.983101	0.000233	7.983246	-0.000233	0.983101	6.760513	
21	0.983562	-0.000216	8.048035	0.000216	0.983562	6.593521	
22	0.987987	-0.000098	3.944519	0.000098	0.987987	5.079376	
23	0.984832	-0.000428	0.872406	0.000428	0.984832	6.346634	
24	0.993214	-0.000013	-0.895325	0.000013	0.993214	2.941513	
25	0.990063	0.000116	1.194183	-0.000116	0.990063	4.336090	
26	0.986673	-0.000113	3.397217	0.000113	0.986673	5.670410	
27	0.972361	-0.000451	5.091522	0.000451	0.972361	11.643585	
28	0.985755	-0.000810	0.919098	0.000810	0.985755	5.846420	
29	0.987949	-0.000406	-1.777679	0.000406	0.987949	5.000305	
30	0.988498	-0.000249	-2.715057	0.000249	0.988498	4.937225	
31	0.978073	-0.001505	-5.596100	0.001505	0.978073	9.631058	
32	0.989487	-0.000538	-4.366394	0.000538	0.989487	4.344925	
33	0.991892	-0.000463	-5.713196	0.000463	0.991892	3.712433	
34	0.989586	-0.000719	-4.256287	0.000719	0.989586	4.560257	
35	0.981906	-0.002172	-9.387482	0.002172	0.981906	8.014359	
36	0.993696	-0.000380	-6.526428	0.000380	0.993696	3.047653	
37	0.991912	-0.000422	-5.445740	0.000422	0.991912	3.705566	
38	0.993638	-0.000333	-6.372437	0.000333	0.993638	2.992172	
39	0.980762	-0.000813	-7.783783	0.000813	0.980762	8.112473	
40	0.990426	-0.000219	-3.734039	0.000219	0.990426	3.961914	
41	0.993343	-0.000299	-5.338287	0.000299	0.993343	2.877640	
42	0.990252	0.000208	-3.366852	-0.000208	0.990252	4.063873	
43	0.981334	-0.001215	-4.860382	0.001215	0.981334	7.790939	
44	0.992869	-0.000208	-3.514954	0.000208	0.992869	3.026062	
45	0.993067	-0.000350	-3.193542	0.000350	0.993067	2.949112	
46	0.991997	-0.000000	-2.666626	0.000000	0.991997	3.391617	
47	0.992848	-0.002052	-10.555786	0.002052	0.992848	3.463623	
48	0.999789	-0.000309	-7.527817	0.000309	0.999789	0.293030	
49	0.998255	-0.000430	-6.405029	0.000430	0.998255	0.851929	
50	0.998990	-0.000246	-6.737457	0.000246	0.998990	0.689423	
51	0.997830	0.000766	-9.774780	-0.000766	0.997830	1.538986	
52	0.997190	-0.000259	-2.568298	0.000259	0.997190	1.121338	
53	0.998138	-0.000178	-2.929321	0.000178	0.998138	0.730331	
54	0.998669	-0.000052	-2.911377	0.000052	0.998669	0.579803	
55	1.004459	0.001559	-6.763771	-0.001559	1.004459	-0.942902	
56	1.000154	0.000509	-1.721497	-0.000509	1.000154	0.256729	
57	0.999584	-0.000040	-1.008026	0.000040	0.999584	0.120178	
58	0.998591	-0.000034	0.267487	0.000034	0.998591	0.486755	
59	0.998285	0.000024	0.947815	-0.000024	0.998285	0.590454	
60	0.998307	0.000022	0.825836	-0.000022	0.998307	0.623642	
61	0.996038	-0.000064	2.138397	0.000064	0.996038	1.558655	
62	0.998521	0.000521	0.359421	-0.000521	0.998521	0.793900	
63	0.993535	0.000048	2.887604	-0.000048	0.993535	2.503891	
64	0.999647	-0.000039	-0.557709	0.000039	0.999647	0.099197	
65	0.999998	0.000053	-0.697540	-0.000053	0.999998	0.008347	
66	0.999831	0.000000	-0.692322	-0.000000	0.999831	0.019012	
67	0.999819	0.000035	-1.203094	-0.000035	0.999819	0.092468	
68	0.999772	-0.000069	-0.220734	0.000069	0.999772	-0.020844	
69	0.999757	-0.000026	-0.070618	0.000026	0.999757	0.020050	
70	0.999839	-0.000015	-0.371307	0.000015	0.999839	0.036758	
71	0.997864	0.000001	-0.486725	-0.000001	0.997864	0.778702	
72	0.998217	0.000211	-0.052643	-0.000211	0.998217	0.780182	
73	0.996588	-0.000173	0.548920	0.000173	0.996588	1.311844	
74	0.998358	-0.000026	-0.446838	0.000026	0.998358	0.693756	
75	0.995715	0.000001	0.203888	-0.000001	0.995715	1.624634	
76	0.998432	0.000065	-0.159576	-0.000065	0.998432	0.704010	
77	0.999117	0.000008	-0.730377	-0.000008	0.999117	0.364990	
78	0.998930	-0.000135	-0.999512	0.000135	0.998930	0.297928	
79	0.996513	-0.000139	-1.400482	0.000139	0.996513	1.399429	
80	0.999173	-0.000110	-1.687683	0.000110	0.999173	0.221786	
81	0.998692	-0.000205	-1.336029	0.000205	0.998692	0.395020	
82	0.999637	-0.000165	-1.445557	0.000165	0.999637	0.060989	
83	0.999772	-0.000061	-2.896606	0.000061	0.999772	-0.000168	
84	1.000060	-0.000042	-1.318359	0.000042	1.000060	-0.051529	
85	0.999971	-0.000060	-1.332794	0.000060	0.999971	-0.135498	
86	1.000031	-0.000151	-1.198608	0.000151	1.000031	-0.333755	
87	1.000249	-0.000010	-1.214447	0.000010	1.000249	-0.654892	
88	1.000211	-0.000007	-0.431519	0.000007	1.000211	-0.608643	
89	1.000111	-0.000067	-0.129547	0.000067	1.000111	-0.610291	
90	0.999969	0.000006	0.022034	-0.000006	0.999969	-0.529938	
91	1.000135	0.000021	-0.365692	-0.000021	1.000135	-1.041504	
92	1.000046	0.000016	-0.220612	-0.000016	1.000046	-0.353821	
93	1.000153	-0.000007	-0.359619	0.000007	1.000153	-0.523666	
94	1.000005	0.000014	-0.050934	-0.000014	1.000005	-0.257660	
95	1.000017	-0.000041	-0.109192	0.000041	1.000017	-0.375168	
96	1.000056	-0.000052	-0.112122	0.000052	1.000056	-0.168152	
97	1.000070	0.000048	-0.283142	-0.000048	1.000070	-0.189484	
98	1.000069	0.000013	-0.348236	-0.000013	1.000069	-0.196320	
99	1.000011	-0.000048	-0.607849	0.000048	1.000011	-0.379074	
100	1.000039	-0.000036	-0.556458	0.000036	1.000039	-0.186234	
101	1.000157	-0.000084	-0.382080	0.000084	1.000157	-0.244446	
102	1.000237	0.000184	-0.703094	-0.000184	1.000237	-0.294342	
103	1.005617	-0.000250	-5.600311	0.000250	1.005617	-2.661850	
104	1.003044	-0.000014	-3.577576	0.000014	1.003044	-1.462967	
105	1.003658	-0.000073	-4.043243	0.000073	1.003658	-1.687256	
106	1.003963	-0.000185	-4.125793	0.000185	1.003963	-1.796036	
107	1.008515	-0.000296	-8.320038	0.000296	1.008515	-3.810028	
108	1.008221	-0.000155	-6.890839	0.000155	1.008221	-3.474136	
109	1.006818	-0.000135	-6.243073	0.000135	1.006818	-2.934906	
110	1.008464	-0.000122	-7.185303	0.000122	1.008464	-3.468613	
111	1.012572	-0.000082	-11.037842	0.000082	1.012572	-5.351822	
112	1.005498	-0.000154	-4.984192	0.000154	1.005498	-2.151993	
113	1.006990	-0.000046	-6.269928	0.000046	1.006990	-2.885147	
114	1.004050	-0.000112	-4.663116	0.000112	1.004050	-1.741898	
115	1.006879	-0.000196	-7.524200	0.000196	1.006879	-2.772293	
116	1.002993	-0.000031	-3.163055	0.000031	1.002993	-1.311340	
117	1.003528	-0.000050	-3.332031	0.000050	1.003528	-1.360992	
118	1.004263	-0.000034	-3.778839	0.000034	1.004263	-1.722473	
119	1.010583	-0.000029	-8.098785	0.000029	1.010583	-4.135803	
120	1.005265	-0.000016	-3.528748	0.000016	1.005265	-2.034805	
121	1.005986	0.000067	-4.032196	-0.000067	1.005986	-2.516373	
122	1.003247	-0.000106	-2.186401	0.000106	1.003247	-1.448944	
123	1.006245	-0.000000	-3.809937	0.000000	1.006245	-2.508148	
124	1.005348	-0.000064	-3.280579	0.000064	1.005348	-2.136169	
125	1.004339	-0.000011	-2.643616	0.000011	1.004339	-1.780045	
126	1.002834	-0.000097	-1.557556	0.000097	1.002834	-1.149109	
127	1.006623	-0.000052	-3.501770	0.000052	1.006623	-2.752869	
128	1.001690	-0.000027	-0.887329	0.000027	1.001690	-0.705673	
129	1.003015	-0.000081	-1.665802	0.000081	1.003015	-1.141693	
130	1.005631	0.000048	-3.496582	-0.000048	1.005631	-2.153061	
131	1.006386	0.000095	-3.964600	-0.000095	1.006386	-2.526917	
132	1.001467	-0.000119	-1.111908	0.000119	1.001467	-0.705170	
133	1.000790	0.000039	-0.707703	-0.000039	1.000790	-0.396210	
134	1.000484	-0.000038	-0.349121	0.000038	1.000484	-0.285675	
135	1.000159	-0.000104	0.155212	0.000104	1.000159	-0.305908	
136	1.000361	-0.000101	0.003174	0.000101	1.000361	-0.365753	
137	1.000499	-0.000112	0.200012	0.000112	1.000499	-0.456482	
138	0.999995	0.000047	0.897827	-0.000047	0.999995	0.019058	
139	1.000132	0.000322	4.118896	-0.000322	1.000132	0.176132	
140	0.999924	0.000185	3.048889	-0.000185	0.999924	0.196808	
141	0.998662	0.000133	4.531372	-0.000133	0.998662	0.880020	
142	0.993267	0.000038	8.121216	-0.000038	0.993267	2.621231	
143	0.971458	0.000384	28.210754	-0.000384	0.971458	11.370316	
144	0.988600	0.000260	12.864380	-0.000260	0.988600	4.705994	
145	0.986642	0.000368	14.467468	-0.000368	0.986642	5.362717	
146	0.987583	0.000400	14.662964	-0.000400	0.987583	5.272293	
147	0.979540	0.000654	28.648041	-0.000654	0.979540	8.462097	
148	0.990234	0.000697	14.806274	-0.000697	0.990234	3.935104	
149	0.989315	0.000464	16.043884	-0.000464	0.989315	4.593231	
150	0.990797	0.000310	14.966614	-0.000310	0.990797	3.753113	
151	0.980486	0.000557	30.911377	-0.000557	0.980486	7.732315	
152	0.993592	0.000571	14.037811	-0.000571	0.993592	2.920181	
153	0.991808	0.000749	15.221771	-0.000749	0.991808	3.413025	
154	0.989693	0.000413	17.049133	-0.000413	0.989693	4.138672	
155	0.982725	0.000831	31.746582	-0.000831	0.982725	6.820740	
156	0.987960	0.000617	18.058044	-0.000617	0.987960	4.951111	
157	0.989273	0.000478	16.883698	-0.000478	0.989273	4.305618	
158	0.989038	0.000858	17.145142	-0.000858	0.989038	4.573029	
159	0.978481	0.000516	33.735352	-0.000516	0.978481	8.578262	
160	0.993770	0.000635	13.624451	-0.000635	0.993770	2.824554	
161	0.988543	0.000481	16.276215	-0.000481	0.988543	4.331467	
162	0.994022	0.000414	12.522797	-0.000414	0.994022	2.468750	
163	0.994877	0.000606	18.449768	-0.000606	0.994877	2.335938	
164	0.998039	0.000525	8.334991	-0.000525	0.998039	1.004883	
165	0.998502	0.000484	7.765991	-0.000484	0.998502	0.732559	
166	0.997427	-0.000113	7.901642	0.000113	0.997427	0.687820	
167	0.996785	0.000387	12.787140	-0.000387	0.996785	0.834167	
168	0.999830	0.000252	4.675842	-0.000252	0.999830	0.022675	
169	0.999470	0.000191	4.052490	-0.000191	0.999470	-0.040558	
170	1.000126	0.000160	3.001373	-0.000160	1.000126	-0.590744	
171	1.005290	0.000346	2.751740	-0.000346	1.005290	-3.233475	
172	1.006575	0.000333	-1.268524	-0.000333	1.006575	-2.937759	
173	1.006247	0.000257	-1.406982	-0.000257	1.006247	-2.956528	
174	1.006662	0.000123	-1.877228	-0.000123	1.006662	-3.266861	
175	1.010069	0.000336	-1.878754	-0.000336	1.010069	-5.247223	
176	1.003917	0.000271	-0.071259	-0.000271	1.003917	-2.121780	
177	1.004567	0.000196	-0.654663	-0.000196	1.004567	-2.389328	
178	1.003552	0.000220	-0.233978	-0.000220	1.003552	-1.972900	
179	1.004156	0.000304	1.005066	-0.000304	1.004156	-2.818161	
180	1.001693	0.000271	0.628540	-0.000271	1.001693	-1.089401	
181	1.001381	0.000049	0.789215	-0.000049	1.001381	-1.016281	
182	1.001004	0.000125	1.053711	-0.000125	1.001004	-0.862183	
183	1.002518	0.000217	2.080261	-0.000217	1.002518	-1.858749	
184	1.001799	0.000011	0.631348	-0.000011	1.001799	-1.168610	
185	1.001859	0.000020	0.273529	-0.000020	1.001859	-1.121201	
186	1.002479	-0.000067	-0.537476	0.000067	1.002479	-1.323425	
187	1.005431	-0.000024	-2.839813	0.000024	1.005431	-2.452866	
188	1.004454	-0.000192	-2.832672	0.000192	1.004454	-1.920929	
189	1.004744	0.000177	-3.142090	-0.000177	1.004744	-1.954636	
190	1.003636	0.000074	-2.281738	-0.000074	1.003636	-1.630402	
191	1.007999	0.000025	-4.984833	-0.000025	1.007999	-3.414352	
192	1.003842	-0.000014	-2.541260	0.000014	1.003842	-1.719833	
193	1.004964	-0.000006	-3.303680	0.000006	1.004964	-2.159653	
194	1.003667	0.000119	-2.373413	-0.000119	1.003667	-1.572235	
195	1.002942	-0.000037	-1.921967	0.000037	1.002942	-1.436295	
196	1.000753	-0.000060	-0.497986	0.000060	1.000753	-0.415970	
197	1.000232	0.000022	-0.100037	-0.000022	1.000232	-0.057281	
198	1.000113	-0.000083	0.285919	0.000083	1.000113	-0.058197	
199	0.999966	0.000108	0.843719	-0.000108	0.999966	-0.008148	
200	0.999801	0.000090	0.729370	-0.000090	0.999801	0.027039	
201	0.999922	0.000188	0.885864	-0.000188	0.999922	-0.015869	
202	0.999951	0.000022	0.710266	-0.000022	0.999951	-0.070480	
203	0.999938	0.000053	0.979156	-0.000053	0.999938	-0.068939	
204	0.999999	-0.000021	0.462463	0.000021	0.999999	-0.030930	
205	0.999932	-0.000014	0.294220	0.000014	0.999932	0.039917	
206	1.000016	0.000007	-0.013458	-0.000007	1.000016	0.017410	
207	1.000053	0.000035	-0.211975	-0.000035	1.000053	0.012405	
208	0.999992	-0.000061	0.016113	0.000061	0.999992	-0.014603	
209	0.999970	0.000013	0.000336	-0.000013	0.999970	-0.002213	
210	0.999918	0.000066	0.024292	-0.000066	0.999918	0.013382	
211	1.000010	-0.000013	-0.093353	0.000013	1.000010	0.070190	
212	1.000127	0.000124	-0.401184	-0.000124	1.000127	0.161758	
213	0.999914	0.000068	-0.090179	-0.000068	0.999914	0.112915	
214	1.000060	0.000050	-0.071716	-0.000050	1.000060	0.095703	
215	1.000043	0.000034	-0.146362	-0.000034	1.000043	0.149567	
216	1.000097	-0.000126	0.067322	0.000126	1.000097	0.011429	
217	1.000029	-0.000047	-0.023926	0.000047	1.000029	0.101151	
218	1.000002	0.000029	0.007019	-0.000029	1.000002	0.140305	
219	1.000026	0.000059	-0.326996	-0.000059	1.000026	0.397919	
220	1.000060	-0.000049	-0.358551	0.000049	1.000060	0.341553	
221	1.000072	0.000019	-0.561401	-0.000019	1.000072	0.433029	
222	1.000124	-0.000087	-0.790344	0.000087	1.000124	0.458557	
223	0.999974	-0.000310	-2.976807	0.000310	0.999974	0.989426	
224	1.000241	-0.000005	-2.142487	0.000005	1.000241	0.538834	
225	1.002260	-0.000105	-3.458710	0.000105	1.002260	-0.210815	
226	1.005080	-0.000213	-5.587006	0.000213	1.005080	-1.262329	
227	1.005142	-0.000118	-7.198151	0.000118	1.005142	-0.270950	
228	1.000949	-0.000087	-2.187988	0.000087	1.000949	0.591614	
229	1.000865	-0.000189	-2.117004	0.000189	1.000865	0.732971	
230	1.001387	0.000014	-2.526123	-0.000014	1.001387	0.666138	
231	1.002477	-0.000263	-4.736603	0.000263	1.002477	1.188263	
232	1.001494	-0.000004	-2.485535	0.000004	1.001494	0.357300	
233	1.001493	-0.000086	-2.629181	0.000086	1.001493	0.141602	
234	1.000809	-0.000104	-2.140869	0.000104	1.000809	0.401642	
235	1.000791	-0.000115	-3.263611	0.000115	1.000791	0.632156	
236	1.000509	-0.000061	-1.353546	0.000061	1.000509	-0.105103	
237	1.000536	0.000028	-1.383911	-0.000028	1.000536	-0.234726	
238	1.001083	-0.000044	-1.777893	0.000044	1.001083	-0.404083	
239	1.003799	-0.000145	-4.205353	0.000145	1.003799	-1.661957	
240	1.003265	-0.000187	-2.591064	0.000187	1.003265	-1.341400	
241	1.002023	0.000049	-1.799286	-0.000049	1.002023	-0.740860	
242	1.000665	-0.000001	-1.004700	0.000001	1.000665	-0.185120	
243	1.000980	-0.000084	-1.599854	0.000084	1.000980	-0.331421	
244	1.001394	-0.000122	-1.289459	0.000122	1.001394	-0.550003	
245	1.002979	-0.000223	-2.369843	0.000223	1.002979	-1.280624	
246	1.003460	-0.000041	-2.711487	0.000041	1.003460	-1.528107	
247	1.004563	-0.000044	-3.844116	0.000044	1.004563	-1.954208	
248	1.001521	-0.000054	-1.292908	0.000054	1.001521	-0.783295	
249	1.001464	-0.000067	-1.170135	0.000067	1.001464	-0.753296	
250	1.001219	-0.000086	-0.854401	0.000086	1.001219	-0.572372	
251	1.001792	-0.000113	-1.213623	0.000113	1.001792	-0.920090	
252	1.001241	0.000071	-0.785706	-0.000071	1.001241	-0.519180	
253	1.000750	0.000182	-0.536499	-0.000182	1.000750	-0.220932	
254	1.000190	-0.000038	-0.178741	0.000038	1.000190	-0.052536	
255	1.000183	-0.000006	-0.243073	0.000006	1.000183	-0.025848	
256	1.000012	0.000030	-0.081818	-0.000030	1.000012	0.007217	
257	1.000019	-0.000001	-0.099274	0.000001	1.000019	-0.000427	
258	0.999980	-0.000024	0.003693	0.000024	0.999980	-0.005661	
259	1.000280	0.000054	-0.477753	-0.000054	1.000280	0.063477	
260	1.000249	-0.000088	-0.496979	0.000088	1.000249	-0.059082	
261	1.000266	0.000087	-0.223297	-0.000087	1.000266	0.048462	
262	1.000044	0.000007	0.001465	-0.000007	1.000044	0.043930	
263	1.000160	-0.000086	-0.585602	0.000086	1.000160	0.007751	
264	1.000137	-0.000035	-0.490753	0.000035	1.000137	-0.012985	
265	1.000151	0.000043	-0.532227	-0.000043	1.000151	0.011581	
266	1.000055	-0.000082	-0.566437	0.000082	1.000055	-0.049530	
267	1.000334	0.000039	-1.241821	-0.000039	1.000334	-0.074280	
268	1.000158	-0.000024	-0.862152	0.000024	1.000158	-0.036652	
269	0.999936	0.000104	-0.947418	-0.000104	0.999936	-0.015091	
270	1.000063	0.000039	-0.814911	-0.000039	1.000063	-0.011047	
271	1.000247	-0.000103	-1.404877	0.000103	1.000247	0.091812	
272	1.000185	-0.000005	-0.730286	0.000005	1.000185	0.118958	
273	1.000419	0.000092	-0.589264	-0.000092	1.000419	0.246338	
274	1.000527	0.000018	-0.560455	-0.000018	1.000527	0.086105	
275	1.000798	0.000067	-0.867493	-0.000067	1.000798	-0.064468	
276	1.000287	0.000172	-0.508789	-0.000172	1.000287	0.219086	
277	1.000168	-0.000059	-0.394196	0.000059	1.000168	0.077881	
278	1.000167	-0.000061	-0.339264	0.000061	1.000167	0.122543	
279	1.000126	0.000121	-0.616211	-0.000121	1.000126	0.641449	
280	1.000105	-0.000045	-0.483612	0.000045	1.000105	0.380173	
281	1.000005	-0.000109	-0.364838	0.000109	1.000005	0.310257	
282	1.000126	0.000014	-0.401703	-0.000014	1.000126	0.287903	
283	1.000375	0.000023	-0.547852	-0.000023	1.000375	0.651031	
284	1.000304	-0.000012	-0.402405	0.000012	1.000304	0.218353	
285	1.000459	0.000037	-0.460083	-0.000037	1.000459	0.185577	
286	1.000253	-0.000168	-0.267426	0.000168	1.000253	-0.011322	
287	1.000352	0.000042	-0.760040	-0.000042	1.000352	0.452667	
288	1.000032	0.000061	-0.147827	-0.000061	1.000032	0.252441	
289	1.000001	0.000047	-0.005585	-0.000047	1.000001	0.354492	
290	0.999864	-0.000023	0.057953	0.000023	0.999864	0.521133	
291	1.000125	0.000011	-0.120941	-0.000011	1.000125	0.750137	
292	1.000226	-0.000040	-0.294128	0.000040	1.000226	0.420868	
293	1.000196	0.000024	-0.430542	-0.000024	1.000196	0.306961	
294	1.000135	-0.000031	-0.204163	0.000031	1.000135	0.265671	
295	1.000715	-0.000066	-0.759491	0.000066	1.000715	0.425308	
296	1.000837	-0.000050	-0.587860	0.000050	1.000837	0.052979	
297	1.001243	-0.000120	-0.988037	0.000120	1.001243	-0.174377	
298	1.001016	0.000009	-1.062103	-0.000009	1.001016	-0.066559	
299	1.001158	0.000006	-1.490601	-0.000006	1.001158	0.418213	
300	1.000218	-0.000028	-0.726166	0.000028	1.000218	0.314529	
301	1.000314	-0.000038	-0.799194	0.000038	1.000314	0.274658	
302	1.000647	0.000012	-0.884491	-0.000012	1.000647	0.175735	
303	1.001774	-0.000119	-1.921631	0.000119	1.001774	-0.211044	
304	1.000893	-0.000012	-1.032684	0.000012	1.000893	-0.056946	
305	1.000999	-0.000039	-1.213715	0.000039	1.000999	-0.116577	
306	1.000736	0.000024	-1.200989	-0.000024	1.000736	0.052246	
307	1.002200	-0.000045	-2.371582	0.000045	1.002200	-0.353165	
308	1.001711	-0.000066	-1.546478	0.000066	1.001711	-0.498978	
309	1.002265	-0.000143	-2.043030	0.000143	1.002265	-0.760376	
310	1.002418	-0.000041	-2.298737	0.000041	1.002418	-0.875702	
311	1.003565	-0.000085	-3.878204	0.000085	1.003565	-1.042404	
312	1.001063	-0.000086	-1.691406	0.000086	1.001063	-0.215134	
313	1.000911	-0.000037	-1.696228	0.000037	1.000911	-0.181351	
314	1.001167	-0.000128	-1.834442	0.000128	1.001167	-0.281311	
315	1.002392	-0.000122	-3.774109	0.000122	1.002392	-0.631744	
316	1.001245	-0.000130	-1.977386	0.000130	1.001245	-0.384598	
317	1.001056	0.000074	-2.029205	-0.000074	1.001056	-0.282211	
318	1.001271	-0.000097	-2.161499	0.000097	1.001271	-0.321228	
319	1.003645	-0.000132	-5.045441	0.000132	1.003645	-1.095627	
320	1.001808	-0.000061	-2.094635	0.000061	1.001808	-0.624161	
321	1.000895	-0.000055	-1.348877	0.000055	1.000895	-0.233261	
322	1.000234	0.000009	-0.757843	-0.000009	1.000234	-0.043701	
323	1.001187	-0.000042	-1.755493	0.000042	1.001187	-0.217957	
324	1.001356	-0.000118	-1.359406	0.000118	1.001356	-0.509598	
325	1.001385	-0.000093	-0.957123	0.000093	1.001385	-0.481201	
326	1.000980	-0.000052	-0.295532	0.000052	1.000980	-0.437759	
327	1.000892	-0.000090	-0.227936	0.000090	1.000892	-0.389175	
328	0.999932	-0.000066	0.024902	0.000066	0.999932	-0.007416	
329	0.999881	-0.000089	0.052094	0.000089	0.999881	-0.024048	
330	0.999840	-0.000133	0.274841	0.000133	0.999840	-0.034637	
331	0.999894	-0.000120	0.639343	0.000120	0.999894	-0.011414	
332	0.999965	-0.000003	0.315155	0.000003	0.999965	0.021515	
333	0.999945	0.000039	0.453522	-0.000039	0.999945	0.035156	
334	0.999939	0.000015	0.502686	-0.000015	0.999939	0.022522	
335	0.999888	-0.000031	0.854309	0.000031	0.999888	0.015533	
336	1.000023	0.000047	0.314392	-0.000047	1.000023	0.019958	
337	1.000059	0.000047	0.353058	-0.000047	1.000059	0.008987	
338	0.999983	0.000049	0.385132	-0.000049	0.999983	0.029999	
339	0.999867	-0.000036	0.480743	0.000036	0.999867	0.033508	
340	0.999974	0.000002	0.035126	-0.000002	0.999974	0.037247	
341	1.000003	-0.000014	-0.002289	0.000014	1.000003	-0.002625	
342	0.999973	0.000003	0.009583	-0.000003	0.999973	0.028412	
343	0.999996	-0.000019	0.024567	0.000019	0.999996	-0.003571	
344	0.999993	-0.000049	0.051941	0.000049	0.999993	-0.006012	
345	1.000035	-0.000062	0.007843	0.000062	1.000035	-0.023392	
346	0.999898	-0.000067	0.085388	0.000067	0.999898	-0.017761	
347	0.999915	-0.000094	0.204926	0.000094	0.999915	-0.037521	
348	0.999982	0.000082	0.212036	-0.000082	0.999982	0.060440	
349	1.000022	0.000043	0.289886	-0.000043	1.000022	0.025681	
350	0.999930	0.000143	0.391022	-0.000143	0.999930	0.079605	
351	1.000017	0.000028	1.193695	-0.000028	1.000017	0.022583	
352	0.999946	0.000027	0.597687	-0.000027	0.999946	0.089386	
353	0.999914	0.000084	0.565155	-0.000084	0.999914	0.115402	
354	0.999935	0.000123	0.743713	-0.000123	0.999935	0.145782	
355	0.999978	0.000033	1.516998	-0.000033	0.999978	0.058075	
356	0.999977	0.000007	0.554932	-0.000007	0.999977	0.014450	
357	0.999959	0.000011	0.427155	-0.000011	0.999959	-0.067520	
358	0.999869	-0.000019	0.264771	0.000019	0.999869	-0.012268	
359	0.999871	-0.000006	0.472290	0.000006	0.999871	-0.067520	
360	0.999942	-0.000051	0.320160	0.000051	0.999942	-0.068115	
361	0.999945	-0.000045	0.313629	0.000045	0.999945	-0.046738	
362	1.000085	-0.000012	0.177826	0.000012	1.000085	-0.251694	
363	1.000144	0.000021	0.115875	-0.000021	1.000144	-0.156067	
364	0.999947	-0.000099	0.288177	0.000099	0.999947	-0.155487	
365	1.000227	0.000060	0.096893	-0.000060	1.000227	-0.129059	
366	1.000160	-0.000039	0.239868	0.000039	1.000160	-0.177002	
367	1.001074	-0.000095	-0.262573	0.000095	1.001074	-0.563171	
368	1.000278	-0.000083	0.191833	0.000083	1.000278	-0.038940	
369	1.000022	-0.000022	-0.044098	0.000022	1.000022	0.343826	
370	1.000050	-0.000012	-0.045929	0.000012	1.000050	0.446106	
371	0.999956	0.000068	0.027649	-0.000068	0.999956	0.439850	
372	0.999962	0.000094	-0.022949	-0.000094	0.999962	0.241150	
373	0.999991	-0.000089	-0.009338	0.000089	0.999991	0.074844	
374	0.999958	-0.000092	0.016876	0.000092	0.999958	-0.022278	
375	0.999982	0.000003	0.005005	-0.000003	0.999982	0.010330	
376	1.000101	-0.000051	-0.060516	0.000051	1.000101	0.090881	
377	1.000036	-0.000035	-0.026398	0.000035	1.000036	0.015030	
378	1.000046	-0.000046	-0.035309	0.000046	1.000046	0.072159	
379	1.000117	0.000024	-0.118561	-0.000024	1.000117	0.023529	
380	1.000151	0.000037	-0.172699	-0.000037	1.000151	-0.003128	
381	1.000013	0.000001	-0.002960	-0.000001	1.000013	0.000854	
382	1.000010	0.000035	-0.002045	-0.000035	1.000010	0.017654	
383	1.000300	0.000001	-0.231384	-0.000001	1.000300	-0.053696	
384	1.000341	-0.000055	-0.274506	0.000055	1.000341	-0.151566	
385	1.000602	0.000047	-0.471191	-0.000047	1.000602	-0.196854	
386	1.000711	-0.000062	-0.521790	0.000062	1.000711	-0.316544	
387	1.000953	-0.000073	-0.626709	0.000073	1.000953	-0.445984	
388	1.000531	-0.000073	-0.181641	0.000073	1.000531	-0.265869	
389	1.000384	-0.000012	-0.364441	0.000012	1.000384	-0.204971	
390	1.000178	-0.000025	-0.198212	0.000025	1.000178	-0.077057	
391	1.000220	0.000063	-0.076233	-0.000063	1.000220	-0.061691	
392	1.000035	-0.000003	-0.025238	0.000003	1.000035	-0.051971	
393	0.999983	-0.000008	0.004730	0.000008	0.999983	-0.019852	
394	0.999999	0.000032	0.005463	-0.000032	0.999999	-0.001648	
395	1.000042	-0.000023	-0.043396	0.000023	1.000042	-0.054871	
396	1.000103	0.000006	-0.043579	-0.000006	1.000103	-0.061752	
397	1.000106	0.000048	-0.081512	-0.000048	1.000106	-0.020599	
398	0.999984	0.000020	0.059845	-0.000020	0.999984	0.024719	
399	1.000054	0.000017	0.002075	-0.000017	1.000054	0.000854	
400	1.000022	0.000017	-0.008148	-0.000017	1.000022	0.004501	
401	1.000009	0.000012	-0.002991	-0.000012	1.000009	0.003616	
402	0.999993	-0.000011	0.009430	0.000011	0.999993	-0.008972	
403	1.000027	0.000031	-0.012360	-0.000031	1.000027	0.010422	
404	1.000049	-0.000000	-0.024689	0.000000	1.000049	0.014084	
405	1.000015	-0.000039	-0.025726	0.000039	1.000015	-0.016556	
406	1.000009	-0.000004	-0.007202	0.000004	1.000009	-0.002945	
407	1.000051	0.000008	-0.119293	-0.000008	1.000051	0.016144	
408	1.000088	0.000004	-0.175354	-0.000004	1.000088	-0.041687	
409	1.000046	-0.000035	-0.082092	0.000035	1.000046	0.003143	
410	1.000069	0.000039	-0.102753	-0.000039	1.000069	-0.033340	
411	1.000084	-0.000016	-0.098999	0.000016	1.000084	-0.132126	
412	1.000156	0.000057	-0.199280	-0.000057	1.000156	-0.096832	
413	1.000136	0.000047	-0.076935	-0.000047	1.000136	-0.139374	
414	1.000072	0.000027	-0.175323	-0.000027	1.000072	-0.147858	
415	1.000422	-0.000051	-0.787384	0.000051	1.000422	-0.326019	
416	1.000216	-0.000012	-0.488220	0.000012	1.000216	-0.169296	
417	1.000231	0.000068	-0.354065	-0.000068	1.000231	-0.087219	
418	1.000361	-0.000042	-0.427765	0.000042	1.000361	-0.208542	
419	1.001095	0.000042	-1.416290	-0.000042	1.001095	-0.387314	
420	1.000513	-0.000068	-0.765778	0.000068	1.000513	-0.325333	
421	1.000502	-0.000021	-0.753601	0.000021	1.000502	-0.227295	
422	1.000698	-0.000024	-0.815613	0.000024	1.000698	-0.309464	
423	1.001226	-0.000163	-1.377777	0.000163	1.001226	-0.857407	
424	1.000726	0.000011	-0.702606	-0.000011	1.000726	-0.438370	
425	1.001079	-0.000107	-0.765778	0.000107	1.001079	-0.629471	
426	1.000960	0.000001	-0.726532	-0.000001	1.000960	-0.441956	
427	1.001942	-0.000021	-1.429749	0.000021	1.001942	-0.913498	
428	1.000361	-0.000026	-0.365479	0.000026	1.000361	-0.218674	
429	1.000530	-0.000071	-0.516388	0.000071	1.000530	-0.378754	
430	1.000348	-0.000110	-0.299835	0.000110	1.000348	-0.321533	
431	1.000942	0.000118	-1.092041	-0.000118	1.000942	-0.360504	
432	1.000770	-0.000062	-0.664734	0.000062	1.000770	-0.436111	
433	1.001095	0.000009	-0.849457	-0.000009	1.001095	-0.388931	
434	1.001201	-0.000046	-0.979614	0.000046	1.001201	-0.366119	
435	1.001843	-0.000061	-1.659851	0.000061	1.001843	-0.644669	
436	1.000769	0.000022	-0.780121	-0.000022	1.000769	-0.215088	
437	1.000750	-0.000129	-0.697418	0.000129	1.000750	-0.303741	
438	1.000860	0.000040	-0.914856	-0.000040	1.000860	-0.316879	
439	1.001729	0.000000	-1.949310	-0.000000	1.001729	-0.646622	
440	1.000608	0.000007	-1.046082	-0.000007	1.000608	-0.274399	
441	1.000415	-0.000039	-1.051758	0.000039	1.000415	-0.177567	
442	1.000255	-0.000013	-1.093567	0.000013	1.000255	-0.048859	
443	1.000651	-0.000113	-2.594421	0.000113	1.000651	-0.372314	
444	1.000690	-0.000043	-1.313934	0.000043	1.000690	-0.252579	
445	1.000846	-0.000066	-1.474152	0.000066	1.000846	-0.264038	
446	1.001373	-0.000070	-1.992157	0.000070	1.001373	-0.540298	
447	1.003933	-0.000209	-5.573792	0.000209	1.003933	-1.546600	
448	1.002956	-0.000147	-3.489288	0.000147	1.002956	-1.131439	
449	1.003312	-0.000006	-4.169800	0.000006	1.003312	-1.354050	
450	1.003058	-0.000123	-4.324249	0.000123	1.003058	-1.149185	
451	1.006294	-0.000506	-9.599731	0.000506	1.006294	-2.486679	
452	1.003124	-0.000213	-5.045746	0.000213	1.003124	-1.244370	
453	1.002945	-0.000204	-5.351471	0.000204	1.002945	-1.156845	
454	1.001950	-0.000225	-4.881042	0.000225	1.001950	-0.797073	
455	1.006177	-0.000676	-11.346466	0.000676	1.006177	-2.381012	
456	1.001392	-0.000287	-4.917694	0.000287	1.001392	-0.667313	
457	1.000938	-0.000306	-4.875519	0.000306	1.000938	-0.530884	
458	1.000514	-0.000390	-4.838226	0.000390	1.000514	-0.341599	
459	1.000991	-0.000659	-10.000488	0.000659	1.000991	-0.546097	
460	1.000496	-0.000450	-5.473694	0.000450	1.000496	-0.338974	
461	1.000662	-0.000444	-5.884766	0.000444	1.000662	-0.425888	
462	1.000479	-0.000343	-5.989227	0.000343	1.000479	-0.102890	
463	0.998332	-0.000439	-10.213135	0.000439	0.998332	0.938751	
464	0.995070	-0.000389	-3.171051	0.000389	0.995070	1.807495	
465	0.994645	-0.000293	-2.906860	0.000293	0.994645	1.712112	
466	0.994880	-0.000388	-3.019348	0.000388	0.994880	1.806671	
467	0.987784	-0.000296	-4.031830	0.000296	0.987784	4.716965	
468	0.996143	-0.000391	-3.550262	0.000391	0.996143	1.239716	
469	0.995571	-0.000209	-3.293488	0.000209	0.995571	1.461945	
470	0.994565	-0.000222	-2.292389	0.000222	0.994565	1.916046	
471	0.992413	0.000100	-5.026550	-0.000100	0.992413	2.845657	
472	0.995300	-0.000095	-1.736267	0.000095	0.995300	1.678284	
473	0.996286	-0.000089	-1.872986	0.000089	0.996286	1.328369	
474	0.994855	-0.000021	-0.375214	0.000021	0.994855	1.941803	
475	0.982521	0.000111	5.609985	-0.000111	0.982521	6.537506	
476	0.987161	-0.000091	6.441132	0.000091	0.987161	4.794937	
477	0.987891	0.000060	6.421875	-0.000060	0.987891	4.565048	
478	0.988380	0.000026	6.350403	-0.000026	0.988380	4.476898	
479	0.977192	-0.000016	12.724884	0.000016	0.977192	8.772736	
480	0.987900	-0.000034	6.701172	0.000034	0.987900	4.618607	
481	0.988673	-0.000009	6.281921	0.000009	0.988673	4.382828	
482	0.988599	0.000062	6.338104	-0.000062	0.988599	4.344131	
483	0.979344	-0.000013	11.410278	0.000013	0.979344	7.974472	
484	0.991744	0.000040	4.343567	-0.000040	0.991744	3.186523	
485	0.993167	-0.000009	3.297729	0.000009	0.993167	2.561768	
486	0.991829	-0.000044	4.089569	0.000044	0.991829	3.249847	
487	0.984093	0.000072	8.211304	-0.000072	0.984093	6.016113	
488	0.991333	0.000041	4.597046	-0.000041	0.991333	3.333389	
489	0.992056	-0.000080	4.141205	0.000080	0.992056	2.980453	
490	0.990865	0.000151	4.895935	-0.000151	0.990865	3.495667	
491	0.986434	-0.000057	7.136719	0.000057	0.986434	5.186554	
492	0.993591	0.000000	3.495911	-0.000000	0.993591	2.413651	
493	0.992764	0.000008	4.141296	-0.000008	0.992764	2.844086	
494	0.995147	0.000056	2.575317	-0.000056	0.995147	1.920288	
495	0.994416	-0.000097	2.771851	0.000097	0.994416	2.025742	
496	0.996843	0.000038	1.751892	-0.000038	0.996843	1.242523	
497	0.998827	-0.000036	0.375732	0.000036	0.998827	0.474030	
498	0.997853	-0.000056	0.908569	0.000056	0.997853	0.674713	
499	0.994088	0.000000	2.965729	-0.000000	0.994088	2.119675	
500	0.996822	-0.000052	1.969421	0.000052	0.996822	1.168594	
501	0.997737	0.000057	1.376801	-0.000057	0.997737	0.865051	
502	0.998055	-0.000013	1.165222	0.000013	0.998055	0.786789	
503	0.994300	0.000110	3.725800	-0.000110	0.994300	2.074951	
504	0.996848	0.000006	2.081116	-0.000006	0.996848	1.170700	
505	0.997633	0.000043	1.616760	-0.000043	0.997633	0.918503	
506	0.996760	0.000068	2.128632	-0.000068	0.996760	1.247269	
507	0.994543	-0.000053	3.954681	0.000053	0.994543	2.040039	
508	0.998959	0.000053	0.739716	-0.000053	0.998959	0.317703	
509	0.999249	0.000072	0.554840	-0.000072	0.999249	0.352295	
510	0.999801	0.000036	0.104492	-0.000036	0.999801	0.060959	
511	1.000000	-0.000043	0.019501	0.000043	1.000000	-0.158737	
512	0.999974	-0.000033	0.027161	0.000033	0.999974	-0.162827	
513	0.999996	0.000024	0.300659	-0.000024	0.999996	-0.339630	
514	0.999921	-0.000030	0.288055	0.000030	0.999921	-0.389603	
515	1.000012	0.000006	1.011414	-0.000006	1.000012	-0.898514	
516	0.999986	0.000052	0.752106	-0.000052	0.999986	-0.422058	
517	0.999941	-0.000028	0.828918	0.000028	0.999941	-0.492126	
518	0.999903	0.000009	0.976776	-0.000009	0.999903	-0.515457	
519	0.999937	0.000072	2.180450	-0.000072	0.999937	-0.626007	
520	0.999963	0.000017	1.235107	-0.000017	0.999963	-0.274170	
521	1.000932	0.000061	0.599243	-0.000061	1.000932	-0.931732	
522	1.004079	0.000063	-1.015381	-0.000063	1.004079	-1.825638	
523	1.011657	0.000175	-3.817749	-0.000175	1.011657	-5.146729	
524	1.004961	0.000199	-1.191711	-0.000199	1.004961	-2.220230	
525	1.004353	0.000201	-0.368408	-0.000201	1.004353	-2.079239	
526	1.003755	0.000247	0.083984	-0.000247	1.003755	-1.835693	
527	1.011544	0.000267	-1.343597	-0.000267	1.011544	-5.315002	
528	1.006505	0.000181	-0.680115	-0.000181	1.006505	-2.939301	
529	1.006385	0.000302	-0.145721	-0.000302	1.006385	-2.784927	
530	1.002988	0.000352	2.602386	-0.000352	1.002988	-1.452072	
531	1.001651	0.001199	8.874268	-0.001199	1.001651	-0.953583	
532	0.999077	0.000357	6.108429	-0.000357	0.999077	0.093292	
533	1.000032	0.000589	5.754883	-0.000589	1.000032	0.100021	
534	0.999473	0.000508	5.951813	-0.000508	0.999473	0.177948	
535	1.002469	0.000809	9.298767	-0.000809	1.002469	-1.119858	
536	1.003070	0.000207	3.908936	-0.000207	1.003070	-1.161743	
537	1.004526	0.000242	2.807831	-0.000242	1.004526	-1.813354	
538	1.004359	0.000518	3.038177	-0.000518	1.004359	-1.649658	
539	1.001337	0.000271	9.401581	-0.000271	1.001337	-0.962738	
540	0.999493	0.000416	5.079742	-0.000416	0.999493	0.225250	
541	0.999575	0.000308	5.012207	-0.000308	0.999575	0.046921	
542	0.999792	0.000308	4.890076	-0.000308	0.999792	-0.027969	
543	0.994530	0.000495	11.560669	-0.000495	0.994530	2.189697	
544	0.988658	0.000254	10.797150	-0.000254	0.988658	4.298721	
545	0.987764	0.000112	11.357239	-0.000112	0.987764	4.745193	
546	0.990985	0.000240	9.544067	-0.000240	0.990985	3.496933	
547	0.990673	0.000456	13.966370	-0.000456	0.990673	3.787186	
548	0.997269	0.000311	5.731964	-0.000311	0.997269	1.135696	
549	0.998936	0.000247	4.530243	-0.000247	0.998936	0.366196	
550	0.999536	0.000275	4.020905	-0.000275	0.999536	0.202637	
551	0.998762	0.000613	7.690491	-0.000613	0.998762	0.166565	
552	0.999635	0.000338	3.520477	-0.000338	0.999635	-0.023010	
553	0.999864	0.000156	3.284607	-0.000156	0.999864	-0.308899	
554	0.999849	0.000325	3.086365	-0.000325	0.999849	-0.311340	
555	0.999764	0.000193	4.998169	-0.000193	0.999764	-1.147125	
556	0.999981	0.000064	1.498749	-0.000064	0.999981	-0.826874	
557	0.999930	0.000016	1.230927	-0.000016	0.999930	-0.766312	
558	1.000094	-0.000040	0.592133	0.000040	1.000094	-0.938766	
559	1.000301	-0.000027	-0.179626	0.000027	1.000301	-1.447952	
560	1.000108	-0.000013	-0.055908	0.000013	1.000108	-0.537323	
561	1.000068	-0.000004	-0.110077	0.000004	1.000068	-0.527786	
562	1.000017	-0.000101	-0.007996	0.000101	1.000017	-0.384140	
563	1.000210	0.000003	-0.330322	-0.000003	1.000210	-0.440018	
564	1.000077	-0.000016	-0.043030	0.000016	1.000077	-0.101761	
565	0.999997	0.000072	-0.157776	-0.000072	0.999997	-0.017517	
566	1.000072	-0.000097	-0.243835	0.000097	1.000072	-0.058075	
567	1.000116	-0.000049	-0.850281	0.000049	1.000116	-0.033401	
568	1.000132	-0.000070	-0.684326	0.000070	1.000132	-0.050888	
569	1.000140	-0.000101	-0.974579	0.000101	1.000140	-0.032562	
570	1.000030	-0.000067	-0.996613	0.000067	1.000030	-0.015015	
571	1.000106	-0.000162	-2.243469	0.000162	1.000106	-0.077423	
572	1.000105	-0.000045	-1.155212	0.000045	1.000105	-0.090103	
573	1.000041	-0.000032	-1.038605	0.000032	1.000041	-0.074280	
574	1.000054	-0.000139	-1.195221	0.000139	1.000054	-0.059830	
575	1.000185	-0.000243	-2.655701	0.000243	1.000185	-0.207474	
576	1.000044	-0.000060	-0.982117	0.000060	1.000044	-0.032654	
577	1.000122	-0.000106	-0.937592	0.000106	1.000122	-0.065201	
578	1.000077	-0.000096	-1.109924	0.000096	1.000077	-0.038406	
579	1.000308	-0.000156	-2.661011	0.000156	1.000308	-0.156570	
580	1.000188	-0.000248	-1.321716	0.000248	1.000188	-0.160187	
581	1.000062	-0.000041	-1.257080	0.000041	1.000062	-0.019348	
582	1.000226	-0.000027	-1.331787	0.000027	1.000226	-0.048065	
583	1.000264	-0.000087	-2.594360	0.000087	1.000264	-0.106384	
584	1.000154	-0.000027	-1.062469	0.000027	1.000154	-0.063232	
585	1.000167	-0.000088	-0.980011	0.000088	1.000167	-0.095139	
586	1.000074	-0.000049	-0.940277	0.000049	1.000074	-0.037796	
587	1.000138	-0.000146	-1.656372	0.000146	1.000138	-0.143585	
588	1.000091	-0.000009	-1.001526	0.000009	1.000091	-0.028198	
589	1.000078	-0.000027	-0.822601	0.000027	1.000078	-0.088333	
590	1.000103	-0.000114	-0.707336	0.000114	1.000103	-0.210022	
591	1.000008	-0.000062	-0.628174	0.000062	1.000008	-0.157303	
592	1.000088	-0.000100	-0.242523	0.000100	1.000088	-0.335709	
593	1.000035	0.000012	-0.181671	-0.000012	1.000035	-0.136658	
594	1.000011	-0.000056	-0.122284	0.000056	1.000011	-0.146622	
595	1.000140	-0.000065	-0.190796	0.000065	1.000140	-0.434174	
596	1.000008	0.000002	-0.144775	-0.000002	1.000008	-0.167999	
597	1.000126	-0.000113	-0.087646	0.000113	1.000126	-0.361176	
598	1.000048	-0.000084	-0.027863	0.000084	1.000048	-0.213577	
599	1.000025	-0.000049	0.008698	0.000049	1.000025	-0.591812	
600	1.000024	0.000020	0.105743	-0.000020	1.000024	-0.298523	
601	0.999891	-0.000022	0.232605	0.000022	0.999891	-0.231491	
602	1.000076	-0.000037	0.121796	0.000037	1.000076	-0.381134	
603	0.999983	0.000058	0.380981	-0.000058	0.999983	-0.510696	
604	1.000091	-0.000067	0.092468	0.000067	1.000091	-0.461502	
605	1.000026	0.000011	0.107819	-0.000011	1.000026	-0.383560	
606	0.999923	0.000033	0.196106	-0.000033	0.999923	-0.387314	
607	1.000047	0.000113	0.725006	-0.000113	1.000047	-0.857117	
608	0.999930	0.000021	0.645569	-0.000021	0.999930	-0.499130	
609	0.999970	-0.000005	0.762054	0.000005	0.999970	-0.612122	
610	0.999978	0.000020	0.720581	-0.000020	0.999978	-0.493271	
611	1.000017	0.000048	1.049530	-0.000048	1.000017	-0.941772	
612	1.000050	-0.000064	0.657288	0.000064	1.000050	-0.624039	
613	0.999965	0.000022	0.590881	-0.000022	0.999965	-0.403854	
614	0.999972	0.000092	0.604309	-0.000092	0.999972	-0.591599	
615	0.999945	-0.000017	1.050629	0.000017	0.999945	-0.792221	
616	0.999973	0.000037	0.552582	-0.000037	0.999973	-0.391006	
617	0.999927	-0.000045	0.531738	0.000045	0.999927	-0.267868	
618	0.999945	-0.000042	0.368805	0.000042	0.999945	-0.018463	
619	0.999869	0.000153	1.228699	-0.000153	0.999869	0.661880	
620	0.999933	0.000077	0.127533	-0.000077	0.999933	0.069901	
621	0.999992	-0.000044	-0.010040	0.000044	0.999992	0.090332	
622	1.000030	0.000058	-0.034882	-0.000058	1.000030	0.167969	
623	0.999983	0.000007	-0.156952	-0.000007	0.999983	0.229141	
624	1.000055	0.000058	-0.092804	-0.000058	1.000055	0.059402	
625	0.999992	0.000062	-0.124146	-0.000062	0.999992	0.153503	
626	1.000010	0.000025	-0.004547	-0.000025	1.000010	0.012787	
627	1.000091	-0.000073	-0.198334	0.000073	1.000091	-0.012863	
628	1.000035	0.000114	-0.191742	-0.000114	1.000035	0.083694	
629	0.999937	0.000094	-0.034607	-0.000094	0.999937	0.057281	
630	0.999859	0.000148	-0.077698	-0.000148	0.999859	0.085983	
631	1.000018	0.000113	-0.132751	-0.000113	1.000018	0.056961	
632	0.999970	0.000031	-0.019928	-0.000031	0.999970	0.009933	
633	0.999928	0.000064	0.029938	-0.000064	0.999928	0.027176	
634	0.999977	0.000028	0.015839	-0.000028	0.999977	0.007553	
635	0.999971	0.000043	0.008942	-0.000043	0.999971	-0.008453	
636	0.999960	-0.000009	0.029419	0.000009	0.999960	-0.010284	
637	0.999939	0.000041	0.045074	-0.000041	0.999939	-0.002579	
638	0.999925	0.000037	0.082428	-0.000037	0.999925	-0.013748	
639	0.999988	-0.000012	0.044586	0.000012	0.999988	-0.009521	
640	1.000032	0.000001	-0.036835	-0.000001	1.000032	0.001236	
641	0.999958	0.000019	0.081299	-0.000019	0.999958	0.037674	
642	0.999931	0.000044	0.088440	-0.000044	0.999931	0.046036	
643	0.999953	-0.000070	0.071411	0.000070	0.999953	-0.028961	
644	0.999971	0.000005	0.026917	-0.000005	0.999971	0.010117	
645	0.999933	-0.000007	0.075531	0.000007	0.999933	-0.012283	
646	0.999977	0.000009	0.012482	-0.000009	0.999977	0.003799	
647	1.000077	0.000003	0.098480	-0.000003	1.000077	-0.071747	
648	1.000505	-0.000082	-0.395325	0.000082	1.000505	-0.531097	
649	1.001737	-0.000063	-1.133240	0.000063	1.001737	-0.829224	
650	1.004331	-0.000128	-2.565948	0.000128	1.004331	-1.582626	
651	1.012944	-0.000158	-8.444427	0.000158	1.012944	-4.430222	
652	1.009374	-0.000009	-6.122864	0.000009	1.009374	-3.096756	
653	1.010173	0.000043	-6.528748	-0.000043	1.010173	-3.300583	
654	1.009874	-0.000098	-6.238220	0.000098	1.009874	-3.133591	
655	1.016973	0.000054	-11.101929	-0.000054	1.016973	-5.895630	
656	1.008686	-0.000052	-5.632294	0.000052	1.008686	-3.137299	
657	1.008103	-0.000071	-5.411621	0.000071	1.008103	-2.832764	
658	1.007802	-0.000002	-5.265137	0.000002	1.007802	-2.603867	
659	1.022732	-0.000079	-14.910370	0.000079	1.022732	-7.391357	
660	1.011578	-0.000045	-7.623199	0.000045	1.011578	-3.419571	
661	1.015069	-0.000112	-10.142151	0.000112	1.015069	-4.440445	
662	1.012510	-0.000072	-8.644318	0.000072	1.012510	-3.225113	
663	1.024651	-0.000263	-18.570068	0.000263	1.024651	-5.816574	
664	1.010265	-0.000124	-8.011078	0.000124	1.010265	-1.652679	
665	1.009552	-0.000106	-7.585144	0.000106	1.009552	-1.314011	
666	1.008286	-0.000241	-6.867096	0.000241	1.008286	-1.032211	
667	1.023204	-0.000680	-19.762939	0.000680	1.023204	-5.926712	
668	1.009072	-0.000091	-8.563080	0.000091	1.009072	-2.184097	
669	1.006932	-0.000097	-6.601440	0.000097	1.006932	-1.357407	
670	1.007948	-0.000031	-6.633789	0.000031	1.007948	-1.713989	
671	1.019353	-0.000156	-14.090515	0.000156	1.019353	-5.045105	
672	1.007446	0.000085	-5.186798	-0.000085	1.007446	-1.663574	
673	1.006940	-0.000089	-4.561707	0.000089	1.006940	-1.461960	
674	1.010388	-0.000021	-6.792145	0.000021	1.010388	-2.886719	
675	1.015108	-0.000005	-10.650787	0.000005	1.015108	-3.866730	
676	1.008790	-0.000062	-5.899353	0.000062	1.008790	-2.384476	
677	1.007525	0.000060	-5.078644	-0.000060	1.007525	-2.021179	
678	1.010054	-0.000065	-6.083099	0.000065	1.010054	-2.953674	
679	1.016305	0.000068	-10.958984	-0.000068	1.016305	-5.301208	
680	1.008092	-0.000031	-4.977722	0.000031	1.008092	-2.702499	
681	1.007596	-0.000041	-4.882294	0.000041	1.007596	-2.798340	
682	1.003884	-0.000038	-2.205566	0.000038	1.003884	-1.088318	
683	1.016855	-0.000113	-11.091827	0.000113	1.016855	-5.266418	
684	1.007380	-0.000160	-4.502319	0.000160	1.007380	-2.220947	
685	1.009662	-0.000189	-6.255249	0.000189	1.009662	-3.223953	
686	1.006608	0.000106	-4.545593	-0.000106	1.006608	-2.095490	
687	1.013705	-0.000164	-8.655365	0.000164	1.013705	-4.151596	
688	1.006351	0.000017	-3.802002	-0.000017	1.006351	-2.007477	
689	1.009674	-0.000207	-6.081726	0.000207	1.009674	-3.252945	
690	1.010538	-0.000009	-6.616272	0.000009	1.010538	-3.564957	
691	1.013906	-0.000048	-8.187927	0.000048	1.013906	-4.336975	
692	1.007430	-0.000041	-4.383820	0.000041	1.007430	-2.235764	
693	1.007070	-0.000001	-4.375946	0.000001	1.007070	-2.082886	
694	1.006503	-0.000026	-3.721191	0.000026	1.006503	-1.737030	
695	1.015309	-0.000013	-9.334625	0.000013	1.015309	-4.490692	
696	1.004565	0.000066	-2.200043	-0.000066	1.004565	-0.780914	
697	1.003946	0.000037	-1.844635	-0.000037	1.003946	-0.769318	
698	1.003473	0.000043	-1.658325	-0.000043	1.003473	-0.504059	
699	1.005260	-0.000086	-2.234589	0.000086	1.005260	-0.395172	
700	1.002769	0.000006	-1.161987	-0.000006	1.002769	0.043671	
701	1.003347	0.000102	-1.287903	-0.000102	1.003347	-0.078735	
702	1.005056	-0.000081	-1.970398	0.000081	1.005056	-0.634460	
703	1.008261	-0.000005	-3.362061	0.000005	1.008261	-0.722046	
704	1.003720	0.000063	-1.488220	-0.000063	1.003720	-0.075623	
705	1.003397	0.000088	-1.187805	-0.000088	1.003397	0.020294	
706	1.004499	0.000025	-1.650696	-0.000025	1.004499	-0.268768	
707	1.008635	0.000161	-2.409485	-0.000161	1.008635	-0.163483	
708	1.005974	0.000087	-2.107117	-0.000087	1.005974	-0.709595	
709	1.003510	-0.000032	-0.691040	0.000032	1.003510	0.167145	
710	1.003789	0.000055	-1.196289	-0.000055	1.003789	0.248962	
711	1.005674	-0.000037	-1.693237	0.000037	1.005674	1.096893	
712	1.003450	0.000045	-1.052917	-0.000045	1.003450	0.312592	
713	1.002597	0.000137	-0.309509	-0.000137	1.002597	0.585999	
714	1.003511	0.000069	-0.411865	-0.000069	1.003511	0.420868	
715	1.006928	-0.000089	-1.603210	0.000089	1.006928	0.372742	
716	1.001249	0.000054	-0.333557	-0.000054	1.001249	0.601196	
717	1.000320	0.000088	0.021545	-0.000088	1.000320	0.376678	
718	1.000202	-0.000019	0.133789	0.000019	1.000202	-0.131714	
719	1.001626	0.000003	-0.017334	-0.000003	1.001626	-1.230865	
720	1.000403	-0.000079	-0.052429	0.000079	1.000403	-0.262390	
721	1.000354	0.000078	0.127502	-0.000078	1.000354	-0.181122	
722	1.000234	-0.000003	0.196838	0.000003	1.000234	-0.387634	
723	1.001113	-0.000026	0.190979	0.000026	1.001113	-0.706268	
724	1.000232	0.000012	-0.360535	-0.000012	1.000232	-0.149536	
725	1.000180	0.000014	-0.202026	-0.000014	1.000180	0.280060	
726	1.000013	-0.000090	0.402405	0.000090	1.000013	0.742432	
727	1.000131	-0.000163	-0.230286	0.000163	1.000131	1.887421	
728	1.000183	0.000122	-0.074768	-0.000122	1.000183	1.333344	
729	1.000090	-0.000009	0.570496	0.000009	1.000090	1.293518	
730	1.000070	-0.000090	0.009216	0.000090	1.000070	1.062531	
731	1.000276	0.000105	-0.306824	-0.000105	1.000276	2.645660	
732	1.000022	-0.000031	-0.053406	0.000031	1.000022	1.368073	
733	1.000175	0.000017	-0.323883	-0.000017	1.000175	1.328461	
734	1.000145	0.000080	-0.225281	-0.000080	1.000145	1.417725	
735	0.999936	0.000052	-0.457458	-0.000052	0.999936	2.600128	
736	0.999947	0.000137	-0.311066	-0.000137	0.999947	0.995728	
737	1.000010	0.000102	-0.137817	-0.000102	1.000010	0.374084	
738	1.000019	0.000139	-0.234924	-0.000139	1.000019	-0.164703	
739	1.000265	-0.000131	-0.596191	0.000131	1.000265	-1.203339	
740	1.000175	0.000118	-0.316650	-0.000118	1.000175	-0.479340	
741	1.000035	0.000056	0.032715	-0.000056	1.000035	-0.762268	
742	0.999934	-0.000086	-0.106445	0.000086	0.999934	-0.972046	
743	1.000083	-0.000001	-1.303101	0.000001	1.000083	-1.948578	
744	1.000107	-0.000024	-0.814270	0.000024	1.000107	-1.002136	
745	1.000129	-0.000013	-0.915405	0.000013	1.000129	-0.837769	
746	1.000069	-0.000109	-1.407166	0.000109	1.000069	-0.894287	
747	0.999997	-0.000165	-4.326050	0.000165	0.999997	-0.628387	
748	1.000120	-0.000023	-2.925537	0.000023	1.000120	-0.376953	
749	1.000058	-0.000054	-2.756165	0.000054	1.000058	-0.547821	
750	1.000004	-0.000161	-2.977783	0.000161	1.000004	-0.689758	
751	1.000660	0.000019	-4.135651	-0.000019	1.000660	-0.581085	
752	0.999968	-0.000010	0.268127	0.000010	0.999968	0.889526	
753	0.999800	0.000075	-0.322144	-0.000075	0.999800	0.964264	
754	1.000172	-0.000078	-0.962036	0.000078	1.000172	0.508728	
755	0.999930	0.000292	-1.529449	-0.000292	0.999930	1.378754	
756	1.000030	0.000012	-0.984497	-0.000012	1.000030	-0.010071	
757	1.000271	0.000026	-1.149170	-0.000026	1.000271	-0.271484	
758	1.000265	0.000041	-1.253662	-0.000041	1.000265	-0.256012	
759	0.999841	-0.000163	-3.499115	0.000163	0.999841	-0.655487	
760	1.000006	-0.000104	-2.451416	0.000104	1.000006	-0.916534	
761	0.999967	-0.000175	-2.682434	0.000175	0.999967	-1.274139	
762	1.000096	-0.000092	-3.081909	0.000092	1.000096	-1.398376	
763	1.000096	-0.000122	-6.567902	0.000122	1.000096	-3.183716	
764	1.000080	-0.000070	-3.053101	0.000070	1.000080	-2.024689	
765	1.000130	-0.000084	-2.755585	0.000084	1.000130	-2.406433	
766	1.000218	-0.000062	-2.788269	0.000062	1.000218	-2.778870	
767	1.000172	-0.000350	-5.273987	0.000350	1.000172	-6.132477	
768	1.000211	-0.000130	-2.619019	0.000130	1.000211	-3.426941	
769	1.000129	-0.000046	-2.601196	0.000046	1.000129	-3.598694	
770	1.000096	0.000125	-2.435608	-0.000125	1.000096	-3.397919	
771	1.000438	-0.000237	-3.448425	0.000237	1.000438	-6.056793	
772	1.000138	-0.000192	-1.584167	0.000192	1.000138	-2.031921	
773	1.000131	-0.000099	-1.850342	0.000099	1.000131	-1.195068	
774	1.000111	-0.000156	-1.835205	0.000156	1.000111	-0.452576	
775	1.000119	0.000025	-3.128845	-0.000025	1.000119	0.582092	
776	1.000183	0.000090	-0.686646	-0.000090	1.000183	0.508545	
777	1.000160	0.000098	-0.044983	-0.000098	1.000160	0.811615	
778	1.000124	-0.000298	0.706909	0.000298	1.000124	1.882507	
779	0.999783	0.000041	0.463257	-0.000041	0.999783	5.429199	
780	0.999808	0.000059	0.248474	-0.000059	0.999808	2.732239	
781	1.000075	0.000087	0.308716	-0.000087	1.000075	2.470947	
782	1.000135	0.000022	0.240967	-0.000022	1.000135	3.140381	
783	1.000008	-0.000071	1.190552	0.000071	1.000008	8.391968	
784	0.999877	0.000013	0.898560	-0.000013	0.999877	5.057465	
785	0.999826	-0.000103	0.678528	0.000103	0.999826	5.233215	
786	0.999830	-0.000200	0.501831	0.000200	0.999830	5.256531	
787	0.999626	0.000383	-0.034149	-0.000383	0.999626	10.268921	
788	0.999497	-0.000052	0.425293	0.000052	0.999497	3.487457	
789	0.999568	0.000121	0.198242	-0.000121	0.999568	2.247253	
790	0.999805	0.000201	0.093384	-0.000201	0.999805	0.814789	
791	0.999848	-0.000107	0.852600	0.000107	0.999848	-0.847321	
792	0.999901	-0.000143	0.428894	0.000143	0.999901	-0.500916	
793	0.999965	-0.000119	0.141846	0.000119	0.999965	-0.416504	
794	0.999955	0.000090	-0.095764	-0.000090	0.999955	-0.864014	
795	1.000225	-0.000136	-0.476318	0.000136	1.000225	-3.014679	
796	1.000018	0.000225	0.042297	-0.000225	1.000018	-1.413727	
797	1.000162	-0.000184	0.166016	0.000184	1.000162	-2.046692	
798	1.000091	-0.000154	-0.020142	0.000154	1.000091	-1.343536	
799	1.000232	-0.000103	-0.002686	0.000103	1.000232	-1.041321	
800	0.999941	0.000027	0.785339	-0.000027	0.999941	0.114655	
801	0.999794	0.000094	1.338379	-0.000094	0.999794	0.287201	
802	0.999875	-0.000070	1.348267	0.000070	0.999875	-0.031219	
803	0.999696	0.000069	2.245850	-0.000069	0.999696	-0.608795	
804	0.999962	-0.000080	1.351624	0.000080	0.999962	-0.403656	
805	0.999902	0.000133	2.138184	-0.000133	0.999902	-0.595947	
806	0.999592	-0.000084	2.441956	0.000084	0.999592	-0.794769	
807	0.999530	-0.000146	0.883789	0.000146	0.999530	-2.419678	
808	1.000025	0.000095	-0.488525	-0.000095	1.000025	-1.064453	
809	1.000003	-0.000036	-0.233215	0.000036	1.000003	-1.329071	
810	1.000100	0.000007	-0.189148	-0.000007	1.000100	-1.316772	
811	1.000099	0.000028	-0.266602	-0.000028	1.000099	-3.002747	
812	1.000168	-0.000047	0.042175	0.000047	1.000168	-1.552521	
813	0.999943	-0.000097	0.397583	0.000097	0.999943	-1.611359	
814	1.000028	-0.000013	-0.084290	0.000013	1.000028	-1.742249	
815	1.000241	-0.000061	-0.072998	0.000061	1.000241	-3.164642	
816	1.000161	0.000063	-0.179626	-0.000063	1.000161	-1.472168	
817	1.000055	-0.000106	-0.007935	0.000106	1.000055	-1.493591	
818	1.000048	-0.000004	-0.063599	0.000004	1.000048	-1.654388	
819	1.000263	-0.000099	0.292114	0.000099	1.000263	-3.166901	
820	0.999864	-0.000079	0.509094	0.000079	0.999864	-0.971954	
821	0.999481	-0.000052	0.331421	0.000052	0.999481	-0.650635	
822	0.999124	-0.000034	0.446716	0.000034	0.999124	-0.380981	
823	0.998025	0.000012	0.811493	-0.000012	0.998025	-0.897339	
824	0.998594	0.000010	0.703979	-0.000010	0.998594	-0.149780	
825	0.996800	-0.000028	2.050842	0.000028	0.996800	0.715668	
826	0.993911	0.000038	3.572510	-0.000038	0.993911	1.899933	
827	0.970449	-0.000050	19.170898	0.000050	0.970449	12.256226	
828	0.980465	-0.000114	12.433655	0.000114	0.980465	8.888885	
829	0.978019	-0.000000	13.415375	0.000000	0.978019	10.591248	
830	0.981815	0.000078	12.041931	-0.000078	0.981815	9.721985	
831	0.982957	-0.000003	10.928711	0.000003	0.982957	11.665695	
832	0.996967	0.000134	1.792267	-0.000134	0.996967	2.984497	
833	0.998837	0.000131	0.960693	-0.000131	0.998837	0.917755	
834	0.999870	-0.000062	0.096924	0.000062	0.999870	-0.304382	
835	1.000173	0.000028	-0.674011	-0.000028	1.000173	-1.231262	
836	0.999935	-0.000086	-1.012665	0.000086	0.999935	-0.986221	
837	1.000073	-0.000190	-2.056824	0.000190	1.000073	-1.839645	
838	1.000151	-0.000061	-2.833069	0.000061	1.000151	-2.680145	
839	1.000708	-0.000364	-7.302887	0.000364	1.000708	-5.717178	
840	1.000483	-0.000280	-4.070404	0.000280	1.000483	-2.736984	
841	1.000362	-0.000173	-3.460388	0.000173	1.000362	-1.799622	
842	1.000231	-0.000129	-3.058655	0.000129	1.000231	-1.565872	
843	1.000443	-0.000194	-6.915985	0.000194	1.000443	-3.617477	
844	1.000399	0.000017	-3.123260	-0.000017	1.000399	-1.882645	
845	1.000367	-0.000050	-2.074219	0.000050	1.000367	-1.469589	
846	1.000167	-0.000002	-1.662109	0.000002	1.000167	-1.260223	
847	0.999687	-0.000282	-3.551514	0.000282	0.999687	-2.451645	
848	0.998891	-0.000208	-1.728546	0.000208	0.998891	-0.836258	
849	0.998719	-0.000175	-1.835663	0.000175	0.998719	-1.004257	
850	0.996979	-0.000065	-0.847839	0.000065	0.996979	-0.473007	
851	0.981548	0.000256	7.836029	-0.000256	0.981548	4.235291	
852	0.988474	0.000179	5.282532	-0.000179	0.988474	3.069992	
853	0.979567	0.000331	10.891052	-0.000331	0.979567	6.807648	
854	0.976873	-0.000035	12.542023	0.000035	0.976873	7.999374	
855	0.958447	-0.000227	21.693298	0.000227	0.958447	14.725708	
856	0.982384	-0.000175	8.475830	0.000175	0.982384	6.372787	
857	0.981834	0.000001	8.328552	-0.000001	0.981834	6.774277	
858	0.978364	-0.000164	10.006256	0.000164	0.978364	8.118942	
859	0.973932	-0.000313	8.308441	0.000313	0.973932	9.653824	
860	0.988432	-0.000119	2.834015	0.000119	0.988432	4.272064	
861	0.987840	-0.000171	3.506500	0.000171	0.987840	4.338058	
862	0.992249	-0.000213	1.042297	0.000213	0.992249	2.544373	
863	0.987634	-0.000026	2.142151	0.000026	0.987634	3.979126	
864	0.993756	-0.000087	1.822449	0.000087	0.993756	1.763489	
865	0.992797	0.000007	2.544830	-0.000007	0.992797	2.031662	
866	0.991681	-0.000085	3.334595	0.000085	0.991681	2.339462	
867	0.985916	-0.000210	5.574280	0.000210	0.985916	4.001160	
868	0.993743	-0.000004	2.316010	0.000004	0.993743	1.637268	
869	0.995131	-0.000074	1.571106	0.000074	0.995131	1.159424	
870	0.996732	-0.000153	0.553986	0.000153	0.996732	0.563248	
871	0.993672	-0.000107	1.157288	0.000107	0.993672	1.215271	
872	0.996850	-0.000042	0.796875	0.000042	0.996850	0.785553	
873	0.998309	-0.000003	-0.041656	0.000003	0.998309	0.247421	
874	0.999299	-0.000127	-0.593079	0.000127	0.999299	-0.144684	
875	0.998147	-0.000189	-1.048676	0.000189	0.998147	-0.327484	
876	1.000015	-0.000095	-0.839264	0.000095	1.000015	-0.777039	
877	0.999975	0.000019	-0.644592	-0.000019	0.999975	-0.750443	
878	1.000141	-0.000007	-0.108459	0.000007	1.000141	-0.760132	
879	1.000013	-0.000040	0.067017	0.000040	1.000013	-1.107620	
880	1.000052	0.000010	-0.057739	-0.000010	1.000052	-0.588577	
881	1.000030	0.000002	0.024719	-0.000002	1.000030	-0.444214	
882	1.000054	-0.000067	0.025238	0.000067	1.000054	-0.396255	
883	1.000270	-0.000051	-0.633850	0.000051	1.000270	-0.601135	
884	1.000086	0.000044	-0.313477	-0.000044	1.000086	-0.200943	
885	1.000106	0.000025	-0.289764	-0.000025	1.000106	-0.266937	
886	1.000078	0.000009	-0.346313	-0.000009	1.000078	-0.156235	
887	0.999894	-0.000072	-0.996155	0.000072	0.999894	-0.265488	
888	0.999746	0.000153	-0.606873	-0.000153	0.999746	0.054520	
889	0.999433	-0.000162	-0.431091	0.000162	0.999433	0.102448	
890	0.998340	0.000050	0.153534	-0.000050	0.998340	0.574387	
891	0.997011	-0.000175	-0.573669	0.000175	0.997011	1.002731	
892	0.999284	-0.000257	-1.237732	0.000257	0.999284	0.074249	
893	0.999248	-0.000098	-1.615723	0.000098	0.999248	0.090057	
894	0.999703	-0.000152	-2.235229	0.000152	0.999703	-0.091782	
895	0.999635	-0.000536	-3.786957	0.000536	0.999635	-0.316757	
896	0.999765	-0.000062	-1.724915	0.000062	0.999765	-0.011002	
897	0.999599	-0.000050	-1.513275	0.000050	0.999599	0.044632	
898	0.999632	-0.000078	-1.413086	0.000078	0.999632	0.007950	
899	0.998715	-0.000214	-2.346954	0.000214	0.998715	0.163269	
900	0.998652	-0.000064	-0.670258	0.000064	0.998652	0.399567	
901	0.997679	-0.000065	-0.091278	0.000065	0.997679	0.775650	
902	0.998079	-0.000041	-0.359283	0.000041	0.998079	0.602737	
903	0.995607	-0.000172	-0.192444	0.000172	0.995607	1.366028	
904	0.999119	-0.000193	-0.789246	0.000193	0.999119	0.178635	
905	0.999516	-0.000039	-1.052551	0.000039	0.999516	0.083527	
906	0.999293	-0.000220	-0.892639	0.000220	0.999293	0.009491	
907	1.000067	-0.000178	-2.567444	0.000178	1.000067	-0.420944	
908	1.000139	-0.000035	-0.965881	0.000035	1.000139	-0.107239	
909	1.000069	-0.000116	-0.745087	0.000116	1.000069	-0.318710	
910	1.000162	-0.000152	-0.804535	0.000152	1.000162	-0.359787	
911	1.000388	-0.000078	-2.091156	0.000078	1.000388	-0.570801	
912	1.000148	-0.000172	-1.085205	0.000172	1.000148	-0.329803	
913	1.000117	0.000022	-1.143768	-0.000022	1.000117	-0.263016	
914	1.000185	0.000005	-1.198975	-0.000005	1.000185	-0.346802	
915	1.000261	-0.000125	-1.859375	0.000125	1.000261	-0.671219	
916	1.000034	-0.000079	-0.869965	0.000079	1.000034	-0.360001	
917	1.000131	-0.000088	-0.564941	0.000088	1.000131	-0.350479	
918	1.000043	-0.000076	-0.569183	0.000076	1.000043	-0.334229	
919	1.000098	-0.000022	-0.813538	0.000022	1.000098	-0.615601	
920	1.000124	-0.000000	-0.312469	0.000000	1.000124	-0.348846	
921	1.000041	-0.000141	-0.004333	0.000141	1.000041	-0.417725	
922	1.000130	0.000117	-0.026794	-0.000117	1.000130	-0.271332	
923	1.000072	0.000023	-0.095520	-0.000023	1.000072	-0.420624	
924	0.999976	-0.000025	0.106720	0.000025	0.999976	-0.201630	
925	1.000043	0.000016	0.054962	-0.000016	1.000043	-0.152237	
926	1.000035	0.000081	-0.033478	-0.000081	1.000035	-0.188217	
927	0.999896	0.000027	0.060303	-0.000027	0.999896	-0.149612	
928	1.000007	0.000082	0.046234	-0.000082	1.000007	-0.180542	
929	1.000001	-0.000005	0.006744	0.000005	1.000001	-0.032059	
930	0.999984	0.000005	0.011536	-0.000005	0.999984	-0.094955	
931	0.999912	-0.000028	0.228516	0.000028	0.999912	-0.115875	
932	1.000002	0.000026	-0.072601	-0.000026	1.000002	-0.094864	
933	0.999989	0.000034	0.000244	-0.000034	0.999989	-0.072357	
934	1.000001	0.000183	0.178406	-0.000183	1.000001	0.058167	
935	1.000035	0.000009	-0.054901	-0.000009	1.000035	-0.188095	
936	0.999992	0.000066	0.011383	-0.000066	0.999992	0.017548	
937	0.999961	0.000063	-0.002167	-0.000063	0.999961	-0.010712	
938	1.000011	0.000006	-0.011505	-0.000006	1.000011	-0.152969	
939	1.000020	0.000037	-0.038269	-0.000037	1.000020	-0.170456	
940	1.000088	0.000039	-0.059967	-0.000039	1.000088	-0.194427	
941	1.000044	-0.000011	0.041687	0.000011	1.000044	-0.156067	
942	0.999976	0.000046	0.106293	-0.000046	0.999976	-0.120056	
943	1.000100	-0.000040	-0.080505	0.000040	1.000100	-0.409576	
944	0.999995	-0.000052	0.058350	0.000052	0.999995	-0.190170	
945	1.000078	0.000004	-0.024506	-0.000004	1.000078	-0.330200	
946	0.999939	-0.000066	0.036621	0.000066	0.999939	-0.125687	
947	0.999989	0.000020	0.020630	-0.000020	0.999989	-0.181534	
948	0.999999	0.000039	0.003662	-0.000039	0.999999	0.013519	
949	1.000028	-0.000016	-0.002136	0.000016	1.000028	-0.049454	
950	1.000018	-0.000002	0.006500	0.000002	1.000018	-0.151566	
951	0.999994	-0.000071	0.047211	0.000071	0.999994	-0.155777	
952	1.000032	0.000031	0.044373	-0.000031	1.000032	-0.020340	
953	0.999939	-0.000052	0.090485	0.000052	0.999939	-0.043304	
954	0.999964	-0.000027	0.031525	0.000027	0.999964	-0.071457	
955	1.000041	-0.000023	-0.035248	0.000023	1.000041	-0.171967	
956	0.999998	-0.000041	-0.003113	0.000041	0.999998	-0.083130	
957	0.999997	0.000015	-0.017090	-0.000015	0.999997	-0.000687	
958	1.000037	0.000008	-0.010834	-0.000008	1.000037	-0.030396	
959	0.999966	0.000017	0.585297	-0.000017	0.999966	-0.009155	
960	0.999874	0.000002	0.322845	-0.000002	0.999874	0.021927	
961	0.999912	0.000038	0.388397	-0.000038	0.999912	0.013626	
962	0.999899	0.000008	0.519958	-0.000008	0.999899	0.028275	
963	0.999900	0.000080	0.727966	-0.000080	0.999900	0.136688	
964	0.999854	0.000093	0.762390	-0.000093	0.999854	0.156418	
965	0.999878	0.000059	1.032104	-0.000059	0.999878	0.068878	
966	0.999985	-0.000009	1.226257	0.000009	0.999985	0.021042	
967	1.006192	0.000129	-1.093994	-0.000129	1.006192	-2.483978	
968	1.002141	0.000079	0.026642	-0.000079	1.002141	-0.734375	
969	1.002452	0.000067	-0.085815	-0.000067	1.002452	-0.757263	
970	1.002162	0.000168	0.060822	-0.000168	1.002162	-0.624802	
971	1.006297	0.000067	-1.122253	-0.000067	1.006297	-1.879578	
972	1.003856	0.000102	-0.805542	-0.000102	1.003856	-1.233566	
973	1.004437	0.000038	-1.215942	-0.000038	1.004437	-1.368210	
974	1.004787	-0.000023	-1.361206	0.000023	1.004787	-1.474167	
975	1.008923	0.000179	-1.797394	-0.000179	1.008923	-2.757767	
976	1.003871	0.000124	-0.255615	-0.000124	1.003871	-1.039108	
977	1.003655	0.000096	-0.205505	-0.000096	1.003655	-0.998398	
978	1.005484	0.000042	-1.493286	-0.000042	1.005484	-1.769089	
979	1.010043	0.000174	-2.297119	-0.000174	1.010043	-3.014999	
980	1.006053	0.000040	-1.704346	-0.000040	1.006053	-1.841858	
981	1.006031	0.000078	-1.397461	-0.000078	1.006031	-1.788025	
982	1.007151	0.000206	-1.973328	-0.000206	1.007151	-2.176132	
983	1.013404	0.000179	-3.703949	-0.000179	1.013404	-3.668579	
984	1.005323	0.000063	-1.055206	-0.000063	1.005323	-1.363876	
985	1.005842	0.000192	-1.230713	-0.000192	1.005842	-1.426773	
986	1.006615	0.000170	-1.656281	-0.000170	1.006615	-1.738998	
987	1.014619	0.000176	-3.522522	-0.000176	1.014619	-3.820465	
988	1.004496	0.000248	-0.155945	-0.000248	1.004496	-0.643372	
989	1.004351	0.000093	-0.167999	-0.000093	1.004351	-0.544846	
990	1.006595	0.000164	-1.294006	-0.000164	1.006595	-1.515350	
991	1.007416	0.000270	1.527588	-0.000270	1.007416	-0.996613	
992	1.004481	0.000206	0.159454	-0.000206	1.004481	-0.741699	
993	1.005645	0.000096	-0.625244	-0.000096	1.005645	-1.211151	
994	1.006880	0.000132	-1.528564	-0.000132	1.006880	-1.686432	
995	1.011041	0.000197	-1.643005	-0.000197	1.011041	-2.399887	
996	1.008362	0.000122	-2.880737	-0.000122	1.008362	-2.503586	
997	1.006760	0.000153	-1.983917	-0.000153	1.006760	-2.088760	
998	1.007582	0.000052	-2.296295	-0.000052	1.007582	-2.438248	
999	1.011019	0.000231	-2.147278	-0.000231	1.011019	-3.568329	
1000	1.004852	-0.000104	-0.625427	0.000104	1.004852	-1.559875	
1001	1.005417	0.000107	-1.490448	-0.000107	1.005417	-1.855484	
1002	1.005652	-0.000039	-1.592010	0.000039	1.005652	-1.831604	
1003	1.017414	-0.000101	-8.096924	0.000101	1.017414	-6.266113	
1004	1.005729	0.000030	-2.264618	-0.000030	1.005729	-2.020462	
1005	1.007731	-0.000012	-3.817902	0.000012	1.007731	-2.694580	
1006	1.005608	0.000036	-2.753052	-0.000036	1.005608	-2.133087	
1007	1.014259	0.000154	-7.287354	-0.000154	1.014259	-5.091934	
1008	1.004841	0.000095	-1.681396	-0.000095	1.004841	-1.716904	
1009	1.007084	0.000074	-3.024261	-0.000074	1.007084	-2.452652	
1010	1.007565	0.000068	-3.112762	-0.000068	1.007565	-2.781982	
1011	1.010829	0.000014	-3.685516	-0.000014	1.010829	-4.137985	
1012	1.004550	-0.000025	-1.374939	0.000025	1.004550	-1.680695	
1013	1.004063	-0.000001	-0.880676	0.000001	1.004063	-1.506485	
1014	1.005983	-0.000112	-2.064117	0.000112	1.005983	-2.293579	
1015	1.008851	0.000101	-2.143860	-0.000101	1.008851	-3.228394	
1016	1.003729	0.000052	-0.776733	-0.000052	1.003729	-1.277130	
1017	1.006144	-0.000025	-1.984100	0.000025	1.006144	-2.258484	
1018	1.007112	0.000014	-2.387756	-0.000014	1.007112	-2.849976	
1019	1.008153	0.000055	-2.092438	-0.000055	1.008153	-2.832352	
1020	1.003937	-0.000075	-1.365784	0.000075	1.003937	-1.519318	
1021	1.003878	-0.000022	-1.063599	0.000022	1.003878	-1.412903	
1022	1.004516	-0.000168	-1.474854	0.000168	1.004516	-1.633942	
1023	1.012800	0.000064	-5.118011	-0.000064	1.012800	-4.595703	
1024	1.009256	-0.000003	-4.446930	0.000003	1.009256	-3.612000	
1025	1.004320	-0.000145	-0.941864	0.000145	1.004320	-1.705017	
1026	1.004509	0.000132	-0.841644	-0.000132	1.004509	-1.536560	
1027	1.008308	0.000185	-0.386108	-0.000185	1.008308	-2.942780	
1028	1.005033	0.000032	-0.243164	-0.000032	1.005033	-1.776917	
1029	1.008191	0.000060	-1.975281	-0.000060	1.008191	-3.039764	
1030	1.005185	0.000164	0.024902	-0.000164	1.005185	-1.842896	
1031	1.011787	0.000122	-0.282135	-0.000122	1.011787	-4.280487	
1032	1.004252	0.000041	1.102600	-0.000041	1.004252	-1.613815	
1033	1.005315	0.000195	0.556915	-0.000195	1.005315	-1.882568	
1034	1.005413	0.000093	0.515198	-0.000093	1.005413	-2.072113	
1035	1.014812	0.000147	-1.400391	-0.000147	1.014812	-5.729919	
1036	1.005358	0.000012	0.651062	-0.000012	1.005358	-1.989777	
1037	1.006456	0.000023	0.226898	-0.000023	1.006456	-2.679230	
1038	1.005828	0.000178	0.925842	-0.000178	1.005828	-2.168610	
1039	1.007315	0.000252	5.182220	-0.000252	1.007315	-2.909058	
1040	1.002689	0.000117	3.729248	-0.000117	1.002689	-0.900330	
1041	1.002530	0.000101	4.031525	-0.000101	1.002530	-0.941864	
1042	1.003941	0.000070	3.263672	-0.000070	1.003941	-1.325943	
1043	1.005886	0.000385	6.596008	-0.000385	1.005886	-1.930557	
1044	1.002757	0.000093	3.586121	-0.000093	1.002757	-1.023453	
1045	1.002458	0.000148	3.869446	-0.000148	1.002458	-0.790283	
1046	1.003799	0.000046	2.601868	-0.000046	1.003799	-1.477142	
1047	1.003632	0.000273	6.544464	-0.000273	1.003632	-1.416183	
1048	0.999934	-0.000026	3.506531	0.000026	0.999934	0.023422	
1049	0.999591	-0.000011	1.902161	0.000011	0.999591	0.143982	
1050	0.999924	-0.000098	0.099243	0.000098	0.999924	-0.278580	
1051	0.998227	-0.000080	-1.058868	0.000080	0.998227	0.849548	
1052	0.996917	-0.000200	-1.138367	0.000200	0.996917	1.100739	
1053	0.995338	-0.000209	-1.410431	0.000209	0.995338	1.504623	
1054	0.995464	-0.000150	-2.814667	0.000150	0.995464	1.606125	
1055	0.985592	-0.000407	-2.833710	0.000407	0.985592	5.428757	
1056	0.995294	-0.000099	-2.425293	0.000099	0.995294	1.664459	
1057	0.995543	-0.000097	-2.417542	0.000097	0.995543	1.764099	
1058	0.996700	-0.000152	-3.187439	0.000152	0.996700	1.018097	
1059	0.999615	-0.000166	-9.067017	0.000166	0.999615	-0.124237	
1060	1.000117	-0.000021	-3.366699	0.000021	1.000117	-0.127808	
1061	1.000182	-0.000088	-2.973450	0.000088	1.000182	-0.135422	
1062	1.000135	-0.000170	-2.632599	0.000170	1.000135	-0.190598	
1063	1.000334	-0.000114	-4.362915	0.000114	1.000334	-0.359879	
1064	1.000219	-0.000006	-1.746216	0.000006	1.000219	-0.326752	
1065	1.000335	0.000210	-1.413757	-0.000210	1.000335	-0.100677	
1066	1.000215	0.000007	-0.965515	-0.000007	1.000215	-0.131592	
1067	1.000113	-0.000021	-1.661438	0.000021	1.000113	-0.316772	
1068	1.000171	-0.000003	-0.984192	0.000003	1.000171	-0.021942	
1069	0.999988	-0.000099	-1.279724	0.000099	0.999988	-0.155212	
1070	1.000029	-0.000055	-1.675903	0.000055	1.000029	-0.142670	
1071	1.000186	-0.000113	-2.801392	0.000113	1.000186	-0.368500	
1072	1.000039	0.000186	-0.697388	-0.000186	1.000039	-0.288055	
1073	1.000162	-0.000037	-0.596069	0.000037	1.000162	-0.480469	
1074	0.999972	0.000062	-0.092773	-0.000062	0.999972	-0.428589	
1075	1.000042	-0.000114	0.259277	0.000114	1.000042	-1.246246	
1076	1.000034	0.000104	0.141479	-0.000104	1.000034	-0.600525	
1077	0.999906	-0.000071	0.181030	0.000071	0.999906	-0.602783	
1078	1.000107	-0.000132	-0.061890	0.000132	1.000107	-0.725922	
1079	1.000027	0.000061	0.197266	-0.000061	1.000027	-1.027435	
1080	1.000011	-0.000095	0.035522	0.000095	1.000011	-0.657715	
1081	1.000062	-0.000088	-0.016785	0.000088	1.000062	-0.543854	
1082	0.999954	-0.000045	0.267090	0.000045	0.999954	-0.639221	
1083	1.000151	0.000016	-0.232483	-0.000016	1.000151	-1.396454	
1084	1.000011	-0.000102	0.029358	0.000102	1.000011	-0.822815	
1085	0.999986	-0.000010	-0.002686	0.000010	0.999986	-0.761627	
1086	1.000044	0.000033	-0.117676	-0.000033	1.000044	-1.070404	
1087	0.999982	-0.000137	0.378967	0.000137	0.999982	-2.656754	
1088	1.000106	-0.000049	-0.136353	0.000049	1.000106	-1.502411	
1089	1.000172	0.000059	-0.225952	-0.000059	1.000172	-1.407410	
1090	1.000049	-0.000057	0.007751	0.000057	1.000049	-1.564758	
1091	1.000051	0.000014	0.328857	-0.000014	1.000051	-3.754715	
1092	1.000106	-0.000034	-0.206421	0.000034	1.000106	-2.064041	
1093	1.000210	-0.000067	-0.010132	0.000067	1.000210	-2.275330	
1094	1.000032	-0.000085	0.090393	0.000085	1.000032	-1.968033	
1095	1.000365	-0.000108	-0.046387	0.000108	1.000365	-3.840073	
1096	0.999985	0.000115	0.301514	-0.000115	0.999985	-1.425217	
1097	1.000046	-0.000147	0.426880	0.000147	1.000046	-1.406921	
1098	0.999087	-0.000159	1.111145	0.000159	0.999087	-0.933838	
1099	0.985988	0.000069	10.079651	-0.000069	0.985988	3.003845	
1100	0.997622	-0.000061	2.394165	0.000061	0.997622	-0.058640	
1101	0.999479	0.000000	0.864929	-0.000000	0.999479	-0.761642	
1102	0.999838	-0.000160	0.376953	0.000160	0.999838	-0.813538	
1103	1.000086	0.000010	0.482788	-0.000010	1.000086	-1.565536	
1104	0.999996	-0.000166	0.190125	0.000166	0.999996	-0.821289	
1105	1.000098	-0.000024	0.210571	0.000024	1.000098	-0.851120	
1106	0.999944	-0.000031	0.301453	0.000031	0.999944	-0.888367	
1107	1.000053	-0.000067	-0.029724	0.000067	1.000053	-1.608200	
1108	1.000001	0.000038	-0.037170	-0.000038	1.000001	-0.836685	
1109	0.999957	0.000033	-0.008484	-0.000033	0.999957	-0.876938	
1110	1.000113	-0.000083	-0.045715	0.000083	1.000113	-0.938049	
1111	1.000211	0.000107	-0.297424	-0.000107	1.000211	-1.465775	
1112	0.999987	-0.000074	0.094604	0.000074	0.999987	-0.777924	
1113	1.000072	0.000068	-0.048523	-0.000068	1.000072	-0.684021	
1114	1.000066	-0.000077	-0.022156	0.000077	1.000066	-0.738815	
1115	1.000021	-0.000077	-0.092529	0.000077	1.000021	-1.247742	
1116	1.000046	-0.000114	-0.075562	0.000114	1.000046	-0.781281	
1117	0.999985	-0.000020	-0.127136	0.000020	0.999985	-0.762619	
1118	1.000129	0.000003	-0.289185	-0.000003	1.000129	-0.685486	
1119	1.000041	-0.000226	0.288086	0.000226	1.000041	-1.129791	
1120	1.000014	0.000121	-0.035278	-0.000121	1.000014	-0.537323	
1121	1.000096	-0.000002	-0.221252	0.000002	1.000096	-0.612488	
1122	0.999984	0.000033	-0.001526	-0.000033	0.999984	-0.535034	
1123	1.000069	-0.000183	-0.022400	0.000183	1.000069	-1.230438	
1124	1.000114	-0.000072	-0.138428	0.000072	1.000114	-0.578461	
1125	1.000102	0.000034	-0.169128	-0.000034	1.000102	-0.599884	
1126	1.000088	-0.000258	0.057861	0.000258	1.000088	-0.651917	
1127	0.999996	0.000137	-0.372925	-0.000137	0.999996	-0.909500	
1128	1.000136	-0.000062	0.003662	0.000062	1.000136	-0.543793	
1129	0.999946	0.000014	0.267212	-0.000014	0.999946	-0.333618	
1130	0.999919	-0.000115	-0.089722	0.000115	0.999919	-0.570923	
1131	1.000070	0.000050	0.046204	-0.000050	1.000070	-0.577515	
1132	0.999961	0.000071	0.050415	-0.000071	0.999961	-0.283813	
1133	0.999988	-0.000107	-0.023560	0.000107	0.999988	-0.288391	
1134	1.000007	0.000036	0.070068	-0.000036	1.000007	-0.194763	
1135	1.000061	-0.000082	-0.004028	0.000082	1.000061	-0.624939	
1136	1.000111	0.000039	-0.089905	-0.000039	1.000111	-0.267670	
1137	1.000081	-0.000131	-0.057068	0.000131	1.000081	-0.354980	
1138	1.000074	-0.000143	-0.057251	0.000143	1.000074	-0.369629	
1139	1.000100	-0.000088	-0.024597	0.000088	1.000100	-0.541229	
1140	1.000036	-0.000102	0.244202	0.000102	1.000036	-0.347748	
1141	1.000072	0.000071	-0.294067	-0.000071	1.000072	-0.284317	
1142	1.000122	0.000082	-0.252563	-0.000082	1.000122	-0.267380	
1143	0.999902	-0.000156	0.468018	0.000156	0.999902	-0.754044	
1144	1.000106	0.000008	-0.203735	-0.000008	1.000106	-0.471176	
1145	1.000098	0.000005	-0.274170	-0.000005	1.000098	-0.337311	
1146	1.000033	0.000087	-0.382996	-0.000087	1.000033	-0.283188	
1147	1.000162	0.000011	-0.357605	-0.000011	1.000162	-0.821503	
1148	1.000000	-0.000004	0.013916	0.000004	1.000000	-0.498505	
1149	1.000033	0.000153	0.039185	-0.000153	1.000033	-0.341095	
1150	0.999825	-0.000185	0.425659	0.000185	0.999825	-0.675888	
1151	1.000080	-0.000058	-0.244568	0.000058	1.000080	-1.055679	
1152	1.000168	0.000026	-0.119995	-0.000026	1.000168	-0.469406	
1153	0.999944	-0.000110	0.350464	0.000110	0.999944	-0.223297	
1154	1.000019	-0.000012	0.000793	0.000012	1.000019	-0.029083	
1155	0.999947	-0.000009	0.619446	0.000009	0.999947	0.056137	
1156	0.999950	-0.000180	0.368591	0.000180	0.999950	-0.075836	
1157	0.999958	-0.000080	0.382446	0.000080	0.999958	-0.029968	
1158	0.999954	-0.000139	0.289307	0.000139	0.999954	-0.045731	
1159	1.000000	0.000057	0.096985	-0.000057	1.000000	0.034683	
1160	0.999905	-0.000093	0.418579	0.000093	0.999905	-0.046829	
1161	1.000008	-0.000081	0.493591	0.000081	1.000008	-0.037415	
1162	0.999841	-0.000112	0.652710	0.000112	0.999841	0.247650	
1163	0.999798	-0.000071	0.606689	0.000071	0.999798	0.163803	
1164	1.000000	-0.000193	0.413940	0.000193	1.000000	-0.051697	
1165	0.999891	0.000041	0.606628	-0.000041	0.999891	0.237152	
1166	0.999983	-0.000119	0.869507	0.000119	0.999983	-0.061249	
1167	0.999866	-0.000150	2.193176	0.000150	0.999866	0.296631	
1168	0.999757	-0.000133	0.708740	0.000133	0.999757	0.404419	
1169	0.999896	0.000061	0.198975	-0.000061	0.999896	0.206757	
1170	1.000063	-0.000084	0.022644	0.000084	1.000063	0.211395	
1171	0.999828	-0.000150	0.348572	0.000150	0.999828	1.184982	
1172	1.000056	0.000016	0.058960	-0.000016	1.000056	0.793762	
1173	1.000030	0.000011	0.341736	-0.000011	1.000030	0.824432	
1174	0.999818	0.000022	0.664062	-0.000022	0.999818	1.162659	
1175	0.999995	-0.000005	2.468872	0.000005	0.999995	3.122269	
1176	0.999850	0.000104	1.605774	-0.000104	0.999850	1.767410	
1177	0.999892	-0.000181	1.374268	0.000181	0.999892	1.354218	
1178	0.999898	0.000056	1.269714	-0.000056	0.999898	1.406158	
1179	0.999860	0.000127	2.574585	-0.000127	0.999860	2.877380	
1180	0.999794	0.000068	1.769653	-0.000068	0.999794	1.499390	
1181	0.999756	-0.000106	1.449341	0.000106	0.999756	1.511246	
1182	0.999817	0.000101	1.183411	-0.000101	0.999817	1.586639	
1183	0.999801	0.000180	3.321106	-0.000180	0.999801	3.171722	
1184	1.000121	0.000043	1.963440	-0.000043	1.000121	1.871643	
1185	0.999976	0.000132	3.528381	-0.000132	0.999976	2.734543	
1186	0.999677	0.000103	4.454041	-0.000103	0.999677	3.186813	
1187	0.994107	0.000170	11.758606	-0.000170	0.994107	8.356903	
1188	0.996208	0.000240	6.219788	-0.000240	0.996208	4.674011	
1189	0.996310	0.000045	5.999878	-0.000045	0.996310	4.372650	
1190	0.994168	0.000100	7.670105	-0.000100	0.994168	5.354187	
1191	0.993565	0.000266	11.496155	-0.000266	0.993565	8.534714	
1192	0.996194	0.000057	5.373199	-0.000057	0.996194	4.249191	
1193	0.996736	0.000202	4.868591	-0.000202	0.996736	4.168488	
1194	0.998168	0.000027	4.080719	-0.000027	0.998168	3.409821	
1195	0.995780	0.000066	8.104614	-0.000066	0.995780	6.491669	
1196	0.998745	0.000100	3.276978	-0.000100	0.998745	3.018616	
1197	0.997147	-0.000034	4.009277	0.000034	0.997147	3.470367	
1198	0.997565	0.000078	3.675415	-0.000078	0.997565	3.283844	
1199	0.994078	0.000134	6.842102	-0.000134	0.994078	6.278687	
1200	0.995726	0.000290	3.931824	-0.000290	0.995726	4.016052	
1201	0.994446	0.000018	4.468475	-0.000018	0.994446	4.201202	
1202	0.988238	0.000039	8.608521	-0.000039	0.988238	8.494003	
