0	1.000000	0.000000	0.000000	0.000000	1.000000	0.000000	
1	1.000000	0.000000	0.000000	0.000000	1.000000	0.000000	
2	1.000000	0.000000	0.000000	0.000000	1.000000	0.000000	
3	1.000000	0.000000	0.000000	0.000000	1.000000	0.000000	
4	1.000000	0.000000	0.000000	0.000000	1.000000	0.000000	
5	1.007197	-0.001995	-8.281006	0.001995	1.007197	-6.635193	
6	1.007197	-0.001995	-8.281006	0.001995	1.007197	-6.635193	
7	1.005308	-0.003245	-5.600830	0.003245	1.005308	-6.069702	
8	1.001665	-0.000826	-2.048828	0.000826	1.001665	-1.972595	
9	1.001665	-0.000826	-2.048828	0.000826	1.001665	-1.972595	
10	1.003602	-0.004548	-3.002625	0.004548	1.003602	-7.676025	
11	1.003602	-0.004548	-3.002625	0.004548	1.003602	-7.676025	
12	0.999850	-0.000181	0.403015	0.000181	0.999850	-0.237671	
13	0.999850	-0.000181	0.403015	0.000181	0.999850	-0.237671	
14	0.999850	-0.000181	0.403015	0.000181	0.999850	-0.237671	
15	0.999850	-0.000181	0.403015	0.000181	0.999850	-0.237671	
16	0.999850	-0.000181	0.403015	0.000181	0.999850	-0.237671	
17	0.997738	-0.004484	2.093750	0.004484	0.997738	-3.151672	
18	1.008140	0.003453	-12.531433	-0.003453	1.008140	0.578552	
19	1.008140	0.003453	-12.531433	-0.003453	1.008140	0.578552	
20	1.008140	0.003453	-12.531433	-0.003453	1.008140	0.578552	
21	1.008140	0.003453	-12.531433	-0.003453	1.008140	0.578552	
22	1.008140	0.003453	-12.531433	-0.003453	1.008140	0.578552	
23	1.008140	0.003453	-12.531433	-0.003453	1.008140	0.578552	
24	1.008140	0.003453	-12.531433	-0.003453	1.008140	0.578552	
25	1.008140	0.003453	-12.531433	-0.003453	1.008140	0.578552	
26	1.008140	0.003453	-12.531433	-0.003453	1.008140	0.578552	
27	1.008140	0.003453	-12.531433	-0.003453	1.008140	0.578552	
28	1.008140	0.003453	-12.531433	-0.003453	1.008140	0.578552	
29	1.008140	0.003453	-12.531433	-0.003453	1.008140	0.578552	
30	1.008140	0.003453	-12.531433	-0.003453	1.008140	0.578552	
31	1.008140	0.003453	-12.531433	-0.003453	1.008140	0.578552	
32	1.008140	0.003453	-12.531433	-0.003453	1.008140	0.578552	
33	1.008140	0.003453	-12.531433	-0.003453	1.008140	0.578552	
34	0.998164	-0.010067	6.275818	0.010067	0.998164	-8.383545	
35	0.998164	-0.010067	6.275818	0.010067	0.998164	-8.383545	
36	0.998164	-0.010067	6.275818	0.010067	0.998164	-8.383545	
37	0.999734	0.000912	-0.768921	-0.000912	0.999734	0.937317	
38	1.002357	0.001077	-2.882263	-0.001077	1.002357	-1.380859	
39	1.002249	-0.003786	0.353760	0.003786	1.002249	-6.589661	
40	0.998059	0.000675	1.135193	-0.000675	0.998059	2.199768	
41	1.000298	0.000866	-1.144653	-0.000866	1.000298	0.529846	
42	1.003228	0.001367	-3.528564	-0.001367	1.003228	-1.268555	
43	1.000540	0.001300	-1.272034	-0.001300	1.000540	0.631104	
44	1.000540	0.001300	-1.272034	-0.001300	1.000540	0.631104	
45	1.000540	0.001300	-1.272034	-0.001300	1.000540	0.631104	
46	1.000540	0.001300	-1.272034	-0.001300	1.000540	0.631104	
47	1.000540	0.001300	-1.272034	-0.001300	1.000540	0.631104	
48	1.000540	0.001300	-1.272034	-0.001300	1.000540	0.631104	
49	1.000540	0.001300	-1.272034	-0.001300	1.000540	0.631104	
50	1.000540	0.001300	-1.272034	-0.001300	1.000540	0.631104	
51	1.000540	0.001300	-1.272034	-0.001300	1.000540	0.631104	
52	1.000540	0.001300	-1.272034	-0.001300	1.000540	0.631104	
53	1.000540	0.001300	-1.272034	-0.001300	1.000540	0.631104	
54	1.000540	0.001300	-1.272034	-0.001300	1.000540	0.631104	
55	1.000540	0.001300	-1.272034	-0.001300	1.000540	0.631104	
56	1.000540	0.001300	-1.272034	-0.001300	1.000540	0.631104	
57	1.000540	0.001300	-1.272034	-0.001300	1.000540	0.631104	
58	1.000540	0.001300	-1.272034	-0.001300	1.000540	0.631104	
59	1.000540	0.001300	-1.272034	-0.001300	1.000540	0.631104	
60	1.005660	-0.000753	-1.581482	0.000753	1.005660	-3.539429	
61	1.005660	-0.000753	-1.581482	0.000753	1.005660	-3.539429	
62	1.005660	-0.000753	-1.581482	0.000753	1.005660	-3.539429	
63	1.005660	-0.000753	-1.581482	0.000753	1.005660	-3.539429	
64	1.001763	0.001270	-0.926697	-0.001270	1.001763	0.085754	
65	1.001763	0.001270	-0.926697	-0.001270	1.001763	0.085754	
66	1.001763	0.001270	-0.926697	-0.001270	1.001763	0.085754	
67	1.001763	0.001270	-0.926697	-0.001270	1.001763	0.085754	
68	1.000364	-0.000167	-0.481323	0.000167	1.000364	-0.680359	
69	1.006759	-0.000632	-5.515076	0.000632	1.006759	-5.926941	
70	1.006759	-0.000632	-5.515076	0.000632	1.006759	-5.926941	
71	1.006759	-0.000632	-5.515076	0.000632	1.006759	-5.926941	
72	1.009663	0.002291	-9.346558	-0.002291	1.009663	-2.730286	
73	1.011705	0.002388	-11.392456	-0.002388	1.011705	-3.266846	
74	1.011705	0.002388	-11.392456	-0.002388	1.011705	-3.266846	
75	1.011705	0.002388	-11.392456	-0.002388	1.011705	-3.266846	
76	0.999694	-0.007302	5.984375	0.007302	0.999694	-7.664062	
77	1.001279	-0.000536	0.756348	0.000536	1.001279	-2.348999	
78	0.999194	0.000067	2.798523	-0.000067	0.999194	-0.443848	
79	0.999194	0.000067	2.798523	-0.000067	0.999194	-0.443848	
80	0.999194	0.000067	2.798523	-0.000067	0.999194	-0.443848	
81	0.999194	0.000067	2.798523	-0.000067	0.999194	-0.443848	
82	0.999194	0.000067	2.798523	-0.000067	0.999194	-0.443848	
83	0.999194	0.000067	2.798523	-0.000067	0.999194	-0.443848	
84	0.992306	0.001273	10.404724	-0.001273	0.992306	4.859924	
85	1.008280	0.004497	-9.351013	-0.004497	1.008280	-0.083618	
86	1.000801	0.004821	-2.003357	-0.004821	1.000801	3.410919	
87	1.000801	0.004821	-2.003357	-0.004821	1.000801	3.410919	
88	1.000801	0.004821	-2.003357	-0.004821	1.000801	3.410919	
89	1.000801	0.004821	-2.003357	-0.004821	1.000801	3.410919	
90	1.000801	0.004821	-2.003357	-0.004821	1.000801	3.410919	
91	1.000801	0.004821	-2.003357	-0.004821	1.000801	3.410919	
92	1.000801	0.004821	-2.003357	-0.004821	1.000801	3.410919	
93	1.000801	0.004821	-2.003357	-0.004821	1.000801	3.410919	
94	1.000801	0.004821	-2.003357	-0.004821	1.000801	3.410919	
95	1.000801	0.004821	-2.003357	-0.004821	1.000801	3.410919	
96	1.000801	0.004821	-2.003357	-0.004821	1.000801	3.410919	
97	1.000262	0.000094	-0.296570	-0.000094	1.000262	-0.064636	
98	0.999966	0.000637	-0.721985	-0.000637	0.999966	0.686768	
99	0.999966	0.000637	-0.721985	-0.000637	0.999966	0.686768	
100	0.999966	0.000637	-0.721985	-0.000637	0.999966	0.686768	
101	0.999345	0.001931	-1.531006	-0.001931	0.999345	2.643860	
102	1.002107	0.000975	-3.332581	-0.000975	1.002107	-0.397888	
103	1.002107	0.000975	-3.332581	-0.000975	1.002107	-0.397888	
104	1.001201	0.002228	-2.678223	-0.002228	1.001201	1.090698	
105	1.000521	0.000762	-1.302246	-0.000762	1.000521	0.235229	
106	0.997374	0.001951	-0.042419	-0.001951	0.997374	3.791565	
107	0.997374	0.001951	-0.042419	-0.001951	0.997374	3.791565	
108	1.012911	-0.013271	-6.445068	0.013271	1.012911	-21.248291	
109	1.000826	0.000107	-0.984009	-0.000107	1.000826	-0.840454	
110	1.003554	0.000687	-2.396851	-0.000687	1.003554	-2.007935	
111	1.003554	0.000687	-2.396851	-0.000687	1.003554	-2.007935	
112	1.003554	0.000687	-2.396851	-0.000687	1.003554	-2.007935	
113	1.003554	0.000687	-2.396851	-0.000687	1.003554	-2.007935	
114	1.003554	0.000687	-2.396851	-0.000687	1.003554	-2.007935	
115	1.003554	0.000687	-2.396851	-0.000687	1.003554	-2.007935	
116	1.003554	0.000687	-2.396851	-0.000687	1.003554	-2.007935	
117	1.003554	0.000687	-2.396851	-0.000687	1.003554	-2.007935	
118	1.003554	0.000687	-2.396851	-0.000687	1.003554	-2.007935	
119	1.003554	0.000687	-2.396851	-0.000687	1.003554	-2.007935	
120	1.003554	0.000687	-2.396851	-0.000687	1.003554	-2.007935	
121	1.003554	0.000687	-2.396851	-0.000687	1.003554	-2.007935	
122	1.003554	0.000687	-2.396851	-0.000687	1.003554	-2.007935	
123	1.003554	0.000687	-2.396851	-0.000687	1.003554	-2.007935	
124	1.003554	0.000687	-2.396851	-0.000687	1.003554	-2.007935	
125	1.003554	0.000687	-2.396851	-0.000687	1.003554	-2.007935	
126	1.003554	0.000687	-2.396851	-0.000687	1.003554	-2.007935	
127	1.003554	0.000687	-2.396851	-0.000687	1.003554	-2.007935	
128	1.003554	0.000687	-2.396851	-0.000687	1.003554	-2.007935	
129	1.003554	0.000687	-2.396851	-0.000687	1.003554	-2.007935	
130	1.003554	0.000687	-2.396851	-0.000687	1.003554	-2.007935	
131	1.003554	0.000687	-2.396851	-0.000687	1.003554	-2.007935	
132	1.003084	0.000189	-3.408203	-0.000189	1.003084	-2.735535	
133	1.002110	-0.000336	-1.138611	0.000336	1.002110	-2.508911	
134	0.999829	0.000260	-0.362610	-0.000260	0.999829	-0.039795	
135	0.999829	0.000260	-0.362610	-0.000260	0.999829	-0.039795	
136	1.001010	0.000512	-1.649353	-0.000512	1.001010	-0.890137	
137	1.007229	-0.003228	-5.066284	0.003228	1.007229	-6.865173	
138	1.007229	-0.003228	-5.066284	0.003228	1.007229	-6.865173	
139	1.007229	-0.003228	-5.066284	0.003228	1.007229	-6.865173	
140	1.013454	0.000322	-14.136719	-0.000322	1.013454	-5.363953	
141	1.013454	0.000322	-14.136719	-0.000322	1.013454	-5.363953	
142	1.010086	-0.003721	-6.473267	0.003721	1.010086	-7.388489	
143	1.010086	-0.003721	-6.473267	0.003721	1.010086	-7.388489	
144	1.010086	-0.003721	-6.473267	0.003721	1.010086	-7.388489	
145	1.010086	-0.003721	-6.473267	0.003721	1.010086	-7.388489	
146	1.010086	-0.003721	-6.473267	0.003721	1.010086	-7.388489	
147	1.010086	-0.003721	-6.473267	0.003721	1.010086	-7.388489	
148	1.019775	0.002987	-15.968018	-0.002987	1.019775	-8.567871	
149	1.019775	0.002987	-15.968018	-0.002987	1.019775	-8.567871	
150	1.019775	0.002987	-15.968018	-0.002987	1.019775	-8.567871	
151	1.019775	0.002987	-15.968018	-0.002987	1.019775	-8.567871	
152	1.019775	0.002987	-15.968018	-0.002987	1.019775	-8.567871	
153	1.005364	-0.004285	-2.993652	0.004285	1.005364	-4.094818	
154	1.005364	-0.004285	-2.993652	0.004285	1.005364	-4.094818	
155	1.005364	-0.004285	-2.993652	0.004285	1.005364	-4.094818	
156	1.005364	-0.004285	-2.993652	0.004285	1.005364	-4.094818	
157	1.005364	-0.004285	-2.993652	0.004285	1.005364	-4.094818	
158	1.005364	-0.004285	-2.993652	0.004285	1.005364	-4.094818	
159	1.005364	-0.004285	-2.993652	0.004285	1.005364	-4.094818	
160	1.005364	-0.004285	-2.993652	0.004285	1.005364	-4.094818	
161	1.005364	-0.004285	-2.993652	0.004285	1.005364	-4.094818	
162	1.000631	-0.000210	0.852051	0.000210	1.000631	-1.663513	
163	1.000631	-0.000210	0.852051	0.000210	1.000631	-1.663513	
164	1.000631	-0.000210	0.852051	0.000210	1.000631	-1.663513	
165	1.000631	-0.000210	0.852051	0.000210	1.000631	-1.663513	
166	1.001613	0.001638	-0.848022	-0.001638	1.001613	2.788818	
167	1.001613	0.001638	-0.848022	-0.001638	1.001613	2.788818	
168	1.014140	0.002046	-12.777161	-0.002046	1.014140	-6.575439	
169	1.000586	0.001349	0.958679	-0.001349	1.000586	-0.746826	
170	1.000264	0.000386	1.416077	-0.000386	1.000264	-1.474121	
171	1.000051	0.002263	3.243164	-0.002263	1.000051	-1.470703	
172	1.000208	-0.000573	3.003235	0.000573	1.000208	-2.449097	
173	1.000235	-0.000280	3.062500	0.000280	1.000235	-2.176392	
174	1.000480	-0.001724	3.876221	0.001724	1.000480	-4.418884	
175	1.000122	-0.000488	6.627747	0.000488	1.000122	-4.322510	
176	0.999909	-0.000366	3.712524	0.000366	0.999909	-1.788330	
177	1.000494	-0.000527	3.092651	0.000527	1.000494	-2.566528	
178	1.000280	0.000198	2.856140	-0.000198	1.000280	-1.075012	
179	1.001739	0.000192	4.813354	-0.000192	1.001739	-5.750183	
180	1.000249	0.000165	3.403931	-0.000165	1.000249	-2.185059	
181	0.999262	-0.000768	4.819092	0.000768	0.999262	-2.537170	
182	1.000211	0.001209	2.653198	-0.001209	1.000211	-0.891602	
183	0.999671	0.001678	5.878296	-0.001678	0.999671	-2.686279	
184	0.999683	0.000237	3.305420	-0.000237	0.999683	-1.410828	
185	0.999601	-0.000343	3.493530	0.000343	0.999601	-1.586182	
186	0.999995	0.000026	2.860840	-0.000026	0.999995	-1.674133	
187	1.001519	0.000875	2.566406	-0.000875	1.001519	-2.560730	
188	1.000980	-0.000455	2.242676	0.000455	1.000980	-4.656860	
189	0.999281	0.003122	1.803528	-0.003122	0.999281	-0.683838	
190	1.000456	0.001279	1.236816	-0.001279	1.000456	-1.011719	
191	1.000456	0.001279	1.236816	-0.001279	1.000456	-1.011719	
192	1.000456	0.001279	1.236816	-0.001279	1.000456	-1.011719	
193	1.000455	-0.000992	1.538696	0.000992	1.000455	-6.887573	
194	1.000474	0.000342	0.444946	-0.000342	1.000474	-4.750061	
195	1.000474	0.000342	0.444946	-0.000342	1.000474	-4.750061	
196	1.000481	0.000684	-0.119141	-0.000684	1.000481	-5.592163	
197	1.001716	0.002764	-4.268799	-0.002764	1.001716	-3.074951	
198	0.999731	0.000412	0.454041	-0.000412	0.999731	-6.464874	
199	0.999731	0.000412	0.454041	-0.000412	0.999731	-6.464874	
200	0.999731	0.000412	0.454041	-0.000412	0.999731	-6.464874	
201	0.999479	-0.000288	0.951538	0.000288	0.999479	-7.133331	
202	0.998845	0.000669	1.607056	-0.000669	0.998845	-6.469147	
203	0.998845	0.000669	1.607056	-0.000669	0.998845	-6.469147	
204	0.998900	0.003024	-0.763550	-0.003024	0.998900	-2.145996	
205	0.998504	-0.003189	2.296265	0.003189	0.998504	-7.984192	
206	1.015548	-0.000461	-16.042664	0.000461	1.015548	-10.315125	
207	0.997630	0.003039	0.160767	-0.003039	0.997630	-6.903534	
208	1.000335	0.000356	-1.862671	-0.000356	1.000335	-5.440704	
209	1.000178	-0.000055	-1.442261	0.000055	1.000178	-0.586853	
210	0.999492	-0.000447	-0.459839	0.000447	0.999492	-5.211945	
211	0.999492	-0.000447	-0.459839	0.000447	0.999492	-5.211945	
212	1.001176	0.002541	-3.611694	-0.002541	1.001176	-0.154419	
213	1.001191	0.002256	-3.205322	-0.002256	1.001191	0.095490	
214	1.001041	0.001989	-3.115479	-0.001989	1.001041	-0.512299	
215	0.999919	-0.000831	-1.624878	0.000831	0.999919	-1.214355	
216	1.000327	-0.001393	-0.867981	0.001393	1.000327	-2.702179	
217	1.000134	0.000627	-1.782593	-0.000627	1.000134	-0.167419	
218	1.000285	0.001112	-1.093506	-0.001112	1.000285	-1.436646	
219	1.000285	0.001112	-1.093506	-0.001112	1.000285	-1.436646	
220	1.000121	0.000117	-1.008545	-0.000117	1.000121	-0.691956	
221	1.000659	-0.000239	-1.987305	0.000239	1.000659	-1.721130	
222	1.000659	-0.000239	-1.987305	0.000239	1.000659	-1.721130	
223	1.000659	-0.000239	-1.987305	0.000239	1.000659	-1.721130	
224	0.999814	0.000031	-0.882935	-0.000031	0.999814	-0.076294	
225	1.000335	0.000144	-1.895874	-0.000144	1.000335	-0.131470	
226	0.999755	-0.000040	-0.533386	0.000040	0.999755	-0.263184	
227	1.001067	0.000472	-4.684937	-0.000472	1.001067	-0.805481	
228	0.999979	0.000146	-1.366699	-0.000146	0.999979	-0.043945	
229	0.999979	0.000146	-1.366699	-0.000146	0.999979	-0.043945	
230	0.999878	0.000115	-1.371643	-0.000115	0.999878	-0.131104	
231	0.999094	0.000229	-2.520020	-0.000229	0.999094	0.503601	
232	0.999600	-0.000114	-1.130127	0.000114	0.999600	-0.117493	
233	0.999090	0.000277	-0.875549	-0.000277	0.999090	0.513245	
234	0.998440	-0.000375	-0.189697	0.000375	0.998440	0.544983	
235	0.998440	-0.000375	-0.189697	0.000375	0.998440	0.544983	
236	0.999655	-0.000369	0.071289	0.000369	0.999655	-0.346191	
237	0.999655	-0.000369	0.071289	0.000369	0.999655	-0.346191	
238	0.999655	-0.000369	0.071289	0.000369	0.999655	-0.346191	
239	0.999655	-0.000369	0.071289	0.000369	0.999655	-0.346191	
240	0.999655	-0.000369	0.071289	0.000369	0.999655	-0.346191	
241	0.999655	-0.000369	0.071289	0.000369	0.999655	-0.346191	
242	0.999655	-0.000369	0.071289	0.000369	0.999655	-0.346191	
243	0.999655	-0.000369	0.071289	0.000369	0.999655	-0.346191	
244	1.000175	-0.001815	-1.317993	0.001815	1.000175	0.184479	
245	0.998900	-0.000112	-0.745728	0.000112	0.998900	0.905334	
246	0.998900	-0.000112	-0.745728	0.000112	0.998900	0.905334	
247	0.998900	-0.000112	-0.745728	0.000112	0.998900	0.905334	
248	0.998900	-0.000112	-0.745728	0.000112	0.998900	0.905334	
249	1.001073	0.001937	-3.334290	-0.001937	1.001073	1.291687	
250	1.001073	0.001937	-3.334290	-0.001937	1.001073	1.291687	
251	1.001073	0.001937	-3.334290	-0.001937	1.001073	1.291687	
252	1.001073	0.001937	-3.334290	-0.001937	1.001073	1.291687	
253	1.001073	0.001937	-3.334290	-0.001937	1.001073	1.291687	
254	1.001073	0.001937	-3.334290	-0.001937	1.001073	1.291687	
255	1.001073	0.001937	-3.334290	-0.001937	1.001073	1.291687	
256	0.999822	0.000889	0.016052	-0.000889	0.999822	4.315552	
257	0.998236	0.001929	0.948730	-0.001929	0.998236	3.257202	
258	1.000019	0.000872	-0.296509	-0.000872	1.000019	1.598450	
259	1.001922	-0.000166	-0.082642	0.000166	1.001922	-1.157043	
260	1.000292	0.000136	0.499634	-0.000136	1.000292	0.034058	
261	0.999828	0.000394	0.613159	-0.000394	0.999828	0.334778	
262	0.998524	0.001699	-0.028015	-0.001699	0.998524	1.586975	
263	0.998524	0.001699	-0.028015	-0.001699	0.998524	1.586975	
264	1.000120	0.000836	0.821777	-0.000836	1.000120	1.265930	
265	1.001241	0.000559	-0.229004	-0.000559	1.001241	0.273804	
266	1.001581	-0.000445	0.266846	0.000445	1.001581	-0.729706	
267	0.998032	-0.000110	6.160370	0.000110	0.998032	1.381775	
268	0.999003	0.000215	3.577087	-0.000215	0.999003	3.172241	
269	0.998450	-0.002212	5.575928	0.002212	0.998450	4.791412	
270	0.996880	-0.000057	5.071838	0.000057	0.996880	5.933899	
271	0.996880	-0.000057	5.071838	0.000057	0.996880	5.933899	
272	0.998276	0.000127	5.051697	-0.000127	0.998276	1.588562	
273	0.999053	0.000809	3.749634	-0.000809	0.999053	1.623230	
274	1.000477	-0.000432	3.984497	0.000432	1.000477	-0.829529	
275	1.000477	-0.000432	3.984497	0.000432	1.000477	-0.829529	
276	1.000477	-0.000432	3.984497	0.000432	1.000477	-0.829529	
277	0.997544	0.000006	6.187439	-0.000006	0.997544	1.840332	
278	0.997544	0.000006	6.187439	-0.000006	0.997544	1.840332	
279	0.997544	0.000006	6.187439	-0.000006	0.997544	1.840332	
280	0.998356	0.000145	4.843323	-0.000145	0.998356	1.121643	
281	1.021910	0.002621	-20.427734	-0.002621	1.021910	-9.737305	
282	0.997661	-0.000019	5.838623	0.000019	0.997661	1.399231	
283	0.997661	-0.000019	5.838623	0.000019	0.997661	1.399231	
284	0.997661	-0.000019	5.838623	0.000019	0.997661	1.399231	
285	0.997661	-0.000019	5.838623	0.000019	0.997661	1.399231	
286	0.997661	-0.000019	5.838623	0.000019	0.997661	1.399231	
287	0.997661	-0.000019	5.838623	0.000019	0.997661	1.399231	
288	0.997661	-0.000019	5.838623	0.000019	0.997661	1.399231	
289	0.997661	-0.000019	5.838623	0.000019	0.997661	1.399231	
290	0.997661	-0.000019	5.838623	0.000019	0.997661	1.399231	
291	0.997661	-0.000019	5.838623	0.000019	0.997661	1.399231	
292	0.996841	0.000662	6.459351	-0.000662	0.996841	1.401794	
293	0.995712	0.000680	8.002808	-0.000680	0.995712	2.790283	
294	0.997195	-0.000738	5.974548	0.000738	0.997195	0.505554	
295	0.995496	-0.000115	10.589722	0.000115	0.995496	-0.098450	
296	0.997177	0.000457	5.473145	-0.000457	0.997177	1.091553	
297	0.996844	0.005792	2.047363	-0.005792	0.996844	9.042358	
298	0.998457	0.004303	0.559204	-0.004303	0.998457	6.228088	
299	0.995657	0.001591	8.601196	-0.001591	0.995657	3.613831	
300	0.997236	-0.000138	4.933594	0.000138	0.997236	0.346985	
301	0.997894	0.000896	3.206055	-0.000896	0.997894	1.247864	
302	0.995477	-0.000786	5.650726	0.000786	0.995477	1.846069	
303	0.995477	-0.000786	5.650726	0.000786	0.995477	1.846069	
304	0.997633	0.000209	3.934814	-0.000209	0.997633	0.342651	
305	0.997899	-0.000072	3.692322	0.000072	0.997899	-0.116516	
306	0.998234	0.000104	3.509399	-0.000104	0.998234	0.044250	
307	0.994977	0.000470	8.427979	-0.000470	0.994977	1.321472	
308	0.997863	-0.000236	3.520447	0.000236	0.997863	-0.071655	
309	0.997958	0.000085	3.195679	-0.000085	0.997958	-0.027710	
310	0.997923	-0.000165	3.381897	0.000165	0.997923	-0.362122	
311	0.997923	-0.000165	3.381897	0.000165	0.997923	-0.362122	
312	0.999147	0.000358	1.518555	-0.000358	0.999147	-0.406799	
313	0.997970	0.000188	2.589966	-0.000188	0.997970	-0.180969	
314	0.997987	0.000184	2.695496	-0.000184	0.997987	-0.316833	
315	0.997987	0.000184	2.695496	-0.000184	0.997987	-0.316833	
316	0.998017	-0.000070	2.319397	0.000070	0.998017	-0.342590	
317	0.997676	-0.002321	3.764893	0.002321	0.997676	-2.622681	
318	1.026432	0.000047	-24.698547	-0.000047	1.026432	-15.675293	
319	0.996095	-0.000156	4.427582	0.000156	0.996095	-0.172394	
320	0.998252	0.000041	1.679749	-0.000041	0.998252	-0.070984	
321	0.997844	0.000368	1.366272	-0.000368	0.997844	0.341736	
322	0.997999	0.000028	1.474487	-0.000028	0.997999	0.254089	
323	0.995984	-0.000007	2.432861	0.000007	0.995984	0.294128	
324	0.998183	0.000090	0.814941	-0.000090	0.998183	0.121765	
325	0.997849	0.000056	0.737488	-0.000056	0.997849	0.417297	
326	0.997950	0.000127	0.715149	-0.000127	0.997950	0.355774	
327	0.997950	0.000127	0.715149	-0.000127	0.997950	0.355774	
328	0.997998	0.000105	0.174255	-0.000105	0.997998	0.679138	
329	0.997647	0.000113	0.095642	-0.000113	0.997647	0.599243	
330	0.997886	0.000144	-0.065674	-0.000144	0.997886	0.755188	
331	0.996176	0.000718	-0.663055	-0.000718	0.996176	1.000549	
332	0.997821	0.000023	-0.119080	-0.000023	0.997821	0.863647	
333	0.997859	0.000116	-0.562317	-0.000116	0.997859	0.982239	
334	0.997869	0.000050	-0.520935	-0.000050	0.997869	1.074158	
335	0.996026	0.000016	-2.036621	-0.000016	0.996026	1.605896	
336	0.997996	0.000428	-0.858887	-0.000428	0.997996	1.063782	
337	0.997959	0.000014	-0.868591	-0.000014	0.997959	0.694214	
338	0.998235	-0.000000	-1.264709	0.000000	0.998235	0.660828	
339	0.996148	-0.000368	-2.020264	0.000368	0.996148	1.567200	
340	0.997875	0.000052	-0.874878	-0.000052	0.997875	0.990845	
341	0.998116	0.000111	-0.999512	-0.000111	0.998116	1.085693	
342	0.998245	-0.000056	-1.121887	0.000056	0.998245	1.022949	
343	0.996229	-0.000369	-1.330261	0.000369	0.996229	2.055603	
344	0.998437	0.000225	-1.438599	-0.000225	0.998437	1.005249	
345	0.998048	0.000089	-0.737183	-0.000089	0.998048	1.101440	
346	0.998108	-0.000081	-0.474548	0.000081	0.998108	0.886719	
347	0.995508	-0.000941	0.155884	0.000941	0.995508	1.494507	
348	0.997984	-0.000020	-0.482239	0.000020	0.997984	1.046570	
349	0.997814	0.000285	-0.702698	-0.000285	0.997814	1.410034	
350	0.997895	-0.000010	-0.421631	0.000010	0.997895	1.083740	
351	0.995661	0.000146	-0.669739	-0.000146	0.995661	2.265930	
352	0.998252	0.000137	-0.612549	-0.000137	0.998252	1.032288	
353	0.997983	0.000250	-0.171021	-0.000250	0.997983	1.222046	
354	0.997400	0.000658	0.345459	-0.000658	0.997400	2.242065	
355	0.995722	0.000450	-0.271057	-0.000450	0.995722	2.317017	
356	1.035075	0.000183	-36.705566	-0.000183	1.035075	-18.978455	
357	0.997881	0.000310	-0.434204	-0.000310	0.997881	1.268250	
358	0.997973	-0.000483	0.399414	0.000483	0.997973	0.757874	
359	0.994781	-0.000033	1.658691	0.000033	0.994781	2.620972	
360	0.997916	0.000043	0.424927	-0.000043	0.997916	1.198608	
361	0.997735	0.000118	0.644775	-0.000118	0.997735	1.072693	
362	0.997745	0.002540	-0.891846	-0.002540	0.997745	3.929688	
363	0.997745	0.002540	-0.891846	-0.002540	0.997745	3.929688	
364	0.997944	-0.000291	0.499268	0.000291	0.997944	0.712769	
365	0.997944	-0.000291	0.499268	0.000291	0.997944	0.712769	
366	0.997890	0.000096	0.650818	-0.000096	0.997890	1.021484	
367	0.997890	0.000096	0.650818	-0.000096	0.997890	1.021484	
368	0.997890	0.000096	0.650818	-0.000096	0.997890	1.021484	
369	0.997890	0.000096	0.650818	-0.000096	0.997890	1.021484	
370	0.997890	0.000096	0.650818	-0.000096	0.997890	1.021484	
371	0.997890	0.000096	0.650818	-0.000096	0.997890	1.021484	
372	0.997890	0.000096	0.650818	-0.000096	0.997890	1.021484	
373	0.997890	0.000096	0.650818	-0.000096	0.997890	1.021484	
374	0.997890	0.000096	0.650818	-0.000096	0.997890	1.021484	
375	0.997890	0.000096	0.650818	-0.000096	0.997890	1.021484	
376	0.997890	0.000096	0.650818	-0.000096	0.997890	1.021484	
377	0.997890	0.000096	0.650818	-0.000096	0.997890	1.021484	
378	0.997890	0.000096	0.650818	-0.000096	0.997890	1.021484	
379	0.997890	0.000096	0.650818	-0.000096	0.997890	1.021484	
380	0.999722	0.000926	-1.308533	-0.000926	0.999722	1.037781	
381	0.998515	0.001012	0.269897	-0.001012	0.998515	2.628540	
382	0.998922	-0.000683	0.229248	0.000683	0.998922	0.614563	
383	0.998922	-0.000683	0.229248	0.000683	0.998922	0.614563	
384	1.000097	-0.000076	-1.842834	0.000076	1.000097	0.909058	
385	1.000352	0.001513	-3.783569	-0.001513	1.000352	1.319336	
386	1.001372	0.002945	-6.383057	-0.002945	1.001372	2.920471	
387	1.003512	0.000045	-11.602661	-0.000045	1.003512	-1.103455	
388	0.999870	0.000202	-2.803589	-0.000202	0.999870	0.983643	
389	1.000028	0.000672	-3.164062	-0.000672	1.000028	1.995850	
390	1.000217	-0.000325	-4.304443	0.000325	1.000217	0.105042	
391	1.001462	-0.000960	-8.509216	0.000960	1.001462	-0.837891	
392	0.999516	0.000873	-4.081909	-0.000873	0.999516	1.476135	
393	1.050924	-0.000189	-51.548401	0.000189	1.050924	-26.664795	
394	1.050924	-0.000189	-51.548401	0.000189	1.050924	-26.664795	
395	1.050924	-0.000189	-51.548401	0.000189	1.050924	-26.664795	
396	0.996774	-0.004637	0.247131	0.004637	0.996774	-2.119202	
397	0.999493	0.000077	-3.959961	-0.000077	0.999493	0.723633	
398	0.999978	-0.000024	-4.508850	0.000024	0.999978	0.569763	
399	0.999978	-0.000024	-4.508850	0.000024	0.999978	0.569763	
400	0.997319	-0.000510	0.276978	0.000510	0.997319	1.736633	
401	1.000625	-0.000267	-4.068970	0.000267	1.000625	-0.309937	
402	0.998623	0.000386	-2.521973	-0.000386	0.998623	2.003052	
403	0.998623	0.000386	-2.521973	-0.000386	0.998623	2.003052	
404	0.994289	0.002389	-0.381592	-0.002389	0.994289	6.591614	
405	0.997406	-0.000770	-1.564941	0.000770	0.997406	2.290405	
406	1.001311	-0.004223	-3.078857	0.004223	1.001311	-7.006714	
407	1.000926	0.000740	-10.104614	-0.000740	1.000926	1.559326	
408	0.999920	0.000197	-4.455688	-0.000197	0.999920	0.889954	
409	0.998122	0.001527	-2.561768	-0.001527	0.998122	3.327515	
410	0.999431	-0.000126	-2.718262	0.000126	0.999431	0.909973	
411	1.000410	-0.002125	-6.173218	0.002125	1.000410	-1.161987	
412	0.999939	0.000026	-2.715698	-0.000026	0.999939	0.553101	
413	1.000577	-0.001248	-2.465759	0.001248	1.000577	-1.291687	
414	0.999876	-0.000096	-1.908875	0.000096	0.999876	0.278320	
415	0.999876	-0.000096	-1.908875	0.000096	0.999876	0.278320	
416	1.000117	-0.000000	-1.695068	0.000000	1.000117	0.465454	
417	1.000420	-0.000095	-1.861877	0.000095	1.000420	0.108337	
418	0.999634	0.002206	-2.303467	-0.002206	0.999634	4.313293	
419	1.001972	0.000198	-4.280151	-0.000198	1.001972	0.511719	
420	1.000211	0.000170	-0.976685	-0.000170	1.000211	1.640808	
421	0.999852	0.000052	-0.644470	-0.000052	0.999852	1.024902	
422	1.000107	0.000312	-1.049072	-0.000312	1.000107	1.235840	
423	1.000107	0.000312	-1.049072	-0.000312	1.000107	1.235840	
424	1.000082	0.000129	-0.598267	-0.000129	1.000082	0.922485	
425	1.000102	0.000130	-0.530151	-0.000130	1.000102	1.095703	
426	0.999869	-0.000015	-0.098145	0.000015	0.999869	1.045837	
427	0.999297	0.000428	0.282166	-0.000428	0.999297	2.993652	
428	0.999973	0.000542	0.005859	-0.000542	0.999973	1.762146	
429	0.999898	0.000055	0.248108	-0.000055	0.999898	1.121643	
430	1.000016	-0.000062	0.549133	0.000062	1.000016	1.451904	
431	1.071157	0.000932	-68.637695	-0.000932	1.071157	-35.703064	
432	0.999607	0.002527	-0.773254	-0.002527	0.999607	3.320129	
433	0.999547	0.000593	0.562622	-0.000593	0.999547	1.562195	
434	1.000385	0.000257	-0.086365	-0.000257	1.000385	1.296204	
435	0.998308	0.001895	1.762268	-0.001895	0.998308	4.763184	
436	0.999511	0.001036	1.071960	-0.001036	0.999511	3.191711	
437	0.999806	-0.000131	1.193359	0.000131	0.999806	1.566406	
438	1.000002	-0.000241	0.698181	0.000241	1.000002	0.926941	
439	0.998726	0.000503	1.712280	-0.000503	0.998726	4.100739	
440	1.000502	0.000665	-0.303528	-0.000665	1.000502	1.276123	
441	1.000694	0.000037	0.017822	-0.000037	1.000694	0.790405	
442	1.000550	0.000313	-0.017883	-0.000313	1.000550	1.176392	
443	1.000363	-0.000743	1.873291	0.000743	1.000363	2.212646	
444	1.000653	-0.000014	0.080566	0.000014	1.000653	0.773193	
445	1.000490	0.000075	0.187561	-0.000075	1.000490	0.838623	
446	0.999086	-0.000420	1.371948	0.000420	0.999086	2.152283	
447	1.000647	0.000186	0.280762	-0.000186	1.000647	1.867126	
448	1.001162	-0.000090	-1.071533	0.000090	1.001162	0.468994	
449	1.000682	0.000092	-0.884583	-0.000092	1.000682	0.638367	
450	0.999157	0.000277	0.462463	-0.000277	0.999157	1.524231	
451	1.000220	0.000528	0.846985	-0.000528	1.000220	2.008850	
452	1.000171	0.000185	0.091614	-0.000185	1.000171	0.627869	
453	1.001086	0.000290	-0.899963	-0.000290	1.001086	0.120361	
454	1.000138	-0.000219	-0.419434	0.000219	1.000138	0.506531	
455	1.000138	-0.000219	-0.419434	0.000219	1.000138	0.506531	
456	0.998356	0.000854	0.059448	-0.000854	0.998356	2.950195	
457	1.002415	0.001704	-4.838257	-0.001704	1.002415	2.630280	
458	1.002415	0.001704	-4.838257	-0.001704	1.002415	2.630280	
459	1.002415	0.001704	-4.838257	-0.001704	1.002415	2.630280	
460	1.002415	0.001704	-4.838257	-0.001704	1.002415	2.630280	
461	1.002415	0.001704	-4.838257	-0.001704	1.002415	2.630280	
462	1.002415	0.001704	-4.838257	-0.001704	1.002415	2.630280	
463	1.002415	0.001704	-4.838257	-0.001704	1.002415	2.630280	
464	0.999915	-0.000506	0.627380	0.000506	0.999915	0.269653	
465	1.001374	0.000294	-0.404968	-0.000294	1.001374	0.324890	
466	1.001374	0.000294	-0.404968	-0.000294	1.001374	0.324890	
467	1.001374	0.000294	-0.404968	-0.000294	1.001374	0.324890	
468	1.001374	0.000294	-0.404968	-0.000294	1.001374	0.324890	
469	1.001374	0.000294	-0.404968	-0.000294	1.001374	0.324890	
470	0.999463	-0.002784	2.482361	0.002784	0.999463	2.143066	
471	0.999463	-0.002784	2.482361	0.002784	0.999463	2.143066	
472	0.999463	-0.002784	2.482361	0.002784	0.999463	2.143066	
473	0.999463	-0.002784	2.482361	0.002784	0.999463	2.143066	
474	0.999463	-0.002784	2.482361	0.002784	0.999463	2.143066	
475	0.999463	-0.002784	2.482361	0.002784	0.999463	2.143066	
476	0.999463	-0.002784	2.482361	0.002784	0.999463	2.143066	
477	0.999463	-0.002784	2.482361	0.002784	0.999463	2.143066	
478	0.999463	-0.002784	2.482361	0.002784	0.999463	2.143066	
479	0.999463	-0.002784	2.482361	0.002784	0.999463	2.143066	
480	0.999463	-0.002784	2.482361	0.002784	0.999463	2.143066	
481	0.999463	-0.002784	2.482361	0.002784	0.999463	2.143066	
482	0.999463	-0.002784	2.482361	0.002784	0.999463	2.143066	
483	0.999463	-0.002784	2.482361	0.002784	0.999463	2.143066	
484	0.999463	-0.002784	2.482361	0.002784	0.999463	2.143066	
485	0.999463	-0.002784	2.482361	0.002784	0.999463	2.143066	
486	1.001828	-0.000077	-0.172791	0.000077	1.001828	-1.925476	
487	1.001828	-0.000077	-0.172791	0.000077	1.001828	-1.925476	
488	1.001828	-0.000077	-0.172791	0.000077	1.001828	-1.925476	
489	1.001828	-0.000077	-0.172791	0.000077	1.001828	-1.925476	
490	1.001828	-0.000077	-0.172791	0.000077	1.001828	-1.925476	
491	1.001828	-0.000077	-0.172791	0.000077	1.001828	-1.925476	
492	1.001828	-0.000077	-0.172791	0.000077	1.001828	-1.925476	
493	1.001828	-0.000077	-0.172791	0.000077	1.001828	-1.925476	
494	1.001828	-0.000077	-0.172791	0.000077	1.001828	-1.925476	
495	1.001828	-0.000077	-0.172791	0.000077	1.001828	-1.925476	
496	1.001828	-0.000077	-0.172791	0.000077	1.001828	-1.925476	
497	1.001828	-0.000077	-0.172791	0.000077	1.001828	-1.925476	
498	1.001828	-0.000077	-0.172791	0.000077	1.001828	-1.925476	
499	0.999165	-0.001765	9.842468	0.001765	0.999165	0.146606	
500	0.999909	0.000353	3.075745	-0.000353	0.999909	0.724548	
501	1.002262	0.001566	-1.053772	-0.001566	1.002262	1.252014	
502	0.997196	-0.000274	6.333801	0.000274	0.997196	2.536011	
503	0.997196	-0.000274	6.333801	0.000274	0.997196	2.536011	
504	0.997196	-0.000274	6.333801	0.000274	0.997196	2.536011	
505	0.999154	0.000594	2.826660	-0.000594	0.999154	1.051697	
506	0.999170	-0.000532	3.201233	0.000532	0.999170	0.360291	
507	0.999170	-0.000532	3.201233	0.000532	0.999170	0.360291	
508	0.999170	-0.000532	3.201233	0.000532	0.999170	0.360291	
509	0.999170	-0.000532	3.201233	0.000532	0.999170	0.360291	
510	0.999784	-0.000131	1.451111	0.000131	0.999784	-0.001221	
511	0.999784	-0.000131	1.451111	0.000131	0.999784	-0.001221	
512	0.999396	-0.000609	1.283081	0.000609	0.999396	0.202942	
513	0.999396	-0.000609	1.283081	0.000609	0.999396	0.202942	
514	1.001173	-0.000091	-1.725342	0.000091	1.001173	-1.204346	
515	1.001173	-0.000091	-1.725342	0.000091	1.001173	-1.204346	
516	1.001173	-0.000091	-1.725342	0.000091	1.001173	-1.204346	
517	1.001173	-0.000091	-1.725342	0.000091	1.001173	-1.204346	
518	1.001173	-0.000091	-1.725342	0.000091	1.001173	-1.204346	
519	0.999986	0.000016	-0.174133	-0.000016	0.999986	-0.180054	
520	0.999986	0.000016	-0.174133	-0.000016	0.999986	-0.180054	
521	1.000045	-0.000051	-0.249756	0.000051	1.000045	-0.101379	
522	1.000144	0.000086	-0.177002	-0.000086	1.000144	0.097473	
523	1.000144	0.000086	-0.177002	-0.000086	1.000144	0.097473	
524	1.000144	0.000086	-0.177002	-0.000086	1.000144	0.097473	
525	1.000144	0.000086	-0.177002	-0.000086	1.000144	0.097473	
526	1.000144	0.000086	-0.177002	-0.000086	1.000144	0.097473	
527	1.000144	0.000086	-0.177002	-0.000086	1.000144	0.097473	
528	1.000144	0.000086	-0.177002	-0.000086	1.000144	0.097473	
529	1.000410	-0.000063	-0.733887	0.000063	1.000410	-0.394409	
530	1.000410	-0.000063	-0.733887	0.000063	1.000410	-0.394409	
531	1.000410	-0.000063	-0.733887	0.000063	1.000410	-0.394409	
532	1.000227	-0.000051	-0.778076	0.000051	1.000227	0.025635	
533	1.000088	-0.000189	-0.446350	0.000189	1.000088	0.260376	
534	1.000703	-0.000749	-0.903503	0.000749	1.000703	-1.026306	
535	1.000703	-0.000749	-0.903503	0.000749	1.000703	-1.026306	
536	1.000908	-0.000000	-1.045227	0.000000	1.000908	-0.251953	
537	0.999495	-0.000021	0.762451	0.000021	0.999495	0.705994	
538	1.000164	0.000132	-0.283203	-0.000132	1.000164	0.340515	
539	1.000164	0.000132	-0.283203	-0.000132	1.000164	0.340515	
540	1.000029	0.000265	-0.331299	-0.000265	1.000029	0.579956	
541	0.998714	-0.000595	2.435181	0.000595	0.998714	0.834045	
542	0.998714	-0.000595	2.435181	0.000595	0.998714	0.834045	
543	0.998714	-0.000595	2.435181	0.000595	0.998714	0.834045	
544	0.997986	0.000751	0.596924	-0.000751	0.997986	3.525940	
545	0.999801	0.000018	-0.133545	-0.000018	0.999801	0.765564	
546	1.000048	0.000106	-0.512390	-0.000106	1.000048	0.355896	
547	1.000048	0.000106	-0.512390	-0.000106	1.000048	0.355896	
548	0.995282	0.001462	4.426147	-0.001462	0.995282	7.126526	
549	0.999717	-0.000040	0.218201	0.000040	0.999717	0.968262	
550	1.000047	0.000192	-0.525574	-0.000192	1.000047	1.222656	
551	1.000047	0.000192	-0.525574	-0.000192	1.000047	1.222656	
552	1.000047	0.000192	-0.525574	-0.000192	1.000047	1.222656	
553	0.999208	-0.000305	0.336487	0.000305	0.999208	2.289429	
554	0.999208	-0.000305	0.336487	0.000305	0.999208	2.289429	
555	0.999208	-0.000305	0.336487	0.000305	0.999208	2.289429	
556	0.999208	-0.000305	0.336487	0.000305	0.999208	2.289429	
557	1.004058	0.000514	-5.362793	-0.000514	1.004058	-0.283569	
558	1.004058	0.000514	-5.362793	-0.000514	1.004058	-0.283569	
559	1.004058	0.000514	-5.362793	-0.000514	1.004058	-0.283569	
560	1.001288	0.000656	-3.995239	-0.000656	1.001288	1.354980	
561	1.003724	-0.002363	-3.752075	0.002363	1.003724	-5.198669	
562	1.000870	0.000528	-1.732239	-0.000528	1.000870	0.952942	
563	1.000870	0.000528	-1.732239	-0.000528	1.000870	0.952942	
564	1.000870	0.000528	-1.732239	-0.000528	1.000870	0.952942	
565	1.000870	0.000528	-1.732239	-0.000528	1.000870	0.952942	
566	1.000870	0.000528	-1.732239	-0.000528	1.000870	0.952942	
567	1.000870	0.000528	-1.732239	-0.000528	1.000870	0.952942	
568	1.000870	0.000528	-1.732239	-0.000528	1.000870	0.952942	
569	1.000870	0.000528	-1.732239	-0.000528	1.000870	0.952942	
570	1.000870	0.000528	-1.732239	-0.000528	1.000870	0.952942	
571	1.000870	0.000528	-1.732239	-0.000528	1.000870	0.952942	
572	1.000870	0.000528	-1.732239	-0.000528	1.000870	0.952942	
573	1.000870	0.000528	-1.732239	-0.000528	1.000870	0.952942	
574	1.000870	0.000528	-1.732239	-0.000528	1.000870	0.952942	
575	1.000870	0.000528	-1.732239	-0.000528	1.000870	0.952942	
576	1.000870	0.000528	-1.732239	-0.000528	1.000870	0.952942	
577	1.000870	0.000528	-1.732239	-0.000528	1.000870	0.952942	
578	1.000870	0.000528	-1.732239	-0.000528	1.000870	0.952942	
579	1.000870	0.000528	-1.732239	-0.000528	1.000870	0.952942	
580	1.000870	0.000528	-1.732239	-0.000528	1.000870	0.952942	
581	1.000870	0.000528	-1.732239	-0.000528	1.000870	0.952942	
582	1.000870	0.000528	-1.732239	-0.000528	1.000870	0.952942	
583	1.000870	0.000528	-1.732239	-0.000528	1.000870	0.952942	
584	1.000870	0.000528	-1.732239	-0.000528	1.000870	0.952942	
585	1.000870	0.000528	-1.732239	-0.000528	1.000870	0.952942	
586	1.000870	0.000528	-1.732239	-0.000528	1.000870	0.952942	
587	1.000870	0.000528	-1.732239	-0.000528	1.000870	0.952942	
588	1.000870	0.000528	-1.732239	-0.000528	1.000870	0.952942	
589	1.000870	0.000528	-1.732239	-0.000528	1.000870	0.952942	
590	1.000870	0.000528	-1.732239	-0.000528	1.000870	0.952942	
591	1.000870	0.000528	-1.732239	-0.000528	1.000870	0.952942	
592	1.000870	0.000528	-1.732239	-0.000528	1.000870	0.952942	
593	1.000870	0.000528	-1.732239	-0.000528	1.000870	0.952942	
594	1.000870	0.000528	-1.732239	-0.000528	1.000870	0.952942	
595	1.000870	0.000528	-1.732239	-0.000528	1.000870	0.952942	
596	1.000870	0.000528	-1.732239	-0.000528	1.000870	0.952942	
597	1.000870	0.000528	-1.732239	-0.000528	1.000870	0.952942	
598	1.000001	-0.000005	0.192749	0.000005	1.000001	-2.843384	
599	1.000001	-0.000005	0.192749	0.000005	1.000001	-2.843384	
600	1.000001	-0.000005	0.192749	0.000005	1.000001	-2.843384	
601	1.000001	-0.000005	0.192749	0.000005	1.000001	-2.843384	
602	1.000424	0.018510	-11.448669	-0.018510	1.000424	16.806335	
603	1.000424	0.018510	-11.448669	-0.018510	1.000424	16.806335	
604	1.011901	-0.022622	0.494019	0.022622	1.011901	-28.306030	
605	0.991200	0.001339	6.858643	-0.001339	0.991200	5.309875	
606	0.985139	-0.000630	15.545105	0.000630	0.985139	4.136169	
607	0.985139	-0.000630	15.545105	0.000630	0.985139	4.136169	
608	1.004629	0.001708	-5.797119	-0.001708	1.004629	-7.517517	
609	1.000713	0.000000	-0.962158	-0.000000	1.000713	-3.742859	
610	0.993166	0.003404	3.580750	-0.003404	0.993166	7.754089	
611	1.004797	0.018638	-14.468811	-0.018638	1.004797	15.292114	
612	1.002986	0.006010	-6.515137	-0.006010	1.002986	5.194153	
613	0.994703	0.003055	2.710815	-0.003055	0.994703	4.520691	
614	0.994703	0.003055	2.710815	-0.003055	0.994703	4.520691	
615	0.994703	0.003055	2.710815	-0.003055	0.994703	4.520691	
616	0.994703	0.003055	2.710815	-0.003055	0.994703	4.520691	
617	1.004927	0.015401	-14.122559	-0.015401	1.004927	17.294617	
618	1.004927	0.015401	-14.122559	-0.015401	1.004927	17.294617	
619	1.004927	0.015401	-14.122559	-0.015401	1.004927	17.294617	
620	1.004927	0.015401	-14.122559	-0.015401	1.004927	17.294617	
621	1.004927	0.015401	-14.122559	-0.015401	1.004927	17.294617	
622	0.977631	-0.001688	23.101868	0.001688	0.977631	6.715088	
623	0.977631	-0.001688	23.101868	0.001688	0.977631	6.715088	
624	0.977631	-0.001688	23.101868	0.001688	0.977631	6.715088	
625	0.977631	-0.001688	23.101868	0.001688	0.977631	6.715088	
626	1.005304	-0.003395	-1.422302	0.003395	1.005304	-8.387817	
627	1.005304	-0.003395	-1.422302	0.003395	1.005304	-8.387817	
628	0.999848	-0.000124	0.401428	0.000124	0.999848	0.488647	
629	0.996333	-0.000054	2.759583	0.000054	0.996333	0.536255	
630	0.996333	-0.000054	2.759583	0.000054	0.996333	0.536255	
631	0.996333	-0.000054	2.759583	0.000054	0.996333	0.536255	
632	0.996333	-0.000054	2.759583	0.000054	0.996333	0.536255	
633	0.996333	-0.000054	2.759583	0.000054	0.996333	0.536255	
634	1.002195	-0.002007	1.308716	0.002007	1.002195	-3.681213	
635	1.002195	-0.002007	1.308716	0.002007	1.002195	-3.681213	
636	1.002195	-0.002007	1.308716	0.002007	1.002195	-3.681213	
637	1.002195	-0.002007	1.308716	0.002007	1.002195	-3.681213	
638	1.002195	-0.002007	1.308716	0.002007	1.002195	-3.681213	
639	1.002195	-0.002007	1.308716	0.002007	1.002195	-3.681213	
640	1.007970	0.006315	-9.203491	-0.006315	1.007970	2.442474	
641	0.996726	0.001516	3.306152	-0.001516	0.996726	2.450073	
642	0.996726	0.001516	3.306152	-0.001516	0.996726	2.450073	
643	0.996726	0.001516	3.306152	-0.001516	0.996726	2.450073	
644	1.000645	0.002326	-0.344666	-0.002326	1.000645	2.691528	
645	1.000008	-0.004318	3.778992	0.004318	1.000008	-4.274536	
646	1.002358	-0.001393	-0.910156	0.001393	1.002358	-2.143799	
647	1.002358	-0.001393	-0.910156	0.001393	1.002358	-2.143799	
648	1.002358	-0.001393	-0.910156	0.001393	1.002358	-2.143799	
649	0.999119	-0.004878	3.995300	0.004878	0.999119	-4.576965	
650	0.999119	-0.004878	3.995300	0.004878	0.999119	-4.576965	
651	0.999119	-0.004878	3.995300	0.004878	0.999119	-4.576965	
652	0.999119	-0.004878	3.995300	0.004878	0.999119	-4.576965	
653	0.999119	-0.004878	3.995300	0.004878	0.999119	-4.576965	
654	0.999119	-0.004878	3.995300	0.004878	0.999119	-4.576965	
655	0.999119	-0.004878	3.995300	0.004878	0.999119	-4.576965	
656	0.990930	0.001698	8.316040	-0.001698	0.990930	6.751160	
657	0.999676	-0.000211	0.458801	0.000211	0.999676	-0.224426	
658	0.996611	0.002384	1.787964	-0.002384	0.996611	2.848999	
659	0.990625	0.008896	3.931091	-0.008896	0.990625	13.479431	
660	0.999883	-0.000814	0.511536	0.000814	0.999883	-1.180481	
661	1.000319	-0.000016	-0.520081	0.000016	1.000319	-0.894470	
662	0.999614	0.000529	-0.038879	-0.000529	0.999614	0.651672	
663	0.998351	0.000967	1.251038	-0.000967	0.998351	1.969971	
664	1.000088	0.000489	-0.418396	-0.000489	1.000088	0.546021	
665	0.999776	-0.000209	0.193542	0.000209	0.999776	0.131958	
666	0.998605	0.000503	1.158264	-0.000503	0.998605	1.146851	
667	0.999751	0.000137	-0.043396	-0.000137	0.999751	-0.366150	
668	1.000847	-0.003563	1.738708	0.003563	1.000847	-4.218750	
669	0.999308	0.000656	0.236023	-0.000656	0.999308	0.611633	
670	1.000107	0.000354	-0.501831	-0.000354	1.000107	-0.052917	
671	0.999304	0.000232	0.118896	-0.000232	0.999304	0.873840	
672	1.000187	-0.000032	-0.154053	0.000032	1.000187	-0.212646	
673	0.999977	0.000269	-0.215210	-0.000269	0.999977	0.626648	
674	0.999843	0.000078	0.184937	-0.000078	0.999843	0.056519	
675	1.001952	0.002474	-4.285217	-0.002474	1.001952	0.921997	
676	0.999650	-0.000310	0.170105	0.000310	0.999650	-0.365234	
677	1.001168	-0.004367	0.674927	0.004367	1.001168	-4.625183	
678	1.000447	-0.001227	0.848206	0.001227	1.000447	-1.949951	
679	1.000108	0.000324	-0.500732	-0.000324	1.000108	0.774048	
680	0.999996	-0.000546	0.246765	0.000546	0.999996	-1.008057	
681	0.999830	-0.000418	0.171265	0.000418	0.999830	0.072937	
682	0.999849	-0.000405	0.303711	0.000405	0.999849	-0.575378	
683	0.999849	-0.000405	0.303711	0.000405	0.999849	-0.575378	
684	1.001022	-0.000318	-1.461182	0.000318	1.001022	-1.302856	
685	1.001318	-0.000334	-1.671997	0.000334	1.001318	-0.928711	
686	1.000026	0.000467	-0.924072	-0.000467	1.000026	0.621216	
687	1.000026	0.000467	-0.924072	-0.000467	1.000026	0.621216	
688	1.000026	0.000467	-0.924072	-0.000467	1.000026	0.621216	
689	1.000026	0.000467	-0.924072	-0.000467	1.000026	0.621216	
690	1.000026	0.000467	-0.924072	-0.000467	1.000026	0.621216	
691	1.000026	0.000467	-0.924072	-0.000467	1.000026	0.621216	
692	0.999521	-0.001434	1.792175	0.001434	0.999521	-0.637634	
693	1.002228	-0.002617	-0.969543	0.002617	1.002228	-3.325073	
694	1.000383	0.000242	-0.717651	-0.000242	1.000383	-0.048279	
695	0.999067	-0.000316	0.593079	0.000316	0.999067	0.471252	
696	0.999067	-0.000316	0.593079	0.000316	0.999067	0.471252	
697	0.999067	-0.000316	0.593079	0.000316	0.999067	0.471252	
698	0.999067	-0.000316	0.593079	0.000316	0.999067	0.471252	
699	0.999067	-0.000316	0.593079	0.000316	0.999067	0.471252	
700	1.000069	-0.000288	0.287537	0.000288	1.000069	-0.289795	
701	0.999393	-0.000207	1.002258	0.000207	0.999393	0.317627	
702	1.000365	0.000204	0.063721	-0.000204	1.000365	-0.005737	
703	1.000032	-0.001222	-0.056580	0.001222	1.000032	-1.708496	
704	1.000032	-0.001222	-0.056580	0.001222	1.000032	-1.708496	
705	1.000032	-0.001222	-0.056580	0.001222	1.000032	-1.708496	
706	1.000032	-0.001222	-0.056580	0.001222	1.000032	-1.708496	
707	1.000032	-0.001222	-0.056580	0.001222	1.000032	-1.708496	
708	1.000032	-0.001222	-0.056580	0.001222	1.000032	-1.708496	
709	1.000032	-0.001222	-0.056580	0.001222	1.000032	-1.708496	
710	0.999346	-0.000366	1.251465	0.000366	0.999346	0.265198	
711	0.999346	-0.000366	1.251465	0.000366	0.999346	0.265198	
712	0.999346	-0.000366	1.251465	0.000366	0.999346	0.265198	
713	0.994600	-0.008274	8.698669	0.008274	0.994600	-5.996338	
714	1.015287	-0.007152	-12.564209	0.007152	1.015287	-15.678101	
715	1.015287	-0.007152	-12.564209	0.007152	1.015287	-15.678101	
716	1.015287	-0.007152	-12.564209	0.007152	1.015287	-15.678101	
717	1.015287	-0.007152	-12.564209	0.007152	1.015287	-15.678101	
718	1.000901	0.006146	-6.751709	-0.006146	1.000901	4.913696	
719	1.000901	0.006146	-6.751709	-0.006146	1.000901	4.913696	
720	1.005446	0.001786	-9.100098	-0.001786	1.005446	-1.675842	
721	1.009475	-0.004850	-6.214478	0.004850	1.009475	-7.551514	
722	1.010881	-0.003965	-8.111572	0.003965	1.010881	-5.487976	
723	1.010881	-0.003965	-8.111572	0.003965	1.010881	-5.487976	
724	1.010881	-0.003965	-8.111572	0.003965	1.010881	-5.487976	
725	1.010881	-0.003965	-8.111572	0.003965	1.010881	-5.487976	
726	1.010881	-0.003965	-8.111572	0.003965	1.010881	-5.487976	
727	1.010881	-0.003965	-8.111572	0.003965	1.010881	-5.487976	
728	1.010881	-0.003965	-8.111572	0.003965	1.010881	-5.487976	
729	1.000532	-0.000527	1.478760	0.000527	1.000532	-0.464539	
730	1.000532	-0.000527	1.478760	0.000527	1.000532	-0.464539	
731	1.000532	-0.000527	1.478760	0.000527	1.000532	-0.464539	
732	1.014008	-0.004697	-8.004089	0.004697	1.014008	-11.727173	
733	1.014008	-0.004697	-8.004089	0.004697	1.014008	-11.727173	
734	1.014008	-0.004697	-8.004089	0.004697	1.014008	-11.727173	
735	1.014008	-0.004697	-8.004089	0.004697	1.014008	-11.727173	
736	1.014008	-0.004697	-8.004089	0.004697	1.014008	-11.727173	
737	1.000773	-0.000655	5.000610	0.000655	1.000773	-1.637024	
738	1.000248	-0.000420	3.717712	0.000420	1.000248	-0.680969	
739	1.000248	-0.000420	3.717712	0.000420	1.000248	-0.680969	
740	1.000141	-0.000255	1.241821	0.000255	1.000141	-0.246826	
741	1.000141	-0.000255	1.241821	0.000255	1.000141	-0.246826	
742	1.009230	-0.002586	-6.912109	0.002586	1.009230	-4.468140	
743	1.009230	-0.002586	-6.912109	0.002586	1.009230	-4.468140	
744	1.009230	-0.002586	-6.912109	0.002586	1.009230	-4.468140	
745	1.009230	-0.002586	-6.912109	0.002586	1.009230	-4.468140	
746	1.009230	-0.002586	-6.912109	0.002586	1.009230	-4.468140	
747	1.009230	-0.002586	-6.912109	0.002586	1.009230	-4.468140	
748	1.009230	-0.002586	-6.912109	0.002586	1.009230	-4.468140	
749	1.009230	-0.002586	-6.912109	0.002586	1.009230	-4.468140	
750	1.009230	-0.002586	-6.912109	0.002586	1.009230	-4.468140	
751	1.009230	-0.002586	-6.912109	0.002586	1.009230	-4.468140	
752	1.003982	-0.001575	-0.933838	0.001575	1.003982	-5.334106	
753	1.003982	-0.001575	-0.933838	0.001575	1.003982	-5.334106	
754	1.009874	-0.003139	-8.881226	0.003139	1.009874	-10.261841	
755	0.999753	0.000189	-0.739380	-0.000189	0.999753	-0.179260	
756	1.000167	-0.000019	-0.519653	0.000019	1.000167	-0.394958	
757	0.999809	0.000101	-0.048279	-0.000101	0.999809	-0.064575	
758	1.000730	0.000134	-0.194824	-0.000134	1.000730	-0.655212	
759	1.000005	-0.000268	-0.613586	0.000268	1.000005	-0.394775	
760	1.000376	0.000069	0.029419	-0.000069	1.000376	-0.227600	
761	1.000360	-0.000136	-0.039062	0.000136	1.000360	-0.340576	
762	1.000317	-0.000041	0.075012	0.000041	1.000317	-0.182068	
763	1.002903	0.001613	-0.378662	-0.001613	1.002903	-0.461792	
764	0.997152	-0.001063	7.262695	0.001063	0.997152	-0.242737	
765	1.003315	0.001689	-1.519165	-0.001689	1.003315	0.875488	
766	1.000963	-0.000818	3.113647	0.000818	1.000963	-1.332581	
767	1.000963	-0.000818	3.113647	0.000818	1.000963	-1.332581	
768	1.004966	0.000092	-0.240356	-0.000092	1.004966	-0.165283	
769	1.004966	0.000092	-0.240356	-0.000092	1.004966	-0.165283	
770	0.997970	0.003944	5.429749	-0.003944	0.997970	8.630920	
771	0.997970	0.003944	5.429749	-0.003944	0.997970	8.630920	
772	1.000119	0.000049	-1.220520	-0.000049	1.000119	-0.157959	
773	0.999622	0.002176	6.408569	-0.002176	0.999622	3.925659	
774	1.000768	-0.000928	4.055664	0.000928	1.000768	-0.303894	
775	1.000768	-0.000928	4.055664	0.000928	1.000768	-0.303894	
776	0.999795	-0.000186	2.477539	0.000186	0.999795	0.607849	
777	0.999484	0.000329	-1.020508	-0.000329	0.999484	1.315369	
778	1.000092	-0.000457	-2.493896	0.000457	1.000092	-0.460510	
779	1.001791	-0.001027	-5.319031	0.001027	1.001791	-2.160095	
780	1.001791	-0.001027	-5.319031	0.001027	1.001791	-2.160095	
781	1.000089	0.000337	-4.342041	-0.000337	1.000089	0.380737	
782	1.000485	-0.000874	-2.647339	0.000874	1.000485	-0.802002	
783	0.997806	0.002312	-6.502014	-0.002312	0.997806	3.861694	
784	1.000541	0.000221	-3.931519	-0.000221	1.000541	-0.619019	
785	1.000977	-0.000199	-5.404907	0.000199	1.000977	-1.883301	
786	1.000819	-0.000408	-5.477417	0.000408	1.000819	-2.313293	
787	1.000819	-0.000408	-5.477417	0.000408	1.000819	-2.313293	
788	1.000123	0.000020	-1.599976	-0.000020	1.000123	0.161804	
789	1.000123	0.000020	-1.599976	-0.000020	1.000123	0.161804	
790	1.000123	0.000020	-1.599976	-0.000020	1.000123	0.161804	
791	1.000123	0.000020	-1.599976	-0.000020	1.000123	0.161804	
792	1.000123	0.000020	-1.599976	-0.000020	1.000123	0.161804	
793	1.000123	0.000020	-1.599976	-0.000020	1.000123	0.161804	
794	1.000123	0.000020	-1.599976	-0.000020	1.000123	0.161804	
795	1.000123	0.000020	-1.599976	-0.000020	1.000123	0.161804	
796	0.997244	0.001195	-2.057129	-0.001195	0.997244	1.925171	
797	1.001882	-0.002833	-4.173706	0.002833	1.001882	-5.687683	
798	1.001817	-0.000335	-5.502197	0.000335	1.001817	-1.000977	
799	1.001817	-0.000335	-5.502197	0.000335	1.001817	-1.000977	
800	1.001409	-0.000584	-3.422852	0.000584	1.001409	-0.644592	
801	0.998518	0.000382	0.195740	-0.000382	0.998518	1.516724	
802	0.998176	0.000158	1.143860	-0.000158	0.998176	1.735962	
803	0.998176	0.000158	1.143860	-0.000158	0.998176	1.735962	
804	1.001093	-0.000399	-0.685425	0.000399	1.001093	-0.987366	
805	1.000638	-0.000321	-1.212708	0.000321	1.000638	-0.001770	
806	1.000453	0.001365	-1.631409	-0.001365	1.000453	0.478210	
807	0.999945	0.006002	-6.523315	-0.006002	0.999945	5.219177	
808	1.000877	0.000548	-1.345947	-0.000548	1.000877	0.215759	
809	1.000584	0.001056	-1.703003	-0.001056	1.000584	0.676270	
810	1.000114	0.003961	-3.454285	-0.003961	1.000114	3.883972	
811	1.000114	0.003961	-3.454285	-0.003961	1.000114	3.883972	
812	0.999879	0.000145	-0.189941	-0.000145	0.999879	0.220093	
813	1.001262	-0.000460	-1.209229	0.000460	1.001262	-1.893799	
814	1.000318	-0.000074	-0.141479	0.000074	1.000318	-0.595886	
815	1.000318	-0.000074	-0.141479	0.000074	1.000318	-0.595886	
816	1.002077	0.000029	-2.794434	-0.000029	1.002077	-1.467773	
817	1.001183	0.001103	-1.390137	-0.001103	1.001183	0.328064	
818	0.999386	0.000685	1.077393	-0.000685	0.999386	1.184570	
819	0.999386	0.000685	1.077393	-0.000685	0.999386	1.184570	
820	0.999629	0.000143	1.354919	-0.000143	0.999629	0.215210	
821	1.000406	-0.000120	0.979065	0.000120	1.000406	-0.743958	
822	0.999738	0.000013	1.095398	-0.000013	0.999738	-0.165588	
823	0.998908	0.000789	2.960632	-0.000789	0.998908	0.861206	
824	0.999924	0.000178	1.322998	-0.000178	0.999924	-0.058899	
825	1.000484	-0.000507	1.634766	0.000507	1.000484	-1.029663	
826	1.000900	0.000166	0.508545	-0.000166	1.000900	-0.570190	
827	0.999804	0.000540	3.663452	-0.000540	0.999804	0.209167	
828	0.999396	0.000188	2.518921	-0.000188	0.999396	0.488953	
829	1.000133	-0.000037	2.188599	0.000037	1.000133	-0.192932	
830	1.000025	-0.000060	2.229248	0.000060	1.000025	-0.200134	
831	0.999153	-0.000081	6.103149	0.000081	0.999153	-0.028564	
832	1.001463	0.000128	-0.036377	-0.000128	1.001463	-1.177124	
833	0.998369	0.000443	4.835693	-0.000443	0.998369	1.382935	
834	0.999683	-0.000091	3.170898	0.000091	0.999683	-0.220215	
835	1.004509	0.001329	-5.672974	-0.001329	1.004509	-2.353455	
836	0.999539	0.000213	0.845215	-0.000213	0.999539	0.139587	
837	0.999616	0.000507	-0.610229	-0.000507	0.999616	0.414978	
838	0.999911	0.000120	-1.546753	-0.000120	0.999911	0.112183	
839	0.999911	0.000120	-1.546753	-0.000120	0.999911	0.112183	
840	0.999111	0.000066	-0.844788	-0.000066	0.999111	0.394043	
841	0.999111	0.000066	-0.844788	-0.000066	0.999111	0.394043	
842	0.999111	0.000066	-0.844788	-0.000066	0.999111	0.394043	
843	0.999111	0.000066	-0.844788	-0.000066	0.999111	0.394043	
844	0.999111	0.000066	-0.844788	-0.000066	0.999111	0.394043	
845	0.999111	0.000066	-0.844788	-0.000066	0.999111	0.394043	
846	0.999111	0.000066	-0.844788	-0.000066	0.999111	0.394043	
847	0.999111	0.000066	-0.844788	-0.000066	0.999111	0.394043	
848	0.999111	0.000066	-0.844788	-0.000066	0.999111	0.394043	
849	0.999111	0.000066	-0.844788	-0.000066	0.999111	0.394043	
850	0.999111	0.000066	-0.844788	-0.000066	0.999111	0.394043	
851	0.999111	0.000066	-0.844788	-0.000066	0.999111	0.394043	
852	0.999111	0.000066	-0.844788	-0.000066	0.999111	0.394043	
853	0.999111	0.000066	-0.844788	-0.000066	0.999111	0.394043	
854	1.000192	0.000378	0.495422	-0.000378	1.000192	-1.154907	
855	1.000192	0.000378	0.495422	-0.000378	1.000192	-1.154907	
856	1.000192	0.000378	0.495422	-0.000378	1.000192	-1.154907	
857	1.000192	0.000378	0.495422	-0.000378	1.000192	-1.154907	
858	1.000192	0.000378	0.495422	-0.000378	1.000192	-1.154907	
859	1.000192	0.000378	0.495422	-0.000378	1.000192	-1.154907	
860	1.000192	0.000378	0.495422	-0.000378	1.000192	-1.154907	
861	1.000282	-0.000020	0.775574	0.000020	1.000282	-2.868530	
862	1.002336	0.001810	-6.463440	-0.001810	1.002336	-3.373077	
863	1.002336	0.001810	-6.463440	-0.001810	1.002336	-3.373077	
864	1.002336	0.001810	-6.463440	-0.001810	1.002336	-3.373077	
865	1.002336	0.001810	-6.463440	-0.001810	1.002336	-3.373077	
866	1.002336	0.001810	-6.463440	-0.001810	1.002336	-3.373077	
867	1.002336	0.001810	-6.463440	-0.001810	1.002336	-3.373077	
868	1.002336	0.001810	-6.463440	-0.001810	1.002336	-3.373077	
869	1.002336	0.001810	-6.463440	-0.001810	1.002336	-3.373077	
870	1.002336	0.001810	-6.463440	-0.001810	1.002336	-3.373077	
871	1.002336	0.001810	-6.463440	-0.001810	1.002336	-3.373077	
872	0.999648	-0.000062	2.215454	0.000062	0.999648	-5.846985	
873	1.000978	-0.000262	0.822571	0.000262	1.000978	-6.948914	
874	1.000978	-0.000262	0.822571	0.000262	1.000978	-6.948914	
875	1.000978	-0.000262	0.822571	0.000262	1.000978	-6.948914	
876	1.000978	-0.000262	0.822571	0.000262	1.000978	-6.948914	
877	1.000978	-0.000262	0.822571	0.000262	1.000978	-6.948914	
878	1.003907	0.001193	-1.456970	-0.001193	1.003907	-3.999115	
879	1.003907	0.001193	-1.456970	-0.001193	1.003907	-3.999115	
880	1.000474	-0.000690	0.726440	0.000690	1.000474	-2.894440	
881	1.000474	-0.000690	0.726440	0.000690	1.000474	-2.894440	
882	1.000088	-0.000353	1.151978	0.000353	1.000088	-2.677002	
883	1.000088	-0.000353	1.151978	0.000353	1.000088	-2.677002	
884	1.000088	-0.000353	1.151978	0.000353	1.000088	-2.677002	
885	1.000088	-0.000353	1.151978	0.000353	1.000088	-2.677002	
886	0.998355	-0.000575	2.759277	0.000575	0.998355	-0.602844	
887	0.998355	-0.000575	2.759277	0.000575	0.998355	-0.602844	
888	0.998355	-0.000575	2.759277	0.000575	0.998355	-0.602844	
889	0.998355	-0.000575	2.759277	0.000575	0.998355	-0.602844	
890	1.000142	0.000213	0.040466	-0.000213	1.000142	-0.317139	
891	1.000142	0.000213	0.040466	-0.000213	1.000142	-0.317139	
892	1.000142	0.000213	0.040466	-0.000213	1.000142	-0.317139	
893	1.000142	0.000213	0.040466	-0.000213	1.000142	-0.317139	
894	1.000142	0.000213	0.040466	-0.000213	1.000142	-0.317139	
895	1.000142	0.000213	0.040466	-0.000213	1.000142	-0.317139	
896	1.000142	0.000213	0.040466	-0.000213	1.000142	-0.317139	
897	1.000142	0.000213	0.040466	-0.000213	1.000142	-0.317139	
898	1.000142	0.000213	0.040466	-0.000213	1.000142	-0.317139	
899	1.000142	0.000213	0.040466	-0.000213	1.000142	-0.317139	
900	1.000142	0.000213	0.040466	-0.000213	1.000142	-0.317139	
901	1.000142	0.000213	0.040466	-0.000213	1.000142	-0.317139	
902	1.000142	0.000213	0.040466	-0.000213	1.000142	-0.317139	
903	1.000142	0.000213	0.040466	-0.000213	1.000142	-0.317139	
904	0.997014	-0.000478	-0.491821	0.000478	0.997014	2.455170	
905	0.997014	-0.000478	-0.491821	0.000478	0.997014	2.455170	
906	0.997014	-0.000478	-0.491821	0.000478	0.997014	2.455170	
907	0.997014	-0.000478	-0.491821	0.000478	0.997014	2.455170	
908	0.997014	-0.000478	-0.491821	0.000478	0.997014	2.455170	
909	0.999756	-0.000130	0.136902	0.000130	0.999756	1.113831	
910	0.999756	-0.000130	0.136902	0.000130	0.999756	1.113831	
911	0.999756	-0.000130	0.136902	0.000130	0.999756	1.113831	
912	0.999756	-0.000130	0.136902	0.000130	0.999756	1.113831	
913	0.999756	-0.000130	0.136902	0.000130	0.999756	1.113831	
914	0.999756	-0.000130	0.136902	0.000130	0.999756	1.113831	
915	0.999756	-0.000130	0.136902	0.000130	0.999756	1.113831	
916	0.997083	0.007945	-1.312134	-0.007945	0.997083	12.629028	
917	0.997656	-0.004559	-0.157288	0.004559	0.997656	0.175079	
918	0.999552	-0.001594	-0.141174	0.001594	0.999552	-0.017334	
919	0.999552	-0.001594	-0.141174	0.001594	0.999552	-0.017334	
920	0.999552	-0.001594	-0.141174	0.001594	0.999552	-0.017334	
921	0.999552	-0.001594	-0.141174	0.001594	0.999552	-0.017334	
922	0.999552	-0.001594	-0.141174	0.001594	0.999552	-0.017334	
923	0.999552	-0.001594	-0.141174	0.001594	0.999552	-0.017334	
924	0.999552	-0.001594	-0.141174	0.001594	0.999552	-0.017334	
925	0.999552	-0.001594	-0.141174	0.001594	0.999552	-0.017334	
926	0.999552	-0.001594	-0.141174	0.001594	0.999552	-0.017334	
927	0.999552	-0.001594	-0.141174	0.001594	0.999552	-0.017334	
928	0.999552	-0.001594	-0.141174	0.001594	0.999552	-0.017334	
929	0.999552	-0.001594	-0.141174	0.001594	0.999552	-0.017334	
930	0.999552	-0.001594	-0.141174	0.001594	0.999552	-0.017334	
931	0.999552	-0.001594	-0.141174	0.001594	0.999552	-0.017334	
932	1.000018	0.000053	-0.328979	-0.000053	1.000018	0.301941	
933	1.000326	-0.000952	-0.000488	0.000952	1.000326	-1.376648	
934	0.999730	-0.000176	0.504089	0.000176	0.999730	-0.326965	
935	0.999730	-0.000176	0.504089	0.000176	0.999730	-0.326965	
936	1.000387	-0.000106	-0.863953	0.000106	1.000387	-0.919617	
937	0.997093	-0.001216	5.215942	0.001216	0.997093	-0.754333	
938	0.999432	-0.000028	1.399170	0.000028	0.999432	0.174316	
939	0.999432	-0.000028	1.399170	0.000028	0.999432	0.174316	
940	0.998987	-0.001276	1.526611	0.001276	0.998987	-0.789673	
941	0.998987	-0.001276	1.526611	0.001276	0.998987	-0.789673	
942	0.998987	-0.001276	1.526611	0.001276	0.998987	-0.789673	
943	0.998987	-0.001276	1.526611	0.001276	0.998987	-0.789673	
944	0.998987	-0.001276	1.526611	0.001276	0.998987	-0.789673	
945	0.999694	0.000191	-0.863464	-0.000191	0.999694	0.385620	
946	0.999694	0.000191	-0.863464	-0.000191	0.999694	0.385620	
947	0.999694	0.000191	-0.863464	-0.000191	0.999694	0.385620	
948	0.999694	0.000191	-0.863464	-0.000191	0.999694	0.385620	
949	0.999694	0.000191	-0.863464	-0.000191	0.999694	0.385620	
950	1.000035	0.000077	-0.281738	-0.000077	1.000035	0.425201	
951	1.000035	0.000077	-0.281738	-0.000077	1.000035	0.425201	
952	1.000086	-0.001754	0.298279	0.001754	1.000086	-1.605896	
953	1.000943	-0.000892	-1.322998	0.000892	1.000943	-1.287476	
954	0.998836	-0.000534	-0.060181	0.000534	0.998836	0.838776	
955	1.000536	-0.001810	-0.122070	0.001810	1.000536	-1.134155	
956	0.998537	-0.000378	0.478333	0.000378	0.998537	1.031677	
957	0.998537	-0.000378	0.478333	0.000378	0.998537	1.031677	
958	0.999354	-0.000009	-0.194641	0.000009	0.999354	0.623322	
959	1.000163	0.000168	-2.825134	-0.000168	1.000163	0.550293	
960	1.000554	0.001422	-2.440857	-0.001422	1.000554	1.411987	
961	1.000554	0.001422	-2.440857	-0.001422	1.000554	1.411987	
962	0.999866	0.000415	-1.073181	-0.000415	0.999866	0.722107	
963	0.999866	0.000415	-1.073181	-0.000415	0.999866	0.722107	
964	0.999960	-0.000311	-1.039612	0.000311	0.999960	0.771362	
965	0.999960	-0.000311	-1.039612	0.000311	0.999960	0.771362	
966	1.000531	-0.000118	-1.905457	0.000118	1.000531	0.504974	
967	1.000531	-0.000118	-1.905457	0.000118	1.000531	0.504974	
968	1.000531	-0.000118	-1.905457	0.000118	1.000531	0.504974	
969	1.000531	-0.000118	-1.905457	0.000118	1.000531	0.504974	
970	1.000251	-0.000013	-0.838562	0.000013	1.000251	0.846954	
971	1.000251	-0.000013	-0.838562	0.000013	1.000251	0.846954	
972	1.000251	-0.000013	-0.838562	0.000013	1.000251	0.846954	
973	1.000251	-0.000013	-0.838562	0.000013	1.000251	0.846954	
974	1.000251	-0.000013	-0.838562	0.000013	1.000251	0.846954	
975	1.000251	-0.000013	-0.838562	0.000013	1.000251	0.846954	
976	0.999603	0.000289	-0.925659	-0.000289	0.999603	0.490417	
977	1.001365	0.000805	-3.273315	-0.000805	1.001365	0.370850	
978	0.999844	0.000490	-0.727844	-0.000490	0.999844	0.400146	
979	0.999844	0.000490	-0.727844	-0.000490	0.999844	0.400146	
980	1.000239	0.000066	-0.869141	-0.000066	1.000239	0.261780	
981	1.000362	-0.000084	-0.488037	0.000084	1.000362	-0.391724	
982	0.999519	0.000135	-0.995667	-0.000135	0.999519	0.628479	
983	0.999519	0.000135	-0.995667	-0.000135	0.999519	0.628479	
984	1.000613	-0.000324	-0.505188	0.000324	1.000613	-0.178772	
985	0.997631	0.003152	-0.738892	-0.003152	0.997631	5.465820	
986	0.999567	-0.000032	-0.916016	0.000032	0.999567	0.691528	
987	0.997643	-0.000648	0.258850	0.000648	0.997643	0.985596	
988	1.000118	-0.000106	-1.318237	0.000106	1.000118	-0.070862	
989	1.001175	-0.000030	-3.078125	0.000030	1.001175	-0.676819	
990	1.000074	-0.000193	-1.030701	0.000193	1.000074	-0.403687	
991	1.000074	-0.000193	-1.030701	0.000193	1.000074	-0.403687	
992	1.000260	-0.000229	-0.846130	0.000229	1.000260	-0.151917	
993	1.000447	-0.000528	-0.873108	0.000528	1.000447	-0.732117	
994	1.000447	-0.000528	-0.873108	0.000528	1.000447	-0.732117	
995	1.000447	-0.000528	-0.873108	0.000528	1.000447	-0.732117	
996	0.997409	-0.000189	1.458252	0.000189	0.997409	1.074860	
997	1.000103	-0.000931	0.318054	0.000931	1.000103	-1.273560	
998	1.000987	-0.000780	0.035461	0.000780	1.000987	-0.911011	
999	1.000987	-0.000780	0.035461	0.000780	1.000987	-0.911011	
