0	1.000000	0.000000	0.000000	0.000000	1.000000	0.000000	
1	1.000000	0.000000	0.000000	0.000000	1.000000	0.000000	
2	0.999983	0.000189	-0.097046	-0.000189	0.999983	0.447540	
3	1.000043	-0.000163	1.044128	0.000163	1.000043	0.004395	
4	1.001386	0.000899	-2.388184	-0.000899	1.001386	1.321106	
5	0.999931	0.000277	0.515564	-0.000277	0.999931	0.643219	
6	1.000070	0.000248	-0.211304	-0.000248	1.000070	0.195129	
7	1.000033	0.000546	-0.039429	-0.000546	1.000033	0.576752	
8	1.000023	0.000115	-0.117126	-0.000115	1.000023	0.157288	
9	1.000162	0.000070	0.453308	-0.000070	1.000162	0.160034	
10	1.000062	-0.000227	-0.611328	0.000227	1.000062	-0.082092	
11	1.000054	-0.000462	0.677856	0.000462	1.000054	-0.195801	
12	1.000028	-0.000073	-0.293701	0.000073	1.000028	0.058289	
13	1.000084	0.000150	-0.172729	-0.000150	1.000084	0.482361	
14	1.000085	0.000246	0.113525	-0.000246	1.000085	0.432220	
15	1.000067	0.000443	-0.029297	-0.000443	1.000067	0.716705	
16	0.999013	-0.001241	1.492310	0.001241	0.999013	-1.142792	
17	0.999881	-0.000228	0.154419	0.000228	0.999881	0.001892	
18	1.000053	-0.000323	-0.297546	0.000323	1.000053	-0.202301	
19	1.000000	0.000096	0.397217	-0.000096	1.000000	0.350067	
20	1.000050	0.000154	-0.656616	-0.000154	1.000050	0.245239	
21	1.000050	0.000154	-0.656616	-0.000154	1.000050	0.245239	
22	1.000050	0.000154	-0.656616	-0.000154	1.000050	0.245239	
23	1.000050	0.000154	-0.656616	-0.000154	1.000050	0.245239	
24	1.000050	0.000154	-0.656616	-0.000154	1.000050	0.245239	
25	1.000050	0.000154	-0.656616	-0.000154	1.000050	0.245239	
26	1.000179	0.000202	-0.494751	-0.000202	1.000179	0.086060	
27	0.999901	-0.000129	0.210938	0.000129	0.999901	0.173889	
28	0.999827	-0.000151	0.199951	0.000151	0.999827	-0.014252	
29	0.999890	0.000005	0.124023	-0.000005	0.999890	0.171860	
30	0.999890	0.000005	0.124023	-0.000005	0.999890	0.171860	
31	0.999916	-0.000066	0.114502	0.000066	0.999916	0.120667	
32	1.000008	0.000012	-0.119629	-0.000012	1.000008	0.047745	
33	1.000023	0.000330	-0.069092	-0.000330	1.000023	0.271027	
34	0.999751	0.000524	0.247803	-0.000524	0.999751	0.545013	
35	0.999653	-0.000975	0.613770	0.000975	0.999653	-1.018219	
36	1.000016	-0.000237	0.344727	0.000237	1.000016	-0.150085	
37	0.999875	0.000146	-0.141479	-0.000146	0.999875	0.420273	
38	1.000258	-0.000155	0.252686	0.000155	1.000258	-0.289856	
39	0.999927	0.000423	-0.549316	-0.000423	0.999927	0.468246	
40	0.999976	-0.000059	0.291626	0.000059	0.999976	0.188293	
41	1.000583	-0.000347	-1.148560	0.000347	1.000583	-1.114182	
42	1.000162	-0.000210	0.181519	0.000210	1.000162	-0.308273	
43	0.999157	0.000912	0.554321	-0.000912	0.999157	0.741959	
44	1.000010	0.000023	-0.061279	-0.000023	1.000010	0.088547	
45	1.000010	0.000023	-0.061279	-0.000023	1.000010	0.088547	
46	1.000045	-0.000086	0.042603	0.000086	1.000045	-0.048050	
47	0.999939	-0.000183	0.477661	0.000183	0.999939	-0.092499	
48	1.000045	-0.000122	0.056030	0.000122	1.000045	-0.093842	
49	1.000789	-0.000461	-0.305054	0.000461	1.000789	-0.344299	
50	0.999815	0.000021	0.219604	-0.000021	0.999815	0.026169	
51	0.999815	0.000021	0.219604	-0.000021	0.999815	0.026169	
52	1.000146	-0.000192	-0.166199	0.000192	1.000146	-0.178497	
53	1.000146	-0.000192	-0.166199	0.000192	1.000146	-0.178497	
54	0.999796	-0.000094	0.297974	0.000094	0.999796	0.165802	
55	1.000016	-0.000460	0.636475	0.000460	1.000016	0.025330	
56	1.000016	-0.000460	0.636475	0.000460	1.000016	0.025330	
57	1.000016	-0.000460	0.636475	0.000460	1.000016	0.025330	
58	1.000217	0.000040	0.310791	-0.000040	1.000217	0.171082	
59	1.000217	0.000040	0.310791	-0.000040	1.000217	0.171082	
60	0.999697	0.000374	0.509033	-0.000374	0.999697	0.860901	
61	0.999697	0.000374	0.509033	-0.000374	0.999697	0.860901	
62	1.000362	0.000359	-0.604248	-0.000359	1.000362	0.339951	
63	1.000362	0.000359	-0.604248	-0.000359	1.000362	0.339951	
64	1.000362	0.000359	-0.604248	-0.000359	1.000362	0.339951	
65	1.000362	0.000359	-0.604248	-0.000359	1.000362	0.339951	
66	0.998834	-0.000747	1.620972	0.000747	0.998834	-0.229401	
67	0.998834	-0.000747	1.620972	0.000747	0.998834	-0.229401	
68	1.000283	0.000526	-0.110474	-0.000526	1.000283	1.229248	
69	1.000283	0.000526	-0.110474	-0.000526	1.000283	1.229248	
70	1.000147	-0.000609	0.230835	0.000609	1.000147	-0.468018	
71	1.000043	-0.000541	1.165894	0.000541	1.000043	0.387817	
72	0.999973	-0.000642	0.426270	0.000642	0.999973	-0.023926	
73	1.001150	0.000417	-0.565308	-0.000417	1.001150	1.464005	
74	1.000270	0.000066	-0.067139	-0.000066	1.000270	0.445007	
75	0.999892	-0.000099	0.826538	0.000099	0.999892	0.909744	
76	0.999942	-0.000316	0.459229	0.000316	0.999942	0.263855	
77	0.999548	-0.000545	1.559814	0.000545	0.999548	0.453278	
78	0.998401	-0.000362	2.996216	0.000362	0.998401	0.434753	
79	0.999993	-0.000325	1.157715	0.000325	0.999993	0.375168	
80	0.998378	-0.002353	3.149292	0.002353	0.998378	-1.587341	
81	0.999290	0.001684	1.540283	-0.001684	0.999290	3.855515	
82	0.996726	0.003244	4.927612	-0.003244	0.996726	5.655182	
83	0.999412	-0.000066	0.884460	0.000066	0.999412	1.199677	
84	0.997542	0.000980	3.906006	-0.000980	0.997542	2.129761	
85	0.998591	0.000949	1.484619	-0.000949	0.998591	2.551544	
86	1.000100	-0.000276	0.911377	0.000276	1.000100	0.443161	
87	1.000053	0.000679	0.416382	-0.000679	1.000053	2.114395	
88	0.999989	-0.000376	0.865234	0.000376	0.999989	0.378662	
89	0.999722	-0.002531	1.895630	0.002531	0.999722	-1.563919	
90	0.999931	-0.000241	0.701660	0.000241	0.999931	0.279541	
91	0.999924	0.000118	0.633057	-0.000118	0.999924	1.214996	
92	0.999988	0.000525	0.356323	-0.000525	0.999988	1.123322	
93	1.000206	0.000900	-0.022339	-0.000900	1.000206	1.686523	
94	1.000021	0.000041	0.612427	-0.000041	1.000021	0.587769	
95	0.999743	-0.000376	1.084717	0.000376	0.999743	0.666077	
96	0.999862	-0.000063	0.251709	0.000063	0.999862	0.476349	
97	1.000222	0.000301	0.386108	-0.000301	1.000222	1.375854	
98	0.999999	0.000500	0.269531	-0.000500	0.999999	1.148438	
99	0.998967	-0.001045	1.860962	0.001045	0.998967	0.322800	
100	1.004602	0.003212	-6.020630	-0.003212	1.004602	3.931122	
101	1.000623	-0.000490	-0.359741	0.000490	1.000623	0.547058	
102	1.000296	-0.000040	-0.144287	0.000040	1.000296	0.391785	
103	1.000296	-0.000040	-0.144287	0.000040	1.000296	0.391785	
104	1.000154	-0.000179	1.168091	0.000179	1.000154	0.162415	
105	0.999869	-0.000665	-0.012207	0.000665	0.999869	0.283417	
106	1.000090	-0.000261	0.637085	0.000261	1.000090	0.153442	
107	0.999797	-0.000661	0.591431	0.000661	0.999797	0.296906	
108	1.000204	-0.000134	0.127563	0.000134	1.000204	0.274078	
109	0.999949	0.000598	-0.171509	-0.000598	0.999949	1.541199	
110	1.000153	0.000022	-0.350342	-0.000022	1.000153	0.407288	
111	0.999745	-0.000274	0.296997	0.000274	0.999745	0.601501	
112	1.000141	-0.000233	0.083862	0.000233	1.000141	0.027954	
113	1.000040	-0.000341	0.348145	0.000341	1.000040	0.352844	
114	0.998911	-0.001491	1.589844	0.001491	0.998911	-1.471664	
115	0.999226	0.000712	1.094727	-0.000712	0.999226	1.798294	
116	0.999934	0.000019	-0.078552	-0.000019	0.999934	0.447327	
117	0.999934	0.000019	-0.078552	-0.000019	0.999934	0.447327	
118	1.001131	0.000528	-1.878052	-0.000528	1.001131	0.844254	
119	0.999952	0.000308	-0.190430	-0.000308	0.999952	0.885132	
120	1.000227	-0.000298	0.192871	0.000298	1.000227	-0.194946	
121	1.000227	-0.000298	0.192871	0.000298	1.000227	-0.194946	
122	1.000227	-0.000298	0.192871	0.000298	1.000227	-0.194946	
123	1.000005	-0.000098	0.129761	0.000098	1.000005	0.192703	
124	0.999948	0.000266	0.165527	-0.000266	0.999948	0.469513	
125	1.000067	0.000280	0.443726	-0.000280	1.000067	0.330765	
126	1.000050	0.000056	-0.431519	-0.000056	1.000050	-0.072357	
127	0.999858	-0.000118	0.571899	0.000118	0.999858	-0.188400	
128	0.999950	-0.000079	0.341187	0.000079	0.999950	-0.152557	
129	1.000096	-0.000250	0.334839	0.000250	1.000096	-0.354980	
130	1.000062	-0.000254	0.232300	0.000254	1.000062	-0.314331	
131	0.999707	-0.000011	0.657227	0.000011	0.999707	0.080643	
132	0.999849	0.000005	0.329956	-0.000005	0.999849	0.063126	
133	0.999966	0.000617	-0.451782	-0.000617	0.999966	0.196136	
134	1.000303	-0.000096	-0.237061	0.000096	1.000303	-0.370438	
135	1.000247	0.000242	-0.255371	-0.000242	1.000247	-0.100479	
136	0.999864	0.000235	0.170044	-0.000235	0.999864	0.134155	
137	0.999838	-0.000106	0.794556	0.000106	0.999838	-0.585693	
138	1.000016	-0.000227	0.147827	0.000227	1.000016	-0.593536	
139	1.001340	0.000148	-1.739502	-0.000148	1.001340	-0.435287	
140	0.999880	0.000101	0.089844	-0.000101	0.999880	-0.028320	
141	1.000172	0.000607	-0.061646	-0.000607	1.000172	-0.434219	
142	1.000092	0.000530	-0.910034	-0.000530	1.000092	0.224365	
143	1.000029	0.000006	0.762451	-0.000006	1.000029	-0.858139	
144	0.999923	0.000089	-0.227051	-0.000089	0.999923	-0.252838	
145	1.000016	0.000116	0.618774	-0.000116	1.000016	-0.433258	
146	1.000079	0.000025	0.145386	-0.000025	1.000079	-0.501343	
147	0.999815	0.000528	-0.120605	-0.000528	0.999815	-0.364105	
148	0.999855	0.000365	0.230347	-0.000365	0.999855	-0.008148	
149	1.000059	-0.000109	0.060791	0.000109	1.000059	-1.193649	
150	1.000064	-0.000022	-0.261841	0.000022	1.000064	-0.533722	
151	0.999927	0.000078	0.014404	-0.000078	0.999927	-0.884842	
152	1.000032	-0.000161	-0.049072	0.000161	1.000032	-0.530914	
153	1.000223	-0.000307	-0.060303	0.000307	1.000223	-1.200882	
154	1.000118	-0.000185	0.256714	0.000185	1.000118	-0.871490	
155	1.000016	-0.000250	0.072510	0.000250	1.000016	-1.115204	
156	1.000009	0.000206	0.177490	-0.000206	1.000009	-0.209747	
157	1.000000	0.000491	-0.686646	-0.000491	1.000000	-0.405167	
158	1.000166	-0.000043	-0.065796	0.000043	1.000166	-0.684967	
159	1.000049	0.000395	-0.283569	-0.000395	1.000049	-0.621124	
160	1.000131	-0.000395	0.109009	0.000395	1.000131	-0.558960	
161	0.999976	-0.000365	0.146240	0.000365	0.999976	-1.460129	
162	1.000144	-0.000423	-0.032471	0.000423	1.000144	-0.827515	
163	1.000145	-0.000538	0.371094	0.000538	1.000145	-1.416962	
164	1.001361	0.001024	-2.216797	-0.001024	1.001361	1.073380	
165	0.999929	0.000410	-0.621094	-0.000410	0.999929	-0.347839	
166	1.000081	0.000401	0.497314	-0.000401	1.000081	-0.115204	
167	1.000009	0.000046	-0.666504	-0.000046	1.000009	-0.707428	
168	0.999874	-0.000118	0.412476	0.000118	0.999874	-0.413589	
169	0.999863	-0.000410	0.097778	0.000410	0.999863	-0.819778	
170	1.000366	0.000041	0.335205	-0.000041	1.000366	-0.474289	
171	0.999850	0.000223	-0.665039	-0.000223	0.999850	-0.465042	
172	0.999987	0.000183	0.160156	-0.000183	0.999987	-0.075897	
173	0.999978	0.000213	-0.485718	-0.000213	0.999978	-0.476395	
174	1.000145	-0.000143	-0.488281	0.000143	1.000145	-0.557785	
175	0.999848	-0.000028	0.328369	0.000028	0.999848	-0.556839	
176	0.999966	0.000161	-0.246338	-0.000161	0.999966	-0.045837	
177	0.999954	0.000188	-0.196045	-0.000188	0.999954	-0.379990	
178	1.000084	-0.000265	-0.170776	0.000265	1.000084	-0.705658	
179	0.999940	-0.000108	-0.045410	0.000108	0.999940	-0.613434	
180	1.000045	0.000058	-0.115723	-0.000058	1.000045	0.000031	
181	0.999849	0.000446	-0.628296	-0.000446	0.999849	0.077652	
182	1.000066	0.000075	-0.221313	-0.000075	1.000066	-0.209610	
183	0.999956	-0.000119	0.080688	0.000119	0.999956	-0.435928	
184	1.000041	-0.000144	-0.458374	0.000144	1.000041	-0.147141	
185	0.999875	0.000035	-0.095581	-0.000035	0.999875	-0.072113	
186	0.999921	0.000098	-0.185669	-0.000098	0.999921	0.008240	
187	0.999849	-0.000171	0.096069	0.000171	0.999849	-0.336716	
188	0.999952	0.000039	-0.271484	-0.000039	0.999952	-0.075378	
189	0.999863	-0.000109	-0.181763	0.000109	0.999863	-0.060379	
190	1.000833	-0.001296	-0.815674	0.001296	1.000833	-1.864914	
191	0.999911	0.000072	-0.210571	-0.000072	0.999911	-0.043350	
192	0.999957	0.000082	0.186035	-0.000082	0.999957	0.035370	
193	0.999933	-0.000208	-0.112061	0.000208	0.999933	-0.369690	
194	0.999920	-0.000218	0.236938	0.000218	0.999920	-0.167801	
195	0.999992	-0.000441	0.437256	0.000441	0.999992	-0.220764	
196	0.999989	-0.000258	-0.145630	0.000258	0.999989	-0.056686	
197	0.999859	-0.000220	0.438843	0.000220	0.999859	0.051956	
198	0.999958	0.000152	-0.467651	-0.000152	0.999958	0.340729	
199	0.999983	0.000403	-0.253540	-0.000403	0.999983	0.686264	
200	1.000038	0.000144	-0.089355	-0.000144	1.000038	0.210342	
201	0.999899	0.000097	-0.191162	-0.000097	0.999899	0.565704	
202	1.000053	0.000011	0.346802	-0.000011	1.000053	0.212448	
203	0.999982	0.000208	-0.532104	-0.000208	0.999982	0.665909	
204	1.000007	-0.000031	0.155029	0.000031	1.000007	0.209702	
205	1.000157	0.000492	-0.494995	-0.000492	1.000157	1.064163	
206	1.000013	-0.000011	0.120117	0.000011	1.000013	0.147247	
207	1.000004	-0.000129	-0.172241	0.000129	1.000004	0.501755	
208	0.999766	-0.000009	0.498657	0.000009	0.999766	0.460327	
209	0.999940	-0.000476	0.595276	0.000476	0.999940	0.245544	
210	1.000124	0.000264	-0.289368	-0.000264	1.000124	0.300598	
211	1.000124	0.000264	-0.289368	-0.000264	1.000124	0.300598	
212	1.000041	0.000126	-0.266846	-0.000126	1.000041	0.344925	
213	0.999965	-0.000364	0.527100	0.000364	0.999965	0.165359	
214	1.000001	0.000185	-0.302490	-0.000185	1.000001	0.298935	
215	1.000065	0.000361	-0.015991	-0.000361	1.000065	0.793655	
216	0.999968	-0.000114	0.059692	0.000114	0.999968	0.162781	
217	0.999967	0.000178	0.073608	-0.000178	0.999967	0.811646	
218	1.000142	-0.000171	-0.013672	0.000171	1.000142	-0.047882	
219	1.000019	0.000089	-0.499023	-0.000089	1.000019	0.332489	
220	0.999997	0.000068	0.248779	-0.000068	0.999997	0.044830	
221	1.000133	0.000437	-0.296387	-0.000437	1.000133	0.579468	
222	1.000037	0.000150	-0.302124	-0.000150	1.000037	0.230682	
223	0.999953	-0.000003	0.188232	0.000003	0.999953	0.113037	
224	0.999950	-0.000182	0.140869	0.000182	0.999950	-0.057709	
225	0.999858	0.000090	0.318115	-0.000090	0.999858	0.440094	
226	1.000005	-0.000096	0.105713	0.000096	1.000005	-0.129944	
227	0.999997	0.000235	-0.318481	-0.000235	0.999997	0.258118	
228	1.000015	-0.000010	0.070923	0.000010	1.000015	-0.130524	
229	0.999992	0.000131	-0.663818	-0.000131	0.999992	-0.015533	
230	1.000135	-0.000224	0.243530	0.000224	1.000135	-0.307343	
231	0.999994	0.000199	0.254028	-0.000199	0.999994	0.146484	
232	0.999851	0.000096	-0.213257	-0.000096	0.999851	0.129333	
233	0.999961	0.000236	-0.108887	-0.000236	0.999961	0.204376	
234	1.000013	-0.000103	0.353394	0.000103	1.000013	-0.170349	
235	1.000173	-0.000080	-0.359131	0.000080	1.000173	-0.321594	
236	1.000001	-0.000035	0.121338	0.000035	1.000001	-0.087952	
237	1.000064	0.000189	0.023315	-0.000189	1.000064	-0.019592	
238	1.000101	0.000354	-0.586914	-0.000354	1.000101	-0.010498	
239	1.000067	-0.000004	0.059448	0.000004	1.000067	-0.165588	
240	1.000146	0.000099	-0.556763	-0.000099	1.000146	-0.106995	
241	0.999915	-0.000191	0.450928	0.000191	0.999915	-0.216705	
242	0.999983	-0.000080	-0.163208	0.000080	0.999983	-0.238708	
243	0.999948	0.000056	-0.063232	-0.000056	0.999948	0.008667	
244	1.000051	-0.000327	0.275879	0.000327	1.000051	-0.549469	
245	1.000067	-0.000534	0.009888	0.000534	1.000067	-0.644287	
246	1.000009	-0.000324	0.078369	0.000324	1.000009	-0.292053	
247	0.999997	-0.000072	-0.487305	0.000072	0.999997	-0.043945	
248	1.000096	0.000385	-0.296021	-0.000385	1.000096	0.233490	
249	1.000331	0.000097	-0.887817	-0.000097	1.000331	0.008453	
250	0.999737	0.000044	0.707153	-0.000044	0.999737	0.526367	
251	0.999955	-0.000084	-0.398193	0.000084	0.999955	0.123352	
252	0.999898	-0.000253	0.599365	0.000253	0.999898	0.178314	
253	1.000139	-0.000010	-0.380615	0.000010	1.000139	0.048416	
254	1.000169	0.000313	-0.415405	-0.000313	1.000169	0.542892	
255	0.999868	0.000529	-0.728149	-0.000529	0.999868	0.809235	
256	0.999915	0.000353	-0.270264	-0.000353	0.999915	0.823593	
257	0.999988	-0.000100	0.077271	0.000100	0.999988	0.090637	
258	1.000072	0.000068	-0.391846	-0.000068	1.000072	0.351196	
259	0.999899	0.000116	-0.172119	-0.000116	0.999899	0.249207	
260	1.000888	-0.001769	-0.521973	0.001769	1.000888	-2.435089	
261	0.999752	-0.000090	-0.000366	0.000090	0.999752	0.172546	
262	1.000079	0.000117	-0.298218	-0.000117	1.000079	0.382462	
263	0.999845	0.000014	0.190430	-0.000014	0.999845	0.214554	
264	1.000122	0.000138	-0.902344	-0.000138	1.000122	0.199463	
265	1.000111	0.000067	0.119019	-0.000067	1.000111	0.141815	
266	1.000290	0.000661	-0.983398	-0.000661	1.000290	0.883591	
267	0.999860	0.000181	0.045044	-0.000181	0.999860	0.538116	
268	0.999943	-0.000507	0.495605	0.000507	0.999943	-0.275421	
269	0.999946	-0.000123	-0.003906	0.000123	0.999946	-0.080521	
270	0.999872	0.000111	-0.026367	-0.000111	0.999872	0.195694	
271	0.999952	0.000086	0.048462	-0.000086	0.999952	0.121948	
272	0.999911	0.000648	-0.813599	-0.000648	0.999911	0.675064	
273	1.000032	0.000039	0.579102	-0.000039	1.000032	-0.019073	
274	0.999986	-0.000156	-0.080322	0.000156	0.999986	-0.171783	
275	0.999855	0.000026	0.394531	-0.000026	0.999855	0.034973	
276	1.000095	-0.000163	-0.220215	0.000163	1.000095	-0.444778	
277	1.000003	-0.000066	0.402100	0.000066	1.000003	-0.188553	
278	1.000009	-0.000089	-0.149536	0.000089	1.000009	-0.275253	
279	1.000027	0.000049	-0.022949	-0.000049	1.000027	-0.079025	
280	1.000207	0.000058	0.055786	-0.000058	1.000207	-0.345184	
281	1.000048	0.000139	-0.361206	-0.000139	1.000048	-0.236801	
282	0.999991	0.000378	-0.120972	-0.000378	0.999991	0.105179	
283	1.000066	0.000286	-0.105347	-0.000286	1.000066	0.171387	
284	0.999894	0.000249	-0.093750	-0.000249	0.999894	0.084335	
285	1.000151	-0.000106	0.666626	0.000106	1.000151	-0.411484	
286	0.999894	-0.000142	0.005127	0.000142	0.999894	-0.520050	
287	1.000084	0.000086	0.232788	-0.000086	1.000084	-0.167633	
288	1.000011	0.000368	-0.487610	-0.000368	1.000011	-0.442535	
289	1.000040	0.000130	0.658630	-0.000130	1.000040	-0.091919	
290	1.000091	-0.000139	0.316772	0.000139	1.000091	-0.592010	
291	1.000023	0.000274	-0.610596	-0.000274	1.000023	0.177734	
292	1.000169	0.000454	0.106689	-0.000454	1.000169	-0.093582	
293	0.999920	0.000427	-0.634888	-0.000427	0.999920	0.160339	
294	1.000137	-0.000153	0.415527	0.000153	1.000137	-0.572021	
295	0.999979	-0.000039	0.147827	0.000039	0.999979	-0.244446	
296	1.000181	-0.000537	0.205078	0.000537	1.000181	-1.181946	
297	0.999975	0.000140	0.256226	-0.000140	0.999975	-0.120697	
298	1.000038	0.000113	0.046387	-0.000113	1.000038	-0.470490	
299	0.999940	-0.000107	-0.001465	0.000107	0.999940	-0.447418	
300	0.999892	-0.000118	0.050903	0.000118	0.999892	-0.413895	
301	1.000134	0.000697	0.729248	-0.000697	1.000134	0.320251	
302	0.999885	0.000080	-0.315674	-0.000080	0.999885	-0.302185	
303	1.000083	0.000060	0.001099	-0.000060	1.000083	-0.108551	
304	0.999870	0.000279	-0.117188	-0.000279	0.999870	-0.094330	
305	1.000098	0.000061	-0.220459	-0.000061	1.000098	-0.191864	
306	1.000035	-0.000083	-0.045654	0.000083	1.000035	-0.474396	
307	0.999958	-0.000121	0.173462	0.000121	0.999958	-0.351715	
308	1.000043	-0.000304	-0.173218	0.000304	1.000043	-0.639130	
309	0.999929	-0.000209	0.320312	0.000209	0.999929	-0.260529	
310	0.999935	0.000339	-0.424805	-0.000339	0.999935	0.436478	
311	0.999961	0.000265	-0.207153	-0.000265	0.999961	0.304413	
312	0.999938	-0.000231	-0.024658	0.000231	0.999938	-0.217316	
313	0.999964	0.000176	-0.170898	-0.000176	0.999964	0.351593	
314	0.999886	0.000091	0.005249	-0.000091	0.999886	0.458282	
315	1.000004	0.000045	-0.061646	-0.000045	1.000004	0.266357	
316	0.999859	0.000040	0.050171	-0.000040	0.999859	0.493103	
317	1.000007	-0.000229	0.029785	0.000229	1.000007	-0.081024	
318	1.000079	-0.000150	-0.106689	0.000150	1.000079	0.139069	
319	1.000085	0.000059	-0.307861	-0.000059	1.000085	0.160828	
320	0.999893	0.000013	0.166626	-0.000013	0.999893	0.659698	
321	1.000215	-0.000024	-0.370239	0.000024	1.000215	0.187561	
322	0.999958	0.000060	-0.324951	-0.000060	0.999958	0.647369	
323	1.000020	0.000038	0.033936	-0.000038	1.000020	0.306030	
324	0.999901	0.000556	-0.480957	-0.000556	0.999901	1.222137	
325	1.000257	0.000115	-0.672852	-0.000115	1.000257	0.321136	
326	1.000022	0.000278	-0.247070	-0.000278	1.000022	0.795624	
327	0.999928	-0.000098	-0.466919	0.000098	0.999928	0.274292	
328	0.999846	-0.000064	0.121704	0.000064	0.999846	0.531128	
329	0.999952	0.000034	-0.075562	-0.000034	0.999952	0.293915	
330	0.999905	0.000255	-0.423584	-0.000255	0.999905	0.890930	
331	0.999948	0.000570	-0.529419	-0.000570	0.999948	0.837158	
332	1.000128	-0.000070	-0.619385	0.000070	1.000128	0.256287	
333	0.999935	0.000501	0.127319	-0.000501	0.999935	0.741547	
334	0.999716	0.000184	0.201416	-0.000184	0.999716	0.282349	
335	0.999965	0.000196	-0.617188	-0.000196	0.999965	0.229919	
336	1.000014	-0.000019	0.414062	0.000019	1.000014	0.000946	
337	0.999954	-0.000226	0.025635	0.000226	0.999954	-0.115570	
338	0.999832	-0.000340	0.283813	0.000340	0.999832	-0.125580	
339	0.999885	0.000073	-0.161255	-0.000073	0.999885	0.217407	
340	0.999225	0.000359	0.932495	-0.000359	0.999225	0.455185	
341	1.000244	0.000392	-1.079346	-0.000392	1.000244	0.284851	
342	0.999891	-0.000094	0.399414	0.000094	0.999891	0.053284	
343	0.999947	-0.000287	0.092896	0.000287	0.999947	-0.264465	
344	1.000121	-0.000156	-0.136230	0.000156	1.000121	-0.407349	
345	1.000056	-0.000113	0.190063	0.000113	1.000056	-0.238403	
346	0.999901	-0.000064	-0.238281	0.000064	0.999901	-0.238922	
347	0.999919	-0.000019	0.040771	0.000019	0.999919	-0.051971	
348	0.999987	0.000439	-0.347656	-0.000439	0.999987	0.218018	
349	1.000023	0.000301	0.011719	-0.000301	1.000023	0.173431	
350	1.000317	0.000118	-1.013062	-0.000118	1.000317	-0.080353	
351	1.000200	0.000042	-0.003418	-0.000042	1.000200	-0.038452	
352	1.000062	-0.000136	-0.598145	0.000136	1.000062	-0.354187	
353	1.000102	0.000295	-0.433472	-0.000295	1.000102	0.194550	
354	1.000464	0.000291	-1.141235	-0.000291	1.000464	0.213776	
355	0.999939	-0.000093	0.131958	0.000093	0.999939	-0.018646	
356	0.999939	-0.000093	0.131958	0.000093	0.999939	-0.018646	
357	1.000094	-0.000185	0.162476	0.000185	1.000094	-0.338745	
358	1.000088	-0.000225	-0.348694	0.000225	1.000088	-0.432343	
359	1.000009	-0.000012	0.174744	0.000012	1.000009	-0.120422	
360	1.000646	0.000326	-1.075134	-0.000326	1.000646	-0.357208	
361	1.000143	-0.000069	-0.277344	0.000069	1.000143	-0.160034	
362	1.006180	0.001907	-7.501587	-0.001907	1.006180	1.846397	
363	0.999796	-0.000202	0.043884	0.000202	0.999796	0.047302	
364	0.999796	-0.000202	0.043884	0.000202	0.999796	0.047302	
365	1.000131	-0.000093	-0.232056	0.000093	1.000131	-0.132782	
366	1.000053	-0.000067	-0.110474	0.000067	1.000053	-0.105957	
367	1.000109	-0.000035	-0.252930	0.000035	1.000109	-0.058716	
368	1.000120	0.000350	-0.485352	-0.000350	1.000120	0.366425	
369	1.000167	-0.000228	-0.470703	0.000228	1.000167	-0.431549	
370	1.000108	0.000029	0.065430	-0.000029	1.000108	-0.001068	
371	0.999866	-0.000078	-0.443359	0.000078	0.999866	-0.070648	
372	0.999967	-0.000294	0.699463	0.000294	0.999967	-0.293152	
373	1.000276	-0.000243	-0.605713	0.000243	1.000276	-0.334930	
374	0.999857	-0.000560	0.861084	0.000560	0.999857	-0.365662	
375	1.000016	-0.000216	-0.144043	0.000216	1.000016	-0.153320	
376	1.000050	-0.000328	0.401123	0.000328	1.000050	-0.243469	
377	1.000088	0.000209	-0.260010	-0.000209	1.000088	0.206573	
378	1.000088	0.000209	-0.260010	-0.000209	1.000088	0.206573	
379	1.000138	-0.000004	0.075317	0.000004	1.000138	-0.084045	
380	0.999888	-0.000234	-0.185303	0.000234	0.999888	-0.219940	
381	1.000549	-0.000289	-0.211182	0.000289	1.000549	-0.597595	
382	1.000549	-0.000289	-0.211182	0.000289	1.000549	-0.597595	
383	0.999997	-0.000038	-0.018372	0.000038	0.999997	0.056885	
384	1.000118	-0.000041	-0.002319	0.000041	1.000118	0.021667	
385	1.000117	0.000381	-0.478271	-0.000381	1.000117	0.329987	
386	1.000021	0.000214	0.093079	-0.000214	1.000021	0.192169	
387	1.000127	-0.000028	-0.297119	0.000028	1.000127	-0.097717	
388	1.000046	-0.000346	0.459045	0.000346	1.000046	-0.270996	
389	1.000379	-0.000713	-0.415527	0.000713	1.000379	-1.157715	
390	0.999731	-0.000250	0.796143	0.000250	0.999731	0.028442	
391	1.000367	-0.000220	-1.192261	0.000220	1.000367	-0.487946	
392	0.999919	0.000129	0.719604	-0.000129	0.999919	0.102783	
393	0.999956	0.000213	-0.159546	-0.000213	0.999956	0.191528	
394	1.000118	0.000177	0.111572	-0.000177	1.000118	0.120667	
395	1.000153	0.000171	0.196777	-0.000171	1.000153	0.147491	
396	1.000340	-0.000027	-0.574341	0.000027	1.000340	-0.257080	
397	1.000036	-0.000119	0.415894	0.000119	1.000036	-0.288086	
398	1.000056	-0.000126	0.088623	0.000126	1.000056	-0.361389	
399	1.000000	0.000029	-0.027710	-0.000029	1.000000	-0.118225	
400	1.000127	0.000238	0.329712	-0.000238	1.000127	-0.024994	
401	1.000030	0.000067	-0.474609	-0.000067	1.000030	-0.126587	
402	0.999979	-0.000017	0.556641	0.000017	0.999979	-0.229919	
403	1.000239	0.000078	-0.662292	-0.000078	1.000239	-0.108368	
404	1.000041	0.000375	0.588684	-0.000375	1.000041	0.223312	
405	1.000133	0.000463	-0.412476	-0.000463	1.000133	0.533600	
406	1.000132	-0.000007	0.316772	0.000007	1.000132	-0.208008	
407	0.999934	-0.000218	0.281067	0.000218	0.999934	-0.343170	
408	0.999934	-0.000218	0.281067	0.000218	0.999934	-0.343170	
409	1.000011	-0.000324	0.695007	0.000324	1.000011	-0.625336	
410	1.000006	0.000033	-0.074524	-0.000033	1.000006	-0.240204	
411	0.999897	0.000012	0.265747	-0.000012	0.999897	-0.095642	
412	0.999897	0.000012	0.265747	-0.000012	0.999897	-0.095642	
413	0.999897	0.000012	0.265747	-0.000012	0.999897	-0.095642	
414	1.000040	0.000205	0.208862	-0.000205	1.000040	-0.181915	
415	1.000173	-0.000193	0.229675	0.000193	1.000173	-0.405975	
416	0.999965	-0.000440	0.574707	0.000440	0.999965	-0.795471	
417	1.000032	-0.000274	-0.295288	0.000274	1.000032	-0.439972	
418	1.000032	-0.000274	-0.295288	0.000274	1.000032	-0.439972	
419	1.000008	0.000188	-0.378906	-0.000188	1.000008	0.091080	
420	0.999345	-0.001441	1.837158	0.001441	0.999345	-2.316742	
421	1.000107	0.000259	-0.488159	-0.000259	1.000107	-0.010132	
422	0.999987	0.000014	0.463501	-0.000014	0.999987	-0.066391	
423	1.000067	-0.000013	-0.035522	0.000013	1.000067	-0.044434	
424	1.000058	0.000017	0.185974	-0.000017	1.000058	-0.128510	
425	1.000179	0.000212	-0.229370	-0.000212	1.000179	-0.016708	
426	1.000125	-0.000089	-0.073608	0.000089	1.000125	-0.363174	
427	1.000019	0.000014	0.082947	-0.000014	1.000019	-0.041718	
428	0.999861	0.000444	0.013000	-0.000444	0.999861	0.163864	
429	1.000060	0.000144	0.024780	-0.000144	1.000060	-0.031342	
430	1.000456	-0.000218	-0.284668	0.000218	1.000456	-0.647964	
431	0.999705	0.000475	0.023254	-0.000475	0.999705	0.741135	
432	0.999612	0.000029	0.817627	-0.000029	0.999612	0.117065	
433	1.000033	-0.000062	-0.002197	0.000062	1.000033	-0.176331	
434	1.000116	-0.000097	-0.177979	0.000097	1.000116	-0.104919	
435	0.999939	-0.000187	0.197632	0.000187	0.999939	-0.053131	
436	0.999834	0.000286	0.421265	-0.000286	0.999834	0.467361	
437	0.999928	0.000171	-0.427856	-0.000171	0.999928	0.251617	
438	0.999954	0.000425	0.097778	-0.000425	0.999954	0.571075	
439	0.999929	0.000170	-0.044434	-0.000170	0.999929	0.263824	
440	1.000200	-0.000214	-0.116699	0.000214	1.000200	0.106873	
441	0.999842	0.000539	0.162598	-0.000539	0.999842	0.616272	
442	1.000223	0.000466	-0.530518	-0.000466	1.000223	0.513428	
443	1.000114	0.000482	-0.513672	-0.000482	1.000114	0.625244	
444	0.999831	0.000341	0.373230	-0.000341	0.999831	0.438126	
445	0.999960	-0.000171	0.159180	0.000171	0.999960	-0.177994	
446	0.999242	-0.000486	1.403320	0.000486	0.999242	-0.393967	
447	0.999892	-0.000172	0.259888	0.000172	0.999892	-0.002151	
448	0.999638	-0.000059	0.366943	0.000059	0.999638	-0.144974	
449	0.999911	0.000493	0.038452	-0.000493	0.999911	0.527954	
450	0.999911	0.000493	0.038452	-0.000493	0.999911	0.527954	
451	0.997435	-0.001809	3.310547	0.001809	0.997435	-1.799225	
452	0.997435	-0.001809	3.310547	0.001809	0.997435	-1.799225	
453	0.998472	0.000289	0.666809	-0.000289	0.998472	0.743164	
454	0.998472	0.000289	0.666809	-0.000289	0.998472	0.743164	
455	1.000227	0.000112	-0.568848	-0.000112	1.000227	0.050720	
456	1.000157	-0.000009	0.397888	0.000009	1.000157	-0.004639	
457	1.000116	0.000186	-0.357300	-0.000186	1.000116	0.276871	
458	0.999210	-0.000484	0.378723	0.000484	0.999210	-0.205353	
459	0.999942	-0.000226	0.447449	0.000226	0.999942	-0.148926	
460	0.999989	0.000233	-0.139587	-0.000233	0.999989	0.041901	
461	1.002173	-0.005940	-1.578247	0.005940	1.002173	-6.808716	
462	1.000099	-0.000222	-0.190735	0.000222	1.000099	-0.287659	
463	0.999643	-0.000027	0.838684	0.000027	0.999643	0.085754	
464	0.999643	-0.000027	0.838684	0.000027	0.999643	0.085754	
465	1.000048	0.000103	0.076111	-0.000103	1.000048	-0.001709	
466	1.002070	-0.000343	-2.066467	0.000343	1.002070	-0.632492	
467	0.999653	0.000100	0.850403	-0.000100	0.999653	0.139526	
468	1.000096	0.000197	-0.288269	-0.000197	1.000096	0.022461	
469	0.999905	-0.000070	0.067505	0.000070	0.999905	-0.068237	
470	0.999905	-0.000070	0.067505	0.000070	0.999905	-0.068237	
471	0.999993	0.000038	-0.210815	-0.000038	0.999993	0.194977	
472	1.000093	-0.000378	0.419678	0.000378	1.000093	-0.385361	
473	0.999957	-0.000233	0.634888	0.000233	0.999957	-0.135910	
474	0.999949	-0.000367	0.449829	0.000367	0.999949	-0.128754	
475	1.000039	-0.000351	0.755371	0.000351	1.000039	-0.306122	
476	1.000017	0.000020	0.192993	-0.000020	1.000017	0.242355	
477	1.000332	-0.000011	-0.683228	0.000011	1.000332	0.028290	
478	0.999970	0.000357	0.312195	-0.000357	0.999970	0.636780	
479	0.999823	0.000155	0.002197	-0.000155	0.999823	0.408569	
480	1.000067	0.000301	0.876465	-0.000301	1.000067	0.909332	
481	0.999767	-0.000224	0.338867	0.000224	0.999767	-0.251984	
482	1.000054	-0.000577	0.532104	0.000577	1.000054	-0.150757	
483	0.999914	-0.000192	0.241943	0.000192	0.999914	0.103638	
484	0.999965	-0.000261	0.256165	0.000261	0.999965	0.206055	
485	0.999965	-0.000261	0.256165	0.000261	0.999965	0.206055	
486	0.999611	0.000456	-0.010742	-0.000456	0.999611	1.103027	
487	0.999794	0.000265	0.450073	-0.000265	0.999794	0.617401	
488	0.999986	-0.000348	0.455078	0.000348	0.999986	-0.085968	
489	1.000288	-0.000211	-0.308289	0.000211	1.000288	-0.087952	
490	1.000288	-0.000211	-0.308289	0.000211	1.000288	-0.087952	
491	1.000288	-0.000211	-0.308289	0.000211	1.000288	-0.087952	
492	1.000064	-0.000218	0.423462	0.000218	1.000064	0.390564	
493	0.999994	-0.000203	0.112061	0.000203	0.999994	0.039368	
494	0.999994	-0.000203	0.112061	0.000203	0.999994	0.039368	
495	0.999749	0.000033	0.118103	-0.000033	0.999749	0.220673	
496	0.999749	0.000033	0.118103	-0.000033	0.999749	0.220673	
497	0.998363	0.000359	2.448730	-0.000359	0.998363	0.623734	
498	0.999955	0.000153	0.057983	-0.000153	0.999955	0.468750	
499	1.000044	-0.000161	0.198425	0.000161	1.000044	0.029083	
500	0.999879	0.000085	-0.220032	-0.000085	0.999879	0.636841	
501	1.001064	-0.000042	-0.778198	0.000042	1.001064	-0.206055	
502	1.000091	-0.000068	-0.252502	0.000068	1.000091	0.086548	
503	1.001305	-0.000007	-1.130981	0.000007	1.001305	0.111435	
504	0.999858	0.000176	0.009644	-0.000176	0.999858	0.393875	
505	1.000190	-0.000243	0.314026	0.000243	1.000190	-0.118866	
506	1.000043	-0.000007	0.055908	0.000007	1.000043	0.346313	
507	1.000451	-0.000381	-0.456177	0.000381	1.000451	-0.458649	
508	1.000451	-0.000381	-0.456177	0.000381	1.000451	-0.458649	
509	0.999928	-0.000086	0.113037	0.000086	0.999928	0.123108	
510	1.000126	-0.000407	0.369263	0.000407	1.000126	-0.093414	
511	1.000060	-0.000281	0.248169	0.000281	1.000060	-0.178101	
512	1.000060	-0.000281	0.248169	0.000281	1.000060	-0.178101	
513	1.000093	0.000199	-0.636047	-0.000199	1.000093	0.163422	
514	1.000051	0.000376	0.168091	-0.000376	1.000051	0.431641	
515	1.000268	0.000265	-0.416199	-0.000265	1.000268	0.242188	
516	1.000268	0.000265	-0.416199	-0.000265	1.000268	0.242188	
517	1.000266	-0.000056	0.254517	0.000056	1.000266	-0.103912	
518	1.000215	-0.000416	0.002197	0.000416	1.000215	-0.304413	
519	0.999952	-0.000118	0.310242	0.000118	0.999952	0.042938	
520	1.000209	0.000324	-0.105713	-0.000324	1.000209	0.153381	
521	1.000116	-0.000189	0.314331	0.000189	1.000116	-0.152527	
522	0.999992	-0.000359	0.912842	0.000359	0.999992	-0.333832	
523	1.000069	-0.000489	0.012085	0.000489	1.000069	-0.387161	
524	1.000208	-0.000986	1.533447	0.000986	1.000208	-0.839478	
525	1.000041	-0.000467	0.203125	0.000467	1.000041	-0.570618	
526	0.999797	-0.001283	1.972961	0.001283	0.999797	-1.094391	
527	1.000055	-0.001620	1.244019	0.001620	1.000055	-1.611649	
528	0.999887	-0.001359	1.593384	0.001359	0.999887	-1.153992	
529	0.999935	-0.001334	1.422974	0.001334	0.999935	-1.067566	
530	0.999636	-0.002552	3.135437	0.002552	0.999636	-2.133972	
531	1.000157	-0.001763	1.040405	0.001763	1.000157	-1.200134	
532	0.999894	-0.002147	2.808472	0.002147	0.999894	-1.304871	
533	1.000192	-0.000441	0.750488	0.000441	1.000192	-0.034119	
534	1.000014	-0.000988	2.649170	0.000988	1.000014	-0.518890	
535	0.999973	-0.000181	1.158936	0.000181	0.999973	0.330566	
536	0.999951	-0.001966	3.856567	0.001966	0.999951	-1.045319	
537	0.999871	0.000063	1.517273	-0.000063	0.999871	0.773010	
538	0.999911	-0.000072	2.523132	0.000072	0.999911	1.256226	
539	0.999994	0.000110	1.628174	-0.000110	0.999994	0.885742	
540	0.999820	-0.000174	2.185791	0.000174	0.999820	1.238312	
541	0.999991	-0.000210	1.220032	0.000210	0.999991	0.645569	
542	0.999895	-0.000612	3.693176	0.000612	0.999895	1.037384	
543	1.000044	0.000095	0.404541	-0.000095	1.000044	0.859406	
544	0.999716	-0.000250	3.564026	0.000250	0.999716	1.473785	
545	0.999942	0.000036	1.438538	-0.000036	0.999942	0.960114	
546	0.999977	0.000346	2.221680	-0.000346	0.999977	1.907135	
547	0.999949	0.000327	1.456604	-0.000327	0.999949	1.202362	
548	0.999983	0.000569	2.098145	-0.000569	0.999983	1.874908	
549	0.999980	-0.000008	1.531799	0.000008	0.999980	0.720123	
550	1.000216	-0.000499	2.113525	0.000499	1.000216	0.762970	
551	0.999941	-0.000612	2.210693	0.000612	0.999941	0.311432	
552	1.000169	-0.000194	1.871460	0.000194	1.000169	1.077606	
553	1.000166	0.000135	1.129700	-0.000135	1.000166	0.737457	
554	1.000267	-0.000123	2.110596	0.000123	1.000267	0.940979	
555	1.000067	0.000068	0.777710	-0.000068	1.000067	0.713379	
556	1.000024	-0.000424	2.017212	0.000424	1.000024	0.761169	
557	0.999929	-0.000067	0.684692	0.000067	0.999929	0.674286	
558	1.000124	0.000292	2.310791	-0.000292	1.000124	1.363159	
559	0.999998	-0.000159	0.040527	0.000159	0.999998	0.420105	
560	0.999998	-0.000159	0.040527	0.000159	0.999998	0.420105	
561	0.999758	0.000289	0.711670	-0.000289	0.999758	0.649628	
562	1.000080	0.000381	1.160034	-0.000381	1.000080	1.134033	
563	0.999871	0.000303	0.851318	-0.000303	0.999871	0.643188	
564	1.000116	0.000082	0.653442	-0.000082	1.000116	0.727875	
565	0.999991	0.000518	1.189331	-0.000518	0.999991	0.687042	
566	1.000093	0.000213	0.846924	-0.000213	1.000093	0.422882	
567	0.999944	0.000339	0.081543	-0.000339	0.999944	0.526978	
568	1.000069	-0.000350	1.439087	0.000350	1.000069	-0.253906	
569	1.000122	-0.000478	0.199097	0.000478	1.000122	-0.338074	
570	0.999583	-0.000286	1.262451	0.000286	0.999583	-0.012573	
571	1.000343	-0.000713	0.646729	0.000713	1.000343	-0.858490	
572	0.999963	0.000014	1.081055	-0.000014	0.999963	-0.048767	
573	1.000149	-0.000040	-0.699219	0.000040	1.000149	-0.234802	
574	1.000027	-0.000754	2.260010	0.000754	1.000027	-0.737640	
575	1.000004	0.000075	-0.737427	-0.000075	1.000004	-0.254150	
576	1.000081	-0.000219	1.946533	0.000219	1.000081	-0.530426	
577	0.999821	0.000287	-0.421387	-0.000287	0.999821	-0.033752	
578	0.999967	-0.000351	0.892212	0.000351	0.999967	-0.619171	
579	1.000168	0.000823	-1.244629	-0.000823	1.000168	0.359741	
580	0.999980	-0.000355	0.869141	0.000355	0.999980	-0.570618	
581	1.000463	-0.001493	-0.521362	0.001493	1.000463	-2.903610	
582	0.999719	-0.000146	1.152710	0.000146	0.999719	-0.241150	
583	1.000430	-0.000149	-0.301147	0.000149	1.000430	-0.797913	
584	1.000090	0.000690	-0.633301	-0.000690	1.000090	0.292603	
585	1.000357	0.000547	-0.518555	-0.000547	1.000357	-0.310608	
586	0.999776	0.000002	0.395630	-0.000002	0.999776	-0.191895	
587	1.001007	-0.001080	-0.803589	0.001080	1.001007	-2.238708	
588	1.000059	0.000392	-0.804077	-0.000392	1.000059	0.099335	
589	1.000059	0.000392	-0.804077	-0.000392	1.000059	0.099335	
590	0.999517	-0.000079	0.080811	0.000079	0.999517	-0.083008	
591	1.002167	-0.001238	-2.524048	0.001238	1.002167	-2.978760	
592	0.999724	-0.000143	0.868896	0.000143	0.999724	-0.362732	
593	1.000201	-0.000077	-0.829712	0.000077	1.000201	-0.793915	
594	1.000033	0.000448	0.169312	-0.000448	1.000033	-0.047852	
595	1.000008	0.000007	-0.361328	-0.000007	1.000008	-0.729767	
596	1.000043	-0.000002	-0.578979	0.000002	1.000043	-0.427368	
597	1.000043	-0.000002	-0.578979	0.000002	1.000043	-0.427368	
598	0.999754	0.000529	-0.404907	-0.000529	0.999754	0.363098	
599	0.998589	0.001962	1.630249	-0.001962	0.998589	2.383698	
600	1.000231	0.000289	-0.922363	-0.000289	1.000231	-0.235504	
601	0.999881	0.000189	0.181274	-0.000189	0.999881	-0.188782	
602	1.000110	-0.000173	-0.290039	0.000173	1.000110	-0.586945	
