0	1.000000	0.000000	0.000000	0.000000	1.000000	0.000000	
1	0.999882	-0.000025	0.200317	0.000025	0.999882	0.020752	
2	0.999887	0.000000	0.182495	-0.000000	0.999887	0.082153	
3	0.999994	0.000042	-0.017090	-0.000042	0.999994	0.042053	
4	1.000068	0.000081	-0.134644	-0.000081	1.000068	0.018738	
5	1.000117	0.000056	-0.335815	-0.000056	1.000117	-0.044067	
6	0.999929	-0.000076	0.147339	0.000076	0.999929	0.021057	
7	0.999938	-0.000052	0.119629	0.000052	0.999938	-0.034058	
8	1.000060	-0.000177	0.065796	0.000177	1.000060	-0.528137	
9	1.000041	0.000016	-0.092651	-0.000016	1.000041	-0.088928	
10	1.000025	-0.000060	0.010010	0.000060	1.000025	-0.155396	
11	1.000026	0.000037	-0.084351	-0.000037	1.000026	0.022156	
12	0.999996	-0.000018	0.054932	0.000018	0.999996	-0.009399	
13	0.999857	0.000045	0.244751	-0.000045	0.999857	0.225830	
14	0.999931	0.000035	0.083740	-0.000035	0.999931	0.169800	
15	0.999943	0.000171	-0.098755	-0.000171	0.999943	0.443909	
16	0.999897	-0.000447	0.570923	0.000447	0.999897	-0.520630	
17	0.999892	-0.000170	0.365723	0.000170	0.999892	-0.130554	
18	1.000030	-0.000212	0.218384	0.000212	1.000030	-0.208435	
19	1.000160	-0.000340	-0.042358	0.000340	1.000160	-0.673279	
20	1.000018	-0.000132	0.213501	0.000132	1.000018	-0.276184	
21	1.000046	-0.000096	0.124756	0.000096	1.000046	-0.170654	
22	1.000153	-0.000099	-0.156860	0.000099	1.000153	-0.293945	
23	1.000330	-0.000434	0.023193	0.000434	1.000330	-1.088074	
24	1.000285	-0.000141	-0.557007	0.000141	1.000285	-0.436462	
25	1.000316	-0.000147	-0.586792	0.000147	1.000316	-0.537415	
26	1.000154	-0.000162	-0.147705	0.000162	1.000154	-0.360168	
27	0.999987	-0.000028	0.387573	0.000028	0.999987	0.003723	
28	0.999687	-0.000044	0.797729	0.000044	0.999687	0.298523	
29	1.000017	0.000049	-0.054565	-0.000049	1.000017	0.043518	
30	1.000030	-0.000075	0.051147	0.000075	1.000030	-0.138489	
31	0.999997	0.000116	-0.108276	-0.000116	0.999997	0.420288	
32	0.999728	0.000209	0.443726	-0.000209	0.999728	0.872070	
33	1.000167	-0.000127	-0.262573	0.000127	1.000167	-0.515198	
34	0.999969	-0.000070	0.149292	0.000070	0.999969	-0.126099	
35	0.999967	-0.000014	0.292480	0.000014	0.999967	0.026917	
36	1.000176	-0.000009	-0.368408	0.000009	1.000176	-0.243164	
37	1.000015	0.000074	-0.205933	-0.000074	1.000015	0.210449	
38	0.999781	-0.000041	0.288208	0.000041	0.999781	0.255737	
39	0.999790	-0.000200	0.537598	0.000200	0.999790	-0.224121	
40	0.999866	-0.000712	1.332153	0.000712	0.999866	-1.110229	
41	1.000255	0.000162	-0.679199	-0.000162	1.000255	-0.242493	
42	1.000246	0.000057	-0.730591	-0.000057	1.000246	-0.325623	
43	1.000332	-0.000119	-0.746704	0.000119	1.000332	-0.634094	
44	1.000130	-0.000057	-0.239990	0.000057	1.000130	-0.258972	
45	1.000227	0.000044	-0.792480	-0.000044	1.000227	-0.112976	
46	1.000160	-0.000001	-0.399414	0.000001	1.000160	-0.184814	
47	1.000014	-0.000266	0.743286	0.000266	1.000014	-0.518311	
48	1.000187	-0.000143	-0.044922	0.000143	1.000187	-0.454651	
49	1.000168	-0.000166	-0.098633	0.000166	1.000168	-0.453918	
50	1.000093	-0.000103	-0.036011	0.000103	1.000093	-0.231445	
51	1.000257	-0.000163	-0.415894	0.000163	1.000257	-0.343445	
52	1.000047	-0.000089	0.009766	0.000089	1.000047	-0.099915	
53	1.000041	-0.000107	0.023804	0.000107	1.000041	-0.125366	
54	1.000080	-0.000117	-0.021362	0.000117	1.000080	-0.207458	
55	1.000117	-0.000057	-0.236572	0.000057	1.000117	0.009827	
56	1.000120	0.000121	-0.481079	-0.000121	1.000120	0.091492	
57	0.999969	0.000098	-0.054932	-0.000098	0.999969	0.110291	
58	0.999817	-0.000294	0.793091	0.000294	0.999817	-0.295837	
59	0.998882	-0.000379	2.030151	0.000379	0.998882	0.013367	
60	0.997300	0.000275	1.566895	-0.000275	0.997300	1.750732	
61	0.994662	0.000186	4.427734	-0.000186	0.994662	2.870422	
62	0.995758	0.000103	4.184082	-0.000103	0.995758	2.492126	
63	1.000652	-0.002037	0.815063	0.002037	1.000652	-4.459290	
64	0.997151	0.000229	1.944458	-0.000229	0.997151	1.509644	
65	0.996055	0.000139	3.313110	-0.000139	0.996055	2.105225	
66	0.999353	-0.000243	1.196655	0.000243	0.999353	0.031067	
67	0.999701	-0.000358	0.744629	0.000358	0.999701	-0.513367	
68	0.999923	-0.000072	0.084839	0.000072	0.999923	-0.185608	
69	0.999445	-0.000107	1.231201	0.000107	0.999445	0.318848	
70	0.999851	-0.000161	0.572021	0.000161	0.999851	-0.214355	
71	1.000203	-0.000068	-0.373169	0.000068	1.000203	-0.413330	
72	1.000497	0.000035	-1.034058	-0.000035	1.000497	-0.504272	
73	1.000237	0.000063	-0.537842	-0.000063	1.000237	-0.091736	
74	1.000207	0.000033	-0.211182	-0.000033	1.000207	-0.265808	
75	0.999969	-0.000340	0.373535	0.000340	0.999969	-0.828064	
76	1.000019	-0.000104	0.106689	0.000104	1.000019	-0.278015	
77	0.999965	0.000005	0.033081	-0.000005	0.999965	0.039246	
78	1.000281	0.000159	-0.701050	-0.000159	1.000281	0.076050	
79	1.000307	-0.000114	-0.451660	0.000114	1.000307	-0.558838	
80	1.000189	-0.000054	-0.442383	0.000054	1.000189	-0.323364	
81	0.999982	0.000053	-0.025757	-0.000053	0.999982	0.140198	
82	1.000932	0.000099	-1.799072	-0.000099	1.000932	-0.847656	
83	1.001421	-0.000034	-2.559082	0.000034	1.001421	-1.728394	
84	1.000137	0.000095	-0.407959	-0.000095	1.000137	-0.035583	
85	1.000069	-0.000064	-0.133545	0.000064	1.000069	-0.256592	
86	0.999940	0.000067	0.037720	-0.000067	0.999940	0.102051	
87	0.999715	-0.000080	0.729126	0.000080	0.999715	0.036865	
88	0.999894	-0.000025	0.294189	0.000025	0.999894	-0.082153	
89	0.999986	0.000052	0.213501	-0.000052	0.999986	0.085327	
90	0.999901	0.000025	0.027954	-0.000025	0.999901	0.102051	
91	1.000388	0.000290	-1.149536	-0.000290	1.000388	0.239990	
92	1.000072	0.000246	-0.459839	-0.000246	1.000072	0.475159	
93	1.000347	0.000421	-0.975708	-0.000421	1.000347	0.352295	
94	0.999966	0.000089	-0.070068	-0.000089	0.999966	0.244568	
95	0.999668	0.000113	0.639648	-0.000113	0.999668	0.763672	
96	0.999875	0.000041	0.282959	-0.000041	0.999875	0.213562	
97	0.999965	0.000034	0.044678	-0.000034	0.999965	0.080750	
98	1.000262	0.000063	-0.642334	-0.000063	1.000262	-0.235291	
99	1.000035	-0.000003	-0.079346	0.000003	1.000035	-0.029419	
100	1.000018	0.000007	-0.039062	-0.000007	1.000018	-0.031189	
101	0.999870	-0.000042	0.507812	0.000042	0.999870	0.031921	
102	0.999875	0.000047	0.427002	-0.000047	0.999875	0.226624	
103	1.000054	0.000076	-0.275391	-0.000076	1.000054	0.139648	
104	1.000397	0.000213	-1.115723	-0.000213	1.000397	-0.030640	
105	1.000182	0.000235	-0.731201	-0.000235	1.000182	0.452087	
106	1.000136	0.000121	-0.445190	-0.000121	1.000136	-0.018066	
107	1.000009	0.000010	-0.037598	-0.000010	1.000009	-0.016052	
108	0.999736	-0.000048	0.694336	0.000048	0.999736	0.159973	
109	0.999938	-0.000177	0.402466	0.000177	0.999938	-0.232849	
110	0.999957	-0.000099	0.270874	0.000099	0.999957	-0.113281	
111	0.999959	0.000006	-0.036011	-0.000006	0.999959	-0.019775	
112	1.000061	0.000058	-0.335449	-0.000058	1.000061	0.079529	
113	1.000141	0.000131	-0.612305	-0.000131	1.000141	0.063354	
114	1.000131	0.000176	-0.558350	-0.000176	1.000131	0.098328	
115	0.999400	-0.000100	2.166992	0.000100	0.999400	0.398682	
116	1.000056	0.000077	-0.213867	-0.000077	1.000056	0.040710	
117	1.000146	0.000132	-0.701904	-0.000132	1.000146	0.049805	
118	1.000348	0.000130	-1.287109	-0.000130	1.000348	-0.116577	
119	1.000686	0.000120	-1.529663	-0.000120	1.000686	-0.439453	
120	0.999961	0.000038	-0.113403	-0.000038	0.999961	0.075684	
121	0.999750	-0.000082	0.754517	0.000082	0.999750	0.101868	
122	0.999788	-0.000049	0.642578	0.000049	0.999788	0.097046	
123	0.999836	-0.000128	0.493774	0.000128	0.999836	-0.234070	
124	0.999952	-0.000008	0.058228	0.000008	0.999952	0.119080	
125	1.000207	-0.000098	-0.447632	0.000098	1.000207	-0.439636	
126	1.000268	0.000075	-0.727783	-0.000075	1.000268	-0.105164	
127	1.000229	0.000121	-0.239807	-0.000121	1.000229	-0.204651	
128	0.999732	-0.000103	0.829224	0.000103	0.999732	0.022278	
129	0.999682	-0.000164	0.859863	0.000164	0.999682	0.009644	
130	1.000330	-0.000022	-0.610718	0.000022	1.000330	-0.262085	
131	1.000252	-0.000042	-0.447632	0.000042	1.000252	-0.362061	
132	0.999809	-0.000132	0.567627	0.000132	0.999809	-0.133850	
133	0.999987	0.000011	0.220459	-0.000011	0.999987	-0.164795	
134	1.000134	0.000055	-0.344604	-0.000055	1.000134	-0.160034	
135	1.000243	0.000038	-0.501709	-0.000038	1.000243	-0.391541	
136	0.999852	0.000143	0.185425	-0.000143	0.999852	0.346008	
137	0.999602	0.000051	0.685669	-0.000051	0.999602	0.543884	
138	0.999902	0.000138	-0.027466	-0.000138	0.999902	0.369934	
139	1.000208	0.000044	-0.545044	-0.000044	1.000208	-0.181641	
140	0.999874	-0.000023	0.228149	0.000023	0.999874	0.148010	
141	1.001030	0.000239	-1.997925	-0.000239	1.001030	-0.469604	
142	0.999922	0.000118	0.011230	-0.000118	0.999922	0.392517	
143	0.999803	0.000243	0.201172	-0.000243	0.999803	0.820496	
144	0.999862	0.000058	0.328979	-0.000058	0.999862	0.524597	
145	0.999907	0.000010	0.256104	-0.000010	0.999907	0.258301	
146	1.000174	-0.000122	-0.092041	0.000122	1.000174	-0.501770	
147	0.999900	-0.000110	0.365234	0.000110	0.999900	-0.117676	
148	0.999980	-0.000011	0.187378	0.000011	0.999980	-0.035583	
149	1.000104	0.000122	-0.301147	-0.000122	1.000104	0.043579	
150	1.000224	0.000145	-0.669800	-0.000145	1.000224	-0.040771	
151	0.999784	0.000160	0.171143	-0.000160	0.999784	0.539429	
152	0.999949	0.000033	0.113403	-0.000033	0.999949	0.175232	
153	1.000112	-0.000080	-0.142944	0.000080	1.000112	-0.231506	
154	0.999982	-0.000058	0.058960	0.000058	0.999982	-0.000549	
155	0.997736	-0.000376	4.277832	0.000376	0.997736	1.460815	
156	1.000126	0.000027	-0.258423	-0.000027	1.000126	-0.118225	
157	1.000005	0.000089	-0.223633	-0.000089	1.000005	0.139893	
158	1.000303	0.000065	-0.660278	-0.000065	1.000303	-0.159241	
159	0.999789	0.000225	0.143677	-0.000225	0.999789	0.668884	
160	1.001852	-0.000866	-1.172119	0.000866	1.001852	-2.676270	
161	1.000033	-0.000016	0.090332	0.000016	1.000033	-0.043213	
162	1.000074	-0.000015	-0.139526	0.000015	1.000074	-0.090698	
163	0.999959	-0.002811	2.655762	0.002811	0.999959	-4.842712	
164	1.000546	0.000294	-1.268311	-0.000294	1.000546	0.030151	
165	1.000603	-0.000110	-0.981201	0.000110	1.000603	-0.720825	
166	1.001311	-0.000037	-2.193359	0.000037	1.001311	-1.291565	
167	0.999327	0.000069	1.136963	-0.000069	0.999327	0.803284	
168	1.001415	0.001206	-3.544922	-0.001206	1.001415	0.769043	
169	1.004628	0.001799	-9.714355	-0.001799	1.004628	-1.302979	
170	1.006554	0.001621	-12.955444	-0.001621	1.006554	-3.187439	
171	1.005354	0.002207	-11.204102	-0.002207	1.005354	-1.094910	
172	1.001165	0.000019	-1.983154	-0.000019	1.001165	-0.940857	
173	1.000474	0.000146	-0.985107	-0.000146	1.000474	-0.075867	
174	1.001488	0.000057	-2.621216	-0.000057	1.001488	-1.338928	
175	1.002311	0.000061	-4.042358	-0.000061	1.002311	-2.015381	
176	1.000818	0.000243	-1.646729	-0.000243	1.000818	-0.343262	
177	1.000157	0.000002	-0.441833	-0.000002	1.000157	-0.196167	
178	0.999931	0.000214	-0.063599	-0.000214	0.999931	0.522766	
179	1.000276	0.000182	0.353821	-0.000182	1.000276	0.124695	
180	0.999700	-0.000047	0.998169	0.000047	0.999700	0.389771	
181	0.999773	0.000128	0.300171	-0.000128	0.999773	0.596008	
182	1.000203	-0.000127	-0.315369	0.000127	1.000203	-0.513794	
183	1.000708	0.000023	-1.541321	-0.000023	1.000708	-0.507996	
184	1.000188	-0.000061	-0.257935	0.000061	1.000188	-0.169495	
185	1.000282	-0.000079	-0.408630	0.000079	1.000282	-0.344543	
186	1.000286	-0.000011	-0.463806	0.000011	1.000286	-0.279541	
187	1.000158	-0.000009	-0.296875	0.000009	1.000158	-0.110718	
188	1.000074	-0.000035	-0.017700	0.000035	1.000074	-0.118164	
189	0.999963	-0.000038	0.188843	0.000038	0.999963	-0.043274	
190	0.999957	-0.000148	0.277954	0.000148	0.999957	-0.223572	
191	1.000104	0.000078	-0.238281	-0.000078	1.000104	0.031128	
192	0.999823	0.000140	0.150757	-0.000140	0.999823	0.469482	
193	1.000021	0.000118	-0.154175	-0.000118	1.000021	0.260986	
194	0.998824	0.000188	1.946167	-0.000188	0.998824	1.546814	
195	0.999626	-0.000268	0.890991	0.000268	0.999626	-0.113464	
196	0.999554	0.000052	0.595459	-0.000052	0.999554	0.250549	
197	1.002565	-0.001807	-2.740112	0.001807	1.002565	-5.794739	
198	0.998386	-0.001134	3.842529	0.001134	0.998386	-0.704834	
199	1.001829	-0.002691	-0.683472	0.002691	1.001829	-6.650879	
200	0.999070	-0.000182	1.711060	0.000182	0.999070	0.212708	
201	0.998933	-0.000367	2.136597	0.000367	0.998933	0.083130	
202	0.996313	0.000109	3.460327	-0.000109	0.996313	2.051880	
203	1.004861	-0.001725	-6.892700	0.001725	1.004861	-7.945862	
204	1.000527	-0.000412	-0.567505	0.000412	1.000527	-1.361145	
205	1.000608	-0.000200	-0.956787	0.000200	1.000608	-1.087280	
206	0.999998	-0.000100	0.004395	0.000100	0.999998	-0.238953	
207	0.999205	-0.000287	1.596069	0.000287	0.999205	-0.000366	
208	0.999498	-0.000260	1.005371	0.000260	0.999498	-0.180298	
209	0.999954	-0.000253	0.201660	0.000253	0.999954	-0.701477	
210	1.000566	0.000204	-1.240723	-0.000204	1.000566	-0.207336	
211	1.001006	0.000096	-1.948120	-0.000096	1.001006	-0.840393	
212	1.000323	0.000094	-0.836182	-0.000094	1.000323	-0.166382	
213	0.999998	0.000058	-0.077881	-0.000058	0.999998	0.079407	
214	0.999481	-0.000020	0.759399	0.000020	0.999481	0.357544	
215	0.998475	-0.000648	3.132568	0.000648	0.998475	0.016479	
216	0.999835	-0.000098	0.291260	0.000098	0.999835	-0.072266	
217	0.999795	-0.000023	0.317383	0.000023	0.999795	0.174866	
218	0.999798	-0.000085	0.394165	0.000085	0.999798	0.061279	
219	1.001158	-0.000024	-2.037964	0.000024	1.001158	-1.135681	
220	0.999758	-0.000164	0.618164	0.000164	0.999758	-0.053467	
221	0.999662	-0.000225	0.843262	0.000225	0.999662	-0.090332	
222	0.997749	0.000096	3.729492	-0.000096	0.997749	1.999878	
223	1.000320	-0.000576	-0.082153	0.000576	1.000320	-1.474976	
224	0.999994	-0.000021	-0.089600	0.000021	0.999994	-0.087158	
225	1.000132	0.000018	-0.259399	-0.000018	1.000132	-0.093689	
226	0.999989	-0.000023	0.060669	0.000023	0.999989	-0.037292	
227	1.000365	-0.000106	-0.397217	0.000106	1.000365	-0.551453	
228	0.999933	-0.000102	0.240356	0.000102	0.999933	-0.110901	
229	0.999856	-0.000053	0.344482	0.000053	0.999856	0.042358	
230	0.999749	-0.000055	0.563477	0.000055	0.999749	0.166382	
231	1.000469	-0.000042	-0.798218	0.000042	1.000469	-0.491150	
232	1.000305	-0.000144	-0.474243	0.000144	1.000305	-0.534119	
233	1.000268	-0.000123	-0.442383	0.000123	1.000268	-0.462524	
234	1.000115	-0.000061	-0.130981	0.000061	1.000115	-0.213989	
235	0.999806	-0.000151	0.497803	0.000151	0.999806	-0.073303	
236	0.999524	-0.000270	1.125610	0.000270	0.999524	0.032227	
237	0.999816	-0.000186	0.512207	0.000186	0.999816	-0.120483	
238	0.999851	-0.000192	0.430420	0.000192	0.999851	-0.135803	
239	0.997254	-0.000762	5.370605	0.000762	0.997254	0.984680	
240	0.999205	-0.000383	1.653564	0.000383	0.999205	-0.059448	
241	0.999396	-0.000393	1.376221	0.000393	0.999396	-0.128174	
242	0.996757	-0.000751	6.269043	0.000751	0.996757	1.659851	
243	1.000152	-0.000021	-0.257080	0.000021	1.000152	-0.194153	
244	0.999952	0.000068	0.015869	-0.000068	0.999952	0.220581	
245	0.998105	-0.000420	3.602051	0.000420	0.998105	1.073303	
246	0.999320	-0.000211	1.478882	0.000211	0.999320	0.295959	
247	0.998412	-0.000115	2.841553	0.000115	0.998412	1.335144	
248	0.999644	-0.000052	0.628662	0.000052	0.999644	0.223694	
249	0.999974	-0.000090	0.166382	0.000090	0.999974	-0.145447	
250	1.000111	0.000065	-0.337402	-0.000065	1.000111	0.053711	
251	1.000738	-0.000012	-1.332886	0.000012	1.000738	-0.722961	
252	0.998230	-0.000259	3.196777	0.000259	0.998230	1.086975	
253	0.997991	-0.000315	3.682495	0.000315	0.997991	1.246765	
254	0.997741	-0.000518	4.505981	0.000518	0.997741	1.087952	
255	1.000436	-0.000041	-0.708008	0.000041	1.000436	-0.483643	
256	0.997300	-0.000523	5.078857	0.000523	0.997300	1.580627	
257	0.997940	-0.000433	3.969604	0.000433	0.997940	1.157593	
258	0.997384	-0.000337	4.758057	0.000337	0.997384	1.867126	
259	0.997303	-0.000589	5.205933	0.000589	0.997303	1.551331	
260	0.997933	-0.000494	4.119141	0.000494	0.997933	1.004272	
261	0.999200	-0.000357	1.749146	0.000357	0.999200	0.128052	
262	0.999254	-0.000581	1.883789	0.000581	0.999254	-0.370300	
263	0.996100	-0.001915	8.266968	0.001915	0.996100	0.163574	
264	0.998485	-0.000432	3.020508	0.000432	0.998485	0.230103	
265	0.999274	-0.000322	1.791260	0.000322	0.999274	-0.237793	
266	0.999049	-0.000054	1.687500	0.000054	0.999049	0.743042	
267	0.999708	-0.000056	0.581055	0.000056	0.999708	0.179077	
268	0.999717	0.000037	0.564209	-0.000037	0.999717	0.303345	
269	0.999695	0.000044	0.585327	-0.000044	0.999695	0.354980	
270	1.000205	-0.000043	-0.267822	0.000043	1.000205	-0.099792	
271	1.000111	-0.000024	-0.215942	0.000024	1.000111	-0.116882	
272	0.999716	-0.000079	0.296265	0.000079	0.999716	0.218323	
273	0.997996	-0.000065	1.200500	0.000065	0.997996	1.013977	
274	0.998435	-0.000128	1.084229	0.000128	0.998435	0.665405	
275	0.992802	0.000111	6.162048	-0.000111	0.992802	4.136169	
276	0.997252	-0.000052	2.630005	0.000052	0.997252	1.292297	
277	0.995739	-0.000009	3.772278	0.000009	0.995739	2.272827	
278	0.995603	-0.000055	4.181763	0.000055	0.995603	2.256042	
279	0.992412	-0.000016	6.694824	0.000016	0.992412	3.555847	
280	0.995518	0.000090	3.970947	-0.000090	0.995518	2.547180	
281	0.997577	-0.000018	2.331482	0.000018	0.997577	1.298218	
282	0.998430	-0.000088	1.841797	0.000088	0.998430	0.470886	
283	0.999413	-0.000101	0.865845	0.000101	0.999413	0.279175	
284	1.000013	0.000027	-0.204712	-0.000027	1.000013	0.067932	
285	1.000026	0.000026	-0.185181	-0.000026	1.000026	0.039490	
286	0.999931	-0.000015	0.313477	0.000015	0.999931	0.208801	
287	0.999833	-0.000048	0.633667	0.000048	0.999833	0.008118	
288	1.000059	0.000011	-0.232544	-0.000011	1.000059	-0.190186	
289	1.000028	-0.000003	-0.061768	0.000003	1.000028	-0.066223	
290	1.000017	0.000027	-0.219238	-0.000027	1.000017	-0.001282	
291	0.996112	-0.000044	3.587463	0.000044	0.996112	1.833008	
292	0.999125	-0.000138	1.004761	0.000138	0.999125	0.245361	
293	0.996933	-0.000016	2.925293	0.000016	0.996933	1.533264	
294	0.996877	0.000032	2.902344	-0.000032	0.996877	1.379456	
295	0.996959	-0.000046	3.180786	0.000046	0.996959	2.021973	
296	0.999777	0.000005	0.251465	-0.000005	0.999777	0.222107	
297	0.999875	0.000108	-0.000732	-0.000108	0.999875	0.430176	
298	1.000026	0.000065	-0.282593	-0.000065	1.000026	0.162109	
299	1.000033	-0.000004	-0.086304	0.000004	1.000033	-0.090210	
300	0.999879	-0.000082	0.426758	0.000082	0.999879	-0.127441	
301	0.999286	-0.000201	1.107544	0.000201	0.999286	0.059204	
302	0.997846	0.000042	2.012878	-0.000042	0.997846	1.119812	
303	0.996947	-0.000011	2.168640	0.000011	0.996947	1.618774	
304	0.997234	0.000001	2.170715	-0.000001	0.997234	1.540039	
305	0.997346	0.000003	2.747131	-0.000003	0.997346	1.393494	
306	0.998178	0.000036	1.366760	-0.000036	0.998178	0.928284	
307	0.999422	-0.000064	0.502930	0.000064	0.999422	0.234375	
308	0.999957	0.000007	-0.025879	-0.000007	0.999957	0.037354	
309	0.999955	-0.000033	0.262085	0.000033	0.999955	0.033691	
310	0.999993	0.000009	0.006958	-0.000009	0.999993	0.044739	
311	1.000050	0.000012	-0.204834	-0.000012	1.000050	-0.053345	
312	0.999868	-0.000042	0.351929	0.000042	0.999868	0.025879	
313	0.999362	-0.000148	0.958618	0.000148	0.999362	0.033813	
314	0.997720	0.000008	2.316833	-0.000008	0.997720	1.021423	
315	0.991960	0.000024	7.500305	-0.000024	0.991960	3.979919	
316	0.997183	0.000006	2.591980	-0.000006	0.997183	1.473022	
317	0.998268	-0.000018	1.354553	0.000018	0.998268	0.824646	
318	0.999727	-0.000038	0.205566	0.000038	0.999727	0.018066	
319	0.999907	-0.000072	-0.111328	0.000072	0.999907	-0.205139	
320	1.000037	0.000012	-0.157715	-0.000012	1.000037	-0.030518	
321	0.999981	-0.000080	0.146851	0.000080	0.999981	-0.238037	
322	0.999984	-0.000046	0.082764	0.000046	0.999984	-0.148926	
323	1.000110	0.000059	-0.479248	-0.000059	1.000110	-0.038513	
324	1.000049	0.000013	-0.148926	-0.000013	1.000049	0.079407	
325	0.999856	-0.000022	0.537109	0.000022	0.999856	0.110352	
326	0.999749	-0.000052	0.774658	0.000052	0.999749	0.226624	
327	0.999463	0.000016	1.488525	-0.000016	0.999463	0.787964	
328	1.000053	-0.000014	-0.108398	0.000014	1.000053	-0.142029	
329	1.000285	0.000115	-1.019897	-0.000115	1.000285	-0.029968	
330	1.000243	0.000140	-0.936279	-0.000140	1.000243	0.024536	
331	0.999973	0.000022	0.030029	-0.000022	0.999973	0.052673	
332	0.999993	0.000012	0.009277	-0.000012	0.999993	0.025635	
333	0.999994	0.000038	-0.066772	-0.000038	0.999994	0.069153	
334	0.999978	0.000026	-0.022583	-0.000026	0.999978	0.065613	
335	1.000365	0.000093	-1.190552	-0.000093	1.000365	-0.200195	
336	0.999978	0.000021	-0.031250	-0.000021	0.999978	0.128906	
337	0.999899	0.000010	0.167358	-0.000010	0.999899	0.238647	
338	0.999658	-0.000096	0.823853	0.000096	0.999658	0.129089	
339	0.999873	-0.000149	0.425415	0.000149	0.999873	-0.107544	
340	1.000106	-0.000052	-0.235962	0.000052	1.000106	-0.180908	
341	1.000385	-0.000027	-0.789917	0.000027	1.000385	-0.359192	
342	1.000134	-0.000074	-0.263184	0.000074	1.000134	-0.169739	
343	1.000220	-0.000002	-0.413940	0.000002	1.000220	-0.162781	
344	0.999991	-0.000112	0.050415	0.000112	0.999991	-0.257812	
345	0.999987	-0.000142	0.033813	0.000142	0.999987	-0.297607	
346	0.999942	-0.000150	0.108032	0.000150	0.999942	-0.246521	
347	1.000021	-0.000094	0.068726	0.000094	1.000021	-0.320007	
348	0.999937	-0.000062	0.160889	0.000062	0.999937	-0.194641	
349	1.000060	-0.000022	-0.207397	0.000022	1.000060	-0.292786	
350	1.000145	0.000019	-0.409790	-0.000019	1.000145	-0.242859	
351	0.999658	-0.000161	0.780518	0.000161	0.999658	-0.011047	
352	0.999165	-0.000142	1.733643	0.000142	0.999165	0.476990	
353	1.000023	0.000076	0.012085	-0.000076	1.000023	0.019836	
354	0.999629	-0.000140	0.725708	0.000140	0.999629	0.067383	
355	0.999998	-0.000079	0.083252	0.000079	0.999998	-0.135193	
356	0.999690	-0.000066	0.624756	0.000066	0.999690	0.178467	
357	0.999730	-0.000254	0.724609	0.000254	0.999730	-0.173767	
358	1.007285	-0.004861	-8.302124	0.004861	1.007285	-15.285828	
359	1.000564	0.000243	-1.189819	-0.000243	1.000564	-0.100037	
360	1.000236	0.000012	-0.461426	-0.000012	1.000236	-0.203491	
361	1.000147	0.000003	-0.284668	-0.000003	1.000147	-0.161377	
362	0.999915	-0.000060	0.125366	0.000060	0.999915	-0.022888	
363	1.000102	0.000028	-0.207275	-0.000028	1.000102	-0.047058	
364	1.000022	-0.000021	-0.109253	0.000021	1.000022	-0.032593	
365	1.000028	-0.000026	-0.243286	0.000026	1.000028	-0.027283	
366	1.000103	-0.000081	-0.192627	0.000081	1.000103	-0.118774	
367	1.000124	-0.000032	-0.162598	0.000032	1.000124	-0.157043	
368	1.000214	-0.000018	-0.276245	0.000018	1.000214	-0.188171	
369	1.000154	0.000037	-0.218872	-0.000037	1.000154	-0.133850	
370	1.000188	0.000001	-0.217773	-0.000001	1.000188	-0.218750	
371	1.000609	-0.000002	-0.934937	0.000002	1.000609	-0.619934	
372	1.000192	-0.000034	-0.102417	0.000034	1.000192	-0.269470	
373	1.000212	-0.000053	-0.065308	0.000053	1.000212	-0.296631	
374	1.000168	-0.000081	-0.010742	0.000081	1.000168	-0.328613	
375	0.999818	-0.000113	0.552490	0.000113	0.999818	-0.045776	
376	1.000145	-0.000105	0.072876	0.000105	1.000145	-0.276489	
377	1.000018	-0.000097	0.189819	0.000097	1.000018	-0.175903	
378	1.000185	-0.000027	-0.147461	0.000027	1.000185	-0.218018	
379	1.000016	-0.000137	0.252563	0.000137	1.000016	-0.223511	
380	0.999868	-0.000143	0.526855	0.000143	0.999868	-0.071228	
381	1.000101	-0.000103	0.044556	0.000103	1.000101	-0.257141	
382	1.000054	-0.000117	0.203003	0.000117	1.000054	-0.192322	
383	0.999801	-0.000183	0.630127	0.000183	0.999801	-0.103333	
384	0.999931	-0.000115	0.370239	0.000115	0.999931	-0.141113	
385	1.000029	-0.000118	0.260864	0.000118	1.000029	-0.186462	
386	1.000001	-0.000081	0.195068	0.000081	1.000001	-0.142944	
387	0.999870	-0.000232	0.607056	0.000232	0.999870	-0.276733	
388	0.999799	-0.000182	0.711792	0.000182	0.999799	-0.058716	
389	1.000075	-0.000211	0.323486	0.000211	1.000075	-0.354248	
390	1.000011	-0.000174	0.366211	0.000174	1.000011	-0.238464	
391	1.000466	-0.000226	-0.275269	0.000226	1.000466	-0.737366	
392	0.999937	-0.000112	0.319336	0.000112	0.999937	-0.117126	
393	0.999742	-0.000139	0.713989	0.000139	0.999742	0.032837	
394	0.999920	-0.000157	0.454712	0.000157	0.999920	-0.198792	
395	0.999744	-0.000364	0.881592	0.000364	0.999744	-0.327209	
396	1.000114	-0.000097	0.074097	0.000097	1.000114	-0.195557	
397	1.000066	-0.000015	-0.075684	0.000015	1.000066	-0.035034	
398	1.000075	0.000015	-0.152954	-0.000015	1.000075	-0.012024	
399	1.000221	0.000072	-0.437988	-0.000072	1.000221	-0.096924	
400	0.999958	0.000037	-0.039551	-0.000037	0.999958	0.104736	
401	1.000051	-0.000042	-0.013916	0.000042	1.000051	-0.112915	
402	0.999976	-0.000012	0.057617	0.000012	0.999976	0.019714	
403	0.999916	-0.000039	0.162964	0.000039	0.999916	0.022522	
404	0.999983	-0.000036	0.095825	0.000036	0.999983	-0.061218	
405	0.996694	-0.000484	6.138916	0.000484	0.996694	2.265564	
406	0.999832	-0.000095	0.388062	0.000095	0.999832	0.013855	
407	0.999890	0.000001	0.191895	-0.000001	0.999890	0.091675	
408	0.999878	-0.000028	0.258423	0.000028	0.999878	0.110046	
409	0.999281	0.000082	1.065430	-0.000082	0.999281	0.837891	
410	0.999968	-0.000007	0.083496	0.000007	0.999968	0.061951	
411	1.000175	0.000045	-0.311768	-0.000045	1.000175	-0.075928	
412	0.999726	0.000015	0.455078	-0.000015	0.999726	0.336304	
413	1.000136	0.000055	-0.257446	-0.000055	1.000136	0.013733	
414	0.999768	0.000019	0.345581	-0.000019	0.999768	0.347778	
415	0.999971	-0.000056	0.172974	0.000056	0.999971	0.013550	
416	0.999991	-0.000096	0.163452	0.000096	0.999991	0.023071	
417	0.999896	-0.000024	0.106323	0.000024	0.999896	0.189087	
418	0.999974	-0.000010	0.021484	0.000010	0.999974	0.070801	
419	0.999936	-0.000018	0.016724	0.000018	0.999936	0.070862	
420	1.000039	-0.000028	-0.187866	0.000028	1.000039	-0.082092	
421	0.999968	-0.000046	0.098755	0.000046	0.999968	-0.148499	
422	0.999907	0.000088	0.175171	-0.000088	0.999907	0.474426	
423	0.999797	-0.000029	0.451172	0.000029	0.999797	0.083862	
424	1.000054	-0.000018	-0.270264	0.000018	1.000054	-0.378113	
425	0.999954	-0.000014	0.196045	0.000014	0.999954	0.100647	
426	0.999965	0.000024	0.057861	-0.000024	0.999965	0.053528	
427	1.000034	0.000035	-0.193604	-0.000035	1.000034	-0.095642	
428	0.999885	-0.000120	0.538940	0.000120	0.999885	0.022949	
429	1.000120	0.000007	-0.363037	-0.000007	1.000120	-0.248657	
430	1.000041	0.000088	-0.117798	-0.000088	1.000041	-0.089844	
431	0.999997	0.000042	-0.086060	-0.000042	0.999997	0.006104	
432	0.999949	-0.000025	0.161621	0.000025	0.999949	-0.058716	
433	1.000100	-0.000000	-0.140991	0.000000	1.000100	-0.148621	
434	1.000050	-0.000032	-0.066040	0.000032	1.000050	-0.124390	
435	0.999880	-0.000006	0.236206	0.000006	0.999880	0.150940	
436	1.000007	0.000032	-0.144897	-0.000032	1.000007	-0.013794	
437	0.999991	0.000175	-0.154419	-0.000175	0.999991	0.181335	
438	1.000005	0.000114	-0.141846	-0.000114	1.000005	0.138733	
439	1.000014	0.000103	-0.034790	-0.000103	1.000014	0.062256	
440	0.999891	0.000002	0.172119	-0.000002	0.999891	0.112244	
441	0.999900	0.000001	0.101196	-0.000001	0.999900	0.049316	
442	0.999935	-0.000119	0.264771	0.000119	0.999935	-0.090027	
443	0.999884	-0.000212	0.381836	0.000212	0.999884	-0.295593	
444	0.999989	-0.000062	-0.021362	0.000062	0.999989	-0.083862	
445	0.999968	-0.000018	-0.017944	0.000018	0.999968	-0.015259	
446	1.000006	0.000002	-0.078125	-0.000002	1.000006	-0.018311	
447	1.000013	-0.000032	-0.071655	0.000032	1.000013	-0.125366	
448	0.999959	-0.000056	0.061890	0.000056	0.999959	-0.123047	
449	0.999956	-0.000050	0.060303	0.000050	0.999956	-0.078857	
450	0.999938	0.000021	-0.030640	-0.000021	0.999938	0.101501	
451	1.000105	0.000039	-0.421143	-0.000039	1.000105	-0.035278	
452	0.999988	0.000036	-0.073975	-0.000036	0.999988	0.068481	
453	1.000023	0.000049	-0.168823	-0.000049	1.000023	0.057617	
454	1.000010	0.000049	-0.134155	-0.000049	1.000010	0.060059	
455	1.000142	0.000098	-0.434692	-0.000098	1.000142	-0.044617	
456	1.000032	-0.000044	-0.069580	0.000044	1.000032	-0.158142	
457	1.000034	-0.000034	-0.063232	0.000034	1.000034	-0.080383	
458	1.000036	-0.000037	-0.075684	0.000037	1.000036	-0.079651	
459	1.000049	-0.000099	0.043457	0.000099	1.000049	-0.169128	
460	0.999974	-0.000030	0.074951	0.000030	0.999974	-0.002991	
461	1.000030	0.000035	-0.107056	-0.000035	1.000030	-0.000061	
462	0.999989	0.000021	-0.063354	-0.000021	0.999989	0.019226	
463	0.999994	-0.000021	0.198364	0.000021	0.999994	-0.011047	
464	0.999939	0.000093	0.076294	-0.000093	0.999939	0.338013	
465	0.999989	0.000071	-0.044189	-0.000071	0.999989	0.152954	
466	0.999988	-0.000015	0.062744	0.000015	0.999988	0.040771	
467	0.999942	0.000085	0.006958	-0.000085	0.999942	0.299866	
468	0.999974	-0.000031	0.035767	0.000031	0.999974	-0.005127	
469	1.000014	-0.000027	0.009399	0.000027	1.000014	-0.015808	
470	0.999986	-0.000019	0.042114	0.000019	0.999986	0.025635	
471	1.000020	-0.000029	0.043579	0.000029	1.000020	-0.050781	
472	0.999917	-0.000019	0.213745	0.000019	0.999917	-0.004761	
473	0.999970	-0.000048	0.106567	0.000048	0.999970	-0.087097	
474	0.999927	0.000027	0.072021	-0.000027	0.999927	0.128601	
475	0.999937	0.000004	0.114258	-0.000004	0.999937	0.048584	
476	0.999970	0.000035	0.030396	-0.000035	0.999970	0.049988	
477	0.999969	0.000048	0.016846	-0.000048	0.999969	0.069458	
478	0.999984	0.000042	-0.006348	-0.000042	0.999984	0.045227	
479	0.999971	0.000041	0.000610	-0.000041	0.999971	0.006592	
480	0.999979	-0.000010	0.019897	0.000010	0.999979	-0.046997	
481	0.999981	0.000018	-0.008179	-0.000018	0.999981	-0.002563	
482	0.999934	0.000048	0.036865	-0.000048	0.999934	0.039124	
483	0.999937	0.000053	0.000244	-0.000053	0.999937	0.034912	
484	0.999968	0.000042	-0.010742	-0.000042	0.999968	0.114929	
485	0.999973	0.000093	-0.063721	-0.000093	0.999973	0.147095	
486	1.000003	0.000051	-0.057129	-0.000051	1.000003	0.048279	
487	1.000042	0.000099	-0.126709	-0.000099	1.000042	0.036316	
488	1.000056	0.000024	-0.072632	-0.000024	1.000056	-0.053467	
489	1.000032	-0.000001	-0.013672	0.000001	1.000032	-0.057068	
490	1.000041	-0.000041	0.007935	0.000041	1.000041	-0.099365	
491	1.000031	-0.000011	-0.039551	0.000011	1.000031	-0.058167	
492	0.999969	-0.000041	0.083618	0.000041	0.999969	0.008484	
493	0.999998	0.000002	-0.012451	-0.000002	0.999998	0.032715	
494	1.000004	-0.000000	-0.024048	0.000000	1.000004	0.025513	
495	1.000003	0.000004	-0.148682	-0.000004	1.000003	0.040466	
496	0.999985	-0.000007	0.001587	0.000007	0.999985	0.008850	
497	0.999993	-0.000004	-0.000488	0.000004	0.999993	0.013123	
498	0.999994	-0.000005	0.001709	0.000005	0.999994	0.032776	
499	0.999984	-0.000014	0.034546	0.000014	0.999984	0.076233	
500	0.999962	-0.000032	0.108765	0.000032	0.999962	0.020996	
501	0.999979	-0.000037	0.115601	0.000037	0.999979	-0.006165	
502	0.999940	-0.000029	0.174194	0.000029	0.999940	0.019226	
503	0.999997	-0.000019	0.097046	0.000019	0.999997	0.003479	
504	0.999981	-0.000031	0.144409	0.000031	0.999981	0.050171	
505	0.999951	-0.000037	0.214478	0.000037	0.999951	0.040527	
506	0.999946	-0.000052	0.248291	0.000052	0.999946	0.015259	
507	0.999948	-0.000025	0.248657	0.000025	0.999948	0.041626	
508	0.999928	-0.000015	0.226074	0.000015	0.999928	0.072144	
509	0.999941	-0.000029	0.227661	0.000029	0.999941	0.039917	
510	0.999915	-0.000009	0.238525	0.000009	0.999915	0.074646	
511	1.000004	-0.000060	0.227783	0.000060	1.000004	-0.089294	
512	0.999975	-0.000056	0.203247	0.000056	0.999975	-0.090759	
513	0.999945	-0.000027	0.210327	0.000027	0.999945	-0.029785	
514	0.999978	0.000023	0.111206	-0.000023	0.999978	0.016785	
515	1.000063	0.000029	0.027710	-0.000029	1.000063	-0.046570	
516	0.999958	0.000032	0.083984	-0.000032	0.999958	0.095581	
517	0.999970	-0.000044	0.092529	0.000044	0.999970	0.032410	
518	1.000014	-0.000008	0.001587	0.000008	1.000014	0.050232	
519	1.000173	0.000046	-0.286011	-0.000046	1.000173	-0.077881	
520	1.000079	0.000069	-0.214478	-0.000069	1.000079	-0.013916	
521	1.000245	0.000053	-0.428589	-0.000053	1.000245	-0.162048	
522	1.000191	0.000063	-0.369385	-0.000063	1.000191	-0.037170	
523	0.999982	0.000011	0.012817	-0.000011	0.999982	0.036560	
524	1.000013	0.000078	-0.116699	-0.000078	1.000013	0.024414	
525	1.000119	0.000062	-0.290527	-0.000062	1.000119	-0.071289	
526	1.000236	0.000027	-0.432739	-0.000027	1.000236	-0.200928	
527	1.000092	0.000007	-0.190918	-0.000007	1.000092	-0.068604	
528	1.000014	-0.000026	0.004883	0.000026	1.000014	-0.052002	
529	1.000060	-0.000014	-0.089966	0.000014	1.000060	-0.095032	
530	1.000064	-0.000136	0.051514	0.000136	1.000064	-0.258484	
531	1.000041	0.000002	-0.023560	-0.000002	1.000041	0.016785	
532	0.999975	-0.000045	0.046631	0.000045	0.999975	-0.045776	
533	0.999788	-0.000124	0.473755	0.000124	0.999788	0.037170	
534	0.999867	-0.000071	0.322144	0.000071	0.999867	0.051697	
535	0.999976	-0.000003	0.060669	0.000003	0.999976	0.024658	
536	0.999987	0.000063	-0.046997	-0.000063	0.999987	0.145996	
537	0.999941	0.000010	0.044922	-0.000010	0.999941	0.131836	
538	1.000040	0.000047	-0.169312	-0.000047	1.000040	0.035950	
539	1.000057	0.000034	-0.152100	-0.000034	1.000057	0.024658	
540	0.999842	0.000282	0.002197	-0.000282	0.999842	0.636414	
541	1.000059	-0.000023	-0.083252	0.000023	1.000059	-0.002808	
542	0.999661	-0.000057	0.657593	0.000057	0.999661	0.254822	
543	1.000027	0.000004	0.008301	-0.000004	1.000027	0.042114	
544	0.999950	0.000012	0.162354	-0.000012	0.999950	0.074890	
545	1.000099	0.000011	-0.105591	-0.000011	1.000099	-0.082214	
546	1.000041	0.000060	-0.072266	-0.000060	1.000041	0.037109	
547	0.999983	-0.000033	0.056885	0.000033	0.999983	-0.020874	
548	0.999950	-0.000038	0.112305	0.000038	0.999950	-0.023010	
549	0.999952	-0.000039	0.172852	0.000039	0.999952	-0.010864	
550	0.999937	-0.000085	0.226440	0.000085	0.999937	-0.026550	
551	0.999921	-0.000052	0.200684	0.000052	0.999921	-0.007019	
552	0.996840	-0.002047	7.218506	0.002047	0.996840	-0.514832	
553	1.000041	-0.000028	-0.003906	0.000028	1.000041	-0.114685	
554	1.000026	0.000021	-0.078125	-0.000021	1.000026	-0.028320	
555	1.000029	-0.000029	-0.025757	0.000029	1.000029	-0.086975	
556	1.000018	-0.000045	0.030151	0.000045	1.000018	-0.092651	
557	0.999973	-0.000032	0.064697	0.000032	0.999973	-0.032410	
558	0.999905	-0.000076	0.238159	0.000076	0.999905	-0.031677	
559	0.999948	-0.000074	0.138428	0.000074	0.999948	-0.080750	
560	0.999891	-0.000146	0.348511	0.000146	0.999891	-0.134155	
561	1.000096	-0.000067	-0.068604	0.000067	1.000096	-0.234375	
562	1.000082	-0.000064	-0.049805	0.000064	1.000082	-0.206360	
563	0.999021	0.000128	1.512573	-0.000128	0.999021	1.106201	
564	1.000032	0.000013	-0.058716	-0.000013	1.000032	-0.017151	
565	0.999969	-0.000029	0.089355	0.000029	0.999969	-0.009399	
566	1.000280	0.000084	-0.479858	-0.000084	1.000280	-0.199768	
567	1.000054	-0.000077	0.023071	0.000077	1.000054	-0.183960	
568	0.999932	-0.000039	0.164551	0.000039	0.999932	-0.015198	
569	0.999898	0.000005	0.127197	-0.000005	0.999898	0.093445	
570	0.999751	0.000038	0.320679	-0.000038	0.999751	0.303894	
571	0.999949	-0.000006	0.131348	0.000006	0.999949	0.058350	
572	0.999629	0.000019	0.656372	-0.000019	0.999629	0.404602	
573	0.999768	0.000089	0.256470	-0.000089	0.999768	0.340332	
574	0.999944	0.000183	-0.208252	-0.000183	0.999944	0.323608	
575	1.000001	0.000201	-0.228882	-0.000201	1.000001	0.319946	
576	1.000024	0.000100	-0.172485	-0.000100	1.000024	0.186279	
577	0.999868	0.000099	0.088867	-0.000099	0.999868	0.334290	
578	0.999772	0.000092	0.205200	-0.000092	0.999772	0.384277	
579	0.999855	0.000078	0.123413	-0.000078	0.999855	0.229675	
580	0.999422	0.000116	0.661499	-0.000116	0.999422	0.720032	
581	0.999734	0.000032	0.261841	-0.000032	0.999734	0.316101	
582	0.999773	0.000037	0.180664	-0.000037	0.999773	0.297363	
583	0.999855	-0.000006	0.176636	0.000006	0.999855	0.136597	
584	0.999114	0.000117	1.113037	-0.000117	0.999114	0.987000	
585	0.999629	0.000233	0.017456	-0.000233	0.999629	0.730469	
586	0.999012	0.000302	0.949951	-0.000302	0.999012	1.289856	
587	0.999726	0.000053	0.213745	-0.000053	0.999726	0.335632	
588	0.999813	0.000142	0.091553	-0.000142	0.999813	0.401062	
589	0.999803	0.000079	0.141846	-0.000079	0.999803	0.332825	
590	0.999644	0.000073	0.410400	-0.000073	0.999644	0.451843	
591	0.999583	-0.000050	0.621826	0.000050	0.999583	0.317444	
592	0.999535	0.000105	0.653442	-0.000105	0.999535	0.594849	
593	0.999601	0.000129	0.504761	-0.000129	0.999601	0.541016	
594	0.999591	0.000153	0.510254	-0.000153	0.999591	0.606628	
595	0.999770	0.000058	0.253906	-0.000058	0.999770	0.340820	
596	0.999525	0.000160	0.582397	-0.000160	0.999525	0.693970	
597	0.999662	0.000109	0.433105	-0.000109	0.999662	0.525269	
598	0.999783	-0.000001	0.391479	0.000001	0.999783	0.302917	
599	0.999800	0.000013	0.276733	-0.000013	0.999800	0.220215	
600	0.999747	0.000059	0.358521	-0.000059	0.999747	0.408508	
601	0.999794	0.000055	0.299805	-0.000055	0.999794	0.344177	
602	0.999827	0.000027	0.276001	-0.000027	0.999827	0.269165	
603	0.999856	-0.000082	0.344482	0.000082	0.999856	0.065308	
604	0.999862	-0.000052	0.292358	0.000052	0.999862	0.163635	
605	0.999843	0.000049	0.203369	-0.000049	0.999843	0.294006	
606	0.999863	0.000024	0.191772	-0.000024	0.999863	0.258545	
607	0.999794	0.000133	0.224487	-0.000133	0.999794	0.406616	
608	0.999870	0.000059	0.147095	-0.000059	0.999870	0.274353	
609	0.999885	0.000020	0.128540	-0.000020	0.999885	0.224915	
610	0.999875	0.000056	0.124756	-0.000056	0.999875	0.274292	
611	0.999823	-0.000007	0.255249	0.000007	0.999823	0.220459	
612	0.999917	0.000006	0.099365	-0.000006	0.999917	0.146912	
613	0.999920	-0.000043	0.146851	0.000043	0.999920	0.047241	
614	1.000024	-0.000020	-0.001587	0.000020	1.000024	-0.060608	
615	1.000008	0.000005	0.019653	-0.000005	1.000008	-0.034424	
616	1.000012	0.000019	-0.022583	-0.000019	1.000012	-0.043884	
617	1.000015	0.000027	-0.020508	-0.000027	1.000015	-0.027954	
618	1.000020	0.000018	-0.012329	-0.000018	1.000020	-0.049744	
619	1.000064	0.000081	-0.108154	-0.000081	1.000064	-0.006958	
620	1.000016	0.000036	-0.025757	-0.000036	1.000016	-0.003235	
621	1.000008	-0.000010	0.020752	0.000010	1.000008	-0.064453	
622	0.999996	0.000090	-0.035034	-0.000090	0.999996	0.054382	
623	1.000038	0.000102	-0.091553	-0.000102	1.000038	0.080566	
624	0.999965	0.000042	0.009644	-0.000042	0.999965	0.059082	
625	0.999991	0.000033	-0.029053	-0.000033	0.999991	0.026428	
626	0.999994	0.000074	-0.061646	-0.000074	0.999994	0.068726	
627	1.000004	0.000076	-0.126587	-0.000076	1.000004	0.096191	
628	1.000016	0.000045	-0.092529	-0.000045	1.000016	0.028381	
629	1.000039	0.000041	-0.079712	-0.000041	1.000039	0.004761	
630	1.000074	-0.000003	-0.109863	0.000003	1.000074	-0.073792	
631	1.000007	0.000065	-0.077026	-0.000065	1.000007	0.085632	
632	1.000046	0.000036	-0.097534	-0.000036	1.000046	0.035095	
633	0.999985	0.000022	-0.004150	-0.000022	0.999985	0.072815	
634	0.999974	0.000062	-0.034912	-0.000062	0.999974	0.135620	
635	0.999898	0.000116	0.040771	-0.000116	0.999898	0.256409	
636	0.999949	0.000103	-0.026855	-0.000103	0.999949	0.210449	
637	0.999922	0.000119	0.008545	-0.000119	0.999922	0.269287	
638	0.999915	0.000127	0.006836	-0.000127	0.999915	0.285828	
639	0.999934	0.000077	0.010498	-0.000077	0.999934	0.225220	
640	0.999874	0.000158	0.041138	-0.000158	0.999874	0.392395	
641	0.999926	0.000068	0.037598	-0.000068	0.999926	0.239685	
642	0.999938	0.000062	0.024780	-0.000062	0.999938	0.225281	
643	0.999949	0.000113	-0.026367	-0.000113	0.999949	0.299438	
644	0.999957	0.000094	-0.011841	-0.000094	0.999957	0.240417	
645	0.999972	0.000063	-0.002563	-0.000063	0.999972	0.198547	
646	0.999987	0.000077	-0.040771	-0.000077	0.999987	0.200134	
647	1.000002	0.000112	-0.066406	-0.000112	1.000002	0.236877	
648	1.000023	0.000088	-0.079712	-0.000088	1.000023	0.167664	
649	0.999981	0.000029	-0.010620	-0.000029	0.999981	0.158203	
650	1.000027	0.000085	-0.092163	-0.000085	1.000027	0.150391	
651	1.000050	0.000112	-0.128418	-0.000112	1.000050	0.154236	
652	1.000024	0.000092	-0.103271	-0.000092	1.000024	0.157593	
653	1.000016	0.000107	-0.107300	-0.000107	1.000016	0.193420	
654	1.000050	0.000040	-0.098633	-0.000040	1.000050	0.060547	
655	1.000161	0.000047	-0.222534	-0.000047	1.000161	-0.040283	
656	1.000090	0.000067	-0.152588	-0.000067	1.000090	0.044067	
657	1.000148	0.000043	-0.217529	-0.000043	1.000148	-0.030640	
658	1.000176	-0.000002	-0.218018	0.000002	1.000176	-0.135742	
659	1.000126	-0.000021	-0.203735	0.000021	1.000126	-0.144897	
660	0.999978	-0.000049	0.076416	0.000049	0.999978	-0.060608	
661	0.999982	-0.000037	0.047363	0.000037	0.999982	-0.048645	
662	0.999868	-0.000040	0.181519	0.000040	0.999868	0.004822	
663	1.000060	-0.000049	-0.024536	0.000049	1.000060	-0.142151	
664	0.999901	0.000068	0.017578	-0.000068	0.999901	0.100220	
665	1.000034	0.000001	-0.068970	-0.000001	1.000034	-0.079590	
666	1.000148	-0.000047	-0.156372	0.000047	1.000148	-0.298828	
667	1.000157	-0.000033	-0.210815	0.000033	1.000157	-0.234009	
668	1.000247	0.000006	-0.366821	-0.000006	1.000247	-0.288391	
669	1.000251	-0.000025	-0.384521	0.000025	1.000251	-0.333069	
670	1.000172	0.000003	-0.335449	-0.000003	1.000172	-0.211487	
671	1.000094	-0.000001	-0.233643	0.000001	1.000094	-0.113586	
672	0.999992	0.000089	-0.258301	-0.000089	0.999992	0.157410	
673	1.000016	0.000048	-0.184937	-0.000048	1.000016	0.088745	
674	0.999989	0.000051	-0.124756	-0.000051	0.999989	0.106812	
675	0.999996	-0.000051	-0.034912	0.000051	0.999996	-0.036194	
676	0.999909	-0.000018	0.073486	0.000018	0.999909	0.073669	
677	0.999893	0.000013	0.078247	-0.000013	0.999893	0.117310	
678	0.999900	0.000017	0.074341	-0.000017	0.999900	0.115967	
679	0.999898	-0.000003	0.102783	0.000003	0.999898	0.068604	
680	0.999956	-0.000014	0.065430	0.000014	0.999956	-0.071777	
681	0.999945	0.000048	0.030151	-0.000048	0.999945	-0.008484	
682	0.999920	0.000031	0.075195	-0.000031	0.999920	-0.030151	
683	0.999906	0.000023	0.081787	-0.000023	0.999906	0.032715	
684	1.000015	-0.000078	0.037231	0.000078	1.000015	-0.230774	
685	1.000041	-0.000003	-0.049072	0.000003	1.000041	-0.157288	
686	1.000075	0.000030	-0.114380	-0.000030	1.000075	-0.159973	
687	1.000113	-0.000071	-0.065796	0.000071	1.000113	-0.307190	
688	1.000087	-0.000037	-0.075195	0.000037	1.000087	-0.247437	
689	1.000088	-0.000121	-0.002441	0.000121	1.000088	-0.351318	
690	1.000092	0.000014	-0.123901	-0.000014	1.000092	-0.219055	
691	1.000143	-0.000084	-0.104248	0.000084	1.000143	-0.344604	
692	1.000054	-0.000061	-0.012695	0.000061	1.000054	-0.217896	
693	1.000052	-0.000038	-0.035400	0.000038	1.000052	-0.199341	
694	1.000035	-0.000065	0.006714	0.000065	1.000035	-0.194641	
695	1.000099	0.000009	-0.135376	-0.000009	1.000099	-0.166443	
696	1.000036	-0.000047	-0.011353	0.000047	1.000036	-0.160889	
697	1.000049	-0.000066	-0.020020	0.000066	1.000049	-0.212219	
698	1.000023	-0.000102	0.050049	0.000102	1.000023	-0.228516	
699	1.000073	-0.000017	-0.075073	0.000017	1.000073	-0.136475	
700	1.000028	-0.000068	0.026123	0.000068	1.000028	-0.185791	
701	1.000033	-0.000000	-0.043945	0.000000	1.000033	-0.080200	
702	1.000030	-0.000122	0.091919	0.000122	1.000030	-0.270386	
703	1.000143	0.000014	-0.157349	-0.000014	1.000143	-0.157166	
704	1.000040	0.000063	-0.095093	-0.000063	1.000040	-0.026611	
705	1.000023	-0.000005	-0.024292	0.000005	1.000023	-0.073120	
706	1.000008	-0.000026	0.025269	0.000026	1.000008	-0.074158	
707	0.999981	-0.000040	0.045410	0.000040	0.999981	0.005493	
708	0.999937	-0.000060	0.107300	0.000060	0.999937	-0.000122	
709	0.999893	-0.000054	0.173584	0.000054	0.999893	0.044922	
710	0.999858	-0.000018	0.195679	0.000018	0.999858	0.129211	
711	0.999888	0.000003	0.167969	-0.000003	0.999888	0.121826	
712	0.999924	0.000057	0.037842	-0.000057	0.999924	0.172119	
713	0.999807	0.000064	0.150024	-0.000064	0.999807	0.291809	
714	0.999831	0.000088	0.124268	-0.000088	0.999831	0.323364	
715	0.999931	-0.000023	0.138062	0.000023	0.999931	0.056885	
716	0.999963	-0.000128	0.248657	0.000128	0.999963	-0.156189	
717	1.000211	-0.000018	-0.254883	0.000018	1.000211	-0.237427	
718	0.999971	-0.000125	0.288574	0.000125	0.999971	-0.130249	
719	0.999978	-0.000086	0.206787	0.000086	0.999978	-0.103210	
720	1.000127	-0.000054	-0.150391	0.000054	1.000127	-0.164612	
721	1.000067	-0.000007	-0.135986	0.000007	1.000067	-0.036621	
722	1.000064	0.000048	-0.234497	-0.000048	1.000064	0.014648	
723	0.999915	-0.000018	0.136475	0.000018	0.999915	0.068604	
724	1.000033	0.000030	-0.110474	-0.000030	1.000033	0.006104	
725	1.000045	0.000092	-0.151733	-0.000092	1.000045	0.085388	
726	1.000023	0.000057	-0.037964	-0.000057	1.000023	0.046570	
727	0.999963	-0.000006	0.138306	0.000006	0.999963	0.016907	
728	0.999972	-0.000112	0.217896	0.000112	0.999972	-0.162354	
729	0.999820	-0.000106	0.484863	0.000106	0.999820	-0.032349	
730	0.999977	-0.000047	0.193481	0.000047	0.999977	-0.094482	
731	0.999849	0.000088	0.034058	-0.000088	0.999849	0.268555	
732	0.999884	0.000098	0.052612	-0.000098	0.999884	0.236938	
733	0.999934	0.000028	0.049805	-0.000028	0.999934	0.083313	
734	1.000001	0.000097	-0.103760	-0.000097	1.000001	0.076721	
735	0.999913	0.000057	0.109619	-0.000057	0.999913	0.137573	
736	1.000072	0.000027	-0.098755	-0.000027	1.000072	-0.075195	
737	1.000086	0.000016	-0.105469	-0.000016	1.000086	-0.093201	
738	1.000100	-0.000038	-0.087524	0.000038	1.000100	-0.212219	
739	1.000080	-0.000038	-0.108765	0.000038	1.000080	-0.144043	
740	1.000046	-0.000085	-0.010010	0.000085	1.000046	-0.200439	
741	0.999976	-0.000066	0.078735	0.000066	0.999976	-0.077026	
742	0.999876	-0.000091	0.226196	0.000091	0.999876	-0.002502	
743	0.999872	-0.000028	0.114624	0.000028	0.999872	0.064392	
744	0.999976	0.000062	-0.039062	-0.000062	0.999976	0.145020	
745	0.999931	0.000043	0.047119	-0.000043	0.999931	0.182068	
746	0.999933	0.000078	0.015137	-0.000078	0.999933	0.254395	
747	0.999800	0.000097	0.165161	-0.000097	0.999800	0.394653	
748	0.999910	-0.000007	0.087646	0.000007	0.999910	0.137085	
749	0.999832	0.000009	0.183105	-0.000009	0.999832	0.225220	
750	0.999883	-0.000085	0.200317	0.000085	0.999883	0.089355	
751	0.999817	0.000009	0.196045	-0.000009	0.999817	0.257568	
752	0.999838	-0.000033	0.225464	0.000033	0.999838	0.200378	
753	0.999810	0.000010	0.239990	-0.000010	0.999810	0.266907	
754	0.999824	0.000012	0.197754	-0.000012	0.999824	0.271729	
755	0.999817	-0.000020	0.277710	0.000020	0.999817	0.222839	
756	0.999844	-0.000048	0.231934	0.000048	0.999844	0.184631	
757	0.999884	-0.000049	0.167358	0.000049	0.999884	0.117554	
758	0.999898	-0.000075	0.167603	0.000075	0.999898	0.099670	
759	0.999896	-0.000012	0.140869	0.000012	0.999896	0.181641	
760	0.999946	-0.000035	0.080811	0.000035	0.999946	0.081909	
761	1.000007	0.000033	-0.068604	-0.000033	1.000007	0.108765	
762	1.000042	0.000017	-0.113647	-0.000017	1.000042	0.041748	
763	1.000080	0.000055	-0.197876	-0.000055	1.000080	0.068359	
764	1.000041	-0.000053	-0.029541	0.000053	1.000041	-0.004822	
765	1.000093	0.000062	-0.194092	-0.000062	1.000093	0.113037	
766	0.999999	0.000061	-0.041870	-0.000061	0.999999	0.231140	
767	1.000028	0.000073	-0.059204	-0.000073	1.000028	0.169922	
768	1.000102	-0.000052	0.020874	0.000052	1.000102	-0.148071	
769	1.000125	-0.000001	-0.096558	0.000001	1.000125	-0.091675	
770	1.000045	0.000011	-0.038086	-0.000011	1.000045	-0.009399	
771	1.000087	0.000026	-0.045288	-0.000026	1.000087	-0.058533	
772	1.000039	0.000015	0.005005	-0.000015	1.000039	-0.055115	
773	1.000027	0.000074	-0.082275	-0.000074	1.000027	0.046265	
774	0.999995	0.000035	-0.042725	-0.000035	0.999995	0.046875	
775	0.999959	0.000103	-0.080688	-0.000103	0.999959	0.190552	
776	1.000038	0.000090	-0.158691	-0.000090	1.000038	0.092957	
777	1.000042	0.000050	-0.108032	-0.000050	1.000042	0.024414	
778	1.000174	0.000136	-0.396362	-0.000136	1.000174	0.025757	
779	1.000227	0.000103	-0.357544	-0.000103	1.000227	-0.098816	
780	1.000298	0.000028	-0.407227	-0.000028	1.000298	-0.254028	
781	1.000227	-0.000126	-0.084229	0.000126	1.000227	-0.400024	
782	1.000207	-0.000067	-0.246948	0.000067	1.000207	-0.279968	
783	1.000087	-0.000012	-0.114502	0.000012	1.000087	-0.054565	
784	0.999972	-0.000009	0.017578	0.000009	0.999972	0.065552	
785	0.999940	0.000062	-0.046631	-0.000062	0.999940	0.119812	
786	0.999956	-0.000129	0.200317	0.000129	0.999956	-0.194031	
787	1.000049	-0.000008	-0.029419	0.000008	1.000049	-0.080017	
788	0.999965	-0.000092	0.166992	0.000092	0.999965	-0.133606	
789	0.998595	-0.001098	3.366943	0.001098	0.998595	-0.547241	
790	0.999938	0.000010	0.206909	-0.000010	0.999938	0.050537	
791	1.000371	-0.000055	-0.593018	0.000055	1.000371	-0.409485	
792	1.000014	0.000089	-0.189819	-0.000089	1.000014	0.098755	
793	0.999853	0.000041	0.195312	-0.000041	0.999853	0.182434	
794	0.999926	0.000039	0.079468	-0.000039	0.999926	0.123230	
795	1.000029	0.000062	-0.128296	-0.000062	1.000029	0.068176	
796	0.999905	-0.000004	0.158691	0.000004	0.999905	0.069885	
797	0.999878	-0.000004	0.214722	0.000004	0.999878	0.105530	
798	0.999714	-0.000045	0.559204	0.000045	0.999714	0.174866	
799	0.999915	-0.000007	0.153931	0.000007	0.999915	0.055969	
800	0.999945	0.000009	0.022339	-0.000009	0.999945	0.073853	
801	0.999935	0.000022	0.059204	-0.000022	0.999935	0.073792	
802	0.999959	0.000027	0.026611	-0.000027	0.999959	0.100342	
803	0.999958	-0.000038	0.097778	0.000038	0.999958	-0.062073	
804	0.999967	-0.000087	0.131348	0.000087	0.999967	-0.127869	
805	0.999979	0.000033	-0.023071	-0.000033	0.999979	0.049805	
806	0.999985	0.000025	-0.048584	-0.000025	0.999985	0.030823	
807	1.000017	-0.000017	-0.019165	0.000017	1.000017	-0.066956	
808	0.999987	-0.000017	0.042725	0.000017	0.999987	-0.020935	
809	0.999976	-0.000034	0.049072	0.000034	0.999976	-0.041138	
810	0.999948	-0.000025	0.095825	0.000025	0.999948	0.008484	
811	1.000016	-0.000006	-0.034912	0.000006	1.000016	-0.013245	
812	0.999992	-0.000094	0.146973	0.000094	0.999992	-0.125671	
813	0.999960	-0.000067	0.152588	0.000067	0.999960	-0.066650	
814	0.999962	-0.000043	0.137451	0.000043	0.999962	-0.036621	
815	1.000008	-0.000015	-0.031128	0.000015	1.000008	-0.013489	
816	1.000011	-0.000004	-0.000244	0.000004	1.000011	-0.003235	
817	1.000032	-0.000014	-0.069702	0.000014	1.000032	-0.072205	
818	1.000015	-0.000005	-0.021484	0.000005	1.000015	-0.021851	
819	1.000034	0.000025	-0.072266	-0.000025	1.000034	0.009827	
820	0.999981	0.000000	0.010010	-0.000000	0.999981	0.023804	
821	1.000007	0.000021	-0.056396	-0.000021	1.000007	0.014893	
822	1.000027	-0.000067	0.013184	0.000067	1.000027	-0.131042	
823	1.000028	-0.000042	-0.020386	0.000042	1.000028	-0.090759	
824	1.000072	-0.000045	-0.071533	0.000045	1.000072	-0.151367	
825	1.000012	0.000073	-0.131836	-0.000073	1.000012	0.101685	
826	0.999932	0.000035	0.040649	-0.000035	0.999932	0.115662	
827	0.999950	-0.000007	0.068848	0.000007	0.999950	-0.013306	
828	1.000016	0.000034	-0.064575	-0.000034	1.000016	-0.000732	
829	1.000137	0.000129	-0.354126	-0.000129	1.000137	-0.025452	
830	1.000318	0.000121	-0.567505	-0.000121	1.000318	-0.165527	
831	1.000197	-0.000021	-0.265015	0.000021	1.000197	-0.248901	
832	1.000166	-0.000084	-0.165771	0.000084	1.000166	-0.278992	
833	1.000148	-0.000086	-0.096191	0.000086	1.000148	-0.262085	
834	1.000124	0.000004	-0.137695	-0.000004	1.000124	-0.118896	
835	1.000082	0.000007	-0.096069	-0.000007	1.000082	-0.057983	
836	1.000161	-0.000043	-0.074097	0.000043	1.000161	-0.163574	
837	1.000071	-0.000035	-0.045166	0.000035	1.000071	-0.107300	
838	1.000054	0.000004	-0.079834	-0.000004	1.000054	-0.034485	
839	1.000011	0.000076	-0.105835	-0.000076	1.000011	0.089661	
840	1.000009	0.000022	-0.026489	-0.000022	1.000009	0.007507	
841	1.000038	0.000040	-0.073120	-0.000040	1.000038	-0.007507	
842	0.999978	0.000004	0.005371	-0.000004	0.999978	0.017883	
843	0.999949	-0.000018	0.063599	0.000018	0.999949	0.024475	
844	1.000032	-0.000023	-0.021484	0.000023	1.000032	-0.064636	
845	1.000055	-0.000006	-0.061401	0.000006	1.000055	-0.071106	
846	1.000073	-0.000023	-0.070679	0.000023	1.000073	-0.110779	
847	1.000038	-0.000061	-0.016846	0.000061	1.000038	-0.091187	
848	1.000043	-0.000011	-0.050903	0.000011	1.000043	-0.076233	
849	1.000047	-0.000009	-0.060669	0.000009	1.000047	-0.078247	
850	1.000047	-0.000018	-0.047363	0.000018	1.000047	-0.095276	
851	1.000043	-0.000047	-0.001099	0.000047	1.000043	-0.118042	
852	1.000099	-0.000028	-0.069214	0.000028	1.000099	-0.175659	
853	1.000087	-0.000035	-0.040527	0.000035	1.000087	-0.171997	
854	1.000104	-0.000043	-0.060059	0.000043	1.000104	-0.186584	
855	1.000156	-0.000145	-0.018188	0.000145	1.000156	-0.325806	
856	1.000154	-0.000062	-0.108765	0.000062	1.000154	-0.246338	
857	1.000160	-0.000057	-0.114258	0.000057	1.000160	-0.249634	
858	1.000168	-0.000065	-0.117554	0.000065	1.000168	-0.265442	
859	1.000228	-0.000148	-0.116821	0.000148	1.000228	-0.397034	
860	1.000204	-0.000097	-0.163452	0.000097	1.000204	-0.314758	
861	1.000218	-0.000136	-0.138306	0.000136	1.000218	-0.369812	
862	1.000206	-0.000147	-0.092285	0.000147	1.000206	-0.367920	
863	1.000322	-0.000318	-0.045044	0.000318	1.000322	-0.714539	
864	1.000130	-0.000041	0.000366	0.000041	1.000130	-0.077087	
865	1.000091	-0.000165	0.203491	0.000165	1.000091	-0.154785	
866	1.000054	0.000031	-0.054565	-0.000031	1.000054	0.048462	
867	1.000002	0.000058	-0.023071	-0.000058	1.000002	0.113403	
868	1.000115	-0.000074	-0.056274	0.000074	1.000115	-0.193909	
869	1.000026	-0.000080	0.133545	0.000080	1.000026	-0.092224	
870	1.000004	-0.000040	0.072998	0.000040	1.000004	-0.080444	
871	1.000045	-0.000009	-0.047852	0.000009	1.000045	-0.060547	
872	1.000052	-0.000037	-0.059448	0.000037	1.000052	-0.103699	
873	0.999958	0.000059	0.008423	-0.000059	0.999958	0.156250	
874	0.999999	0.000037	-0.018433	-0.000037	0.999999	0.073608	
875	0.999990	-0.000017	0.029419	0.000017	0.999990	-0.006042	
876	1.000156	0.000095	-0.355591	-0.000095	1.000156	-0.009888	
877	1.000127	0.000162	-0.384399	-0.000162	1.000127	0.151489	
878	1.000125	0.000038	-0.237793	-0.000038	1.000125	-0.036804	
879	1.000054	-0.000035	-0.083496	0.000035	1.000054	-0.146179	
880	1.000088	0.000014	-0.116333	-0.000014	1.000088	-0.092773	
881	1.000008	-0.000041	0.020996	0.000041	1.000008	-0.088989	
882	0.999963	0.000061	-0.075317	-0.000061	0.999963	0.105530	
883	0.999811	-0.000007	0.297974	0.000007	0.999811	0.260681	
884	1.000011	-0.000047	0.055420	0.000047	1.000011	0.036743	
885	0.999971	-0.000035	0.064331	0.000035	0.999971	0.024963	
886	1.000051	-0.000126	0.076416	0.000126	1.000051	-0.282349	
887	1.000031	-0.000011	-0.032104	0.000011	1.000031	-0.055176	
888	1.000078	0.000051	-0.185181	-0.000051	1.000078	-0.012939	
889	1.000198	0.000001	-0.270020	-0.000001	1.000198	-0.247864	
890	1.000034	-0.000007	-0.062012	0.000007	1.000034	-0.028381	
891	1.000076	0.000052	-0.174927	-0.000052	1.000076	-0.001587	
892	1.000085	-0.000002	-0.144043	0.000002	1.000085	-0.117798	
893	1.000109	-0.000097	-0.005615	0.000097	1.000109	-0.297058	
894	1.000048	-0.000043	-0.018799	0.000043	1.000048	-0.140076	
895	1.000051	-0.000003	-0.101929	0.000003	1.000051	-0.072937	
896	0.999976	-0.000004	0.039917	0.000004	0.999976	0.040344	
897	1.000011	-0.000004	0.066895	0.000004	1.000011	0.011292	
898	0.999997	0.000077	-0.103516	-0.000077	0.999997	0.118103	
899	1.000121	-0.000083	-0.144897	0.000083	1.000121	-0.185547	
900	1.000160	0.000007	-0.236694	-0.000007	1.000160	-0.069397	
901	1.000198	-0.000108	-0.140869	0.000108	1.000198	-0.248474	
902	1.000104	-0.000037	-0.139526	0.000037	1.000104	-0.133301	
903	1.000119	-0.000044	-0.186401	0.000044	1.000119	-0.157532	
904	1.000116	-0.000022	-0.106323	0.000022	1.000116	-0.133118	
905	0.999968	-0.000076	0.141357	0.000076	0.999968	-0.031433	
906	0.999968	-0.000031	0.081665	0.000031	0.999968	0.055603	
907	0.999945	-0.000052	0.056763	0.000052	0.999945	0.063049	
908	0.999985	-0.000002	-0.014526	0.000002	0.999985	0.063904	
909	1.000010	0.000044	-0.085815	-0.000044	1.000010	0.062744	
910	1.000071	0.000005	-0.143555	-0.000005	1.000071	-0.045837	
911	1.000127	0.000053	-0.325806	-0.000053	1.000127	-0.019836	
912	1.000116	0.000064	-0.286621	-0.000064	1.000116	-0.010132	
913	1.000145	0.000050	-0.310547	-0.000050	1.000145	-0.054443	
914	1.000145	0.000010	-0.246216	-0.000010	1.000145	-0.106995	
915	1.000036	0.000044	-0.131592	-0.000044	1.000036	0.029358	
916	1.000141	0.000056	-0.283081	-0.000056	1.000141	-0.046875	
917	1.000059	-0.000025	-0.119751	0.000025	1.000059	-0.092712	
918	0.999986	-0.000015	-0.088501	0.000015	0.999986	-0.008057	
919	1.000134	0.000068	-0.415894	-0.000068	1.000134	-0.018250	
920	0.999975	0.000115	-0.297241	-0.000115	0.999975	0.224854	
921	1.000216	0.000154	-0.484497	-0.000154	1.000216	0.030823	
922	1.000087	-0.000008	-0.102539	0.000008	1.000087	-0.045715	
923	1.000121	-0.000111	-0.116333	0.000111	1.000121	-0.217529	
924	1.000093	0.000023	-0.195312	-0.000023	1.000093	-0.070923	
925	1.000076	0.000083	-0.258545	-0.000083	1.000076	0.019958	
926	1.000123	0.000179	-0.414795	-0.000179	1.000123	0.101624	
927	1.000066	-0.000000	-0.111938	0.000000	1.000066	-0.061768	
928	1.000224	0.000105	-0.376709	-0.000105	1.000224	-0.138245	
929	1.000120	-0.000018	-0.097534	0.000018	1.000120	-0.208130	
930	1.000165	-0.000056	-0.198730	0.000056	1.000165	-0.257874	
931	1.000205	0.000015	-0.358521	-0.000015	1.000205	-0.142273	
932	1.000164	-0.000234	0.078857	0.000234	1.000164	-0.420532	
933	0.999992	-0.000075	0.120239	0.000075	0.999992	-0.068970	
934	1.000196	-0.000037	-0.225098	0.000037	1.000196	-0.284607	
935	1.000089	0.000079	-0.195923	-0.000079	1.000089	0.020996	
936	0.999542	0.000324	0.405518	-0.000324	0.999542	0.974854	
937	0.996914	-0.000045	5.273804	0.000045	0.996914	2.856262	
938	0.999826	-0.000038	0.407471	0.000038	0.999826	0.168518	
939	0.999827	0.000027	0.326904	-0.000027	0.999827	0.216553	
940	0.999753	-0.000030	0.370605	0.000030	0.999753	0.267090	
941	0.999785	-0.000028	0.317017	0.000028	0.999785	0.173096	
942	0.999801	-0.000268	0.633423	0.000268	0.999801	-0.170166	
943	1.000019	-0.000126	0.141479	0.000126	1.000019	-0.217102	
944	1.000097	-0.000261	0.283936	0.000261	1.000097	-0.417969	
945	1.000063	-0.000254	0.310059	0.000254	1.000063	-0.397705	
946	1.000029	-0.000102	0.097168	0.000102	1.000029	-0.157898	
947	0.999955	0.000169	-0.204346	-0.000169	0.999955	0.250122	
948	0.999953	0.000058	-0.036255	-0.000058	0.999953	0.098938	
949	1.000013	-0.000036	-0.012207	0.000036	1.000013	-0.108643	
950	0.999964	0.000036	0.030396	-0.000036	0.999964	0.033813	
951	0.999936	0.000003	0.138062	-0.000003	0.999936	0.051575	
952	1.000020	0.000008	-0.087036	-0.000008	1.000020	-0.015442	
953	1.000077	0.000127	-0.191895	-0.000127	1.000077	0.099670	
954	1.000040	0.000026	-0.057129	-0.000026	1.000040	-0.002747	
955	0.999957	0.000006	0.118042	-0.000006	0.999957	0.033325	
956	0.999966	-0.000089	0.287720	0.000089	0.999966	-0.077759	
957	1.000086	-0.000067	0.076782	0.000067	1.000086	-0.183350	
958	0.999795	-0.000054	0.452148	0.000054	0.999795	0.134583	
959	0.999825	0.000056	0.323608	-0.000056	0.999825	0.211975	
960	1.000034	0.000072	0.024658	-0.000072	1.000034	0.027588	
961	1.000003	0.000086	-0.042358	-0.000086	1.000003	0.093689	
962	0.999899	0.000204	-0.085083	-0.000204	0.999899	0.287537	
963	1.000015	0.000044	-0.079102	-0.000044	1.000015	0.012878	
964	1.000138	0.000129	-0.374512	-0.000129	1.000138	-0.059753	
965	1.000139	0.000124	-0.373657	-0.000124	1.000139	-0.078247	
966	1.000042	0.000140	-0.258179	-0.000140	1.000042	0.004944	
967	0.999993	0.000022	-0.021240	-0.000022	0.999993	-0.034851	
968	0.999940	0.000080	-0.098755	-0.000080	0.999940	0.071045	
969	0.999961	0.000056	-0.095337	-0.000056	0.999961	0.054504	
970	0.999938	0.000106	-0.120361	-0.000106	0.999938	0.135681	
971	0.999947	0.000090	-0.049316	-0.000090	0.999947	0.113159	
972	1.000040	0.000132	-0.272583	-0.000132	1.000040	0.037170	
973	1.000040	0.000103	-0.201782	-0.000103	1.000040	0.027283	
974	1.000123	0.000068	-0.267822	-0.000068	1.000123	-0.121155	
975	1.000076	0.000054	-0.144287	-0.000054	1.000076	-0.038574	
976	1.000009	0.000054	-0.129272	-0.000054	1.000009	-0.002747	
977	0.999978	-0.000001	0.001099	0.000001	0.999978	-0.018677	
978	0.999994	-0.000012	-0.005859	0.000012	0.999994	-0.041504	
979	0.999861	-0.000077	0.370605	0.000077	0.999861	0.078491	
980	0.999949	-0.000313	0.434448	0.000313	0.999949	-0.495056	
981	1.000092	-0.000178	0.124268	0.000178	1.000092	-0.490234	
982	1.000256	0.000032	-0.358398	-0.000032	1.000256	-0.297119	
983	1.000088	0.000070	-0.210815	-0.000070	1.000088	-0.005493	
984	1.000115	0.000084	-0.182983	-0.000084	1.000115	-0.031189	
985	1.000104	0.000092	-0.196533	-0.000092	1.000104	-0.011780	
986	1.000077	0.000059	-0.171143	-0.000059	1.000077	-0.067749	
987	0.999934	-0.000006	0.118164	0.000006	0.999934	0.063416	
988	1.000139	-0.000046	-0.101196	0.000046	1.000139	-0.202942	
989	1.000137	0.000119	-0.317993	-0.000119	1.000137	0.070801	
990	1.000238	0.000161	-0.571655	-0.000161	1.000238	0.045166	
991	1.000117	-0.000052	-0.116943	0.000052	1.000117	-0.176514	
992	0.999914	-0.000498	0.668335	0.000498	0.999914	-0.724976	
993	1.000040	-0.000070	0.033691	0.000070	1.000040	-0.098450	
994	1.000026	0.000043	-0.116577	-0.000043	1.000026	0.072632	
995	0.999729	-0.000033	0.557739	0.000033	0.999729	0.212769	
996	1.000065	-0.000040	-0.118896	0.000040	1.000065	-0.083557	
997	1.000477	0.000445	-1.222412	-0.000445	1.000477	0.310730	
998	1.000081	-0.000036	-0.107178	0.000036	1.000081	-0.115784	
999	1.000091	0.000050	-0.280518	-0.000050	1.000091	0.025879	
1000	0.999983	-0.000048	0.016846	0.000048	0.999983	-0.000244	
1001	1.000007	-0.000005	-0.014404	0.000005	1.000007	-0.012024	
1002	1.000044	-0.000032	-0.080322	0.000032	1.000044	-0.046143	
1003	1.000333	0.000030	-0.690308	-0.000030	1.000333	-0.282043	
1004	1.000064	-0.000002	-0.130859	0.000002	1.000064	-0.103516	
1005	1.000040	0.000080	-0.176270	-0.000080	1.000040	0.043030	
1006	1.000174	0.000035	-0.368896	-0.000035	1.000174	-0.121033	
1007	0.999988	0.000067	-0.048218	-0.000067	0.999988	0.173096	
1008	0.999944	0.000025	0.141724	-0.000025	0.999944	0.104614	
1009	1.000005	-0.000004	0.009033	0.000004	1.000005	0.034363	
1010	1.000059	0.000017	-0.110962	-0.000017	1.000059	0.010376	
1011	0.999970	-0.000115	0.171387	0.000115	0.999970	-0.099731	
1012	0.999980	0.000047	-0.007812	-0.000047	0.999980	0.060120	
1013	0.999880	0.000039	0.092529	-0.000039	0.999880	0.218262	
1014	0.999958	0.000071	-0.094116	-0.000071	0.999958	0.142944	
1015	0.999977	0.000009	0.000488	-0.000009	0.999977	0.040894	
1016	0.999953	-0.000009	0.084229	0.000009	0.999953	0.028687	
1017	1.000047	0.000061	-0.167358	-0.000061	1.000047	0.067383	
1018	0.999846	0.000025	0.213379	-0.000025	0.999846	0.216736	
1019	0.999867	0.000003	0.182129	-0.000003	0.999867	0.154419	
1020	0.999924	-0.000020	0.095215	0.000020	0.999924	0.028503	
1021	0.999982	-0.000020	-0.020996	0.000020	0.999982	-0.025208	
1022	1.000053	-0.000008	-0.168579	0.000008	1.000053	-0.106506	
1023	1.000041	-0.000071	-0.055542	0.000071	1.000041	-0.189453	
1024	1.000063	0.000066	-0.185425	-0.000066	1.000063	0.031311	
1025	0.999982	0.000133	-0.158081	-0.000133	0.999982	0.131042	
1026	0.999885	0.000202	-0.106567	-0.000202	0.999885	0.315979	
1027	0.999959	0.000052	-0.064697	-0.000052	0.999959	0.097717	
1028	0.999748	0.000093	0.166992	-0.000093	0.999748	0.295715	
1029	0.999769	0.000054	0.180176	-0.000054	0.999769	0.236633	
1030	0.999817	0.000094	0.091187	-0.000094	0.999817	0.245483	
1031	0.999843	0.000122	0.034912	-0.000122	0.999843	0.253357	
1032	0.999851	0.000097	0.059204	-0.000097	0.999851	0.232971	
1033	0.999902	0.000105	-0.012085	-0.000105	0.999902	0.211304	
1034	0.999913	0.000126	-0.029419	-0.000126	0.999913	0.236023	
1035	0.999911	0.000085	0.009277	-0.000085	0.999911	0.192627	
1036	0.999922	0.000039	0.052246	-0.000039	0.999922	0.123840	
1037	0.999932	0.000063	0.012207	-0.000063	0.999932	0.154907	
1038	0.999948	0.000059	0.006714	-0.000059	0.999948	0.139832	
1039	0.999947	0.000036	0.011719	-0.000036	0.999947	0.129700	
1040	0.999979	0.000037	-0.036499	-0.000037	0.999979	0.078735	
1041	0.999986	0.000041	-0.054932	-0.000041	0.999986	0.072021	
1042	1.000012	0.000023	-0.077271	-0.000023	1.000012	0.028809	
1043	1.000046	0.000037	-0.146973	-0.000037	1.000046	0.045654	
1044	1.000012	0.000036	-0.073364	-0.000036	1.000012	0.042725	
1045	1.000015	0.000034	-0.068970	-0.000034	1.000015	0.036926	
1046	1.000004	0.000028	-0.051147	-0.000028	1.000004	0.040161	
1047	1.000010	0.000084	-0.157227	-0.000084	1.000010	0.100098	
1048	0.999982	0.000057	-0.048096	-0.000057	0.999982	0.079285	
1049	0.999985	0.000060	-0.050293	-0.000060	0.999985	0.085876	
1050	0.999975	0.000046	-0.009155	-0.000046	0.999975	0.075684	
1051	0.999923	0.000057	0.039185	-0.000057	0.999923	0.123352	
1052	0.999974	0.000019	0.024536	-0.000019	0.999974	0.033203	
1053	0.999942	0.000013	0.064087	-0.000013	0.999942	0.052612	
1054	0.999967	0.000012	0.036255	-0.000012	0.999967	0.036987	
1055	0.999917	-0.000004	0.106323	0.000004	0.999917	0.048828	
1056	0.999960	-0.000011	0.053833	0.000011	0.999960	0.008606	
1057	0.999965	-0.000007	0.042603	0.000007	0.999965	0.013855	
1058	0.999950	0.000009	0.034546	-0.000009	0.999950	0.049133	
1059	0.999945	-0.000012	0.041382	0.000012	0.999945	0.025085	
1060	0.999955	-0.000016	0.038452	0.000016	0.999955	0.020813	
1061	0.999936	0.000011	-0.010742	-0.000011	0.999936	0.080811	
1062	0.999978	0.000028	-0.073975	-0.000028	0.999978	0.056519	
1063	0.999942	0.000028	-0.066772	-0.000028	0.999942	0.117737	
1064	0.999903	0.000035	0.042358	-0.000035	0.999903	0.133301	
1065	0.999897	0.000037	0.057129	-0.000037	0.999897	0.137695	
1066	0.999911	-0.000059	0.126221	0.000059	0.999911	-0.016479	
1067	1.000045	0.000051	-0.163452	-0.000051	1.000045	-0.004700	
1068	1.000053	-0.000114	0.046265	0.000114	1.000053	-0.291626	
1069	1.000045	0.000006	-0.053345	-0.000006	1.000045	-0.095215	
1070	1.000045	0.000021	-0.093262	-0.000021	1.000045	-0.061584	
1071	1.000051	0.000021	-0.108521	-0.000021	1.000051	-0.076050	
1072	0.999972	-0.000021	0.069214	0.000021	0.999972	-0.057983	
1073	1.000148	-0.000039	-0.077148	0.000039	1.000148	-0.284668	
1074	0.999954	-0.000001	0.127686	0.000001	0.999954	-0.000732	
1075	0.999987	-0.000035	0.179565	0.000035	0.999987	-0.070984	
1076	1.000065	0.000041	-0.097534	-0.000041	1.000065	-0.019714	
1077	1.000090	-0.000014	-0.044922	0.000014	1.000090	-0.127563	
1078	1.000086	-0.000003	-0.097534	0.000003	1.000086	-0.091797	
1079	1.000211	-0.000011	-0.347778	0.000011	1.000211	-0.204590	
1080	1.000032	0.000053	-0.139404	-0.000053	1.000032	0.054443	
1081	1.000028	0.000036	-0.064331	-0.000036	1.000028	0.056824	
1082	1.000057	0.000026	-0.080933	-0.000026	1.000057	0.002136	
1083	1.000120	0.000025	-0.239258	-0.000025	1.000120	-0.043274	
1084	1.000085	-0.000032	-0.046997	0.000032	1.000085	-0.082642	
1085	1.000117	-0.000056	-0.086670	0.000056	1.000117	-0.177551	
1086	1.000020	-0.000099	0.103516	0.000099	1.000020	-0.142761	
1087	0.999959	-0.000060	0.121704	0.000060	0.999959	-0.061279	
1088	0.999984	-0.000024	0.032715	0.000024	0.999984	-0.048340	
1089	0.999833	-0.000034	0.286499	0.000034	0.999833	0.101013	
1090	0.999929	0.000022	0.071777	-0.000022	0.999929	0.089783	
1091	0.999975	0.000013	0.014893	-0.000013	0.999975	0.040833	
1092	1.000047	-0.000001	-0.087891	0.000001	1.000047	-0.091125	
1093	1.000018	0.000070	-0.146484	-0.000070	1.000018	0.094360	
1094	1.000210	0.000067	-0.443848	-0.000067	1.000210	-0.091736	
1095	1.000051	0.000033	-0.091675	-0.000033	1.000051	-0.006042	
1096	0.999984	-0.000017	0.063843	0.000017	0.999984	-0.036133	
1097	1.000072	0.000042	-0.165771	-0.000042	1.000072	-0.044373	
1098	1.000006	0.000046	-0.044434	-0.000046	1.000006	0.050842	
1099	0.999416	-0.000980	1.853882	0.000980	0.999416	-1.119751	
1100	0.999882	-0.000018	0.232666	0.000018	0.999882	0.061340	
1101	1.000007	0.000067	-0.099976	-0.000067	1.000007	0.059814	
1102	0.999974	0.000101	-0.088257	-0.000101	0.999974	0.141418	
1103	0.999916	0.000034	0.077881	-0.000034	0.999916	0.113342	
1104	0.999882	0.000086	0.026001	-0.000086	0.999882	0.197083	
1105	0.999820	0.000102	0.128662	-0.000102	0.999820	0.297852	
1106	0.999771	0.000092	0.219482	-0.000092	0.999771	0.341980	
1107	0.999993	0.000076	-0.092896	-0.000076	0.999993	0.080872	
1108	0.999936	0.000066	0.001221	-0.000066	0.999936	0.108521	
1109	0.999934	0.000029	0.052856	-0.000029	0.999934	0.094482	
1110	0.999971	0.000021	0.002075	-0.000021	0.999971	0.046570	
1111	1.000011	-0.000003	-0.050903	0.000003	1.000011	-0.035156	
1112	1.000051	-0.000064	-0.000366	0.000064	1.000051	-0.127075	
1113	1.000078	0.000033	-0.142456	-0.000033	1.000078	-0.035217	
1114	0.999992	0.000022	-0.045898	-0.000022	0.999992	0.026917	
1115	0.999993	-0.000020	-0.014282	0.000020	0.999993	-0.023499	
1116	0.999928	0.000055	0.022339	-0.000055	0.999928	0.156311	
1117	0.999960	0.000030	-0.006958	-0.000030	0.999960	0.090027	
1118	0.999988	0.000021	-0.026367	-0.000021	0.999988	0.060730	
1119	1.000083	0.000029	-0.150757	-0.000029	1.000083	-0.040588	
1120	0.999931	-0.000046	0.132935	0.000046	0.999931	0.018250	
1121	1.000021	-0.000036	0.026489	0.000036	1.000021	-0.084412	
1122	0.999990	0.000018	-0.018188	-0.000018	0.999990	0.073853	
1123	1.000006	-0.000117	0.095825	0.000117	1.000006	-0.184631	
1124	0.999907	-0.000169	0.310913	0.000169	0.999907	-0.168335	
1125	0.999991	0.000094	-0.157715	-0.000094	0.999991	0.192200	
1126	0.999932	-0.000008	0.092773	0.000008	0.999932	0.039978	
1127	0.999902	-0.000075	0.203369	0.000075	0.999902	-0.013428	
1128	0.999882	0.000014	0.128052	-0.000014	0.999882	0.084900	
1129	0.999863	0.000010	0.166748	-0.000010	0.999863	0.129395	
1130	0.999721	-0.000023	0.391357	0.000023	0.999721	0.233948	
1131	0.999950	0.000105	-0.071655	-0.000105	0.999950	0.119202	
1132	0.999974	-0.000036	0.086670	0.000036	0.999974	-0.111816	
1133	0.999921	0.000031	0.087158	-0.000031	0.999921	0.080872	
1134	0.999909	-0.000083	0.193848	0.000083	0.999909	-0.028137	
1135	0.999806	0.000142	0.109497	-0.000142	0.999806	0.412292	
1136	0.999768	0.000114	0.220703	-0.000114	0.999768	0.466553	
1137	0.999774	0.000028	0.259644	-0.000028	0.999774	0.324280	
1138	0.999833	0.000084	0.134033	-0.000084	0.999833	0.345337	
1139	0.999858	0.000035	0.124146	-0.000035	0.999858	0.178772	
1140	0.999750	0.000019	0.226074	-0.000019	0.999750	0.379700	
1141	0.999749	0.000030	0.209961	-0.000030	0.999749	0.422668	
1142	0.999818	0.000094	0.096680	-0.000094	0.999818	0.370239	
1143	0.999937	0.000107	-0.077271	-0.000107	0.999937	0.162354	
1144	0.999746	0.000107	0.176147	-0.000107	0.999746	0.531982	
1145	0.999805	0.000149	0.077026	-0.000149	0.999805	0.453613	
1146	0.999687	0.000092	0.226685	-0.000092	0.999687	0.587708	
1147	0.999942	0.000076	-0.046021	-0.000076	0.999942	0.143982	
1148	0.999829	0.000113	0.042480	-0.000113	0.999829	0.410156	
1149	0.999790	0.000012	0.156982	-0.000012	0.999790	0.324829	
1150	0.999609	0.000060	0.403931	-0.000060	0.999609	0.671265	
1151	0.999828	0.000098	0.106445	-0.000098	0.999828	0.301270	
1152	0.999760	0.000087	0.209106	-0.000087	0.999760	0.436523	
1153	0.999783	-0.000032	0.280762	0.000032	0.999783	0.292725	
1154	0.999848	0.000031	0.149170	-0.000031	0.999848	0.249512	
1155	0.999841	0.000028	0.155762	-0.000028	0.999841	0.240051	
1156	0.999864	0.000052	0.121948	-0.000052	0.999864	0.262390	
1157	0.999874	0.000020	0.143921	-0.000020	0.999874	0.210693	
1158	0.999874	0.000019	0.133301	-0.000019	0.999874	0.186646	
1159	0.999890	0.000009	0.155273	-0.000009	0.999890	0.135132	
1160	0.999830	-0.000110	0.302979	0.000110	0.999830	0.126404	
1161	0.999911	0.000026	0.091919	-0.000026	0.999911	0.161926	
1162	0.999846	0.000133	0.086060	-0.000133	0.999846	0.390076	
1163	0.999927	0.000054	0.073975	-0.000054	0.999927	0.172607	
1164	0.999834	0.000225	0.037476	-0.000225	0.999834	0.529053	
1165	0.999890	-0.000074	0.200195	0.000074	0.999890	0.136963	
1166	0.999908	0.000136	0.007690	-0.000136	0.999908	0.340759	
1167	0.999971	0.000023	0.018555	-0.000023	0.999971	0.075989	
1168	0.999938	0.000054	0.040283	-0.000054	0.999938	0.190308	
1169	0.999953	0.000022	0.037354	-0.000022	0.999953	0.142273	
1170	0.999968	0.000044	-0.002319	-0.000044	0.999968	0.149231	
1171	0.999977	0.000017	0.033691	-0.000017	0.999977	0.083923	
1172	0.999902	0.000002	0.125244	-0.000002	0.999902	0.198792	
1173	0.999951	-0.000017	0.073242	0.000017	0.999951	0.119202	
1174	0.999947	0.000040	0.032349	-0.000040	0.999947	0.182861	
1175	0.999968	0.000066	0.003418	-0.000066	0.999968	0.153259	
1176	0.999893	0.000101	0.058594	-0.000101	0.999893	0.347595	
1177	0.999871	-0.000063	0.212891	0.000063	0.999871	0.169495	
1178	0.999806	-0.000021	0.274658	0.000021	0.999806	0.346130	
1179	0.999855	0.000109	0.112915	-0.000109	0.999855	0.355530	
1180	0.999965	-0.000022	0.069092	0.000022	0.999965	0.039551	
1181	1.000047	-0.000124	0.054199	0.000124	1.000047	-0.233887	
1182	1.000126	-0.000122	-0.046265	0.000122	1.000126	-0.365601	
1183	0.999937	0.000073	0.053345	-0.000073	0.999937	0.152832	
1184	1.000045	-0.000039	0.004517	0.000039	1.000045	-0.155701	
1185	1.000078	-0.000028	-0.042603	0.000028	1.000078	-0.194641	
1186	1.000115	-0.000075	-0.058838	0.000075	1.000115	-0.304443	
1187	1.000060	0.000013	-0.065430	-0.000013	1.000060	-0.075378	
1188	1.000331	-0.000561	0.056152	0.000561	1.000331	-1.259094	
1189	1.000147	0.000013	-0.172485	-0.000013	1.000147	-0.227600	
1190	1.000389	-0.000677	0.061646	0.000677	1.000389	-1.484375	
1191	1.000103	-0.000071	-0.071533	0.000071	1.000103	-0.209473	
1192	1.000089	-0.000034	-0.080566	0.000034	1.000089	-0.164062	
1193	1.000091	-0.000012	-0.090088	0.000012	1.000091	-0.156616	
1194	1.000114	-0.000014	-0.125610	0.000014	1.000114	-0.183655	
1195	1.000074	-0.000031	-0.073120	0.000031	1.000074	-0.106201	
1196	1.000080	-0.000077	-0.032227	0.000077	1.000080	-0.214050	
1197	1.000154	-0.000043	-0.162354	0.000043	1.000154	-0.315857	
1198	1.000128	0.000026	-0.146362	-0.000026	1.000128	-0.208740	
1199	1.000065	-0.000023	-0.054810	0.000023	1.000065	-0.098633	
1200	1.000143	-0.000037	-0.127197	0.000037	1.000143	-0.303650	
1201	1.000129	0.000024	-0.164551	-0.000024	1.000129	-0.193054	
1202	1.000057	-0.000035	-0.026978	0.000035	1.000057	-0.108459	
