0	1.000000	0.000000	0.000000	0.000000	1.000000	0.000000	
1	1.000065	-0.000165	-1.858582	0.000165	1.000065	-2.076767	
2	1.000059	-0.000061	-2.589600	0.000061	1.000059	-0.993881	
3	0.999664	-0.000001	-2.038757	0.000001	0.999664	-1.564682	
4	1.000060	-0.000520	-3.039124	0.000520	1.000060	-3.478943	
5	1.000010	-0.000090	-2.426208	0.000090	1.000010	-1.213806	
6	0.999903	-0.000136	-2.857544	0.000136	0.999903	-1.572784	
7	1.000145	-0.000568	-5.916748	0.000568	1.000145	-5.275696	
8	0.999854	-0.000056	-4.060852	0.000056	0.999854	-1.369026	
9	0.999982	0.000448	-8.232971	-0.000448	0.999982	-2.675232	
10	0.999999	-0.000113	-4.059021	0.000113	0.999999	-1.704391	
11	1.000017	-0.000134	-8.708618	0.000134	1.000017	-2.420532	
12	0.999706	-0.000179	-4.471008	0.000179	0.999706	-1.653595	
13	1.000028	-0.000339	-8.187378	0.000339	1.000028	-1.932770	
14	1.000179	-0.000278	-3.599792	0.000278	1.000179	-1.812408	
15	1.000073	-0.000308	-8.585083	0.000308	1.000073	0.672302	
16	0.999624	-0.000295	-3.720764	0.000295	0.999624	-0.213440	
17	0.999981	-0.000091	-10.191956	0.000091	0.999981	1.138687	
18	0.999963	-0.000024	-4.975037	0.000024	0.999963	0.396805	
19	1.000057	-0.000235	-9.201233	0.000235	1.000057	2.976639	
20	0.999796	-0.000123	-4.843872	0.000123	0.999796	1.881897	
21	0.999970	0.000206	-8.654419	-0.000206	0.999970	5.342438	
22	1.000219	-0.000132	-4.006165	0.000132	1.000219	2.254120	
23	0.999815	0.000163	-8.637085	-0.000163	0.999815	7.088287	
24	0.999967	0.000014	-4.026611	-0.000014	0.999967	3.841995	
25	0.999877	-0.000356	-8.619629	0.000356	0.999877	3.550186	
26	0.999983	0.000101	-4.341064	-0.000101	0.999983	2.974289	
27	1.000138	0.000296	-8.261841	-0.000296	1.000138	3.959625	
28	0.999191	-0.000764	-2.575378	0.000764	0.999191	1.577209	
29	1.000549	-0.000608	-7.740662	0.000608	1.000549	4.057037	
30	0.999967	-0.000498	-3.766907	0.000498	0.999967	0.395721	
31	1.000012	-0.000564	-7.120972	0.000564	1.000012	2.649368	
32	0.999830	0.000080	-3.246216	-0.000080	0.999830	2.726044	
33	0.999874	0.000317	-8.039917	-0.000317	0.999874	1.734772	
34	1.000081	0.000262	-3.231812	-0.000262	1.000081	1.655472	
35	1.000008	-0.000509	-8.320801	0.000509	1.000008	2.230530	
36	0.999850	-0.000371	-3.397705	0.000371	0.999850	-0.072754	
37	0.999966	-0.000357	-7.329102	0.000357	0.999966	-0.459961	
38	0.999962	-0.000199	-3.628601	0.000199	0.999962	-2.533463	
39	0.999976	-0.000521	-7.407104	0.000521	0.999976	-2.224808	
40	0.999980	-0.000336	-4.062988	0.000336	0.999980	-0.907608	
41	1.000179	-0.000482	-6.300171	0.000482	1.000179	-3.526245	
42	1.000017	0.000103	-3.892944	-0.000103	1.000017	-1.504807	
43	1.000064	-0.000439	-6.670776	0.000439	1.000064	-4.394089	
44	0.999994	0.000252	-3.642883	-0.000252	0.999994	-1.310013	
45	0.999959	-0.000169	-7.606934	0.000169	0.999959	-5.733521	
46	1.000144	-0.000431	-2.447388	0.000431	1.000144	-3.400284	
47	1.000050	0.000858	-5.460754	-0.000858	1.000050	-4.851425	
48	1.000045	0.000574	-2.347717	-0.000574	1.000045	-1.976639	
49	1.000111	0.000998	-3.582031	-0.000998	1.000111	-6.119293	
50	0.999937	0.000788	-1.124512	-0.000788	0.999937	-1.986969	
51	1.000227	0.000503	-3.245911	-0.000503	1.000227	-4.845062	
52	0.999805	-0.000327	-1.533691	0.000327	0.999805	-4.272736	
53	1.000080	0.000729	-1.407166	-0.000729	1.000080	-6.091949	
54	1.000351	-0.000340	-1.956421	0.000340	1.000351	-4.845627	
55	1.000139	-0.000296	-0.150330	0.000296	1.000139	-3.581558	
56	0.999844	-0.000337	-0.927551	0.000337	0.999844	-3.816299	
57	1.000186	0.000494	1.367859	-0.000494	1.000186	-4.973297	
58	1.000271	0.000195	1.857056	-0.000195	1.000271	-1.989731	
59	1.000293	0.000185	11.355530	-0.000185	1.000293	-3.106155	
60	1.000074	-0.000085	8.602173	0.000085	1.000074	-3.065445	
61	0.999766	-0.000795	19.498291	0.000795	0.999766	-4.433868	
62	1.000156	0.000159	7.230896	-0.000159	1.000156	-1.405167	
63	0.999817	0.000247	12.516968	-0.000247	0.999817	-2.353714	
64	0.999824	-0.000299	4.681580	0.000299	0.999824	-0.637268	
65	1.000033	0.000121	5.608459	-0.000121	1.000033	0.613525	
66	1.000162	0.000225	3.221802	-0.000225	1.000162	0.560699	
67	1.000101	0.000358	7.875854	-0.000358	1.000101	2.111145	
68	1.000123	0.000495	4.971436	-0.000495	1.000123	3.177795	
69	1.000144	-0.000709	12.362793	0.000709	1.000144	3.183655	
70	0.999974	-0.000192	6.337524	0.000192	0.999974	2.095612	
71	1.000510	0.000900	16.741577	-0.000900	1.000510	4.686707	
72	0.999248	-0.000126	11.100037	0.000126	0.999248	2.606491	
73	1.000720	-0.000014	15.575317	0.000014	1.000720	4.721191	
74	1.000096	-0.000165	6.566528	0.000165	1.000096	1.947357	
75	0.999909	-0.000123	10.373779	0.000123	0.999909	3.646072	
76	1.000000	-0.000008	4.956665	0.000008	1.000000	2.447403	
77	1.000090	-0.000342	8.833801	0.000342	1.000090	3.847527	
78	0.999846	0.000203	4.509094	-0.000203	0.999846	2.385025	
79	0.999694	0.000656	9.242737	-0.000656	0.999694	3.205971	
80	0.999941	0.000345	3.676331	-0.000345	0.999941	2.361038	
81	1.000018	0.000369	8.905640	-0.000369	1.000018	3.363632	
82	1.000098	-0.000005	4.621704	0.000005	1.000098	0.604965	
83	0.999895	-0.000434	8.353210	0.000434	0.999895	3.331131	
84	1.000025	-0.000317	3.603027	0.000317	1.000025	0.223648	
85	1.000147	-0.000092	7.066162	0.000092	1.000147	2.432373	
86	0.999846	-0.000226	3.910706	0.000226	0.999846	0.515991	
87	1.000243	-0.000119	6.049316	0.000119	1.000243	2.140686	
88	0.999650	-0.000018	3.178772	0.000018	0.999650	0.811447	
89	1.000025	0.000228	6.151245	-0.000228	1.000025	1.373001	
90	1.000168	0.000061	2.494324	-0.000061	1.000168	0.631104	
91	0.999862	-0.000458	5.792358	0.000458	0.999862	-0.457275	
92	1.000050	-0.000242	2.077393	0.000242	1.000050	0.396362	
93	0.999840	-0.000341	4.091553	0.000341	0.999840	-0.709686	
94	1.000140	-0.000117	1.233765	0.000117	1.000140	0.268158	
95	0.999996	-0.000221	3.110779	0.000221	0.999996	-0.072449	
96	0.999746	-0.000215	0.770508	0.000215	0.999746	-0.052155	
97	0.999751	-0.000080	-0.118835	0.000080	0.999751	-0.615021	
98	1.000246	0.000109	-1.106262	-0.000109	1.000246	-0.486877	
99	0.999937	-0.000256	-0.861206	0.000256	0.999937	0.061127	
100	0.999879	-0.000242	-1.370972	0.000242	0.999879	-1.056549	
101	0.999882	-0.000285	-2.601685	0.000285	0.999882	-0.699768	
102	1.000252	-0.000078	-1.782654	0.000078	1.000252	0.212006	
103	1.000011	0.000475	-3.452637	-0.000475	1.000011	-0.426117	
104	0.999740	0.000910	-1.034363	-0.000910	0.999740	1.623016	
105	1.000084	0.000607	-2.126648	-0.000607	1.000084	0.058289	
106	1.000052	-0.000033	-1.779419	0.000033	1.000052	0.358246	
107	0.999921	0.001166	-2.270630	-0.001166	0.999921	2.461121	
108	1.000071	0.000898	-1.130920	-0.000898	1.000071	0.424469	
109	0.999792	0.000880	-1.157532	-0.000880	0.999792	2.777771	
110	1.000335	-0.000011	-1.327820	0.000011	1.000335	-0.013809	
111	1.000227	0.001877	-3.600342	-0.001877	1.000227	2.323639	
112	1.000637	0.000566	-1.956604	-0.000566	1.000637	0.638824	
113	1.001261	0.001294	-4.808960	-0.001294	1.001261	3.308273	
114	1.001083	-0.000002	-1.779175	0.000002	1.001083	-0.072327	
115	1.002159	0.001129	-5.117432	-0.001129	1.002159	3.853363	
116	1.000950	0.000627	-1.817993	-0.000627	1.000950	2.313324	
117	1.001301	0.000511	-3.460938	-0.000511	1.001301	3.615189	
118	1.000805	-0.000203	-1.243713	0.000203	1.000805	1.399780	
119	1.000513	-0.000108	-3.352417	0.000108	1.000513	3.315414	
120	0.999816	-0.000181	-0.606812	0.000181	0.999816	0.709808	
121	1.000340	0.000169	-2.107849	-0.000169	1.000340	4.660309	
122	0.999930	0.000307	-1.219543	-0.000307	0.999930	1.155838	
123	1.000247	-0.000119	-1.700500	0.000119	1.000247	4.373032	
124	0.999741	0.000016	-0.997192	-0.000016	0.999741	1.919983	
125	1.000219	0.000273	-4.156372	-0.000273	1.000219	3.446350	
126	1.000086	0.000169	-2.494507	-0.000169	1.000086	1.679459	
127	1.000383	-0.000183	-5.829407	0.000183	1.000383	2.115448	
128	1.000420	-0.000253	-4.898071	0.000253	1.000420	2.076447	
129	1.000560	-0.000843	-9.851624	0.000843	1.000560	1.087250	
130	1.000447	-0.000435	-4.780884	0.000435	1.000447	1.608826	
131	1.000406	-0.000237	-10.749329	0.000237	1.000406	2.143646	
132	0.999885	0.000040	-4.817383	-0.000040	0.999885	2.579483	
133	1.000172	-0.000036	-7.149170	0.000036	1.000172	2.138977	
134	0.999759	0.000317	-3.230042	-0.000317	0.999759	1.984558	
135	1.000005	-0.000388	-5.383179	0.000388	1.000005	1.208923	
136	0.999997	-0.000612	-2.281860	0.000612	0.999997	0.789780	
137	1.000013	-0.001006	-3.388000	0.001006	1.000013	0.691452	
138	1.000262	-0.000781	-0.620178	0.000781	1.000262	0.589966	
139	1.000410	-0.001948	5.705811	0.001948	1.000410	-1.939026	
140	1.000016	-0.001530	4.022400	0.001530	1.000016	-1.284912	
141	1.000079	-0.001298	7.462097	0.001298	1.000079	-2.446320	
142	1.000293	0.000254	4.190979	-0.000254	1.000293	-2.605347	
143	1.001236	-0.000005	13.346924	0.000005	1.001236	-2.671814	
144	0.999897	0.000051	11.142456	-0.000051	0.999897	-1.608658	
145	0.999897	0.000051	11.142456	-0.000051	0.999897	-1.608658	
146	0.999897	0.000051	11.142456	-0.000051	0.999897	-1.608658	
147	0.999897	0.000051	11.142456	-0.000051	0.999897	-1.608658	
148	1.000158	0.000965	18.804993	-0.000965	1.000158	-6.743042	
149	1.000158	0.000965	18.804993	-0.000965	1.000158	-6.743042	
150	1.000119	-0.000350	9.186523	0.000350	1.000119	-2.320450	
151	1.000119	-0.000350	9.186523	0.000350	1.000119	-2.320450	
152	1.000083	0.000009	8.580566	-0.000009	1.000083	-4.822380	
153	1.000083	0.000009	8.580566	-0.000009	1.000083	-4.822380	
154	1.000083	0.000009	8.580566	-0.000009	1.000083	-4.822380	
155	0.999905	0.001710	18.407349	-0.001710	0.999905	2.808388	
156	1.000199	-0.000187	7.847046	0.000187	1.000199	4.446869	
157	0.999639	-0.000297	18.236877	0.000297	0.999639	8.090012	
158	0.999507	0.000337	8.738892	-0.000337	0.999507	5.746521	
159	1.000212	0.000310	17.627197	-0.000310	1.000212	9.555679	
160	0.999688	-0.000363	7.902222	0.000363	0.999688	5.100662	
161	0.999872	-0.000372	17.031189	0.000372	0.999872	11.046257	
162	1.000194	-0.000482	7.896484	0.000482	1.000194	3.298584	
163	1.000011	-0.000475	14.889893	0.000475	1.000011	4.394577	
164	0.999942	0.000322	7.395508	-0.000322	0.999942	2.975113	
165	0.999904	0.000168	13.572388	-0.000168	0.999904	4.679337	
166	0.999965	0.000018	6.534851	-0.000018	0.999965	3.241623	
167	0.999922	-0.000127	7.683411	0.000127	0.999922	2.690628	
168	0.999671	0.000327	3.680481	-0.000327	0.999671	2.716736	
169	0.999967	-0.000482	5.493164	0.000482	0.999967	2.409683	
170	0.999952	-0.000365	1.036255	0.000365	0.999952	0.767639	
171	0.999953	0.000067	1.013062	-0.000067	0.999953	3.126343	
172	1.000022	-0.000010	-0.025757	0.000010	1.000022	1.038742	
173	0.999766	-0.000551	-0.212769	0.000551	0.999766	2.748993	
174	1.000381	0.000016	-1.480957	-0.000016	1.000381	1.300995	
175	1.000092	0.000152	-7.342285	-0.000152	1.000092	3.187302	
176	0.999836	-0.000425	-2.695007	0.000425	0.999836	0.475098	
177	1.000052	-0.000111	-4.919983	0.000111	1.000052	2.826340	
178	0.999957	-0.000301	-1.015686	0.000301	0.999957	0.019104	
179	0.999945	0.000510	-1.303101	-0.000510	0.999945	3.090347	
180	0.999747	-0.000186	1.546692	0.000186	0.999747	1.226028	
181	0.999878	0.000076	3.402222	-0.000076	0.999878	0.962814	
182	1.000076	0.000046	0.922241	-0.000046	1.000076	1.700012	
183	1.000029	-0.000419	3.845886	0.000419	1.000029	0.183456	
184	0.999951	0.000050	1.460266	-0.000050	0.999951	1.016861	
185	0.999820	0.000415	3.653198	-0.000415	0.999820	0.401917	
186	1.000034	0.000240	1.542664	-0.000240	1.000034	0.393356	
187	1.000034	0.000240	1.542664	-0.000240	1.000034	0.393356	
188	1.000034	0.000240	1.542664	-0.000240	1.000034	0.393356	
189	1.001481	0.001114	35.776978	-0.001114	1.001481	-11.959160	
190	1.000137	0.000322	15.031250	-0.000322	1.000137	-2.235855	
191	1.000556	0.000224	21.563721	-0.000224	1.000556	-4.496216	
192	0.999917	0.000128	8.136719	-0.000128	0.999917	-1.210968	
193	1.000025	-0.000094	16.568604	0.000094	1.000025	-5.875229	
194	1.000079	-0.000315	8.080322	0.000315	1.000079	-4.132263	
195	1.000044	0.000340	15.423706	-0.000340	1.000044	-8.354202	
196	1.000002	0.000226	7.892700	-0.000226	1.000002	-3.244400	
197	0.999884	0.000390	15.301758	-0.000390	0.999884	-4.103546	
198	1.001998	-0.000057	4.281494	0.000057	1.001998	-3.038177	
199	0.999942	-0.000147	12.577881	0.000147	0.999942	-5.069855	
200	1.000133	-0.000048	4.457764	0.000048	1.000133	-2.713470	
201	0.999973	-0.000047	8.752869	0.000047	0.999973	-6.024521	
202	1.000151	0.000089	2.542786	-0.000089	1.000151	-1.646423	
203	1.000132	-0.000492	5.143494	0.000492	1.000132	-5.540283	
204	1.000125	0.000573	0.514587	-0.000573	1.000125	-1.916199	
205	0.999979	0.000194	4.219604	-0.000194	0.999979	-4.613983	
206	1.000273	-0.000003	1.241699	0.000003	1.000273	-1.870148	
207	1.000045	-0.000064	4.289001	0.000064	1.000045	-3.315216	
208	0.999838	0.000056	2.391418	-0.000056	0.999838	-1.421112	
209	0.999918	0.000182	5.457520	-0.000182	0.999918	-2.286316	
210	1.000288	0.000262	2.853638	-0.000262	1.000288	-1.053131	
211	1.000006	0.000295	5.448120	-0.000295	1.000006	-2.224274	
212	0.999834	-0.000182	2.207825	0.000182	0.999834	-0.515900	
213	1.000172	-0.000314	4.917236	0.000314	1.000172	-2.229950	
214	1.000118	0.000065	1.401611	-0.000065	1.000118	0.493835	
215	0.999963	0.000307	4.170288	-0.000307	0.999963	0.021210	
216	0.999745	-0.000085	2.076965	0.000085	0.999745	1.378418	
217	1.000034	-0.000198	4.128906	0.000198	1.000034	0.229462	
218	0.999921	-0.000221	1.919067	0.000221	0.999921	0.399292	
219	1.000058	-0.000179	2.529175	0.000179	1.000058	0.053650	
220	0.999743	-0.000068	2.094055	0.000068	0.999743	-0.506012	
221	1.000060	-0.000527	0.344177	0.000527	1.000060	0.515106	
222	1.000190	-0.000325	-0.052002	0.000325	1.000190	-0.948425	
223	0.999891	-0.000182	-2.171631	0.000182	0.999891	0.930115	
224	0.999877	-0.000498	-0.924500	0.000498	0.999877	-0.384491	
225	0.999875	-0.000175	-2.586792	0.000175	0.999875	0.924622	
226	1.000014	-0.000140	-1.160889	0.000140	1.000014	-0.918060	
227	0.999920	-0.000495	-1.137329	0.000495	0.999920	0.068024	
228	1.000075	-0.000198	-1.590820	0.000198	1.000075	0.275970	
229	0.999841	0.000006	-0.358765	-0.000006	0.999841	0.954529	
230	0.999955	-0.000191	0.137207	0.000191	0.999955	-0.221039	
231	1.000167	-0.000493	-0.971069	0.000493	1.000167	1.404114	
232	0.999876	-0.000404	-0.459229	0.000404	0.999876	-0.791870	
233	1.000070	0.000030	-1.513672	-0.000030	1.000070	0.725174	
234	0.999969	-0.000067	-1.025391	0.000067	0.999969	0.004044	
235	1.000094	-0.000310	-1.383423	0.000310	1.000094	-0.527817	
236	0.999917	-0.000161	-0.770264	0.000161	0.999917	0.569824	
237	1.000182	-0.000065	-1.508179	0.000065	1.000182	-0.335281	
238	0.999980	-0.000211	-3.418335	0.000211	0.999980	-0.010498	
239	1.000035	-0.000105	-1.317322	0.000105	1.000035	-0.465683	
240	0.999892	-0.000821	-4.205078	0.000821	0.999892	-1.169998	
241	1.000108	-0.000207	-2.249390	0.000207	1.000108	-0.075546	
242	0.999866	-0.000063	-6.679199	0.000063	0.999866	-0.070068	
243	1.000030	-0.000173	-2.878662	0.000173	1.000030	-0.596268	
244	1.000141	-0.000402	-7.227661	0.000402	1.000141	-0.071243	
245	1.000058	-0.000097	-3.263672	0.000097	1.000058	0.210709	
246	1.000238	-0.000705	-9.096375	0.000705	1.000238	-1.522156	
247	0.999218	-0.000655	-3.524170	0.000655	0.999218	-0.006927	
248	1.000057	-0.001407	-12.467896	0.001407	1.000057	-1.762817	
249	1.000109	0.000115	-7.193054	-0.000115	1.000109	1.181396	
250	0.999747	-0.001516	-7.807678	0.001516	0.999747	9.047562	
251	0.999610	-0.001522	-4.128601	0.001522	0.999610	8.535660	
252	0.999779	0.000291	-8.455078	-0.000291	0.999779	25.498207	
253	0.999704	0.000259	-2.097229	-0.000259	0.999704	13.727356	
254	0.999165	-0.000304	-1.230957	0.000304	0.999165	21.731873	
255	0.999855	0.000377	-0.497192	-0.000377	0.999855	7.225372	
256	0.999716	0.000516	-4.035156	-0.000516	0.999716	13.223190	
257	1.000085	0.000841	-1.221069	-0.000841	1.000085	6.417068	
258	0.999720	0.000476	4.017334	-0.000476	0.999720	9.632950	
259	0.999957	0.000069	4.412354	-0.000069	0.999957	6.326233	
260	0.999957	0.000069	4.412354	-0.000069	0.999957	6.326233	
261	0.999821	-0.000627	12.813477	0.000627	0.999821	-31.224060	
262	0.999821	-0.000627	12.813477	0.000627	0.999821	-31.224060	
263	1.000531	0.001811	8.092529	-0.001811	1.000531	-14.408508	
264	1.000531	0.001811	8.092529	-0.001811	1.000531	-14.408508	
265	0.999842	-0.000177	4.717407	0.000177	0.999842	-7.455948	
266	1.000541	-0.000027	6.827087	0.000027	1.000541	-17.577728	
267	0.999582	-0.000165	3.818604	0.000165	0.999582	-8.587021	
268	1.000262	0.000923	6.184570	-0.000923	1.000262	-13.607201	
269	1.000411	0.000017	3.277344	-0.000017	1.000411	-3.521820	
270	1.001306	0.001269	4.108765	-0.001269	1.001306	2.783386	
271	1.000082	-0.000044	3.110229	0.000044	1.000082	6.263794	
272	0.999848	0.001024	6.807739	-0.001024	0.999848	16.381294	
273	0.999936	0.000215	2.719116	-0.000215	0.999936	4.565063	
274	0.999805	-0.000151	6.063293	0.000151	0.999805	12.653549	
275	0.999804	0.000283	1.325989	-0.000283	0.999804	2.471710	
276	1.000377	-0.000884	1.972839	0.000884	1.000377	-0.722824	
277	0.999937	-0.000185	-0.795105	0.000185	0.999937	-1.731384	
278	0.999679	-0.001377	-3.844116	0.001377	0.999679	-4.600006	
279	0.999625	-0.000470	-6.653381	0.000470	0.999625	-0.797119	
280	0.999974	-0.000051	-17.511841	0.000051	0.999974	-0.845520	
281	1.000433	0.000915	-7.643311	-0.000915	1.000433	0.055634	
282	0.999575	-0.000574	-7.303284	0.000574	0.999575	-2.309570	
283	1.000383	0.000747	-4.007568	-0.000747	1.000383	5.938538	
284	0.999955	-0.000518	-5.488281	0.000518	0.999955	3.399109	
285	1.000079	-0.000135	-4.069031	0.000135	1.000079	1.591492	
286	0.999903	0.000002	-7.087036	-0.000002	0.999903	3.054688	
287	1.000126	-0.000592	-3.181396	0.000592	1.000126	1.049713	
288	1.000061	-0.000226	-5.107544	0.000226	1.000061	2.302399	
289	1.000094	0.000397	-2.985718	-0.000397	1.000094	3.467285	
290	0.999981	-0.000450	-4.704163	0.000450	0.999981	9.185120	
291	0.999720	-0.000103	-2.411560	0.000103	0.999720	4.406799	
292	0.999765	-0.000247	-3.742920	0.000247	0.999765	6.648193	
293	0.999954	-0.000052	-2.629517	0.000052	0.999954	1.444214	
294	1.000022	-0.000479	-4.312195	0.000479	1.000022	2.462006	
295	1.000014	-0.000225	-1.548889	0.000225	1.000014	0.304474	
296	1.000018	0.000234	-5.247620	-0.000234	1.000018	5.037415	
297	0.999953	-0.000110	-1.702209	0.000110	0.999953	1.050842	
298	1.000131	0.000091	-4.480103	-0.000091	1.000131	1.945572	
299	0.999966	-0.000207	-2.904419	0.000207	0.999966	0.724304	
300	1.000121	-0.000307	-3.426697	0.000307	1.000121	1.885834	
301	1.000384	0.000053	-3.474426	-0.000053	1.000384	1.121429	
302	0.999741	-0.000020	-2.767456	0.000020	0.999741	1.326965	
303	0.999864	0.000053	-1.750000	-0.000053	0.999864	1.438232	
304	0.999941	-0.000159	-4.114868	0.000159	0.999941	0.840851	
305	0.999731	-0.000328	-1.147888	0.000328	0.999731	1.302979	
306	0.999942	0.000167	-3.680603	-0.000167	0.999942	0.507751	
307	1.000033	0.000021	-2.362183	-0.000021	1.000033	1.214386	
308	0.999869	-0.000104	-1.849548	0.000104	0.999869	0.186920	
309	0.999800	0.000100	-1.102173	-0.000100	0.999800	0.531433	
310	1.000125	0.000518	-2.548340	-0.000518	1.000125	0.594482	
311	0.999797	0.000143	0.060913	-0.000143	0.999797	1.075348	
312	0.999927	0.000384	-2.293396	-0.000384	0.999927	-0.514130	
313	1.000017	0.000189	-0.304688	-0.000189	1.000017	-0.224792	
314	1.000005	-0.000214	-1.285034	0.000214	1.000005	0.002197	
315	0.999933	-0.000094	0.032776	0.000094	0.999933	-1.313110	
316	1.000109	-0.000102	-1.474670	0.000102	1.000109	-0.159485	
317	1.000050	-0.000335	-0.030334	0.000335	1.000050	-1.996979	
318	1.000009	-0.000455	-1.908264	0.000455	1.000009	-0.884674	
319	1.000011	0.000135	0.286682	-0.000135	1.000011	-1.740295	
320	0.999836	-0.000178	-0.962463	0.000178	0.999836	-0.997375	
321	1.000308	-0.000184	0.001648	0.000184	1.000308	-1.517700	
322	0.999942	0.000404	-0.738647	-0.000404	0.999942	-0.406738	
323	0.999930	0.000050	-0.964539	-0.000050	0.999930	-1.223816	
324	1.000119	-0.000303	0.379272	0.000303	1.000119	-0.958679	
325	0.999881	0.000216	-0.594543	-0.000216	0.999881	0.083405	
326	1.000115	0.000329	0.693176	-0.000329	1.000115	-1.628510	
327	1.000095	-0.000087	0.566956	0.000087	1.000095	-0.465637	
328	0.999995	-0.000396	-0.639893	0.000396	0.999995	-2.090607	
329	0.999871	-0.000182	1.162842	0.000182	0.999871	-2.409851	
330	1.000201	0.000301	-0.253784	-0.000301	1.000201	-2.035141	
331	0.999633	-0.000121	0.446533	0.000121	0.999633	-2.460571	
332	1.000029	-0.000078	0.717712	0.000078	1.000029	-1.243866	
333	1.000022	-0.000219	0.938416	0.000219	1.000022	-2.973282	
334	0.999933	0.000066	0.818970	-0.000066	0.999933	-1.058395	
335	0.999819	0.000177	1.831482	-0.000177	0.999819	-2.185211	
336	1.000143	0.000165	1.193481	-0.000165	1.000143	-2.247894	
337	1.000155	-0.000122	1.274658	0.000122	1.000155	-0.542816	
338	0.999875	-0.000199	1.098145	0.000199	0.999875	-2.776596	
339	0.999958	0.000423	-0.037720	-0.000423	0.999958	-0.301575	
340	0.999987	0.000020	1.246338	-0.000020	0.999987	-1.511612	
341	1.000086	0.000008	-0.085693	-0.000008	1.000086	-0.518768	
342	0.999997	0.000065	1.858276	-0.000065	0.999997	-2.260315	
343	0.999905	0.000075	-0.048889	-0.000075	0.999905	0.376724	
344	1.000074	0.000052	0.608765	-0.000052	1.000074	-1.140900	
345	0.999843	0.000005	0.973694	-0.000005	0.999843	-0.165802	
346	1.000107	-0.000142	0.299561	0.000142	1.000107	-0.610046	
347	0.999988	-0.000051	0.308777	0.000051	0.999988	-0.914398	
348	1.000144	0.000075	-0.539917	-0.000075	1.000144	-0.347641	
349	0.999842	-0.000157	0.130859	0.000157	0.999842	-0.124222	
350	1.000220	0.000135	-0.523010	-0.000135	1.000220	-0.119003	
351	0.999877	-0.000170	-0.256409	0.000170	0.999877	-0.644119	
352	1.000124	-0.000606	-1.599060	0.000606	1.000124	-1.823959	
353	1.000106	-0.000094	-2.155884	0.000094	1.000106	0.330032	
354	1.000149	-0.000893	-6.312378	0.000893	1.000149	-1.620514	
355	0.999812	-0.000150	-3.724060	0.000150	0.999812	-0.258194	
356	1.000328	-0.000556	-11.028076	0.000556	1.000328	-2.033371	
357	1.000168	0.000071	-5.182312	-0.000071	1.000168	-0.146881	
358	1.000117	-0.000120	-8.617371	0.000120	1.000117	-1.695419	
359	1.000074	0.000400	-4.284912	-0.000400	1.000074	0.246536	
360	1.000105	-0.000413	-7.779053	0.000413	1.000105	-1.587799	
361	1.000071	-0.000104	-4.635254	0.000104	1.000071	-1.178589	
362	1.000174	-0.000275	-9.041992	0.000275	1.000174	-1.615753	
363	0.999958	-0.000531	-6.166626	0.000531	0.999958	-0.949432	
364	0.999958	-0.000531	-6.166626	0.000531	0.999958	-0.949432	
365	1.000073	0.000227	-15.362183	-0.000227	1.000073	-1.308411	
366	0.998337	-0.000678	-23.468140	0.000678	0.998337	-2.550247	
367	0.999710	0.000557	-11.801697	-0.000557	0.999710	-0.248627	
368	1.000016	0.000021	-19.917603	-0.000021	1.000016	-1.615494	
369	0.999806	-0.000142	-8.920471	0.000142	0.999806	-1.002548	
370	0.999806	-0.000142	-8.920471	0.000142	0.999806	-1.002548	
371	1.000060	0.000359	-8.719299	-0.000359	1.000060	-0.100281	
372	1.000590	0.000090	-14.040222	-0.000090	1.000590	-1.524750	
373	0.999905	0.000085	-6.897278	-0.000085	0.999905	0.129486	
374	0.999741	-0.000507	-13.176270	0.000507	0.999741	-1.893219	
375	1.000005	-0.000006	-6.956482	0.000006	1.000005	-0.922653	
376	0.999862	0.000727	-12.626831	-0.000727	0.999862	-0.345642	
377	1.000258	0.000132	-5.156250	-0.000132	1.000258	-0.488617	
378	0.999746	0.000052	-4.559021	-0.000052	0.999746	-0.598251	
379	1.000226	0.000710	-1.013367	-0.000710	1.000226	0.935394	
380	1.000226	0.000710	-1.013367	-0.000710	1.000226	0.935394	
381	1.002306	0.001017	4.239502	-0.001017	1.002306	1.994095	
382	1.000171	0.001361	21.344177	-0.001361	1.000171	1.617065	
383	0.999113	0.001402	13.565308	-0.001402	0.999113	1.719086	
384	1.000115	0.000370	24.247131	-0.000370	1.000115	3.400436	
385	1.000269	-0.000092	6.473755	0.000092	1.000269	0.222931	
386	0.999708	-0.001226	9.025452	0.001226	0.999708	0.154083	
387	0.999948	0.000037	2.572876	-0.000037	0.999948	0.744598	
388	1.000177	0.000489	3.299133	-0.000489	1.000177	0.822586	
389	1.003708	0.002114	-1.023376	-0.002114	1.003708	2.121902	
390	1.000063	0.000035	2.706055	-0.000035	1.000063	1.196777	
391	0.999913	0.000208	1.406616	-0.000208	0.999913	1.108948	
392	0.999891	-0.000014	3.293274	0.000014	0.999891	1.730011	
393	1.000079	0.000117	0.754944	-0.000117	1.000079	0.109436	
394	1.000181	-0.000170	1.839722	0.000170	1.000181	1.455872	
395	0.999774	-0.000134	1.490784	0.000134	0.999774	0.393158	
396	1.000194	-0.000104	1.151001	0.000104	1.000194	0.097260	
397	1.000145	0.000161	0.577515	-0.000161	1.000145	0.718658	
398	1.000058	0.000081	1.522095	-0.000081	1.000058	-0.660492	
399	0.999942	-0.000152	0.760010	0.000152	0.999942	0.876556	
400	1.000070	-0.000130	0.823730	0.000130	1.000070	-1.206879	
401	1.000319	0.000234	0.123169	-0.000234	1.000319	0.639053	
402	1.000058	-0.000146	1.969788	0.000146	1.000058	-0.763641	
403	1.000076	0.000150	-0.433838	-0.000150	1.000076	-0.756104	
404	1.000033	-0.000192	1.738586	0.000192	1.000033	-0.708771	
405	0.999849	-0.000409	0.194153	0.000409	0.999849	-1.930420	
406	1.000061	0.000006	0.748962	-0.000006	1.000061	-0.684692	
407	0.999996	-0.000149	-0.460571	0.000149	0.999996	-1.155090	
408	1.000146	0.000049	1.237244	-0.000049	1.000146	-0.160797	
409	0.999944	0.000038	-0.753357	-0.000038	0.999944	-0.997131	
410	1.000305	-0.000116	0.493286	0.000116	1.000305	-1.678162	
411	0.999565	-0.000228	-0.470398	0.000228	0.999565	-0.406403	
412	1.000192	0.000439	-0.367676	-0.000439	1.000192	-1.499878	
413	1.000058	0.000484	-0.707581	-0.000484	1.000058	0.006622	
414	1.000014	-0.000310	-0.874634	0.000310	1.000014	-1.311691	
415	0.999924	-0.000232	-0.439087	0.000232	0.999924	-0.928513	
416	1.000022	-0.000132	-1.334290	0.000132	1.000022	-0.131958	
417	1.000069	0.000079	-0.995056	-0.000079	1.000069	-0.102875	
418	1.000002	-0.000128	-0.879700	0.000128	1.000002	-0.183517	
419	1.000058	0.000039	-0.508301	-0.000039	1.000058	-0.421051	
420	0.999589	-0.000264	0.101257	0.000264	0.999589	-0.538025	
421	1.000556	0.000142	-0.618408	-0.000142	1.000556	-0.259888	
422	0.999846	0.000216	-0.819458	-0.000216	0.999846	0.796783	
423	1.000045	0.000018	-0.262695	-0.000018	1.000045	-0.235138	
424	0.999820	0.000067	-0.513184	-0.000067	0.999820	0.577209	
425	1.000313	0.000095	-0.449097	-0.000095	1.000313	0.181885	
426	0.999850	0.000156	-0.642944	-0.000156	0.999850	0.432571	
427	0.999997	0.000371	-0.360901	-0.000371	0.999997	0.457275	
428	0.999959	0.000021	0.407166	-0.000021	0.999959	1.199829	
429	1.000068	0.000260	-0.230591	-0.000260	1.000068	0.245544	
430	1.000103	-0.000181	-0.533325	0.000181	1.000103	2.820953	
431	0.999973	-0.000157	0.002319	0.000157	0.999973	0.331696	
432	0.999944	0.000089	-1.702942	-0.000089	0.999944	3.334412	
433	1.000504	-0.000120	-0.755127	0.000120	1.000504	0.148376	
434	1.000146	-0.000146	-0.821899	0.000146	1.000146	2.058105	
435	0.999960	-0.000150	-0.217285	0.000150	0.999960	1.101562	
436	1.000137	0.000148	-1.279297	-0.000148	1.000137	0.941864	
437	1.000209	-0.000176	-0.059448	0.000176	1.000209	0.911804	
438	1.000051	-0.000732	-1.320557	0.000732	1.000051	1.263733	
439	1.000147	-0.000073	-0.817749	0.000073	1.000147	-0.088409	
440	1.000598	0.000025	-2.274536	-0.000025	1.000598	1.680054	
441	1.000308	0.000138	-0.901855	-0.000138	1.000308	1.469360	
442	0.999901	-0.000410	-0.399414	0.000410	0.999901	0.063995	
443	0.999742	0.000153	-0.115356	-0.000153	0.999742	1.322968	
444	1.000090	-0.000220	-1.180359	0.000220	1.000090	-0.459991	
445	1.000016	-0.000246	0.563782	0.000246	1.000016	1.117523	
446	0.999786	0.000081	-0.519592	-0.000081	0.999786	0.673004	
447	1.000135	-0.000082	-0.037964	0.000082	1.000135	-0.694611	
448	0.999663	-0.000183	-0.286987	0.000183	0.999663	1.974640	
449	1.000087	0.000236	-0.156494	-0.000236	1.000087	-0.143372	
450	0.999895	-0.000414	0.208130	0.000414	0.999895	0.044830	
451	1.000314	0.000039	-0.870239	-0.000039	1.000314	0.185913	
452	1.000027	-0.000359	-0.461304	0.000359	1.000027	0.308716	
453	0.999746	0.000095	0.976868	-0.000095	0.999746	0.828857	
454	1.000176	-0.000008	-0.073975	0.000008	1.000176	0.525146	
455	0.999748	-0.000305	1.022400	0.000305	0.999748	-0.016495	
456	1.000188	-0.000215	0.560791	0.000215	1.000188	-0.808762	
457	1.000067	0.000168	-0.252991	-0.000168	1.000067	1.400391	
458	0.999996	0.000096	0.972229	-0.000096	0.999996	0.207886	
459	0.999953	0.000120	0.000244	-0.000120	0.999953	1.358063	
460	0.999856	-0.000205	1.903198	0.000205	0.999856	-0.017639	
461	1.000048	0.000083	-0.082825	-0.000083	1.000048	0.941895	
462	1.000111	0.000127	1.461182	-0.000127	1.000111	-0.274567	
463	0.999983	0.000164	0.472107	-0.000164	0.999983	1.615356	
464	0.999974	-0.000075	1.715820	0.000075	0.999974	0.396912	
465	0.999980	0.000059	-0.473999	-0.000059	0.999980	1.551498	
466	1.000035	-0.000194	1.383850	0.000194	1.000035	-0.543259	
467	0.999864	0.000001	0.648743	-0.000001	0.999864	0.848587	
468	1.000082	0.000176	0.636597	-0.000176	1.000082	1.187836	
469	0.999959	0.000081	0.496460	-0.000081	0.999959	-0.106689	
470	1.000243	0.000260	0.332031	-0.000260	1.000243	0.740189	
471	0.999706	0.000168	1.448242	-0.000168	0.999706	1.098633	
472	1.000065	-0.000192	0.262451	0.000192	1.000065	-0.637726	
473	1.000250	-0.000113	0.227783	0.000113	1.000250	-0.445038	
474	0.999786	-0.000056	0.176880	0.000056	0.999786	1.020477	
475	1.000183	0.000281	-0.216919	-0.000281	1.000183	-0.654175	
476	0.999991	-0.000017	1.158813	0.000017	0.999991	0.733185	
477	1.000116	-0.000024	-0.138428	0.000024	1.000116	0.421631	
478	0.999973	-0.000092	0.429993	0.000092	0.999973	-0.843872	
479	0.999968	0.000194	0.898315	-0.000194	0.999968	0.608978	
480	1.000186	-0.000406	0.206421	0.000406	1.000186	-0.604095	
481	0.999752	-0.000134	0.405029	0.000134	0.999752	-0.325653	
482	1.000193	0.000060	0.919678	-0.000060	1.000193	-0.250580	
483	0.999932	0.000093	0.160034	-0.000093	0.999932	0.032959	
484	1.000065	-0.000198	0.857910	0.000198	1.000065	0.355835	
485	1.000117	-0.000011	0.511658	0.000011	1.000117	-0.844788	
486	1.000086	-0.000053	0.376099	0.000053	1.000086	-0.349823	
487	0.999754	0.000386	0.566040	-0.000386	0.999754	-0.026245	
488	0.999569	-0.000211	-0.143188	0.000211	0.999569	-0.948166	
489	1.000069	-0.000041	-0.384766	0.000041	1.000069	-0.775848	
490	1.000177	-0.000083	-0.015137	0.000083	1.000177	-1.143494	
491	0.999198	-0.000595	0.236084	0.000595	0.999198	-0.172241	
492	0.998114	-0.003067	2.787598	0.003067	0.998114	-6.021515	
493	0.999887	-0.000182	-0.596313	0.000182	0.999887	0.130646	
494	0.999887	-0.000182	-0.596313	0.000182	0.999887	0.130646	
495	0.999937	0.000081	-1.120728	-0.000081	0.999937	-0.491699	
496	1.000047	-0.000546	0.011475	0.000546	1.000047	-3.096817	
497	1.000085	0.000361	-1.397827	-0.000361	1.000085	-0.254486	
498	1.000154	0.000208	-1.744690	-0.000208	1.000154	-2.340820	
499	0.999489	0.000073	0.435547	-0.000073	0.999489	-0.950287	
500	1.000414	-0.000203	-2.452271	0.000203	1.000414	-2.031494	
501	0.999734	-0.000001	-0.402466	0.000001	0.999734	-0.327820	
502	0.999927	0.000049	-1.512390	-0.000049	0.999927	-2.480469	
503	1.000079	0.000150	-0.642700	-0.000150	1.000079	-1.101227	
504	0.999948	-0.000092	-1.830811	0.000092	0.999948	-0.830994	
505	0.999763	-0.000550	-0.070374	0.000550	0.999763	-1.542572	
506	1.000283	-0.000088	-2.312439	0.000088	1.000283	-1.690948	
507	0.998920	-0.000287	0.851440	0.000287	0.998920	-0.245819	
508	1.000109	0.000010	-0.925598	-0.000010	1.000109	-1.265839	
509	1.000131	0.000000	-1.296692	-0.000000	1.000131	-0.858307	
510	0.999842	-0.000045	-0.355591	0.000045	0.999842	-1.896515	
511	0.999919	0.000088	-0.873962	-0.000088	0.999919	-0.278137	
512	1.000093	-0.000154	-0.852295	0.000154	1.000093	-0.578857	
513	1.000258	-0.000105	-0.432617	0.000105	1.000258	-1.266479	
514	0.999945	0.000216	-0.833496	-0.000216	0.999945	-0.456940	
515	1.000125	-0.000057	-1.067749	0.000057	1.000125	-0.433258	
516	0.999941	0.000191	0.291626	-0.000191	0.999941	-0.124695	
517	1.000079	-0.000106	-0.806702	0.000106	1.000079	0.397217	
518	0.999884	-0.000022	-0.576782	0.000022	0.999884	-1.294556	
519	0.999927	-0.000178	0.115967	0.000178	0.999927	0.280731	
520	0.999970	-0.000338	0.280090	0.000338	0.999970	-0.566956	
521	1.000237	0.000190	-1.061768	-0.000190	1.000237	-0.190948	
522	1.000010	0.000055	-0.399414	-0.000055	1.000010	1.241760	
523	0.999997	-0.000021	0.486694	0.000021	0.999997	-0.302307	
524	0.999713	0.000191	-0.884949	-0.000191	0.999713	2.070190	
525	1.000292	-0.000156	-0.061035	0.000156	1.000292	0.426788	
526	0.999687	0.000620	-0.416260	-0.000620	0.999687	2.431641	
527	1.000061	-0.000075	-0.211548	0.000075	1.000061	1.267975	
528	1.000034	-0.000078	-1.211060	0.000078	1.000034	0.624939	
529	1.000171	-0.000369	-0.490112	0.000369	1.000171	0.350769	
530	1.000152	0.000030	-0.902954	-0.000030	1.000152	1.512939	
531	0.999942	0.000039	-1.247559	-0.000039	0.999942	0.596954	
532	0.999941	0.000274	0.367554	-0.000274	0.999941	1.174774	
533	1.000425	-0.000220	-0.810059	0.000220	1.000425	0.941879	
534	1.000004	0.000215	-1.233582	-0.000215	1.000004	1.483673	
535	1.000034	-0.000777	0.094482	0.000777	1.000034	-0.007507	
536	0.999967	-0.000093	-1.053040	0.000093	0.999967	1.114166	
537	1.000334	-0.000076	-0.618896	0.000076	1.000334	0.455322	
538	0.999585	-0.000243	-0.645996	0.000243	0.999585	0.636658	
539	1.000221	-0.000207	-0.324341	0.000207	1.000221	-0.469788	
540	0.999867	-0.000234	-1.750366	0.000234	0.999867	1.696884	
541	1.000145	0.000357	-1.237183	-0.000357	1.000145	0.247467	
542	1.000012	0.000191	-0.227112	-0.000191	1.000012	1.062622	
543	0.999894	-0.000211	0.105469	0.000211	0.999894	0.347687	
544	1.000018	-0.000162	-0.756714	0.000162	1.000018	0.793671	
545	0.999772	0.000488	0.220459	-0.000488	0.999772	1.618439	
546	1.000134	-0.000091	0.565552	0.000091	1.000134	0.666687	
547	0.999602	-0.000171	-0.570312	0.000171	0.999602	0.267029	
548	0.999913	0.000106	0.107727	-0.000106	0.999913	0.717346	
549	1.000105	-0.000004	-0.636353	0.000004	1.000105	-0.341782	
550	1.000041	-0.000227	0.766174	0.000227	1.000041	1.236115	
551	1.000044	0.000117	-0.712036	-0.000117	1.000044	1.493423	
552	1.000064	0.000196	0.803223	-0.000196	1.000064	0.725403	
553	0.999825	0.000211	-0.678833	-0.000211	0.999825	1.680725	
554	1.000147	0.000177	-0.341736	-0.000177	1.000147	2.306244	
555	0.999748	-0.000022	0.198914	0.000022	0.999748	-0.053421	
556	1.000160	-0.000049	-0.459045	0.000049	1.000160	1.124695	
557	0.999889	-0.000303	-0.337402	0.000303	0.999889	0.257599	
558	1.000051	0.000047	-0.216431	-0.000047	1.000051	0.480301	
559	1.000115	0.000210	0.120850	-0.000210	1.000115	0.810089	
560	1.000172	-0.000513	-0.156128	0.000513	1.000172	0.880005	
561	0.999788	0.000246	0.012512	-0.000246	0.999788	0.687317	
562	1.000223	-0.000113	-0.222229	0.000113	1.000223	0.296097	
563	0.999873	-0.000357	0.289368	0.000357	0.999873	0.051987	
564	0.999508	-0.000405	0.188171	0.000405	0.999508	-1.311035	
565	1.000030	-0.000029	-0.140686	0.000029	1.000030	-0.174042	
566	1.000013	-0.000082	0.042603	0.000082	1.000013	0.240662	
567	1.000069	-0.000052	-0.121033	0.000052	1.000069	-1.108643	
568	0.999537	0.000380	-0.631592	-0.000380	0.999537	0.855927	
569	1.000599	-0.000405	0.017578	0.000405	1.000599	-1.684021	
570	0.999715	-0.000002	-0.785706	0.000002	0.999715	0.486572	
571	0.999829	-0.000123	0.241638	0.000123	0.999829	-1.057861	
572	1.000311	0.000225	-1.032166	-0.000225	1.000311	-0.783203	
573	1.000128	-0.000207	-0.899902	0.000207	1.000128	-0.652832	
574	0.999502	-0.000063	0.371704	0.000063	0.999502	-0.393677	
575	1.000229	-0.000024	-0.587158	0.000024	1.000229	-1.546051	
576	1.000137	0.000314	-0.398987	-0.000314	1.000137	0.196808	
577	0.999850	-0.000179	-1.263550	0.000179	0.999850	-0.984802	
578	1.000015	0.000390	0.391785	-0.000390	1.000015	-0.494629	
579	0.999979	-0.000189	-0.710632	0.000189	0.999979	0.469910	
580	1.000056	0.000170	0.077942	-0.000170	1.000056	-0.474640	
581	0.999992	0.000172	-1.616272	-0.000172	0.999992	0.319153	
582	1.000334	0.000261	-0.725464	-0.000261	1.000334	0.438812	
583	0.999827	-0.000043	-0.619629	0.000043	0.999827	1.033722	
584	1.000161	-0.000112	-1.057007	0.000112	1.000161	0.563812	
585	0.999917	-0.000218	0.224487	0.000218	0.999917	0.830658	
586	1.000072	0.000248	-0.632751	-0.000248	1.000072	0.695770	
587	0.999859	0.000064	-0.261414	-0.000064	0.999859	0.497650	
588	1.000448	-0.000200	-0.768555	0.000200	1.000448	0.351654	
589	0.999965	0.000491	-0.389893	-0.000491	0.999965	1.574615	
590	0.999363	-0.000492	-0.182129	0.000492	0.999363	0.141296	
591	0.999942	0.000026	-0.804016	-0.000026	0.999942	1.557770	
592	1.000032	-0.000191	-0.657471	0.000191	1.000032	-0.682098	
593	1.000046	-0.000191	-0.671997	0.000191	1.000046	0.916534	
594	1.000108	0.000167	0.087463	-0.000167	1.000108	0.728394	
595	0.999999	0.000255	-1.232117	-0.000255	0.999999	0.284454	
596	1.000021	0.000010	-0.252563	-0.000010	1.000021	0.944855	
597	0.999912	-0.000188	-0.835632	0.000188	0.999912	-0.371338	
598	0.999987	-0.000404	0.151062	0.000404	0.999987	-0.132782	
599	0.999845	-0.000349	-0.082520	0.000349	0.999845	0.245728	
600	1.000088	-0.000047	-1.396179	0.000047	1.000088	-1.062775	
601	1.000080	-0.000116	-0.564880	0.000116	1.000080	-0.747711	
602	1.000083	0.000043	-0.986206	-0.000043	1.000083	0.583496	
603	1.000123	-0.000252	-1.595520	0.000252	1.000123	-1.007721	
604	0.999812	0.000093	-0.074890	-0.000093	0.999812	0.337433	
605	1.000053	0.000256	-0.683777	-0.000256	1.000053	-0.475128	
606	0.999996	-0.000036	-1.017151	0.000036	0.999996	-0.556641	
607	1.000020	-0.000091	-0.754272	0.000091	1.000020	-0.706879	
608	0.999842	0.000163	-1.249817	-0.000163	0.999842	0.921844	
609	1.000058	-0.000167	-0.456299	0.000167	1.000058	-2.621674	
610	0.999764	-0.000040	-0.717468	0.000040	0.999764	0.272705	
611	0.999936	-0.000625	-1.049194	0.000625	0.999936	-1.664001	
612	1.000575	-0.000093	-0.757690	0.000093	1.000575	-0.917542	
613	0.999684	0.000212	-1.987671	-0.000212	0.999684	-0.114441	
614	0.999912	0.000189	0.227966	-0.000189	0.999912	-1.226990	
615	1.000029	-0.000284	-1.966736	0.000284	1.000029	0.398743	
616	1.000157	-0.000171	-0.890442	0.000171	1.000157	-1.545990	
617	1.000114	-0.000760	-2.429810	0.000760	1.000114	-1.691032	
618	0.999608	-0.000196	-0.354126	0.000196	0.999608	-0.391266	
619	1.000357	0.000352	-3.445374	-0.000352	1.000357	-1.358612	
620	0.999760	-0.000442	-0.159302	0.000442	0.999760	-1.232483	
621	1.000000	-0.000153	-1.524048	0.000153	1.000000	-0.659027	
622	0.999996	0.000200	-1.055176	-0.000200	0.999996	0.421204	
623	1.000122	0.000279	-1.385559	-0.000279	1.000122	-0.045532	
624	1.000130	-0.000070	-1.499451	0.000070	1.000130	0.863190	
625	0.999827	-0.000332	0.294922	0.000332	0.999827	1.335114	
626	1.000100	0.000111	-1.832214	-0.000111	1.000100	0.330292	
627	1.000024	-0.000146	-0.940125	0.000146	1.000024	2.492615	
628	0.999814	0.000149	0.161987	-0.000149	0.999814	1.735779	
629	1.000312	-0.000354	-1.446472	0.000354	1.000312	2.481934	
630	0.999861	-0.000096	-0.302917	0.000096	0.999861	1.024475	
631	1.000153	-0.000226	-0.887207	0.000226	1.000153	1.649048	
632	0.999897	-0.000313	-0.216370	0.000313	0.999897	1.766754	
633	1.000052	-0.000061	-0.399597	0.000061	1.000052	2.744110	
634	0.999810	-0.000136	-0.558594	0.000136	0.999810	0.512146	
635	1.000123	-0.000252	0.653259	0.000252	1.000123	2.786407	
636	1.000216	-0.000165	-1.169495	0.000165	1.000216	2.208252	
637	0.999787	-0.000024	-0.854187	0.000024	0.999787	0.699280	
638	1.000108	0.000042	-0.237000	-0.000042	1.000108	1.406525	
639	0.999815	0.000017	-1.318665	-0.000017	0.999815	0.815155	
640	1.000104	-0.000013	-0.132202	0.000013	1.000104	0.980904	
641	0.999933	-0.000015	0.005371	0.000015	0.999933	-0.821030	
642	1.000048	0.000153	-0.712524	-0.000153	1.000048	0.001740	
643	1.000112	0.000099	-1.202026	-0.000099	1.000112	-1.365326	
644	0.999933	0.000158	-0.989502	-0.000158	0.999933	0.286224	
645	1.000034	-0.000472	0.410278	0.000472	1.000034	-2.628281	
646	0.999726	0.000162	-1.038513	-0.000162	0.999726	0.132050	
647	1.000218	-0.000029	-1.091187	0.000029	1.000218	-3.930115	
648	0.999794	-0.000342	0.816650	0.000342	0.999794	-1.166718	
649	1.000225	-0.000021	-1.473755	0.000021	1.000225	-2.845337	
650	0.999998	0.000006	-1.256409	-0.000006	0.999998	-2.429749	
651	1.000284	-0.000991	-1.079712	0.000991	1.000284	-4.495995	
652	1.000192	0.000156	-1.225159	-0.000156	1.000192	-1.116028	
653	1.000170	0.000107	-1.857727	-0.000107	1.000170	-3.603180	
654	0.999669	0.000172	-0.405029	-0.000172	0.999669	-0.730164	
655	1.000095	0.000017	-1.755859	-0.000017	1.000095	-2.412003	
656	1.000005	-0.000432	-0.763062	0.000432	1.000005	-1.803726	
657	0.999982	0.000038	-2.688782	-0.000038	0.999982	-2.494125	
658	1.000313	-0.000025	-1.133240	0.000025	1.000313	-1.529297	
659	1.000078	0.000242	-2.941162	-0.000242	1.000078	-2.777191	
660	1.000226	0.000373	-2.161804	-0.000373	1.000226	0.598755	
661	0.999934	-0.000212	-2.210510	0.000212	0.999934	-3.896729	
662	0.999591	-0.000412	-1.475708	0.000412	0.999591	-0.569733	
663	1.000218	0.000128	-3.038330	-0.000128	1.000218	-2.319794	
664	0.999822	-0.000163	-1.146729	0.000163	0.999822	-0.779938	
665	1.000167	-0.000156	-2.637024	0.000156	1.000167	-2.621796	
666	1.000075	-0.000214	-1.536499	0.000214	1.000075	-1.302299	
667	0.999901	0.000050	-2.545349	-0.000050	0.999901	-2.430603	
668	1.000577	0.000192	-1.995056	-0.000192	1.000577	0.133301	
669	1.000123	-0.000575	-1.581604	0.000575	1.000123	-3.269485	
670	0.999544	0.000085	-0.913147	-0.000085	0.999544	0.217102	
671	1.000216	-0.000116	-1.543762	0.000116	1.000216	-2.346710	
672	0.999851	0.000043	-0.900757	-0.000043	0.999851	-0.794922	
673	0.999851	0.000043	-0.900757	-0.000043	0.999851	-0.794922	
674	0.999988	0.000093	-1.247742	-0.000093	0.999988	-0.709808	
675	0.999888	0.000079	-0.244263	-0.000079	0.999888	-1.286575	
676	0.999739	-0.001043	-0.751587	0.001043	0.999739	-1.867340	
677	0.999894	0.000420	-0.507568	-0.000420	0.999894	-1.110855	
678	0.999953	0.000097	-0.343750	-0.000097	0.999953	-0.423950	
679	0.999808	-0.000120	0.258118	0.000120	0.999808	-1.163666	
680	1.000218	0.000415	-1.112854	-0.000415	1.000218	-0.700928	
681	0.999849	0.000250	1.200623	-0.000250	0.999849	-0.531006	
682	0.999738	-0.000282	0.159241	0.000282	0.999738	-1.382706	
683	0.999610	0.000338	1.357300	-0.000338	0.999610	0.397339	
684	0.999954	-0.000068	0.680481	0.000068	0.999954	-0.899483	
685	0.999817	0.000044	0.653564	-0.000044	0.999817	0.110779	
686	0.999786	-0.000059	0.400513	0.000059	0.999786	-0.279785	
687	0.999857	-0.000077	0.708374	0.000077	0.999857	-0.884926	
688	0.999904	0.000162	0.532410	-0.000162	0.999904	-0.001038	
689	1.000046	-0.000400	0.696899	0.000400	1.000046	-1.599365	
690	1.000055	0.000085	-1.000732	-0.000085	1.000055	-0.485779	
691	0.999658	0.000138	0.636475	-0.000138	0.999658	-0.388153	
692	1.000351	-0.000265	0.582275	0.000265	1.000351	-1.253113	
693	1.000351	-0.000265	0.582275	0.000265	1.000351	-1.253113	
694	1.003247	0.003677	-4.052002	-0.003677	1.003247	4.026184	
695	1.000150	-0.001047	0.253845	0.001047	1.000150	-3.003365	
696	0.999891	-0.000584	0.260681	0.000584	0.999891	-0.861420	
697	0.999939	0.000198	-0.076294	-0.000198	0.999939	-1.103668	
698	0.999801	-0.000176	0.862854	0.000176	0.999801	-1.446625	
699	1.000109	0.000154	-0.244324	-0.000154	1.000109	-0.510254	
700	1.000180	-0.000357	-0.393494	0.000357	1.000180	-0.638428	
701	1.000006	0.000423	-0.027283	-0.000423	1.000006	-0.684662	
702	1.000348	-0.000104	0.113770	0.000104	1.000348	0.668915	
703	0.999891	-0.000148	-0.039856	0.000148	0.999891	1.112122	
704	0.999926	0.000907	-0.345154	-0.000907	0.999926	1.420624	
705	1.000195	-0.000424	0.160950	0.000424	1.000195	1.393646	
706	0.997514	0.000258	2.668701	-0.000258	0.997514	1.039703	
707	1.000277	-0.000134	-0.135376	0.000134	1.000277	4.128479	
708	1.000236	0.000139	-0.861267	-0.000139	1.000236	1.199921	
709	0.999846	-0.000582	0.537964	0.000582	0.999846	3.264771	
710	1.000374	0.000414	-1.416626	-0.000414	1.000374	1.391846	
711	0.999944	-0.000452	0.973206	0.000452	0.999944	4.429443	
712	0.999712	-0.000440	-0.548706	0.000440	0.999712	0.885498	
713	0.999712	-0.000440	-0.548706	0.000440	0.999712	0.885498	
714	1.000455	-0.000615	-0.505798	0.000615	1.000455	1.536057	
715	1.000106	-0.000396	-0.341553	0.000396	1.000106	2.491760	
716	0.999493	-0.000024	-0.645874	0.000024	0.999493	1.892761	
717	1.000059	0.000053	-0.161438	-0.000053	1.000059	3.314392	
718	0.999671	-0.000194	-1.155579	0.000194	0.999671	1.910431	
719	1.000062	0.000183	-0.824341	-0.000183	1.000062	3.473648	
720	1.000456	0.000058	-2.168945	-0.000058	1.000456	2.370438	
721	1.000028	-0.000758	-0.467285	0.000758	1.000028	1.999123	
722	1.000707	-0.002823	-2.092651	0.002823	1.000707	-0.897491	
723	1.000110	-0.000214	-1.926697	0.000214	1.000110	3.269135	
724	0.999952	0.000250	-1.195129	-0.000250	0.999952	1.563461	
725	0.999952	0.000250	-1.195129	-0.000250	0.999952	1.563461	
726	1.000076	0.000019	-2.049133	-0.000019	1.000076	2.021286	
727	0.999892	-0.000059	-1.188354	0.000059	0.999892	2.153778	
728	1.000219	-0.000181	-1.804993	0.000181	1.000219	1.491516	
729	0.999887	-0.000098	-0.984436	0.000098	0.999887	2.004410	
730	1.000009	0.000269	-0.917480	-0.000269	1.000009	1.692474	
731	0.999926	-0.000185	-1.771790	0.000185	0.999926	1.822372	
732	1.000090	-0.000099	-0.048584	0.000099	1.000090	1.006042	
733	0.999800	0.000493	-3.473145	-0.000493	0.999800	3.211853	
734	1.000267	-0.000008	-0.620911	0.000008	1.000267	0.436829	
735	1.000078	0.000116	-1.920044	-0.000116	1.000078	3.046509	
736	1.000133	-0.000266	-1.699646	0.000266	1.000133	1.120178	
737	0.999907	0.000094	-0.690063	-0.000094	0.999907	1.140656	
738	1.000021	0.000164	-1.284912	-0.000164	1.000021	2.582764	
739	0.999641	0.000018	-1.000610	-0.000018	0.999641	1.359253	
740	1.000092	-0.000117	-0.863464	0.000117	1.000092	1.061218	
741	1.000184	0.000120	-1.794617	-0.000120	1.000184	2.329407	
742	0.999636	0.000019	0.211182	-0.000019	0.999636	0.824799	
743	1.000077	-0.000125	-1.753540	0.000125	1.000077	0.419891	
744	0.999797	-0.000075	-1.226440	0.000075	0.999797	0.723236	
745	0.999775	0.000079	-1.208496	-0.000079	0.999775	-0.200592	
746	0.999925	-0.000043	-0.597229	0.000043	0.999925	0.473663	
747	0.999900	-0.000156	-2.041016	0.000156	0.999900	-0.670502	
748	0.999887	0.000073	0.113403	-0.000073	0.999887	-0.132446	
749	1.000114	-0.000026	-3.066711	0.000026	1.000114	-0.277008	
750	0.999797	0.000281	-0.730103	-0.000281	0.999797	0.924561	
751	1.000183	0.000220	-1.565063	-0.000220	1.000183	-1.255798	
752	0.999903	0.000036	-0.981750	-0.000036	0.999903	-0.955353	
753	0.999962	-0.000056	-0.928406	0.000056	0.999962	-1.207275	
754	1.000010	0.000144	-0.758240	-0.000144	1.000010	-1.515930	
755	1.000085	0.000071	-1.129028	-0.000071	1.000085	-0.812439	
756	0.999892	0.000067	-1.110535	-0.000067	0.999892	-0.127197	
757	1.000204	-0.000134	-0.664673	0.000134	1.000204	-1.804321	
758	0.999575	-0.000076	0.173401	0.000076	0.999575	-0.213257	
759	1.000195	-0.000263	-0.813110	0.000263	1.000195	-0.840729	
760	1.000028	0.000274	0.097290	-0.000274	1.000028	-0.756287	
761	1.000080	-0.000128	-0.949158	0.000128	1.000080	-0.789398	
762	0.999618	0.000006	1.178040	-0.000006	0.999618	-0.161285	
763	0.999921	0.000091	-0.113281	-0.000091	0.999921	-0.226257	
764	1.000401	0.000122	-0.878296	-0.000122	1.000401	-0.911957	
765	0.999723	0.000542	-0.147522	-0.000542	0.999723	0.841492	
766	1.000359	-0.000285	0.219238	0.000285	1.000359	-0.206024	
767	1.000034	0.000468	0.230347	-0.000468	1.000034	0.535645	
768	0.999965	-0.000091	0.724548	0.000091	0.999965	1.386078	
769	0.999931	0.000438	0.805847	-0.000438	0.999931	1.084808	
770	0.999775	-0.000683	0.274780	0.000683	0.999775	-0.462891	
771	1.000105	-0.000037	0.943481	0.000037	1.000105	0.657166	
772	1.000156	-0.000068	-0.358337	0.000068	1.000156	0.393646	
773	1.000049	0.000138	0.332336	-0.000138	1.000049	0.740051	
774	1.000166	0.000177	1.099548	-0.000177	1.000166	1.141388	
775	1.000163	-0.000215	0.181091	0.000215	1.000163	-0.069305	
776	0.999987	0.000027	0.803284	-0.000027	0.999987	1.008728	
777	1.000089	-0.000159	0.209595	0.000159	1.000089	0.301422	
778	0.999582	-0.000057	1.139099	0.000057	0.999582	0.164948	
779	1.000042	0.000303	0.093262	-0.000303	1.000042	2.047058	
780	1.000087	-0.000037	-0.158997	0.000037	1.000087	-0.399750	
781	0.999865	-0.000037	0.876465	0.000037	0.999865	1.355011	
782	1.000006	-0.000202	0.540222	0.000202	1.000006	0.452240	
783	0.999772	-0.000207	0.189697	0.000207	0.999772	1.304230	
784	1.000232	0.000065	0.492065	-0.000065	1.000232	0.800812	
785	1.000161	-0.000074	0.475708	0.000074	1.000161	1.401276	
786	0.999526	-0.000293	1.102783	0.000293	0.999526	0.345215	
787	1.000228	-0.000029	0.612244	0.000029	1.000228	0.641541	
788	1.000193	-0.000173	-0.522217	0.000173	1.000193	0.659271	
789	0.999897	-0.000141	1.106628	0.000141	0.999897	0.637238	
790	0.999795	-0.000151	0.054077	0.000151	0.999795	0.071869	
791	0.999836	-0.000381	0.768188	0.000381	0.999836	0.396332	
792	1.000337	-0.000027	-0.287292	0.000027	1.000337	0.775909	
793	1.000030	0.000097	-1.334961	-0.000097	1.000030	0.686249	
794	0.999591	-0.000002	0.506592	0.000002	0.999591	0.216095	
795	1.000145	0.000031	-0.931702	-0.000031	1.000145	0.610168	
796	0.999655	-0.000158	0.973633	0.000158	0.999655	-0.935181	
797	1.000241	-0.000051	-1.543701	0.000051	1.000241	-0.605255	
798	0.999753	-0.000172	0.537476	0.000172	0.999753	-0.646912	
799	1.000006	0.000308	-0.683594	-0.000308	1.000006	-0.500916	
800	0.999973	-0.000020	0.013916	0.000020	0.999973	-0.584991	
801	1.000041	-0.000170	-0.908447	0.000170	1.000041	-0.334076	
802	1.000083	0.000105	-0.384399	-0.000105	1.000083	0.074005	
803	0.999926	-0.000264	-0.719971	0.000264	0.999926	-1.099915	
804	0.999922	0.000354	0.236084	-0.000354	0.999922	0.583313	
805	1.000160	0.000018	-0.142456	-0.000018	1.000160	-1.010208	
806	0.999779	0.000205	-0.081421	-0.000205	0.999779	-0.660004	
807	0.999983	-0.000172	-0.275757	0.000172	0.999983	-0.539978	
808	1.000043	0.000173	-0.969727	-0.000173	1.000043	-1.090408	
809	0.999991	0.000152	-0.165588	-0.000152	0.999991	-0.021713	
810	1.000187	-0.000033	-0.660889	0.000033	1.000187	0.160767	
811	0.999936	0.000126	-0.267822	-0.000126	0.999936	-0.038895	
812	1.000109	0.000042	-0.176941	-0.000042	1.000109	0.822708	
813	0.999962	-0.000233	-1.223572	0.000233	0.999962	-0.331116	
814	1.000085	0.000162	0.672607	-0.000162	1.000085	1.061783	
815	0.999946	-0.000045	0.143311	0.000045	0.999946	0.383743	
816	1.000043	-0.000104	0.321350	0.000104	1.000043	0.357315	
817	1.000099	-0.000134	-0.056885	0.000134	1.000099	1.175201	
818	0.999823	-0.000186	0.946777	0.000186	0.999823	-0.490845	
819	0.999966	0.000293	-0.187317	-0.000293	0.999966	1.623749	
820	1.000205	-0.000108	-0.172363	0.000108	1.000205	0.023193	
821	0.999971	-0.000073	0.019897	0.000073	0.999971	0.607193	
822	1.000049	0.000033	0.492676	-0.000033	1.000049	0.371735	
823	0.999655	0.000036	-0.524963	-0.000036	0.999655	1.157089	
824	1.000291	0.000230	-0.075928	-0.000230	1.000291	0.228363	
825	0.999812	0.000246	0.459473	-0.000246	0.999812	1.750320	
826	0.999979	-0.000439	0.292664	0.000439	0.999979	-0.423767	
827	0.999925	0.000158	-0.857910	-0.000158	0.999925	1.588837	
828	1.000483	-0.000105	-0.962402	0.000105	1.000483	0.398132	
829	0.999578	0.000315	-0.522827	-0.000315	0.999578	1.804962	
830	1.000187	-0.000154	-0.698486	0.000154	1.000187	0.502045	
831	0.999962	-0.000203	-0.294800	0.000203	0.999962	0.445465	
832	1.000018	-0.000097	-1.137146	0.000097	1.000018	0.206818	
833	1.000207	-0.000533	-1.352173	0.000533	1.000207	-0.843689	
834	0.999587	-0.000059	-1.679321	0.000059	0.999587	-0.167480	
835	1.000175	-0.000452	-5.540100	0.000452	1.000175	-1.494507	
836	0.999729	-0.000099	-2.477661	0.000099	0.999729	-0.438202	
837	0.999973	0.000236	-6.673096	-0.000236	0.999973	-1.266388	
838	1.000132	-0.000039	-3.220825	0.000039	1.000132	-0.865479	
839	0.999738	0.000033	-10.330994	-0.000033	0.999738	-1.458130	
840	1.000137	-0.000105	-6.445374	0.000105	1.000137	-0.742371	
841	0.999952	-0.000810	-20.462097	0.000810	0.999952	-3.335724	
842	0.999049	0.000281	-11.617920	-0.000281	0.999049	-0.723846	
843	0.999984	0.002744	-20.667908	-0.002744	0.999984	1.279739	
844	1.000176	0.000221	-7.883118	-0.000221	1.000176	-1.447388	
845	0.999964	0.000004	-12.861938	-0.000004	0.999964	-0.645554	
846	0.999703	-0.000064	-4.938110	0.000064	0.999703	-1.186798	
847	1.000360	0.001079	-10.603210	-0.001079	1.000360	0.090179	
848	1.000000	0.000044	-4.387329	-0.000044	1.000000	-1.008362	
849	0.999969	-0.000173	-10.219482	0.000173	0.999969	-1.163788	
850	0.999889	0.000123	-4.854004	-0.000123	0.999889	-0.641418	
851	0.999981	-0.000248	-9.406677	0.000248	0.999981	-1.719650	
852	1.000005	0.000125	-4.901672	-0.000125	1.000005	-0.529419	
853	0.999928	0.000445	-10.134277	-0.000445	0.999928	1.156158	
854	1.000033	0.000087	-4.012756	-0.000087	1.000033	-0.014160	
855	0.999990	-0.000067	-8.733643	0.000067	0.999990	-0.140808	
856	1.000044	-0.000081	-4.722656	0.000081	1.000044	1.316589	
857	0.999909	0.000067	-7.904724	-0.000067	0.999909	-0.689789	
858	0.999876	0.000108	-4.216125	-0.000108	0.999876	0.630646	
859	0.999691	-0.000223	-7.627747	0.000223	0.999691	0.018677	
860	0.999901	0.000159	-4.092407	-0.000159	0.999901	0.227249	
861	1.000196	-0.000020	-7.988342	0.000020	1.000196	1.375198	
862	0.999582	-0.000078	-3.643372	0.000078	0.999582	0.449875	
863	0.999957	0.000211	-5.619995	-0.000211	0.999957	1.077057	
864	1.000258	-0.000159	-1.474731	0.000159	1.000258	-0.175095	
865	0.999935	0.000325	0.068298	-0.000325	0.999935	1.166916	
866	1.000234	0.000071	1.471985	-0.000071	1.000234	0.806793	
867	1.000033	0.000146	2.991333	-0.000146	1.000033	0.453140	
868	0.999878	0.000098	1.397217	-0.000098	0.999878	0.579269	
869	0.999840	0.000027	-1.629822	-0.000027	0.999840	0.696930	
870	0.999856	0.000068	0.205383	-0.000068	0.999856	-0.411514	
871	0.999955	-0.000220	-1.997559	0.000220	0.999955	0.401794	
872	1.000130	-0.000231	-0.890747	0.000231	1.000130	-1.031586	
873	0.999965	0.000218	-3.297974	-0.000218	0.999965	-0.094284	
874	0.999888	0.000220	-0.425964	-0.000220	0.999888	0.161957	
875	1.000036	-0.000212	-3.157776	0.000212	1.000036	-1.255936	
876	1.000085	-0.000205	-1.438171	0.000205	1.000085	-0.380920	
877	1.000096	-0.000085	-3.846252	0.000085	1.000096	-3.137512	
878	0.999889	0.000121	-1.451843	-0.000121	0.999889	-0.439072	
879	1.000081	0.000032	-4.898865	-0.000032	1.000081	-2.798584	
880	1.000048	0.000102	-2.275940	-0.000102	1.000048	-1.112640	
881	1.000167	0.000003	-5.187073	-0.000003	1.000167	-4.868118	
882	1.000030	0.000220	-3.280579	-0.000220	1.000030	-1.517792	
883	0.999931	0.000801	-7.901245	-0.000801	0.999931	-3.912125	
884	1.000132	0.000065	-5.572510	-0.000065	1.000132	-1.449646	
885	1.000052	-0.000506	-11.057800	0.000506	1.000052	-4.244110	
886	0.999787	0.000004	-6.504395	-0.000004	0.999787	-1.992615	
887	0.999892	-0.000354	-11.272583	0.000354	0.999892	-4.183746	
888	0.999925	0.000238	-4.792603	-0.000238	0.999925	-1.586197	
889	1.000004	0.000208	-8.668274	-0.000208	1.000004	-1.986282	
890	0.999963	-0.000269	-4.059814	0.000269	0.999963	-2.314636	
891	1.000001	-0.000100	-7.520020	0.000100	1.000001	-2.964844	
892	1.000355	-0.000087	-4.297668	0.000087	1.000355	-1.460159	
893	0.999820	-0.000045	-8.640320	0.000045	0.999820	-3.053696	
894	0.999981	-0.000098	-3.002136	0.000098	0.999981	-1.194550	
895	1.000043	-0.000128	-6.746460	0.000128	1.000043	-3.349838	
896	0.999963	-0.000038	-1.850342	0.000038	0.999963	-0.857269	
897	0.999962	0.000566	-2.747681	-0.000566	0.999962	-1.881165	
898	0.999956	-0.000132	1.114624	0.000132	0.999956	-2.202423	
899	1.000083	0.000452	5.065369	-0.000452	1.000083	-0.151123	
900	1.000150	-0.000018	2.768738	0.000018	1.000150	-1.218842	
901	0.999866	-0.000040	8.035645	0.000040	0.999866	-0.527008	
902	0.999928	-0.000070	2.561279	0.000070	0.999928	0.119476	
903	0.999942	-0.000022	1.888184	0.000022	0.999942	-0.304840	
904	0.998571	-0.000758	4.823364	0.000758	0.998571	-1.736801	
905	0.999890	-0.000121	1.159546	0.000121	0.999890	0.902954	
906	0.999906	-0.000193	2.220459	0.000193	0.999906	-0.703323	
907	1.000185	0.000034	0.430969	-0.000034	1.000185	-0.065308	
908	1.000125	0.000199	2.681519	-0.000199	1.000125	0.400864	
909	0.999907	-0.000033	2.088989	0.000033	0.999907	0.819778	
910	1.000000	-0.000269	4.678467	0.000269	1.000000	-0.252625	
911	1.000059	0.000000	0.754028	-0.000000	1.000059	0.727570	
912	0.999917	-0.000153	2.617188	0.000153	0.999917	0.706284	
913	1.000048	0.000219	0.713501	-0.000219	1.000048	1.004166	
914	0.999777	-0.000054	1.165771	0.000054	0.999777	0.649078	
915	1.000109	-0.000028	0.543457	0.000028	1.000109	0.211273	
916	0.999963	0.000015	0.943054	-0.000015	0.999963	0.742188	
917	1.000069	-0.000065	0.815369	0.000065	1.000069	0.735870	
918	1.000063	-0.000152	0.862244	0.000152	1.000063	0.525620	
919	0.999962	0.000116	0.760498	-0.000116	0.999962	0.548157	
920	1.000237	-0.000680	-0.060913	0.000680	1.000237	-0.494583	
921	0.999942	-0.000150	0.048157	0.000150	0.999942	0.176971	
922	0.999959	0.000083	-0.428345	-0.000083	0.999959	-0.656006	
923	1.000120	-0.000075	-0.359924	0.000075	1.000120	-0.286377	
924	0.999899	0.000097	-1.554749	-0.000097	0.999899	-0.690933	
925	1.000123	-0.000068	-1.161804	0.000068	1.000123	-0.956406	
926	0.999941	-0.000170	-1.473206	0.000170	0.999941	-0.567673	
927	0.999955	-0.000003	-1.200867	0.000003	0.999955	-0.899475	
928	1.000110	-0.000228	-2.810242	0.000228	1.000110	-1.082077	
929	0.999932	0.000082	-0.933289	-0.000082	0.999932	-1.325745	
930	0.999877	0.000267	-2.977600	-0.000267	0.999877	-1.064026	
931	1.000181	-0.000065	-0.970825	0.000065	1.000181	-0.994354	
932	0.999838	-0.000080	-2.911133	0.000080	0.999838	-1.501083	
933	0.999987	-0.000022	-0.373047	0.000022	0.999987	-1.239105	
934	0.999958	0.000229	-4.228088	-0.000229	0.999958	-0.073853	
935	1.000060	-0.000252	-0.192383	0.000252	1.000060	-1.504486	
936	0.999895	-0.000023	-1.779236	0.000023	0.999895	-1.088348	
937	1.000067	0.000097	-1.147095	-0.000097	1.000067	-0.189285	
938	1.000026	-0.000088	-1.288696	0.000088	1.000026	-1.165283	
939	1.000053	0.000089	-0.850647	-0.000089	1.000053	-0.559845	
940	0.999924	-0.000436	-0.735962	0.000436	0.999924	0.235474	
941	1.000089	0.000042	-0.795593	-0.000042	1.000089	0.517609	
942	1.000061	0.000360	-0.601807	-0.000360	1.000061	0.475922	
943	1.000087	0.000279	-0.784668	-0.000279	1.000087	1.566040	
944	0.999900	-0.000007	0.737793	0.000007	0.999900	0.948868	
945	1.000021	-0.000066	0.022827	0.000066	1.000021	1.295227	
946	1.000023	-0.000136	-0.849121	0.000136	1.000023	0.658249	
947	0.999938	0.000090	0.202332	-0.000090	0.999938	0.828934	
948	0.999957	-0.000162	-0.359131	0.000162	0.999957	1.333572	
949	1.000010	0.000051	0.124695	-0.000051	1.000010	0.506607	
950	1.000051	-0.000028	-0.127686	0.000028	1.000051	2.707840	
951	0.999960	-0.000198	0.226685	0.000198	0.999960	0.355652	
952	0.999944	0.000000	-1.005493	-0.000000	0.999944	2.314880	
953	1.000021	-0.000069	0.403687	0.000069	1.000021	0.059860	
954	0.999995	0.000306	-0.847046	-0.000306	0.999995	3.049210	
955	1.000005	-0.000285	0.198242	0.000285	1.000005	0.167130	
956	1.000156	-0.000167	-0.767944	0.000167	1.000156	1.976471	
957	0.999879	0.000044	0.192017	-0.000044	0.999879	1.073395	
958	0.999958	0.000436	-1.592896	-0.000436	0.999958	2.792328	
959	1.000038	0.000057	-0.879639	-0.000057	1.000038	0.467133	
960	1.000100	0.000095	-1.108948	-0.000095	1.000100	1.592407	
961	0.999843	0.000031	-1.239929	-0.000031	0.999843	0.879730	
962	0.999920	-0.000059	-1.073730	0.000059	0.999920	0.623016	
963	1.000126	0.000073	-1.256409	-0.000073	1.000126	0.886383	
964	0.999938	-0.000033	-1.933533	0.000033	0.999938	0.455078	
965	0.999927	-0.000046	-1.001099	0.000046	0.999927	1.376831	
966	1.000025	-0.000072	-2.278503	0.000072	1.000025	-1.381592	
967	1.000021	0.000014	-2.284241	-0.000014	1.000021	0.474518	
968	0.999982	-0.000207	-2.463623	0.000207	0.999982	-0.959381	
969	0.999771	-0.000006	-1.942627	0.000006	0.999771	0.232422	
970	1.000003	-0.000347	-3.488708	0.000347	1.000003	-3.133606	
971	1.000082	-0.000032	-3.031677	0.000032	1.000082	-1.386444	
972	1.000140	-0.000250	-4.577026	0.000250	1.000140	-2.387726	
973	0.999774	0.000123	-2.515564	-0.000123	0.999774	-0.951385	
974	0.999969	0.000641	-4.250854	-0.000641	0.999969	-1.218842	
975	0.999932	-0.000202	-2.292114	0.000202	0.999932	-1.384247	
976	1.000179	-0.000069	-3.085999	0.000069	1.000179	-0.667664	
977	0.998482	0.000439	0.404541	-0.000439	0.998482	-0.457077	
978	1.000993	-0.001075	-5.555054	0.001075	1.000993	-3.681152	
979	1.000284	0.000196	-2.845215	-0.000196	1.000284	-0.597610	
980	0.999876	0.000243	-3.210144	-0.000243	0.999876	-0.901047	
981	1.000154	-0.000000	-2.489258	0.000000	1.000154	-0.691956	
982	1.000006	-0.000191	-2.822144	0.000191	1.000006	-2.455765	
983	0.999865	0.000072	-1.784912	-0.000072	0.999865	-0.149384	
984	1.000119	0.000053	-2.899658	-0.000053	1.000119	-1.333481	
985	0.999769	0.000118	-1.704834	-0.000118	0.999769	-0.594513	
986	1.000145	-0.000066	-2.174316	0.000066	1.000145	-1.758057	
987	1.000143	-0.000005	-1.267273	0.000005	1.000143	-1.503159	
988	0.999848	0.000229	-2.634766	-0.000229	0.999848	-2.355301	
989	1.000086	-0.000061	-0.333679	0.000061	1.000086	-0.633530	
990	0.999917	0.000002	-1.677490	-0.000002	0.999917	-1.546555	
991	1.000223	-0.000008	-0.173279	0.000008	1.000223	-0.720917	
992	1.000041	0.000065	-0.675293	-0.000065	1.000041	-1.025360	
993	0.999863	-0.000063	-0.290771	0.000063	0.999863	-0.509552	
994	0.999903	0.000101	1.257690	-0.000101	0.999903	0.080963	
995	0.999979	-0.000032	0.232483	0.000032	0.999979	-1.093964	
996	0.999865	0.000180	0.285156	-0.000180	0.999865	-0.053955	
997	1.000140	-0.000109	1.258728	0.000109	1.000140	-0.713867	
998	0.999951	0.000078	0.604126	-0.000078	0.999951	0.721588	
999	1.000162	0.000082	1.085754	-0.000082	1.000162	-0.298828	
1000	1.000070	0.000226	2.665588	-0.000226	1.000070	1.617249	
1001	0.999806	-0.000215	0.632690	0.000215	0.999806	0.974731	
1002	1.000198	0.000221	2.283691	-0.000221	1.000198	0.976624	
1003	0.999891	0.000403	0.073364	-0.000403	0.999891	0.917786	
1004	1.000051	0.000105	1.950562	-0.000105	1.000051	0.940460	
1005	1.000064	0.000186	-0.037476	-0.000186	1.000064	0.915100	
1006	0.999888	0.000105	1.162598	-0.000105	0.999888	-0.025909	
1007	1.000233	0.000265	0.094604	-0.000265	1.000233	0.916656	
1008	0.999937	0.000181	0.568848	-0.000181	0.999937	0.835266	
1009	0.999851	0.000253	0.415161	-0.000253	0.999851	1.296539	
1010	1.000032	0.000173	0.819824	-0.000173	1.000032	0.740173	
1011	1.000209	0.000230	0.027039	-0.000230	1.000209	1.406342	
1012	1.000149	0.001141	0.128357	-0.001141	1.000149	2.354828	
1013	0.999883	0.000146	2.410889	-0.000146	0.999883	-0.922150	
1014	1.000076	0.000237	4.842529	-0.000237	1.000076	0.782272	
1015	1.000275	-0.000131	2.190918	0.000131	1.000275	-0.625580	
1016	1.000111	-0.000044	7.881104	0.000044	1.000111	-1.568817	
1017	0.999906	0.000039	1.868408	-0.000039	0.999906	-0.733917	
1018	1.000073	0.000220	6.234741	-0.000220	1.000073	-2.150284	
1019	0.999359	0.000410	2.842834	-0.000410	0.999359	0.165802	
1020	1.000081	0.000055	5.064758	-0.000055	1.000081	-3.516068	
1021	0.999830	-0.000094	1.719299	0.000094	0.999830	-1.873016	
1022	1.000200	-0.000057	4.680725	0.000057	1.000200	-2.984283	
1023	1.000121	0.000095	1.855103	-0.000095	1.000121	-2.587006	
1024	1.000044	0.000019	4.961365	-0.000019	1.000044	-3.158600	
1025	0.999958	-0.000028	2.451782	0.000028	0.999958	-1.485458	
1026	1.000044	0.000131	3.652649	-0.000131	1.000044	-3.047546	
1027	1.000074	0.000075	2.715454	-0.000075	1.000074	-1.509460	
1028	1.000085	-0.000095	4.035828	0.000095	1.000085	-3.310623	
1029	0.999695	0.000137	2.464966	-0.000137	0.999695	-0.716309	
1030	1.000098	-0.000063	4.524780	0.000063	1.000098	-4.486008	
1031	0.999913	-0.000013	1.328979	0.000013	0.999913	-0.643219	
1032	0.997773	-0.001878	8.082397	0.001878	0.997773	-5.122955	
1033	1.000063	0.000172	1.818726	-0.000172	1.000063	-0.050980	
1034	0.999851	0.000151	3.194580	-0.000151	0.999851	-0.873047	
1035	1.000103	0.000026	1.111938	-0.000026	1.000103	0.311005	
1036	1.000001	0.000067	1.835510	-0.000067	1.000001	0.188553	
1037	0.999892	-0.000197	1.487000	0.000197	0.999892	-0.941650	
1038	1.000026	-0.000150	0.811829	0.000150	1.000026	0.225037	
1039	1.000059	-0.000004	0.865295	0.000004	1.000059	0.446838	
1040	1.000210	0.000095	0.906738	-0.000095	1.000210	0.483704	
1041	0.999727	-0.000107	0.851318	0.000107	0.999727	0.495575	
1042	0.999985	0.000137	0.711548	-0.000137	0.999985	1.774963	
1043	0.999986	0.000084	0.106323	-0.000084	0.999986	0.584656	
1044	1.000129	0.000065	0.937866	-0.000065	1.000129	2.105591	
1045	0.999861	-0.000261	0.311401	0.000261	0.999861	0.822449	
1046	1.000031	-0.000327	0.400757	0.000327	1.000031	1.507263	
1047	1.000017	0.000048	0.012390	-0.000048	1.000017	1.813416	
1048	1.000328	-0.001522	-0.471313	0.001522	1.000328	0.377747	
1049	0.999828	0.000121	0.336365	-0.000121	0.999828	1.739075	
1050	0.999877	-0.000060	0.330811	0.000060	0.999877	4.787659	
1051	0.999992	-0.000083	0.705811	0.000083	0.999992	1.057953	
1052	1.000033	0.000104	-0.440186	-0.000104	1.000033	4.427612	
1053	1.000013	-0.000174	-0.144226	0.000174	1.000013	1.212799	
1054	0.999947	-0.000089	0.823364	0.000089	0.999947	4.664642	
1055	1.000148	0.000071	-0.892456	-0.000071	1.000148	1.575989	
1056	0.999954	-0.000208	-0.620667	0.000208	0.999954	3.067261	
1057	0.999982	0.000059	-0.645935	-0.000059	0.999982	2.845795	
1058	0.999947	-0.000540	-0.764282	0.000540	0.999947	1.937408	
1059	1.000050	0.000120	-0.869019	-0.000120	1.000050	2.102646	
1060	0.999896	-0.000239	-1.318481	0.000239	0.999896	2.481384	
1061	0.999996	-0.000208	-0.652100	0.000208	0.999996	2.115814	
1062	0.999961	-0.000041	-1.210876	0.000041	0.999961	2.858871	
1063	0.999985	0.000125	-0.963440	-0.000125	0.999985	1.326828	
1064	1.000035	0.000078	-1.564819	-0.000078	1.000035	2.799026	
1065	0.999953	-0.000040	-0.757812	0.000040	0.999953	1.648254	
1066	0.999976	0.000008	-1.596985	-0.000008	0.999976	1.967361	
1067	1.000002	0.000069	-0.862732	-0.000069	1.000002	1.179077	
1068	0.999892	-0.000053	-0.498169	0.000053	0.999892	2.098282	
1069	1.000013	-0.000154	-0.322083	0.000154	1.000013	-0.544647	
1070	0.999870	0.000113	-0.178101	-0.000113	0.999870	2.333740	
1071	1.000263	-0.000085	-0.058594	0.000085	1.000263	-1.478745	
1072	1.000003	0.000273	-0.722290	-0.000273	1.000003	1.901245	
1073	1.000077	0.000109	-0.126221	-0.000109	1.000077	0.556534	
1074	0.999942	0.000080	0.755554	-0.000080	0.999942	-0.218857	
1075	1.000056	0.000159	-0.234314	-0.000159	1.000056	0.865051	
1076	0.995983	-0.001129	3.380981	0.001129	0.995983	-0.829002	
1077	0.999932	0.000112	0.601013	-0.000112	0.999932	0.020020	
1078	0.999925	0.000208	0.370361	-0.000208	0.999925	-0.253296	
1079	1.000231	0.000119	-0.266907	-0.000119	1.000231	0.028580	
1080	1.000022	0.000286	0.729431	-0.000286	1.000022	0.321930	
1081	0.999849	0.000048	0.844238	-0.000048	0.999849	1.046066	
1082	0.999908	0.000018	1.987915	-0.000018	0.999908	-0.459824	
1083	1.000025	0.000109	0.150330	-0.000109	1.000025	0.539841	
1084	1.000066	-0.000174	1.647949	0.000174	1.000066	-0.452118	
1085	0.999837	0.000244	1.735107	-0.000244	0.999837	0.737152	
1086	1.000042	-0.000079	0.777649	0.000079	1.000042	-0.454636	
1087	1.000011	-0.000112	1.917114	0.000112	1.000011	-0.656769	
1088	1.000049	-0.000083	1.252380	0.000083	1.000049	0.118347	
1089	1.000035	-0.000090	1.520935	0.000090	1.000035	-0.500015	
1090	0.999932	0.000147	0.693787	-0.000147	0.999932	0.375748	
1091	1.000081	-0.000167	1.881287	0.000167	1.000081	0.206268	
1092	0.999888	0.000246	0.675476	-0.000246	0.999888	0.797394	
1093	0.999983	-0.000065	0.818115	0.000065	0.999983	-0.819427	
1094	0.999949	-0.000145	0.365173	0.000145	0.999949	0.310379	
1095	1.000007	-0.000019	0.631226	0.000019	1.000007	-0.833328	
1096	1.000050	0.000061	0.801147	-0.000061	1.000050	0.602158	
1097	1.000057	-0.000172	1.068054	0.000172	1.000057	-0.561249	
1098	0.999906	-0.000025	0.742126	0.000025	0.999906	0.657532	
1099	1.000244	-0.000105	0.659485	0.000105	1.000244	-0.029251	
1100	0.999821	-0.000034	0.300781	0.000034	0.999821	0.237259	
1101	1.000099	-0.000012	0.637451	0.000012	1.000099	1.548737	
1102	0.999873	-0.000348	0.551086	0.000348	0.999873	-0.394989	
1103	1.000124	0.000192	-0.698181	-0.000192	1.000124	0.267059	
1104	0.999942	-0.000551	-1.404907	0.000551	0.999942	0.207397	
1105	0.999998	-0.000302	-1.125000	0.000302	0.999998	-0.946640	
1106	0.999860	-0.000722	-6.883301	0.000722	0.999860	-0.846481	
1107	1.000028	0.000080	-4.446472	-0.000080	1.000028	0.659134	
1108	0.999991	-0.000319	-8.683838	0.000319	0.999991	-1.068146	
1109	0.999914	-0.000134	-3.094299	0.000134	0.999914	-0.010834	
1110	1.000115	-0.000227	-9.335266	0.000227	1.000115	-0.145966	
1111	1.000059	-0.000070	-4.604858	0.000070	1.000059	-0.840591	
1112	1.000060	-0.000255	-7.318481	0.000255	1.000060	-1.246155	
1113	0.999865	-0.000022	-3.170776	0.000022	0.999865	0.336319	
1114	0.999847	-0.000092	-5.220398	0.000092	0.999847	-1.288742	
1115	1.000164	0.000167	-3.047485	-0.000167	1.000164	0.500107	
1116	0.999896	0.000038	-4.470459	-0.000038	0.999896	-1.270554	
1117	1.000035	0.000117	-2.086426	-0.000117	1.000035	1.048645	
1118	0.999989	-0.000183	-4.993103	0.000183	0.999989	-1.034821	
1119	0.999897	0.000147	-1.924805	-0.000147	0.999897	0.381638	
1120	1.000032	-0.000367	-4.904175	0.000367	1.000032	-1.229660	
1121	1.000038	0.000325	-2.978943	-0.000325	1.000038	0.362076	
1122	0.999935	0.000096	-3.252563	-0.000096	0.999935	-0.402939	
1123	1.000135	0.000118	-2.030884	-0.000118	1.000135	-0.006042	
1124	1.000035	0.000087	-3.667236	-0.000087	1.000035	0.856018	
1125	0.999968	-0.000135	-1.228333	0.000135	0.999968	-0.450851	
1126	0.999893	0.000364	-1.585693	-0.000364	0.999893	1.307144	
1127	0.999985	-0.000074	-0.941528	0.000074	0.999985	0.871246	
1128	1.000004	-0.000182	0.375488	0.000182	1.000004	0.038361	
1129	1.000021	0.000166	-0.432739	-0.000166	1.000021	0.971069	
1130	0.999977	-0.000153	0.319458	0.000153	0.999977	0.504669	
1131	1.000086	-0.000160	0.240295	0.000160	1.000086	0.160995	
1132	1.000006	0.000030	1.440552	-0.000030	1.000006	0.904007	
1133	1.000028	-0.000095	-0.713318	0.000095	1.000028	-0.116028	
1134	0.999850	-0.000011	2.430237	0.000011	0.999850	0.748001	
1135	1.000122	0.000129	0.974670	-0.000129	1.000122	0.110168	
1136	0.999916	-0.000081	0.979492	0.000081	0.999916	2.148849	
1137	0.999976	0.000082	0.891418	-0.000082	0.999976	0.292023	
1138	0.999988	0.000001	-0.276611	-0.000001	0.999988	2.013412	
1139	1.000090	-0.000027	0.196350	0.000027	1.000090	-0.339630	
1140	1.000019	-0.000171	-0.320679	0.000171	1.000019	0.952866	
1141	1.000036	-0.000019	-0.066101	0.000019	1.000036	0.632828	
1142	0.999969	0.000027	-0.069641	-0.000027	0.999969	0.588196	
1143	1.000065	-0.000083	-0.846313	0.000083	1.000065	1.278488	
1144	0.999850	0.000027	-1.575378	-0.000027	0.999850	0.164185	
1145	1.000142	-0.000084	-0.517761	0.000084	1.000142	0.281296	
1146	1.000059	-0.000024	-4.845093	0.000024	1.000059	0.725082	
1147	0.999976	0.000225	-3.017944	-0.000225	0.999976	-0.496521	
1148	1.000100	0.000032	-4.680237	-0.000032	1.000100	-0.429443	
1149	0.999993	0.000019	-1.874390	-0.000019	0.999993	0.078888	
1150	1.000052	0.000344	-3.341431	-0.000344	1.000052	0.087372	
1151	0.999988	0.000424	-1.997742	-0.000424	0.999988	-0.147064	
1152	0.999996	0.000193	-2.964111	-0.000193	0.999996	-0.621765	
1153	1.000042	0.000158	-0.325195	-0.000158	1.000042	0.595459	
1154	0.999985	-0.000036	1.218811	0.000036	0.999985	-0.619415	
1155	0.999952	0.000415	1.098694	-0.000415	0.999952	-0.400513	
1156	0.999987	0.000053	4.091370	-0.000053	0.999987	-1.639984	
1157	0.999854	0.000039	2.242249	-0.000039	0.999854	0.145691	
1158	1.000065	-0.000172	3.544556	0.000172	1.000065	-0.916565	
1159	1.000044	0.000130	0.155090	-0.000130	1.000044	-0.173584	
1160	0.999792	0.000232	3.062561	-0.000232	0.999792	0.279327	
1161	1.000211	0.000238	1.416687	-0.000238	1.000211	-0.067871	
1162	0.999844	0.000092	2.228699	-0.000092	0.999844	0.302979	
1163	1.000194	0.000110	2.337158	-0.000110	1.000194	1.184540	
1164	0.999986	0.000133	1.928833	-0.000133	0.999986	-0.454926	
1165	0.999975	0.000249	1.648926	-0.000249	0.999975	1.019196	
1166	1.000069	0.000070	3.766052	-0.000070	1.000069	-0.285126	
1167	0.999958	0.000234	0.919617	-0.000234	0.999958	0.660538	
1168	1.000077	-0.000236	3.516479	0.000236	1.000077	1.125320	
1169	0.999898	0.000125	1.210693	-0.000125	0.999898	-0.448792	
1170	0.999995	0.000369	3.150024	-0.000369	0.999995	0.511993	
1171	1.000147	-0.000082	1.085327	0.000082	1.000147	0.559143	
1172	0.999837	-0.000050	1.760376	0.000050	0.999837	1.147598	
1173	1.000156	0.000152	1.204102	-0.000152	1.000156	0.213898	
1174	0.999992	-0.000081	2.712646	0.000081	0.999992	0.822845	
1175	1.000084	0.000144	0.664490	-0.000144	1.000084	1.561920	
1176	1.000031	0.000245	2.600891	-0.000245	1.000031	0.141098	
1177	0.999875	0.000305	1.223022	-0.000305	0.999875	1.213470	
1178	1.000018	0.000472	3.013550	-0.000472	1.000018	0.611633	
1179	0.999988	-0.000066	0.839355	0.000066	0.999988	0.730072	
1180	1.000068	-0.000095	2.615479	0.000095	1.000068	0.200821	
1181	0.999935	-0.000110	0.739441	0.000110	0.999935	0.078461	
1182	0.999948	-0.000068	1.212280	0.000068	0.999948	0.841263	
1183	1.000291	-0.000021	1.295105	0.000021	1.000291	-0.000229	
1184	0.999954	0.000113	2.114258	-0.000113	0.999954	0.928848	
1185	0.999819	-0.000216	0.931519	0.000216	0.999819	-0.654510	
1186	1.000027	0.000192	2.497314	-0.000192	1.000027	0.967346	
1187	1.000119	-0.000108	0.627380	0.000108	1.000119	0.158508	
1188	0.999914	-0.000249	1.873718	0.000249	0.999914	-0.020844	
1189	0.999806	-0.000096	0.247498	0.000096	0.999806	0.526886	
1190	1.000020	-0.000209	1.503906	0.000209	1.000020	-0.469696	
1191	1.000146	0.000105	0.105530	-0.000105	1.000146	0.888519	
1192	0.999958	-0.000140	2.046814	0.000140	0.999958	0.105225	
1193	0.999939	0.000260	0.104004	-0.000260	0.999939	1.067993	
1194	1.000102	0.000013	1.493225	-0.000013	1.000102	0.617950	
1195	0.999979	-0.000068	0.902649	0.000068	0.999979	-0.283264	
1196	0.999947	0.000151	0.299805	-0.000151	0.999947	0.887085	
1197	1.000000	-0.000072	1.412720	0.000072	1.000000	-0.316376	
1198	1.000107	-0.000153	0.692749	0.000153	1.000107	0.170609	
1199	1.000014	0.000047	0.607178	-0.000047	1.000014	0.638275	
1200	1.000038	0.000067	0.318665	-0.000067	1.000038	-1.053192	
1201	0.999992	0.000179	1.151184	-0.000179	0.999992	1.126434	
1202	0.999920	-0.000252	-0.036377	0.000252	0.999920	-0.564484	
