0	1.000000	0.000000	0.000000	0.000000	1.000000	0.000000	
1	1.000142	0.000008	-0.105713	-0.000008	1.000142	-0.048676	
2	1.000092	0.000001	-0.081726	-0.000001	1.000092	-0.041412	
3	1.000054	0.000001	-0.040100	-0.000001	1.000054	-0.021301	
4	1.000097	-0.000003	-0.080872	0.000003	1.000097	-0.033813	
5	1.000075	0.000002	-0.048828	-0.000002	1.000075	-0.029999	
6	1.000108	0.000008	-0.082947	-0.000008	1.000108	-0.039062	
7	1.000132	0.000008	-0.105774	-0.000008	1.000132	-0.053406	
8	1.000157	0.000018	-0.125793	-0.000018	1.000157	-0.034882	
9	1.000098	0.000012	-0.063354	-0.000012	1.000098	-0.002838	
10	1.000115	0.000024	-0.099731	-0.000024	1.000115	0.010010	
11	1.000179	0.000015	-0.184998	-0.000015	1.000179	-0.021393	
12	1.000128	0.000013	-0.144348	-0.000013	1.000128	-0.010223	
13	1.000242	0.000016	-0.204468	-0.000016	1.000242	-0.044861	
14	1.000077	-0.000012	-0.073181	0.000012	1.000077	-0.007355	
15	1.000150	-0.000023	-0.183960	0.000023	1.000150	-0.094727	
16	1.000162	-0.000016	-0.182739	0.000016	1.000162	-0.083099	
17	1.000087	-0.000010	-0.094604	0.000010	1.000087	-0.056946	
18	1.000102	0.000024	-0.068726	-0.000024	1.000102	-0.044586	
19	1.000089	0.000039	-0.063049	-0.000039	1.000089	-0.012634	
20	1.000083	0.000015	-0.067078	-0.000015	1.000083	-0.046814	
21	1.000118	0.000018	-0.112610	-0.000018	1.000118	-0.043640	
22	1.000100	0.000033	-0.076965	-0.000033	1.000100	-0.015106	
23	1.000208	0.000003	-0.188660	-0.000003	1.000208	-0.121643	
24	1.000131	-0.000012	-0.136536	0.000012	1.000131	-0.065369	
25	1.000106	-0.000011	-0.104736	0.000011	1.000106	-0.076172	
26	1.000097	0.000026	-0.066101	-0.000026	1.000097	-0.029541	
27	1.000088	0.000023	-0.079285	-0.000023	1.000088	-0.027222	
28	1.000269	0.000006	-0.244751	-0.000006	1.000269	-0.145599	
29	1.000147	-0.000020	-0.160522	0.000020	1.000147	-0.078583	
30	1.000043	-0.000029	-0.077698	0.000029	1.000043	-0.034180	
31	1.000073	-0.000040	-0.112671	0.000040	1.000073	-0.041382	
32	1.000114	-0.000004	-0.121521	0.000004	1.000114	-0.024231	
33	1.000187	-0.000030	-0.209595	0.000030	1.000187	-0.142609	
34	1.000098	-0.000022	-0.096802	0.000022	1.000098	-0.060608	
35	1.000105	0.000000	-0.068420	-0.000000	1.000105	-0.038483	
36	1.000071	-0.000005	-0.015320	0.000005	1.000071	-0.024536	
37	1.000121	-0.000026	-0.124634	0.000026	1.000121	-0.057007	
38	1.000222	-0.000024	-0.227722	0.000024	1.000222	-0.131317	
39	1.000094	-0.000019	-0.078796	0.000019	1.000094	-0.062927	
40	1.000092	-0.000008	-0.115051	0.000008	1.000092	-0.085602	
41	1.000118	0.000002	-0.131348	-0.000002	1.000118	-0.078766	
42	1.000187	-0.000007	-0.182983	0.000007	1.000187	-0.118744	
43	1.000179	-0.000016	-0.201477	0.000016	1.000179	-0.104736	
44	1.000031	-0.000007	-0.058960	0.000007	1.000031	-0.033661	
45	1.000088	-0.000006	-0.094055	0.000006	1.000088	-0.043732	
46	1.000090	-0.000019	-0.117432	0.000019	1.000090	-0.107819	
47	1.000076	-0.000024	-0.100708	0.000024	1.000076	-0.073425	
48	1.000204	-0.000026	-0.179932	0.000026	1.000204	-0.128876	
49	1.000134	-0.000017	-0.179443	0.000017	1.000134	-0.115662	
50	1.000070	-0.000021	-0.083740	0.000021	1.000070	-0.068939	
51	1.000104	0.000009	-0.064636	-0.000009	1.000104	-0.049164	
52	1.000068	0.000011	-0.035706	-0.000011	1.000068	-0.023315	
53	1.000215	-0.000015	-0.288757	0.000015	1.000215	-0.132355	
54	1.000077	-0.000014	-0.086914	0.000014	1.000077	-0.064056	
55	1.000148	-0.000036	-0.164795	0.000036	1.000148	-0.111725	
56	1.000135	0.000007	-0.103516	-0.000007	1.000135	-0.053772	
57	1.000102	-0.000034	-0.105652	0.000034	1.000102	-0.022003	
58	1.000120	-0.000037	-0.157532	0.000037	1.000120	-0.150208	
59	1.000020	-0.000026	-0.062012	0.000026	1.000020	-0.100220	
60	1.000043	-0.000009	-0.059143	0.000009	1.000043	-0.071045	
61	1.000079	-0.000011	-0.108398	0.000011	1.000079	-0.126099	
62	1.000058	-0.000013	-0.083435	0.000013	1.000058	-0.084473	
63	1.000176	-0.000011	-0.154236	0.000011	1.000176	-0.136505	
64	1.000049	-0.000001	-0.045288	0.000001	1.000049	-0.044830	
65	1.000090	0.000013	-0.069580	-0.000013	1.000090	-0.035431	
66	1.000035	0.000015	-0.028564	-0.000015	1.000035	-0.002106	
67	1.000099	0.000018	-0.091003	-0.000018	1.000099	-0.050201	
68	1.000040	0.000022	-0.026245	-0.000022	1.000040	-0.015442	
69	1.000472	0.000040	-0.379944	-0.000040	1.000472	-0.339142	
70	0.999977	0.000043	0.073792	-0.000043	0.999977	0.011749	
71	0.999990	0.000029	0.041443	-0.000029	0.999990	0.017090	
72	1.000043	0.000020	-0.010315	-0.000020	1.000043	0.001556	
73	1.000065	0.000025	-0.035645	-0.000025	1.000065	-0.043457	
74	1.000146	-0.000011	-0.146423	0.000011	1.000146	-0.132904	
75	1.000091	0.000032	-0.028442	-0.000032	1.000091	0.000153	
76	1.000073	0.000040	-0.033875	-0.000040	1.000073	0.008148	
77	1.000073	0.000043	-0.060730	-0.000043	1.000073	0.030273	
78	1.000075	0.000030	-0.066711	-0.000030	1.000075	0.013550	
79	1.000209	0.000003	-0.192383	-0.000003	1.000209	-0.062836	
80	1.000197	0.000002	-0.228210	-0.000002	1.000197	-0.084808	
81	1.000091	-0.000030	-0.179382	0.000030	1.000091	-0.078278	
82	1.000104	0.000038	-0.044312	-0.000038	1.000104	-0.049866	
83	1.000134	0.000035	-0.064880	-0.000035	1.000134	-0.079865	
84	1.000080	0.000005	-0.068970	-0.000005	1.000080	-0.038605	
85	1.000078	-0.000011	-0.065613	0.000011	1.000078	-0.063965	
86	1.000113	-0.000008	-0.058838	0.000008	1.000113	-0.075165	
87	1.000133	-0.000088	-0.273743	0.000088	1.000133	-0.136139	
88	1.000077	-0.000008	-0.049377	0.000008	1.000077	-0.025391	
89	1.000136	-0.000032	-0.202087	0.000032	1.000136	-0.114716	
90	1.000095	-0.000007	-0.107788	0.000007	1.000095	-0.031982	
91	1.000139	-0.000008	-0.155884	0.000008	1.000139	-0.089691	
92	1.000067	0.000000	-0.067688	-0.000000	1.000067	-0.014099	
93	1.000141	-0.000008	-0.165710	0.000008	1.000141	-0.136688	
94	1.000142	0.000051	-0.096130	-0.000051	1.000142	-0.029266	
95	1.000143	0.000005	-0.132996	-0.000005	1.000143	-0.114227	
96	1.000136	0.000001	-0.136902	-0.000001	1.000136	-0.093964	
97	1.000086	0.000016	-0.073181	-0.000016	1.000086	-0.049500	
98	1.000092	-0.000005	-0.129089	0.000005	1.000092	-0.039429	
99	1.000110	-0.000005	-0.076477	0.000005	1.000110	-0.064972	
100	1.000102	0.000011	-0.064514	-0.000011	1.000102	-0.036163	
101	1.000150	0.000009	-0.132141	-0.000009	1.000150	-0.082550	
102	1.000095	-0.000001	-0.088379	0.000001	1.000095	-0.050812	
103	1.000076	-0.000006	-0.080750	0.000006	1.000076	-0.042175	
104	1.000260	-0.000003	-0.255615	0.000003	1.000260	-0.149323	
105	1.000070	-0.000010	-0.074097	0.000010	1.000070	-0.050995	
106	1.000148	-0.000010	-0.183350	0.000010	1.000148	-0.097870	
107	1.000124	-0.000030	-0.174316	0.000030	1.000124	-0.083923	
108	1.000104	0.000001	-0.043152	-0.000001	1.000104	-0.027771	
109	1.000247	0.000004	-0.192627	-0.000004	1.000247	-0.136108	
110	1.000044	0.000006	-0.039612	-0.000006	1.000044	-0.006439	
111	1.000139	0.000015	-0.119629	-0.000015	1.000139	-0.055878	
112	1.000121	-0.000019	-0.171326	0.000019	1.000121	-0.057312	
113	1.000078	-0.000028	-0.100098	0.000028	1.000078	-0.078461	
114	1.000186	-0.000014	-0.187683	0.000014	1.000186	-0.126984	
115	1.000091	-0.000029	-0.106140	0.000029	1.000091	-0.083923	
116	1.000134	-0.000007	-0.145203	0.000007	1.000134	-0.084015	
117	1.000094	-0.000013	-0.111572	0.000013	1.000094	-0.072266	
118	1.000090	-0.000012	-0.094910	0.000012	1.000090	-0.046448	
119	1.003098	-0.000493	-5.261230	0.000493	1.003098	-1.679626	
120	1.000115	-0.000014	-0.135071	0.000014	1.000115	-0.088074	
121	1.000133	-0.000016	-0.180359	0.000016	1.000133	-0.061981	
122	1.000190	0.000012	-0.210632	-0.000012	1.000190	-0.095764	
123	1.000196	0.000037	-0.167053	-0.000037	1.000196	-0.073608	
124	1.000160	0.000006	-0.159729	-0.000006	1.000160	-0.094727	
125	1.000128	0.000012	-0.167908	-0.000012	1.000128	0.004272	
126	1.000283	-0.000014	-0.232483	0.000014	1.000283	-0.101318	
127	1.000171	0.000013	-0.063843	-0.000013	1.000171	-0.017944	
128	1.000192	0.000009	-0.201843	-0.000009	1.000192	-0.051056	
129	1.000313	0.000003	-0.308716	-0.000003	1.000313	-0.171661	
130	1.000139	-0.000004	-0.090515	0.000004	1.000139	-0.019684	
131	1.000123	-0.000026	-0.045776	0.000026	1.000123	-0.082764	
132	1.000060	0.000018	0.030334	-0.000018	1.000060	-0.053467	
133	1.000058	0.000001	-0.036926	-0.000001	1.000058	-0.055634	
134	1.000231	-0.000009	-0.316956	0.000009	1.000231	-0.178101	
135	1.000119	0.000046	-0.039551	-0.000046	1.000119	-0.065155	
136	1.000116	0.000031	-0.024841	-0.000031	1.000116	-0.061371	
137	1.000106	0.000031	-0.023621	-0.000031	1.000106	-0.030273	
138	1.000074	0.000019	-0.052002	-0.000019	1.000074	-0.041565	
139	1.000187	-0.000013	-0.235046	0.000013	1.000187	-0.117615	
140	1.000097	-0.000044	-0.170166	0.000044	1.000097	-0.088440	
141	1.000055	0.000002	-0.037781	-0.000002	1.000055	-0.067383	
142	1.000062	-0.000015	-0.062561	0.000015	1.000062	-0.047668	
143	1.000128	-0.000018	-0.167297	0.000018	1.000128	-0.127930	
144	1.000174	-0.000026	-0.173645	0.000026	1.000174	-0.144623	
145	1.000036	0.000025	-0.009827	-0.000025	1.000036	-0.020294	
146	1.000050	0.000014	-0.026123	-0.000014	1.000050	-0.056671	
147	1.000119	-0.000008	-0.128174	0.000008	1.000119	-0.105865	
148	1.000050	-0.000008	-0.061584	0.000008	1.000050	-0.069519	
149	1.000258	0.000016	-0.232910	-0.000016	1.000258	-0.157532	
150	1.000095	0.000004	-0.088196	-0.000004	1.000095	-0.053650	
151	1.000070	-0.000009	-0.074463	0.000009	1.000070	-0.086426	
152	1.000062	-0.000010	-0.054321	0.000010	1.000062	-0.038788	
153	1.000124	-0.000029	-0.150452	0.000029	1.000124	-0.060394	
154	1.000231	-0.000017	-0.328186	0.000017	1.000231	-0.175049	
155	1.000114	-0.000002	-0.095459	0.000002	1.000114	-0.053375	
156	1.000041	0.000008	-0.012817	-0.000008	1.000041	-0.039581	
157	1.000084	0.000055	-0.060608	-0.000055	1.000084	0.018829	
158	1.000102	0.000066	-0.033020	-0.000066	1.000102	-0.067719	
159	1.000232	0.000013	-0.192017	-0.000013	1.000232	-0.145477	
160	1.000096	0.000063	-0.047363	-0.000063	1.000096	-0.002014	
161	1.000109	0.000015	-0.084534	-0.000015	1.000109	-0.030151	
162	1.000175	-0.000005	-0.161499	0.000005	1.000175	-0.099426	
163	1.000158	-0.000002	-0.139160	0.000002	1.000158	-0.109680	
164	1.000169	0.000003	-0.173462	-0.000003	1.000169	-0.100708	
165	1.000078	-0.000020	-0.088684	0.000020	1.000078	-0.026154	
166	1.000154	-0.000020	-0.175232	0.000020	1.000154	-0.072174	
167	1.000090	-0.000033	-0.117126	0.000033	1.000090	-0.061615	
168	1.000142	-0.000036	-0.161011	0.000036	1.000142	-0.080658	
169	1.000178	-0.000034	-0.250854	0.000034	1.000178	-0.162323	
170	1.000079	-0.000082	-0.224792	0.000082	1.000079	-0.114685	
171	1.000142	-0.000001	-0.146667	0.000001	1.000142	-0.067566	
172	1.000089	-0.000037	-0.141846	0.000037	1.000089	-0.039398	
173	1.000009	-0.000083	-0.074951	0.000083	1.000009	-0.151367	
174	1.000248	-0.000006	-0.201233	0.000006	1.000248	-0.162659	
175	1.000069	0.000011	0.062317	-0.000011	1.000069	-0.072876	
176	1.000272	-0.000017	-0.378662	0.000017	1.000272	-0.306152	
177	1.000026	0.000021	-0.028564	-0.000021	1.000026	0.001801	
178	1.000028	0.000021	0.003113	-0.000021	1.000028	0.011322	
179	1.000148	0.000018	-0.118286	-0.000018	1.000148	-0.090424	
180	1.000104	-0.000005	-0.055115	0.000005	1.000104	-0.053741	
181	1.000181	0.000045	-0.091614	-0.000045	1.000181	-0.047455	
182	1.000077	0.000009	0.002441	-0.000009	1.000077	-0.045502	
183	1.000145	0.000007	-0.036011	-0.000007	1.000145	-0.098358	
184	1.000132	-0.000015	-0.138184	0.000015	1.000132	-0.123230	
185	1.000071	0.000060	-0.087158	-0.000060	1.000071	-0.119568	
186	1.000106	0.000019	-0.093262	-0.000019	1.000106	0.043976	
187	1.000160	0.000016	-0.087830	-0.000016	1.000160	-0.082031	
188	1.000139	0.000010	-0.072144	-0.000010	1.000139	-0.039398	
189	1.000221	-0.000050	-0.304321	0.000050	1.000221	-0.181610	
190	1.000089	-0.000060	-0.146240	0.000060	1.000089	-0.077271	
191	1.000050	-0.000073	-0.125977	0.000073	1.000050	-0.093079	
192	1.000017	-0.000007	-0.033813	0.000007	1.000017	-0.069794	
193	1.000094	-0.000012	-0.117371	0.000012	1.000094	-0.098083	
194	1.000183	-0.000001	-0.169861	0.000001	1.000183	-0.143127	
195	1.000085	0.000006	-0.059448	-0.000006	1.000085	-0.050781	
196	1.000114	0.000002	-0.117065	-0.000002	1.000114	-0.102936	
197	1.000071	-0.000016	-0.041016	0.000016	1.000071	-0.039154	
198	1.000049	-0.000007	-0.057312	0.000007	1.000049	-0.049133	
199	1.000205	-0.000003	-0.206360	0.000003	1.000205	-0.133972	
200	1.000170	0.000005	-0.184143	-0.000005	1.000170	-0.124268	
201	1.000101	0.000025	-0.080933	-0.000025	1.000101	-0.020721	
202	1.000148	-0.000015	-0.189636	0.000015	1.000148	-0.132935	
203	1.000110	0.000002	-0.117126	-0.000002	1.000110	-0.124573	
204	1.000148	-0.000008	-0.144592	0.000008	1.000148	-0.118622	
205	1.000034	0.000033	-0.017761	-0.000033	1.000034	-0.004395	
206	1.000119	0.000031	-0.104858	-0.000031	1.000119	-0.066345	
207	1.000060	-0.000015	-0.073730	0.000015	1.000060	-0.062225	
208	1.000075	-0.000049	-0.118042	0.000049	1.000075	-0.094238	
209	1.000204	-0.000013	-0.209717	0.000013	1.000204	-0.131653	
210	1.000101	0.000005	-0.075806	-0.000005	1.000101	-0.044495	
211	1.000178	-0.000001	-0.184814	0.000001	1.000178	-0.121246	
212	1.000114	-0.000019	-0.114380	0.000019	1.000114	-0.088623	
213	1.000078	-0.000003	-0.076904	0.000003	1.000078	-0.046417	
214	1.000212	-0.000004	-0.216309	0.000004	1.000212	-0.108154	
215	1.000133	0.000024	-0.161987	-0.000024	1.000133	-0.061249	
216	1.000152	-0.000002	-0.174072	0.000002	1.000152	-0.095795	
217	1.000060	-0.000017	-0.099365	0.000017	1.000060	-0.083191	
218	1.000126	0.000045	-0.043396	-0.000045	1.000126	-0.047211	
219	1.000198	0.000034	-0.134766	-0.000034	1.000198	-0.103546	
220	1.000111	0.000020	-0.089478	-0.000020	1.000111	-0.026764	
221	1.000113	0.000004	-0.056946	-0.000004	1.000113	-0.063995	
222	1.000074	-0.000018	-0.031494	0.000018	1.000074	-0.062012	
223	1.000102	0.000016	-0.139648	-0.000016	1.000102	-0.062897	
224	1.000188	0.000004	-0.238342	-0.000004	1.000188	-0.145447	
225	1.000035	-0.000032	-0.062622	0.000032	1.000035	-0.064819	
226	1.000193	-0.000003	-0.153076	0.000003	1.000193	-0.135345	
227	1.000349	0.000085	-0.245361	-0.000085	1.000349	-0.220795	
228	1.000076	0.000054	-0.073975	-0.000054	1.000076	-0.038513	
229	1.000285	-0.000044	-0.398071	0.000044	1.000285	-0.206848	
230	1.000099	-0.000007	-0.037842	0.000007	1.000099	-0.016510	
231	1.000072	-0.000001	0.004272	0.000001	1.000072	0.005615	
232	1.000116	0.000026	-0.088562	-0.000026	1.000116	-0.030457	
233	1.000108	-0.000008	-0.095764	0.000008	1.000108	-0.018311	
234	1.000228	-0.000077	-0.285645	0.000077	1.000228	-0.249039	
235	1.000388	-0.000085	-0.424866	0.000085	1.000388	-0.355347	
236	1.000149	-0.000656	-0.241455	0.000656	1.000149	-1.200287	
237	1.000164	-0.000057	-0.179993	0.000057	1.000164	-0.251526	
238	0.999992	-0.000081	-0.013306	0.000081	0.999992	-0.156311	
239	1.000102	-0.000034	-0.102173	0.000034	1.000102	-0.092896	
240	1.000499	0.001123	-1.184448	-0.001123	1.000499	1.822693	
241	1.000024	-0.000025	-0.034729	0.000025	1.000024	-0.048340	
242	1.000098	-0.000048	-0.182800	0.000048	1.000098	-0.137146	
243	1.000106	-0.000104	-0.197144	0.000104	1.000106	-0.208160	
244	1.000116	-0.000008	-0.136047	0.000008	1.000116	-0.069824	
245	1.000237	-0.000026	-0.233948	0.000026	1.000237	-0.122192	
246	1.000113	0.000003	-0.065613	-0.000003	1.000113	-0.073914	
247	1.000052	0.000045	-0.012268	-0.000045	1.000052	0.006683	
248	1.000092	0.000080	0.033020	-0.000080	1.000092	0.027374	
249	1.000068	0.000063	-0.028259	-0.000063	1.000068	0.001373	
250	1.000183	0.000000	-0.235596	-0.000000	1.000183	-0.151703	
251	1.000096	0.000001	-0.108582	-0.000001	1.000096	-0.068359	
252	1.000082	0.000013	-0.092224	-0.000013	1.000082	-0.096069	
253	1.000099	-0.000018	-0.114990	0.000018	1.000099	-0.099304	
254	1.000049	-0.000007	-0.081970	0.000007	1.000049	-0.077057	
255	1.000170	-0.000002	-0.076477	0.000002	1.000170	-0.104126	
256	1.000095	-0.000039	-0.101624	0.000039	1.000095	-0.135590	
257	1.000030	-0.000015	-0.079163	0.000015	1.000030	-0.067841	
258	1.000060	0.000011	-0.012146	-0.000011	1.000060	-0.029266	
259	1.000103	-0.000017	-0.081970	0.000017	1.000103	-0.136414	
260	1.000212	0.000033	-0.203735	-0.000033	1.000212	-0.142487	
261	1.000034	0.000028	-0.009155	-0.000028	1.000034	-0.050323	
262	1.000007	0.000028	0.038452	-0.000028	1.000007	-0.013702	
263	1.000147	0.000037	-0.124878	-0.000037	1.000147	-0.123444	
264	1.000065	-0.000026	-0.096069	0.000026	1.000065	-0.098236	
265	1.000245	0.000011	-0.244995	-0.000011	1.000245	-0.139618	
266	1.000047	0.000030	-0.067322	-0.000030	1.000047	-0.050323	
267	1.000106	0.000007	-0.087463	-0.000007	1.000106	-0.080933	
268	1.000180	0.000020	-0.123840	-0.000020	1.000180	-0.137299	
269	1.000066	-0.000031	-0.069580	0.000031	1.000066	-0.060974	
270	1.000194	-0.000011	-0.205444	0.000011	1.000194	-0.152527	
271	1.000015	0.000063	0.017151	-0.000063	1.000015	0.016724	
272	0.999982	0.000033	0.018005	-0.000033	0.999982	0.009003	
273	0.999844	0.000094	-0.131653	-0.000094	0.999844	-0.079071	
274	1.000210	-0.000037	-0.258362	0.000037	1.000210	-0.156403	
275	1.000229	-0.000009	-0.220581	0.000009	1.000229	-0.142670	
276	1.000169	0.000004	-0.216553	-0.000004	1.000169	-0.098724	
277	1.000184	-0.000048	-0.246399	0.000048	1.000184	-0.168030	
278	1.000052	0.000014	-0.005920	-0.000014	1.000052	-0.082214	
279	1.000149	0.000050	-0.070618	-0.000050	1.000149	-0.015717	
280	1.000100	0.000050	-0.002197	-0.000050	1.000100	0.008118	
281	0.999893	-0.000014	0.091553	0.000014	0.999893	-0.014648	
282	1.000175	0.000006	-0.016418	-0.000006	1.000175	-0.064362	
283	1.000016	-0.000012	-0.171570	0.000012	1.000016	-0.184143	
284	0.999993	-0.000002	0.007874	0.000002	0.999993	-0.018341	
285	1.000065	0.000022	-0.023682	-0.000022	1.000065	-0.053101	
286	1.000076	0.000001	-0.101990	-0.000001	1.000076	-0.117065	
287	1.000035	-0.000016	-0.056641	0.000016	1.000035	-0.086975	
288	1.000093	-0.000026	-0.103821	0.000026	1.000093	-0.126434	
289	1.000074	0.000025	-0.048096	-0.000025	1.000074	-0.021210	
290	1.000217	-0.000042	-0.282410	0.000042	1.000217	-0.169312	
291	1.000116	0.000018	-0.046326	-0.000018	1.000116	-0.070435	
292	1.000067	0.000019	-0.005005	-0.000019	1.000067	-0.030640	
293	1.000058	-0.000005	-0.055542	0.000005	1.000058	-0.042053	
294	1.000123	-0.000028	-0.209839	0.000028	1.000123	-0.118103	
295	1.000208	-0.000009	-0.234070	0.000009	1.000208	-0.185760	
296	1.000068	0.000017	-0.051025	-0.000017	1.000068	-0.039536	
297	1.000118	0.000002	-0.061951	-0.000002	1.000118	-0.069061	
298	1.000047	-0.000011	-0.033813	0.000011	1.000047	-0.062592	
299	1.000068	-0.000045	-0.133667	0.000045	1.000068	-0.094727	
300	1.000215	-0.000025	-0.240234	0.000025	1.000215	-0.123810	
301	1.000061	0.000029	-0.035522	-0.000029	1.000061	0.022736	
302	1.000058	0.000008	-0.072937	-0.000008	1.000058	-0.026154	
303	0.999975	-0.000076	-0.071899	0.000076	0.999975	-0.044098	
304	1.000125	0.000003	-0.198120	-0.000003	1.000125	-0.109863	
305	1.000216	0.000037	-0.081421	-0.000037	1.000216	-0.156494	
306	0.999873	0.000001	0.100525	-0.000001	0.999873	-0.004425	
307	1.000155	-0.000027	-0.166809	0.000027	1.000155	-0.066040	
308	0.999869	-0.000001	0.046997	0.000001	0.999869	0.036041	
309	1.000171	-0.000016	-0.107178	0.000016	1.000171	-0.055817	
310	1.000132	-0.000006	-0.150574	0.000006	1.000132	-0.121582	
311	1.000088	0.000024	-0.094604	-0.000024	1.000088	-0.036682	
312	1.000250	0.000012	-0.245422	-0.000012	1.000250	-0.143890	
313	1.000043	-0.000015	-0.045715	0.000015	1.000043	-0.012939	
314	1.000295	-0.000041	-0.291077	0.000041	1.000295	-0.212036	
315	1.000188	-0.000023	-0.190063	0.000023	1.000188	-0.122955	
316	1.000097	-0.000012	-0.109314	0.000012	1.000097	-0.105408	
317	1.000222	-0.000043	-0.217163	0.000043	1.000222	-0.199585	
318	1.000066	-0.000004	-0.082886	0.000004	1.000066	-0.078888	
319	1.000240	-0.000001	-0.221558	0.000001	1.000240	-0.115265	
320	1.000435	0.000022	-0.407959	-0.000022	1.000435	-0.275879	
321	0.999986	-0.000039	-0.121460	0.000039	0.999986	-0.070038	
322	1.000042	-0.000004	-0.018616	0.000004	1.000042	-0.079895	
323	1.000027	0.000037	0.001404	-0.000037	1.000027	-0.032288	
324	1.000029	-0.000031	-0.033997	0.000031	1.000029	-0.064545	
325	1.000084	-0.000023	-0.089050	0.000023	1.000084	-0.100555	
326	1.000065	-0.000005	-0.070557	0.000005	1.000065	-0.075684	
327	1.000024	0.000002	-0.028137	-0.000002	1.000024	-0.037842	
328	1.000192	-0.000010	-0.216309	0.000010	1.000192	-0.148651	
329	1.000494	-0.000020	-0.522339	0.000020	1.000494	-0.313751	
330	1.000219	-0.000004	-0.146851	0.000004	1.000219	-0.148285	
331	0.999915	-0.000019	0.060303	0.000019	0.999915	-0.023346	
332	1.000323	0.000011	-0.281799	-0.000011	1.000323	-0.166412	
333	0.999620	0.000001	0.293640	-0.000001	0.999620	0.192444	
334	1.000266	-0.000014	-0.254822	0.000014	1.000266	-0.164581	
335	1.000078	-0.000003	-0.054016	0.000003	1.000078	-0.069183	
336	1.000119	-0.000008	-0.115112	0.000008	1.000119	-0.135071	
337	1.000079	-0.000002	-0.113892	0.000002	1.000079	-0.060303	
338	1.000141	-0.000009	-0.182739	0.000009	1.000141	-0.118378	
339	1.000108	-0.000019	-0.162781	0.000019	1.000108	-0.059998	
340	1.000162	-0.000001	-0.173218	0.000001	1.000162	-0.117279	
341	1.000214	0.000023	-0.084595	-0.000023	1.000214	-0.107208	
342	1.000268	-0.000006	-0.137512	0.000006	1.000268	-0.169525	
343	0.999919	-0.000023	0.002197	0.000023	0.999919	-0.011353	
344	1.000274	0.000001	-0.287292	-0.000001	1.000274	-0.107574	
345	1.000103	-0.000010	-0.258057	0.000010	1.000103	-0.138916	
346	0.999806	-0.000010	0.241821	0.000010	0.999806	0.069855	
347	1.000339	0.000012	-0.284424	-0.000012	1.000339	-0.216583	
348	0.999953	-0.000015	0.033325	0.000015	0.999953	0.002228	
349	1.000135	0.000038	-0.090515	-0.000038	1.000135	-0.051453	
350	1.000056	0.000021	-0.044128	-0.000021	1.000056	-0.012573	
351	0.999971	-0.000020	0.037598	0.000020	0.999971	-0.029724	
352	1.000086	-0.000010	-0.035217	0.000010	1.000086	-0.115631	
353	1.000013	0.000024	0.044006	-0.000024	1.000013	0.013702	
354	1.000017	-0.000012	-0.024597	0.000012	1.000017	-0.062653	
355	1.000291	-0.000013	-0.298035	0.000013	1.000291	-0.257507	
356	0.999842	-0.000025	0.134827	0.000025	0.999842	-0.072693	
357	1.000409	0.000152	-0.351807	-0.000152	1.000409	-0.158508	
358	1.000035	-0.000012	-0.049683	0.000012	1.000035	-0.038574	
359	0.999921	-0.000017	0.099365	0.000017	0.999921	-0.029388	
360	1.000212	0.000005	-0.192810	-0.000005	1.000212	-0.114029	
361	0.999928	-0.000018	0.041016	0.000018	0.999928	-0.008560	
362	1.000090	-0.000014	-0.111145	0.000014	1.000090	-0.095978	
363	1.000043	-0.000005	-0.061157	0.000005	1.000043	-0.063339	
364	1.000072	-0.000014	-0.082886	0.000014	1.000072	-0.050018	
365	1.000187	-0.000025	-0.144836	0.000025	1.000187	-0.124939	
366	1.000030	-0.000045	-0.018311	0.000045	1.000030	-0.103424	
367	1.000133	0.000016	-0.111267	-0.000016	1.000133	-0.051086	
368	1.000098	0.000022	-0.072327	-0.000022	1.000098	-0.014038	
369	1.000135	0.000026	-0.139160	-0.000026	1.000135	-0.073151	
370	1.000204	-0.000005	-0.253357	0.000005	1.000204	-0.162140	
371	1.000064	0.000019	-0.065369	-0.000019	1.000064	-0.033203	
372	0.999990	0.000058	0.030945	-0.000058	0.999990	-0.042145	
373	1.000046	0.000008	-0.036499	-0.000008	1.000046	-0.060699	
374	1.000162	-0.000028	-0.148254	0.000028	1.000162	-0.129883	
375	1.000219	0.000030	-0.188782	-0.000030	1.000219	-0.153290	
376	1.000080	-0.000010	-0.099670	0.000010	1.000080	-0.093079	
377	1.000109	0.000028	-0.129089	-0.000028	1.000109	-0.012756	
378	1.000055	-0.000027	-0.076843	0.000027	1.000055	-0.060516	
379	1.000067	-0.000037	-0.085815	0.000037	1.000067	-0.131470	
380	1.000157	-0.000030	-0.176941	0.000030	1.000157	-0.174438	
381	1.000067	-0.000047	-0.095337	0.000047	1.000067	-0.085358	
382	1.000109	-0.000044	-0.127991	0.000044	1.000109	-0.126648	
383	1.000078	0.000052	-0.052429	-0.000052	1.000078	0.010284	
384	1.000140	0.000007	-0.137024	-0.000007	1.000140	-0.122070	
385	1.000267	0.000021	-0.202576	-0.000021	1.000267	-0.204987	
386	1.000226	0.000025	-0.191284	-0.000025	1.000226	-0.154449	
387	1.000098	-0.000028	-0.094604	0.000028	1.000098	-0.089752	
388	1.000061	-0.000032	-0.068787	0.000032	1.000061	-0.052887	
389	0.999993	-0.000064	-0.026123	0.000064	0.999993	-0.036835	
390	1.000609	0.000006	-0.520630	-0.000006	1.000609	-0.402832	
391	1.000103	-0.000043	-0.162170	0.000043	1.000103	-0.131348	
392	1.000150	-0.000023	-0.142944	0.000023	1.000150	-0.075592	
393	0.999922	-0.000010	0.042114	0.000010	0.999922	-0.024780	
394	1.000385	-0.000025	-0.401550	0.000025	1.000385	-0.287140	
395	1.000177	0.000033	-0.109802	-0.000033	1.000177	-0.061310	
396	0.999852	0.000031	0.163757	-0.000031	0.999852	0.050598	
397	1.000177	0.000025	-0.122742	-0.000025	1.000177	-0.063263	
398	1.000065	0.000026	-0.017883	-0.000026	1.000065	-0.037720	
399	1.000131	0.000041	-0.083313	-0.000041	1.000131	-0.059906	
400	1.000188	0.000038	-0.127319	-0.000038	1.000188	-0.069244	
401	1.000012	0.000008	0.023132	-0.000008	1.000012	-0.025848	
402	1.000227	0.000001	-0.160217	-0.000001	1.000227	-0.185028	
403	1.000028	-0.000017	-0.031433	0.000017	1.000028	-0.102020	
404	1.000286	0.000011	-0.227722	-0.000011	1.000286	-0.200775	
405	0.999850	0.000009	0.082703	-0.000009	0.999850	0.050568	
406	1.000164	-0.000032	-0.144653	0.000032	1.000164	-0.171692	
407	1.000226	-0.000037	-0.250793	0.000037	1.000226	-0.133148	
408	1.000250	0.001556	-0.928589	-0.001556	1.000250	2.690216	
409	1.000424	-0.000013	-0.464966	0.000013	1.000424	-0.250916	
410	0.999957	0.000000	-0.003052	-0.000000	0.999957	0.008667	
411	0.999123	-0.000552	0.230743	0.000552	0.999123	0.110962	
412	1.000181	-0.000001	-0.093323	0.000001	1.000181	-0.134094	
413	0.999903	-0.000011	0.064697	0.000011	0.999903	-0.005035	
414	1.000236	-0.000053	-0.224365	0.000053	1.000236	-0.233185	
415	0.999846	-0.000004	0.123474	0.000004	0.999846	0.056061	
416	1.000054	0.000021	-0.044373	-0.000021	1.000054	-0.096100	
417	1.000381	-0.000000	-0.321289	0.000000	1.000381	-0.218445	
418	0.999749	-0.000011	0.200806	0.000011	0.999749	0.106354	
419	1.000287	0.000031	-0.234985	-0.000031	1.000287	-0.128265	
420	0.999766	0.000027	0.200989	-0.000027	0.999766	0.114166	
421	1.000180	-0.000035	-0.186096	0.000035	1.000180	-0.143890	
422	0.999911	-0.000074	0.036377	0.000074	0.999911	-0.053406	
423	0.999925	0.000011	0.072083	-0.000011	0.999925	0.004730	
424	1.000349	0.000003	-0.294250	-0.000003	1.000349	-0.251740	
425	0.999946	-0.000004	0.064575	0.000004	0.999946	-0.022675	
426	1.000092	-0.000023	-0.172302	0.000023	1.000092	-0.120117	
427	1.000067	0.000015	-0.047241	-0.000015	1.000067	-0.037506	
428	1.000028	0.000039	-0.011902	-0.000039	1.000028	0.012146	
429	1.000130	0.000018	-0.148132	-0.000018	1.000130	-0.092316	
430	1.000103	0.000023	-0.096558	-0.000023	1.000103	-0.054047	
431	1.000116	0.000036	-0.074646	-0.000036	1.000116	-0.061462	
432	1.000155	0.000017	-0.139709	-0.000017	1.000155	-0.064209	
433	1.000079	-0.000002	-0.079346	0.000002	1.000079	-0.047058	
434	1.000176	-0.000021	-0.116394	0.000021	1.000176	-0.109100	
435	1.000098	-0.000002	-0.060852	0.000002	1.000098	-0.048370	
436	1.000150	-0.000018	-0.219177	0.000018	1.000150	-0.183929	
437	1.000129	0.000007	-0.115051	-0.000007	1.000129	-0.119507	
438	1.000130	-0.000009	-0.132080	0.000009	1.000130	-0.140015	
439	1.000090	0.000004	-0.056763	-0.000004	1.000090	-0.069519	
440	1.000060	-0.000027	-0.068542	0.000027	1.000060	-0.046783	
441	1.000093	-0.000008	-0.073669	0.000008	1.000093	-0.102081	
442	1.000095	-0.000020	-0.141235	0.000020	1.000095	-0.141541	
443	1.000105	-0.000041	-0.168884	0.000041	1.000105	-0.150085	
444	1.000081	-0.000019	-0.123169	0.000019	1.000081	-0.083496	
445	1.000119	-0.000001	-0.088196	0.000001	1.000119	-0.090179	
446	1.000209	0.000002	-0.169006	-0.000002	1.000209	-0.147675	
447	1.000105	0.000026	-0.035217	-0.000026	1.000105	-0.152863	
448	1.000006	0.000015	0.018982	-0.000015	1.000006	-0.039551	
449	1.000037	0.000019	-0.017456	-0.000019	1.000037	-0.032318	
450	0.999884	0.000027	0.120605	-0.000027	0.999884	0.065582	
451	1.000525	0.000034	-0.394592	-0.000034	1.000525	-0.305664	
452	1.000089	-0.000067	-0.100098	0.000067	1.000089	-0.100372	
453	1.000025	-0.000013	-0.013184	0.000013	1.000025	-0.040833	
454	1.000065	-0.000008	-0.097412	0.000008	1.000065	-0.110840	
455	1.000050	-0.000005	-0.057434	0.000005	1.000050	-0.055054	
456	1.000229	0.000001	-0.262085	-0.000001	1.000229	-0.168091	
457	1.000105	0.000011	-0.120422	-0.000011	1.000105	-0.030640	
458	1.000008	-0.000001	-0.021057	0.000001	1.000008	-0.035217	
459	1.000003	-0.000019	-0.029358	0.000019	1.000003	-0.035522	
460	1.000003	-0.000019	-0.029358	0.000019	1.000003	-0.035522	
461	1.000190	-0.000009	-0.206543	0.000009	1.000190	-0.142105	
462	1.000082	-0.000019	-0.095642	0.000019	1.000082	-0.076782	
463	1.000149	0.000009	-0.120911	-0.000009	1.000149	-0.072754	
464	1.000056	-0.000032	-0.051025	0.000032	1.000056	-0.073425	
465	1.000071	0.000014	-0.067444	-0.000014	1.000071	-0.121002	
466	1.000094	-0.000002	-0.063721	0.000002	1.000094	-0.099396	
467	1.000104	0.000026	-0.092346	-0.000026	1.000104	-0.092072	
468	1.000066	0.000005	-0.057922	-0.000005	1.000066	-0.054962	
469	1.000107	-0.000021	-0.097351	0.000021	1.000107	-0.115051	
470	1.000139	0.000020	-0.111389	-0.000020	1.000139	-0.047241	
471	1.000171	0.000000	-0.170715	-0.000000	1.000171	-0.134842	
472	1.000050	-0.000007	-0.045166	0.000007	1.000050	-0.041626	
473	1.000184	0.000029	-0.125366	-0.000029	1.000184	-0.063141	
474	1.000109	-0.000006	-0.078308	0.000006	1.000109	-0.046173	
475	1.000125	-0.000051	-0.136169	0.000051	1.000125	-0.135284	
476	1.000183	-0.000038	-0.198730	0.000038	1.000183	-0.191193	
477	1.000005	0.000012	-0.014099	-0.000012	1.000005	-0.066345	
478	0.999919	-0.000035	0.005066	0.000035	0.999919	-0.063095	
479	1.000127	-0.000007	-0.117981	0.000007	1.000127	-0.111313	
480	1.000071	-0.000022	-0.081604	0.000022	1.000071	-0.070831	
481	1.000180	0.000029	-0.140869	-0.000029	1.000180	-0.117798	
482	1.000171	-0.000011	-0.222229	0.000011	1.000171	-0.137756	
483	1.000103	-0.000019	-0.114929	0.000019	1.000103	-0.100464	
484	1.000067	0.000026	-0.058228	-0.000026	1.000067	-0.016510	
485	1.000046	-0.000002	-0.044861	0.000002	1.000046	-0.043213	
486	1.000215	-0.000017	-0.243347	0.000017	1.000215	-0.153534	
487	1.000064	-0.000015	-0.086975	0.000015	1.000064	-0.083496	
488	1.000173	-0.000004	-0.213684	0.000004	1.000173	-0.073486	
489	1.000054	-0.000078	-0.098083	0.000078	1.000054	-0.110504	
490	1.000128	0.000035	-0.096558	-0.000035	1.000128	-0.058350	
491	1.000157	0.000013	-0.110413	-0.000013	1.000157	-0.101349	
492	1.000059	-0.000018	-0.045898	0.000018	1.000059	-0.033661	
493	1.000170	0.000023	-0.104126	-0.000023	1.000170	-0.088043	
494	1.000071	-0.000001	-0.068604	0.000001	1.000071	-0.048004	
495	1.000063	-0.000012	-0.064758	0.000012	1.000063	-0.032990	
496	1.000429	-0.000012	-0.190430	0.000012	1.000429	-0.325287	
497	1.000079	-0.000023	-0.234558	0.000023	1.000079	-0.017151	
498	1.000069	-0.000001	-0.117920	0.000001	1.000069	0.029724	
499	1.000093	-0.000014	-0.224548	0.000014	1.000093	-0.075623	
500	1.000072	-0.000008	-0.097656	0.000008	1.000072	-0.063080	
501	1.000190	-0.000035	-0.219116	0.000035	1.000190	-0.160522	
502	1.000137	-0.000008	-0.188232	0.000008	1.000137	-0.121857	
503	1.000109	-0.000040	-0.147400	0.000040	1.000109	-0.079224	
504	1.000134	0.000015	-0.076538	-0.000015	1.000134	-0.087738	
505	1.000074	0.000026	-0.038696	-0.000026	1.000074	-0.011902	
506	1.000156	0.000003	-0.195435	-0.000003	1.000156	-0.116364	
507	1.000122	-0.000015	-0.101990	0.000015	1.000122	-0.111053	
508	1.000046	-0.000024	-0.021362	0.000024	1.000046	-0.093018	
509	1.000120	-0.000035	-0.186279	0.000035	1.000120	-0.169250	
510	1.000100	-0.000030	-0.166565	0.000030	1.000100	-0.148590	
511	1.000197	0.000009	-0.198975	-0.000009	1.000197	-0.126465	
512	1.000064	0.000022	-0.031921	-0.000022	1.000064	-0.005707	
513	1.000118	0.000005	-0.098572	-0.000005	1.000118	-0.074646	
514	1.000072	-0.000012	-0.055969	0.000012	1.000072	-0.027283	
515	1.000132	-0.000013	-0.096008	0.000013	1.000132	-0.070953	
516	1.000196	-0.000008	-0.154663	0.000008	1.000196	-0.127808	
517	1.000060	0.000003	-0.041870	-0.000003	1.000060	-0.052673	
518	1.000164	0.000015	-0.161133	-0.000015	1.000164	-0.156677	
519	1.000133	0.000022	-0.096191	-0.000022	1.000133	-0.065918	
520	0.999855	0.000064	0.172485	-0.000064	0.999855	0.072266	
521	1.000223	0.000021	-0.187500	-0.000021	1.000223	-0.140320	
522	1.000147	0.000063	-0.058777	-0.000063	1.000147	-0.103119	
523	1.000228	0.000047	-0.210693	-0.000047	1.000228	-0.172974	
524	1.000111	0.000003	-0.108643	-0.000003	1.000111	-0.071716	
525	0.999983	0.000009	0.016418	-0.000009	0.999983	-0.029175	
526	1.000090	-0.000010	-0.087341	0.000010	1.000090	-0.113098	
527	1.000102	-0.000016	-0.099487	0.000016	1.000102	-0.103271	
528	0.999865	0.000002	0.091125	-0.000002	0.999865	0.079041	
529	1.000226	-0.000037	-0.279785	0.000037	1.000226	-0.198822	
530	1.000084	-0.000011	-0.066833	0.000011	1.000084	-0.035248	
531	1.000224	-0.000191	-0.262939	0.000191	1.000224	-0.234070	
532	1.000285	-0.000058	-0.329529	0.000058	1.000285	-0.317474	
533	1.000053	-0.000026	-0.099731	0.000026	1.000053	-0.073151	
534	1.000089	-0.000035	-0.136658	0.000035	1.000089	-0.118744	
535	1.000077	-0.000010	-0.130615	0.000010	1.000077	-0.090942	
536	1.000117	0.000001	-0.115845	-0.000001	1.000117	-0.098541	
537	1.000038	-0.000000	-0.028320	0.000000	1.000038	-0.034515	
538	1.000072	-0.000027	-0.075500	0.000027	1.000072	-0.062469	
539	1.000311	-0.000024	-0.334534	0.000024	1.000311	-0.197937	
540	1.000389	0.000004	-0.326599	-0.000004	1.000389	-0.235840	
541	0.999969	-0.000005	-0.004883	0.000005	0.999969	0.000336	
542	1.000493	0.000039	-0.468872	-0.000039	1.000493	-0.250946	
543	1.000017	0.000023	-0.039612	-0.000023	1.000017	-0.033661	
544	1.000213	-0.000024	-0.183777	0.000024	1.000213	-0.158844	
545	0.999912	0.000006	0.093811	-0.000006	0.999912	0.072845	
546	1.000354	-0.000031	-0.258972	0.000031	1.000354	-0.243652	
547	1.000171	0.000031	-0.162048	-0.000031	1.000171	-0.073456	
548	0.999944	0.000021	0.070923	-0.000021	0.999944	0.035767	
549	0.999969	-0.000579	-0.060120	0.000579	0.999969	-0.172852	
550	0.999900	-0.000053	0.048340	0.000053	0.999900	-0.025452	
551	1.000025	-0.000009	-0.079590	0.000009	1.000025	-0.076630	
552	1.000094	0.000017	-0.048401	-0.000017	1.000094	-0.058441	
553	0.999881	0.000039	0.092834	-0.000039	0.999881	0.041779	
554	1.000049	0.000067	0.035889	-0.000067	1.000049	0.002411	
555	1.000012	0.000036	0.002502	-0.000036	1.000012	-0.026794	
556	1.000107	0.000026	-0.047058	-0.000026	1.000107	-0.102264	
557	1.000087	0.000021	-0.030334	-0.000021	1.000087	-0.034271	
558	1.000144	-0.000021	-0.198486	0.000021	1.000144	-0.082764	
559	1.000076	-0.000013	-0.095703	0.000013	1.000076	-0.065186	
560	1.000118	-0.000037	-0.158508	0.000037	1.000118	-0.077209	
561	1.000236	-0.000040	-0.301331	0.000040	1.000236	-0.213135	
562	1.000114	0.000019	-0.131042	-0.000019	1.000114	-0.081940	
563	1.000107	-0.000029	-0.192017	0.000029	1.000107	-0.162811	
564	1.000065	0.000024	-0.031738	-0.000024	1.000065	-0.031921	
565	1.000077	0.000001	-0.043457	-0.000001	1.000077	-0.052551	
566	1.000142	0.000024	-0.042053	-0.000024	1.000142	-0.109344	
567	1.000074	-0.000003	-0.042664	0.000003	1.000074	-0.065704	
568	1.000138	-0.000029	-0.153198	0.000029	1.000138	-0.126709	
569	1.000058	-0.000025	-0.067078	0.000025	1.000058	-0.067200	
570	1.000088	0.000012	-0.082764	-0.000012	1.000088	-0.052246	
571	1.000050	0.000020	-0.037903	-0.000020	1.000050	-0.010345	
572	1.000442	0.000014	-0.392822	-0.000014	1.000442	-0.310028	
573	1.000030	0.000057	0.009155	-0.000057	1.000030	-0.020630	
574	1.000056	-0.000044	-0.092590	0.000044	1.000056	-0.067017	
575	1.000033	0.000031	0.009399	-0.000031	1.000033	0.002869	
576	1.000315	0.000034	-0.242371	-0.000034	1.000315	-0.228119	
577	1.000057	0.000006	-0.029907	-0.000006	1.000057	-0.075012	
578	1.000053	0.000017	-0.044739	-0.000017	1.000053	-0.030518	
579	1.000034	0.000004	-0.022217	-0.000004	1.000034	-0.020691	
580	1.000104	-0.000022	-0.175720	0.000022	1.000104	-0.099701	
581	1.000115	-0.000014	-0.169495	0.000014	1.000115	-0.054169	
582	1.000472	0.000089	-0.757935	-0.000089	1.000472	-0.009979	
583	1.000048	-0.000004	-0.054932	0.000004	1.000048	-0.035065	
584	1.000017	-0.000016	-0.023010	0.000016	1.000017	-0.025909	
585	1.000082	0.000012	-0.060425	-0.000012	1.000082	-0.047241	
586	1.000033	0.000008	0.013367	-0.000008	1.000033	-0.084686	
587	1.000230	0.000015	-0.156738	-0.000015	1.000230	-0.126190	
588	1.000091	-0.000011	-0.104431	0.000011	1.000091	-0.107697	
589	1.000361	0.000029	-0.349304	-0.000029	1.000361	-0.239716	
590	1.000401	0.000238	-0.273712	-0.000238	1.000401	-0.080505	
591	1.000252	-0.000007	-0.289917	0.000007	1.000252	-0.139038	
592	1.000012	-0.000005	0.002502	0.000005	1.000012	-0.027985	
593	1.000066	-0.000020	-0.072449	0.000020	1.000066	-0.086060	
594	1.000347	-0.000009	-0.327332	0.000009	1.000347	-0.217224	
595	1.000215	-0.000042	-0.219299	0.000042	1.000215	-0.191132	
596	1.001076	-0.000550	-1.574951	0.000550	1.001076	-1.428467	
597	1.000062	-0.000011	-0.075867	0.000011	1.000062	-0.022400	
598	0.999935	0.000020	0.039429	-0.000020	0.999935	0.068054	
599	1.000202	0.000003	-0.225525	-0.000003	1.000202	-0.074921	
600	1.000026	0.000028	-0.057068	-0.000028	1.000026	-0.009460	
601	1.000047	-0.000037	-0.085510	0.000037	1.000047	-0.023010	
602	1.000076	0.000010	-0.136169	-0.000010	1.000076	-0.021637	
603	1.000043	0.000026	0.276855	-0.000026	1.000043	-0.122620	
604	1.000023	-0.000054	-0.439636	0.000054	1.000023	-0.062561	
605	1.000035	0.000028	-0.023865	-0.000028	1.000035	0.011383	
606	1.000076	-0.000015	-0.035767	0.000015	1.000076	-0.086090	
607	1.000168	0.000006	-0.104370	-0.000006	1.000168	-0.142181	
608	0.999866	0.000046	0.034149	-0.000046	0.999866	-0.016754	
609	1.000062	-0.000026	-0.071655	0.000026	1.000062	-0.086609	
610	1.000050	-0.000009	-0.043701	0.000009	1.000050	-0.047546	
611	1.000152	0.000002	-0.127991	-0.000002	1.000152	-0.127594	
612	1.000152	0.000002	-0.127991	-0.000002	1.000152	-0.127594	
613	1.000128	0.000004	-0.075989	-0.000004	1.000128	-0.056946	
614	1.000049	-0.000008	-0.043884	0.000008	1.000049	-0.081360	
615	1.000005	0.000005	0.026306	-0.000005	1.000005	-0.019196	
616	1.000117	-0.000008	-0.157227	0.000008	1.000117	-0.134247	
617	1.000162	0.000030	-0.174194	-0.000030	1.000162	-0.131927	
618	1.000074	-0.000032	-0.156067	0.000032	1.000074	-0.115295	
619	1.000036	-0.000004	-0.063049	0.000004	1.000036	-0.052429	
620	1.000114	0.000030	-0.132385	-0.000030	1.000114	-0.112244	
621	1.000152	0.000034	-0.141235	-0.000034	1.000152	-0.118378	
622	1.000152	0.000034	-0.141235	-0.000034	1.000152	-0.118378	
623	1.000132	-0.000052	-0.182983	0.000052	1.000132	-0.102631	
624	1.000122	-0.000021	-0.166809	0.000021	1.000122	-0.053711	
625	1.000186	0.000007	-0.101929	-0.000007	1.000186	-0.099976	
626	1.000198	-0.000018	-0.215149	0.000018	1.000198	-0.100525	
627	1.000235	0.000065	-0.215210	-0.000065	1.000235	-0.060242	
628	1.000113	0.000043	-0.138733	-0.000043	1.000113	-0.022644	
629	1.000132	0.000017	-0.139038	-0.000017	1.000132	-0.072693	
630	1.000114	0.000025	-0.098938	-0.000025	1.000114	-0.049133	
631	1.000106	0.000041	-0.171387	-0.000041	1.000106	-0.011688	
632	1.000066	-0.000006	-0.060669	0.000006	1.000066	-0.091339	
633	1.000233	-0.000081	-0.177917	0.000081	1.000233	-0.325226	
634	1.000198	-0.000015	-0.109375	0.000015	1.000198	-0.156952	
635	0.999902	-0.000020	0.049438	0.000020	0.999902	-0.060486	
636	1.000018	0.000000	-0.048401	-0.000000	1.000018	-0.056732	
637	0.999510	0.000018	0.423035	-0.000018	0.999510	0.214783	
638	1.000084	-0.000058	-0.044006	0.000058	1.000084	-0.145416	
639	1.000033	0.000026	0.005371	-0.000026	1.000033	-0.005981	
640	1.000100	0.000050	-0.055298	-0.000050	1.000100	-0.021637	
641	1.000029	0.000060	0.010193	-0.000060	1.000029	0.014709	
642	1.000219	0.000008	-0.186279	-0.000008	1.000219	-0.165466	
643	1.000115	0.000043	-0.068359	-0.000043	1.000115	-0.057556	
644	1.000070	0.000023	-0.072510	-0.000023	1.000070	-0.041443	
645	1.000045	0.000022	-0.027100	-0.000022	1.000045	-0.019958	
646	1.000164	0.000056	-0.116455	-0.000056	1.000164	-0.026978	
647	1.000161	0.000013	-0.169678	-0.000013	1.000161	-0.092285	
648	1.000066	0.000018	-0.068420	-0.000018	1.000066	0.014679	
649	1.000119	0.000046	-0.080139	-0.000046	1.000119	-0.029724	
650	1.000113	0.000002	-0.096436	-0.000002	1.000113	-0.035614	
651	1.000189	-0.000006	-0.187866	0.000006	1.000189	-0.111938	
652	1.000535	-0.000028	-0.448730	0.000028	1.000535	-0.373413	
653	1.000256	-0.000010	-0.226257	0.000010	1.000256	-0.143799	
654	1.000085	0.000005	-0.094788	-0.000005	1.000085	-0.032196	
655	1.000065	-0.000017	-0.076111	0.000017	1.000065	-0.040833	
656	1.000130	0.000008	-0.135498	-0.000008	1.000130	-0.127686	
657	1.000278	0.000032	-0.275391	-0.000032	1.000278	-0.181824	
658	1.000063	-0.000005	-0.083740	0.000005	1.000063	-0.064636	
659	1.000204	-0.000008	-0.261719	0.000008	1.000204	-0.126648	
660	1.000052	-0.000020	-0.087036	0.000020	1.000052	-0.078339	
661	1.000062	-0.000015	-0.085632	0.000015	1.000062	-0.050964	
662	1.000164	-0.000023	-0.142090	0.000023	1.000164	-0.149445	
663	1.000055	-0.000016	-0.018433	0.000016	1.000055	-0.117218	
664	1.000069	0.000009	-0.028259	-0.000009	1.000069	-0.100220	
665	1.000017	-0.000044	-0.008545	0.000044	1.000017	-0.068970	
666	1.000088	-0.000058	-0.096985	0.000058	1.000088	-0.150391	
667	1.000146	-0.000010	-0.132202	0.000010	1.000146	-0.157349	
668	1.000058	0.000071	-0.025146	-0.000071	1.000058	0.024109	
669	1.000129	0.000007	-0.135986	-0.000007	1.000129	-0.106049	
670	1.000126	0.000035	-0.120544	-0.000035	1.000126	-0.079468	
671	1.000096	0.000020	-0.078430	-0.000020	1.000096	-0.036377	
672	0.999440	-0.000785	0.172943	0.000785	0.999440	-0.105835	
673	1.000132	0.000010	-0.065125	-0.000010	1.000132	-0.078979	
674	1.000134	0.000050	-0.000671	-0.000050	1.000134	-0.079590	
675	1.000115	0.000025	-0.028748	-0.000025	1.000115	-0.038971	
676	0.999948	0.000042	-0.220459	-0.000042	0.999948	-0.010162	
677	1.000158	-0.000039	-0.066345	0.000039	1.000158	-0.203156	
678	1.000136	-0.000047	-0.188110	0.000047	1.000136	-0.149048	
679	1.000280	-0.000006	-0.330139	0.000006	1.000280	-0.160645	
680	1.000106	0.000004	-0.114258	-0.000004	1.000106	-0.062622	
681	1.000089	0.000063	0.026489	-0.000063	1.000089	-0.007782	
682	1.000019	0.000036	-0.004944	-0.000036	1.000019	-0.019684	
683	0.999724	-0.001126	0.187286	0.001126	0.999724	-0.196701	
684	1.000201	-0.000001	-0.246521	0.000001	1.000201	-0.115448	
685	1.000218	0.000015	-0.192566	-0.000015	1.000218	-0.129578	
686	1.000072	0.000009	-0.100342	-0.000009	1.000072	-0.036469	
687	1.000287	-0.000027	-0.319458	0.000027	1.000287	-0.210358	
688	1.000040	0.000013	-0.040344	-0.000013	1.000040	-0.075653	
689	1.000103	-0.000014	-0.088257	0.000014	1.000103	-0.072052	
690	1.000011	0.000045	0.052795	-0.000045	1.000011	0.050720	
691	1.000104	0.000035	-0.061340	-0.000035	1.000104	-0.009064	
692	1.000265	0.000037	-0.251282	-0.000037	1.000265	-0.189056	
693	1.000051	0.000034	0.004150	-0.000034	1.000051	0.020935	
694	1.000161	0.000063	-0.091248	-0.000063	1.000161	-0.039307	
695	0.999868	0.000025	0.158386	-0.000025	0.999868	0.009094	
696	1.000249	0.000028	-0.204712	-0.000028	1.000249	-0.160156	
697	1.000130	0.000050	-0.138000	-0.000050	1.000130	-0.020264	
698	1.000088	0.000039	-0.036255	-0.000039	1.000088	-0.045746	
699	1.000354	0.000032	-0.277344	-0.000032	1.000354	-0.169617	
700	1.000021	0.000012	-0.046387	-0.000012	1.000021	-0.032440	
701	1.000036	0.000013	-0.053406	-0.000013	1.000036	0.013824	
702	1.000178	-0.000019	-0.162231	0.000019	1.000178	-0.132019	
703	1.000073	-0.000010	-0.106079	0.000010	1.000073	-0.070068	
704	1.000037	-0.000064	-0.052856	0.000064	1.000037	-0.072693	
705	0.999918	-0.000040	0.007385	0.000040	0.999918	-0.044952	
706	1.000158	-0.000075	-0.182068	0.000075	1.000158	-0.117279	
707	1.000014	-0.000042	-0.028503	0.000042	1.000014	-0.064789	
708	1.000309	0.000010	-0.362549	-0.000010	1.000309	-0.203705	
709	1.000152	-0.000023	-0.243652	0.000023	1.000152	-0.096405	
710	1.000182	-0.000156	0.032776	0.000156	1.000182	-0.341064	
711	1.000320	-0.000027	-0.396362	0.000027	1.000320	-0.188965	
712	1.000088	0.000036	-0.074585	-0.000036	1.000088	0.011353	
713	1.000179	0.000024	-0.196167	-0.000024	1.000179	-0.137207	
714	1.000167	-0.000008	-0.179626	0.000008	1.000167	-0.098633	
715	0.999841	-0.000034	0.110718	0.000034	0.999841	0.037262	
716	1.000303	-0.000068	-0.439697	0.000068	1.000303	-0.178802	
717	1.000160	-0.000013	-0.153259	0.000013	1.000160	-0.103882	
718	1.000278	0.000058	-0.259155	-0.000058	1.000278	-0.154938	
719	1.000209	0.000047	-0.166687	-0.000047	1.000209	-0.082947	
720	0.999893	0.000004	0.088623	-0.000004	0.999893	-0.010071	
721	1.000172	-0.000041	-0.164246	0.000041	1.000172	-0.171509	
722	1.000360	0.000008	-0.294128	-0.000008	1.000360	-0.232330	
723	1.000360	0.000008	-0.294128	-0.000008	1.000360	-0.232330	
724	1.000360	0.000008	-0.294128	-0.000008	1.000360	-0.232330	
725	0.999707	-0.000002	0.246521	0.000002	0.999707	0.139832	
726	1.000307	0.000016	-0.239746	-0.000016	1.000307	-0.141052	
727	0.999976	-0.000011	-0.018738	0.000011	0.999976	-0.070435	
728	0.999819	0.000052	0.184509	-0.000052	0.999819	0.068909	
729	1.000208	0.000083	-0.170837	-0.000083	1.000208	-0.023224	
730	1.000011	0.000025	0.000305	-0.000025	1.000011	0.015594	
731	1.000062	-0.000018	-0.037720	0.000018	1.000062	-0.037231	
732	1.000210	0.000018	-0.220215	-0.000018	1.000210	-0.137695	
733	1.000039	0.000016	-0.016846	-0.000016	1.000039	-0.009644	
734	1.000068	0.000009	-0.064514	-0.000009	1.000068	-0.027954	
735	1.000027	-0.000028	-0.050415	0.000028	1.000027	-0.049072	
736	1.000219	-0.000046	-0.254883	0.000046	1.000219	-0.211945	
737	0.998200	-0.000704	0.489288	0.000704	0.998200	0.414337	
738	0.998200	-0.000704	0.489288	0.000704	0.998200	0.414337	
739	1.000170	-0.000063	-0.159790	0.000063	1.000170	-0.109100	
740	0.999999	-0.000063	0.004578	0.000063	0.999999	-0.021423	
741	1.000211	-0.000017	-0.203796	0.000017	1.000211	-0.111908	
742	1.000288	0.000033	-0.336426	-0.000033	1.000288	-0.106812	
743	1.000085	0.000092	-0.011597	-0.000092	1.000085	0.023041	
744	1.000152	0.000054	-0.126526	-0.000054	1.000152	-0.033539	
745	1.000077	-0.000001	-0.083252	0.000001	1.000077	-0.053436	
746	1.000271	-0.000008	-0.221741	0.000008	1.000271	-0.199799	
747	1.000271	-0.000008	-0.221741	0.000008	1.000271	-0.199799	
748	1.000373	0.000036	-0.301147	-0.000036	1.000373	-0.203918	
749	1.000138	-0.000043	-0.178406	0.000043	1.000138	-0.094818	
750	1.000070	0.000026	-0.081604	-0.000026	1.000070	-0.019775	
751	1.000127	0.000048	-0.073730	-0.000048	1.000127	-0.032410	
752	1.000103	0.000048	-0.046204	-0.000048	1.000103	0.016022	
753	1.000223	-0.000008	-0.206482	0.000008	1.000223	-0.141022	
754	1.000117	0.000085	-0.027161	-0.000085	1.000117	0.035339	
755	1.000040	0.000049	-0.023254	-0.000049	1.000040	0.003235	
756	1.000386	0.000082	-0.318420	-0.000082	1.000386	-0.161774	
757	0.999995	0.000021	0.023987	-0.000021	0.999995	-0.052124	
758	0.999995	0.000021	0.023987	-0.000021	0.999995	-0.052124	
759	1.000141	0.000064	-0.145447	-0.000064	1.000141	-0.083252	
760	0.999506	-0.000091	0.732910	0.000091	0.999506	0.513062	
761	1.000072	-0.000063	-0.035461	0.000063	1.000072	-0.071442	
762	1.000023	-0.000036	-0.004822	0.000036	1.000023	-0.028442	
763	1.000504	-0.000036	-0.467224	0.000036	1.000504	-0.356445	
764	1.000262	-0.000049	-0.249573	0.000049	1.000262	-0.161652	
765	0.999873	0.000011	0.120544	-0.000011	0.999873	0.069580	
766	1.000195	-0.000057	-0.170349	0.000057	1.000195	-0.141724	
767	1.000003	-0.000036	-0.048279	0.000036	1.000003	-0.062805	
768	1.000059	0.000011	-0.096191	-0.000011	1.000059	-0.068970	
769	1.000386	0.000013	-0.374451	-0.000013	1.000386	-0.234467	
770	1.000020	-0.000019	-0.047791	0.000019	1.000020	-0.057465	
771	1.000041	-0.000026	-0.074890	0.000026	1.000041	-0.102386	
772	0.999702	-0.000008	0.200195	0.000008	0.999702	0.074066	
773	0.999962	-0.000029	0.012634	0.000029	0.999962	-0.051453	
774	1.000329	-0.000038	-0.297729	0.000038	1.000329	-0.209564	
775	0.999959	0.000009	0.008179	-0.000009	0.999959	0.005981	
776	0.999974	-0.000026	0.003235	0.000026	0.999974	-0.011139	
777	1.000056	-0.000010	-0.097351	0.000010	1.000056	-0.039032	
778	1.000250	-0.000028	-0.300781	0.000028	1.000250	-0.176422	
779	1.000164	-0.000064	-0.231567	0.000064	1.000164	-0.143799	
780	0.999825	-0.000051	0.208801	0.000051	0.999825	-0.012329	
781	1.000330	0.000506	-0.286560	-0.000506	1.000330	0.030823	
782	1.000270	-0.000244	-0.009766	0.000244	1.000270	-0.163300	
783	1.000202	-0.000009	-0.139099	0.000009	1.000202	-0.157196	
784	1.000138	-0.000012	-0.190552	0.000012	1.000138	-0.086975	
785	1.000186	-0.000005	-0.179932	0.000005	1.000186	-0.129547	
786	1.000191	0.000001	-0.189331	-0.000001	1.000191	-0.054535	
787	0.999925	-0.000002	0.016113	0.000002	0.999925	0.039154	
788	1.000162	-0.000082	-0.307922	0.000082	1.000162	-0.170807	
789	1.001104	-0.001059	-1.063843	0.001059	1.001104	-2.525391	
790	0.999809	0.000020	0.108215	-0.000020	0.999809	0.067322	
791	1.000131	-0.000007	-0.141907	0.000007	1.000131	-0.087524	
792	0.999948	-0.000031	0.065491	0.000031	0.999948	-0.006836	
793	1.000220	-0.000015	-0.152283	0.000015	1.000220	-0.131561	
794	1.000130	0.000024	-0.048706	-0.000024	1.000130	-0.057190	
795	0.999987	0.000010	0.003723	-0.000010	0.999987	-0.081757	
796	1.000039	0.000011	-0.050049	-0.000011	1.000039	-0.033722	
797	1.000083	-0.000013	-0.039978	0.000013	1.000083	-0.046967	
798	1.000384	0.000001	-0.265747	-0.000001	1.000384	-0.249329	
799	1.000178	0.000033	-0.162537	-0.000033	1.000178	-0.077026	
800	0.999897	0.000019	0.074036	-0.000019	0.999897	0.072906	
801	1.000345	0.000053	-0.334045	-0.000053	1.000345	-0.131439	
802	0.999934	-0.000010	0.035522	0.000010	0.999934	-0.012848	
803	1.000309	-0.000029	-0.295654	0.000029	1.000309	-0.213745	
804	1.000239	-0.000062	-0.207703	0.000062	1.000239	-0.203461	
805	1.000002	-0.000048	-0.067200	0.000048	1.000002	-0.077515	
806	1.000002	-0.000048	-0.067200	0.000048	1.000002	-0.077515	
807	1.000002	-0.000048	-0.067200	0.000048	1.000002	-0.077515	
808	1.000154	-0.000041	-0.183838	0.000041	1.000154	-0.135742	
809	1.000395	-0.000042	-0.325378	0.000042	1.000395	-0.252869	
810	0.999741	-0.000068	0.175110	0.000068	0.999741	0.063690	
811	1.000319	-0.000046	-0.292969	0.000046	1.000319	-0.179993	
812	0.999772	-0.000017	0.219543	0.000017	0.999772	0.068634	
813	1.000150	-0.000009	-0.144775	0.000009	1.000150	-0.129883	
814	1.000159	-0.000036	-0.197998	0.000036	1.000159	-0.108948	
815	0.999937	0.000010	-0.005859	-0.000010	0.999937	0.049713	
816	1.000130	-0.000114	-0.179871	0.000114	1.000130	-0.165222	
817	0.999943	-0.000051	0.102295	0.000051	0.999943	-0.189484	
818	1.000092	0.000054	-0.044861	-0.000054	1.000092	-0.000336	
819	1.000204	-0.000032	-0.215149	0.000032	1.000204	-0.064941	
820	0.999073	-0.000385	0.245422	0.000385	0.999073	-0.005005	
821	1.000177	-0.000033	-0.145386	0.000033	1.000177	-0.054413	
822	1.000006	0.000005	-0.047119	-0.000005	1.000006	-0.084167	
823	1.000290	0.000091	-0.198486	-0.000091	1.000290	-0.151184	
824	0.999807	0.000508	0.305908	-0.000508	0.999807	0.842407	
825	1.000018	-0.000027	-0.077271	0.000027	1.000018	-0.024994	
826	1.000276	-0.000040	-0.331604	0.000040	1.000276	-0.130707	
827	1.000105	0.000017	-0.101135	-0.000017	1.000105	-0.066742	
828	1.000006	0.000042	0.018982	-0.000042	1.000006	-0.024536	
829	1.000193	-0.000002	-0.224182	0.000002	1.000193	-0.112762	
830	1.000122	0.000020	-0.135498	-0.000020	1.000122	-0.048889	
831	1.000116	-0.000010	-0.057678	0.000010	1.000116	-0.094482	
832	1.000088	-0.000017	-0.054565	0.000017	1.000088	-0.078796	
833	1.000088	-0.000017	-0.054565	0.000017	1.000088	-0.078796	
834	1.000121	-0.000023	-0.151306	0.000023	1.000121	-0.143341	
835	1.000085	-0.000014	-0.126099	0.000014	1.000085	-0.084686	
836	0.999039	-0.002032	0.629578	0.002032	0.999039	-0.378418	
837	1.000180	-0.000051	-0.157837	0.000051	1.000180	-0.118622	
838	0.998582	0.000605	-0.080322	-0.000605	0.998582	0.274506	
839	1.000390	0.000010	-0.318604	-0.000010	1.000390	-0.205780	
840	1.000024	0.000019	-0.010620	-0.000019	1.000024	-0.029358	
841	1.000115	0.000007	-0.090210	-0.000007	1.000115	-0.016388	
842	1.000065	-0.000007	-0.105225	0.000007	1.000065	-0.056366	
843	1.000148	-0.000021	-0.188171	0.000021	1.000148	-0.138611	
844	1.000045	0.000002	-0.044250	-0.000002	1.000045	-0.040161	
845	1.000042	-0.000010	-0.044556	0.000010	1.000042	-0.066101	
846	1.000065	-0.000026	-0.096802	0.000026	1.000065	-0.097107	
847	0.999972	0.000040	0.058044	-0.000040	0.999972	0.068329	
848	1.000275	-0.000039	-0.259460	0.000039	1.000275	-0.184570	
849	1.000017	-0.000018	-0.022095	0.000018	1.000017	-0.069397	
850	1.000040	-0.000002	-0.042908	0.000002	1.000040	-0.060730	
851	1.000032	0.000033	-0.033081	-0.000033	1.000032	-0.073425	
852	0.999955	0.000037	0.002380	-0.000037	0.999955	0.020508	
853	0.999955	0.000037	0.002380	-0.000037	0.999955	0.020508	
854	1.000046	0.000009	-0.021606	-0.000009	1.000046	-0.003052	
855	1.000224	0.000029	-0.155518	-0.000029	1.000224	-0.088135	
856	1.000249	-0.000053	-0.259094	0.000053	1.000249	-0.216553	
857	1.000218	-0.000074	-0.230225	0.000074	1.000218	-0.222473	
858	1.000051	-0.000017	-0.077026	0.000017	1.000051	-0.081299	
859	1.000051	-0.000017	-0.077026	0.000017	1.000051	-0.081299	
860	1.000140	0.000032	-0.092407	-0.000032	1.000140	-0.022095	
861	1.000547	0.000470	-0.948120	-0.000470	1.000547	0.639069	
862	0.999980	0.000048	0.020874	-0.000048	0.999980	0.064240	
863	1.000935	-0.000478	-1.195557	0.000478	1.000935	-1.270050	
864	1.000226	-0.000020	-0.196594	0.000020	1.000226	-0.173706	
865	1.000074	0.000068	-0.131287	-0.000068	1.000074	-0.022827	
866	1.000139	0.000020	-0.151367	-0.000020	1.000139	-0.019348	
867	1.000037	0.000058	-0.115479	-0.000058	1.000037	0.177643	
868	1.000311	0.000199	-0.456421	-0.000199	1.000311	0.243195	
869	1.000167	0.000021	-0.201965	-0.000021	1.000167	0.002502	
870	1.000037	-0.000018	-0.011292	0.000018	1.000037	-0.076447	
871	1.000081	0.000024	-0.044556	-0.000024	1.000081	0.018524	
872	1.000002	-0.000020	-0.055420	0.000020	1.000002	-0.103516	
873	1.000326	-0.000098	-0.135498	0.000098	1.000326	-0.173935	
874	1.000041	-0.000002	-0.258606	0.000002	1.000041	-0.036133	
875	1.000051	0.000093	0.046936	-0.000093	1.000051	0.038513	
876	1.000084	0.000046	-0.022400	-0.000046	1.000084	0.037933	
877	1.000084	0.000046	-0.022400	-0.000046	1.000084	0.037933	
878	1.000329	0.000031	-0.230896	-0.000031	1.000329	-0.167786	
879	1.000244	0.000082	-0.259399	-0.000082	1.000244	-0.045898	
880	1.000065	0.000036	-0.091919	-0.000036	1.000065	0.038971	
881	1.000413	0.000015	-0.265564	-0.000015	1.000413	-0.169159	
882	0.999937	0.000052	0.034058	-0.000052	0.999937	0.135345	
883	1.000122	0.000004	-0.121826	-0.000004	1.000122	-0.071167	
884	1.000056	0.000012	-0.061890	-0.000012	1.000056	-0.029053	
885	0.999922	-0.000015	0.066101	0.000015	0.999922	-0.010651	
886	1.000147	0.000006	-0.114685	-0.000006	1.000147	-0.109100	
887	0.999897	0.000023	0.111328	-0.000023	0.999897	0.022766	
888	1.000061	0.000036	-0.051636	-0.000036	1.000061	-0.029266	
889	1.000058	-0.000007	-0.038391	0.000007	1.000058	-0.023834	
890	1.000161	-0.000013	-0.149414	0.000013	1.000161	-0.074188	
891	1.000120	-0.000007	-0.135376	0.000007	1.000120	-0.058990	
892	1.000007	-0.000023	-0.022522	0.000023	1.000007	-0.019470	
893	1.000292	0.000024	-0.252991	-0.000024	1.000292	-0.140045	
894	1.000292	0.000024	-0.252991	-0.000024	1.000292	-0.140045	
895	1.000157	-0.000007	-0.108765	0.000007	1.000157	-0.133331	
896	1.000130	0.000014	-0.112366	-0.000014	1.000130	-0.059692	
897	1.000078	0.000122	0.051086	-0.000122	1.000078	0.073212	
898	1.000224	0.000026	-0.241272	-0.000026	1.000224	-0.099030	
899	1.000161	-0.000011	-0.180115	0.000011	1.000161	-0.128967	
900	0.999980	-0.000024	0.047852	0.000024	0.999980	-0.029846	
901	0.999980	-0.000024	0.047852	0.000024	0.999980	-0.029846	
902	1.000050	0.000041	-0.092407	-0.000041	1.000050	0.012726	
903	1.000156	0.000094	-0.191284	-0.000094	1.000156	-0.032196	
904	1.000157	-0.000007	-0.232117	0.000007	1.000157	-0.087189	
905	0.999786	-0.000023	0.209473	0.000023	0.999786	0.009308	
906	1.000307	0.000234	-0.205811	-0.000234	1.000307	-0.038452	
907	0.999888	0.000015	0.115051	-0.000015	0.999888	-0.037506	
908	0.999933	-0.000611	0.372192	0.000611	0.999933	-1.059204	
909	1.000450	-0.000001	-0.277100	0.000001	1.000450	-0.217438	
910	1.000013	0.000000	0.037476	-0.000000	1.000013	-0.005310	
911	0.999589	0.000882	0.189636	-0.000882	0.999589	0.573120	
912	0.999923	-0.000052	0.043152	0.000052	0.999923	-0.016571	
913	1.000083	-0.000088	-0.068970	0.000088	1.000083	-0.083282	
914	1.000137	-0.000021	-0.198608	0.000021	1.000137	-0.092987	
915	1.000057	-0.000029	-0.048157	0.000029	1.000057	-0.058746	
916	1.000087	-0.000002	-0.058838	0.000002	1.000087	-0.030731	
917	0.999962	-0.000001	0.021118	0.000001	0.999962	0.027740	
918	1.000164	-0.000013	-0.128601	0.000013	1.000164	-0.014832	
919	1.000244	-0.000033	-0.209290	0.000033	1.000244	-0.187683	
920	1.000072	-0.000025	-0.071167	0.000025	1.000072	-0.085480	
921	1.000059	0.000020	-0.035217	-0.000020	1.000059	-0.022552	
922	1.000099	0.000008	-0.103516	-0.000008	1.000099	-0.067627	
923	1.000040	0.000016	0.001770	-0.000016	1.000040	0.004669	
924	1.000040	0.000016	0.001770	-0.000016	1.000040	0.004669	
925	0.999937	0.000030	0.199585	-0.000030	0.999937	0.033600	
926	1.000517	0.000006	-0.206421	-0.000006	1.000517	-0.155853	
927	1.000067	0.000020	-0.064514	-0.000020	1.000067	0.000610	
928	1.000067	0.000020	-0.064514	-0.000020	1.000067	0.000610	
929	1.000190	0.000062	-0.272583	-0.000062	1.000190	-0.127716	
930	1.000015	-0.000038	-0.017029	0.000038	1.000015	-0.057800	
931	1.000042	-0.000032	-0.059082	0.000032	1.000042	-0.020386	
932	1.000042	-0.000032	-0.059082	0.000032	1.000042	-0.020386	
933	1.000132	-0.000034	-0.114197	0.000034	1.000132	-0.072968	
934	1.000212	0.000010	-0.244263	-0.000010	1.000212	-0.141693	
935	0.999913	0.000044	0.135803	-0.000044	0.999913	0.035339	
936	0.999913	0.000044	0.135803	-0.000044	0.999913	0.035339	
937	1.000011	0.000007	0.039001	-0.000007	1.000011	-0.022430	
938	1.000090	0.000009	-0.119385	-0.000009	1.000090	-0.087372	
939	1.000132	0.000000	-0.150513	-0.000000	1.000132	-0.135376	
940	1.000004	0.000011	0.035400	-0.000011	1.000004	-0.019196	
941	1.000085	0.000052	-0.010681	-0.000052	1.000085	0.018799	
942	1.000063	0.000004	-0.054932	-0.000004	1.000063	-0.029724	
943	1.000036	-0.000011	-0.028137	0.000011	1.000036	-0.021790	
944	1.000252	-0.000037	-0.370300	0.000037	1.000252	-0.158813	
945	1.000118	0.000015	-0.074585	-0.000015	1.000118	-0.069611	
946	1.000187	0.000030	-0.113708	-0.000030	1.000187	-0.071045	
947	0.999997	0.000020	-0.001831	-0.000020	0.999997	-0.005737	
948	1.000071	-0.000004	-0.017456	0.000004	1.000071	-0.024017	
949	1.000026	0.000023	-0.104492	-0.000023	1.000026	-0.045288	
950	0.999978	-0.000018	0.008911	0.000018	0.999978	-0.036499	
951	1.000089	0.000029	-0.101990	-0.000029	1.000089	-0.053467	
952	0.999940	0.000009	0.078430	-0.000009	0.999940	0.008575	
953	1.000210	0.000029	-0.225098	-0.000029	1.000210	-0.119385	
954	1.000376	-0.000016	-0.329712	0.000016	1.000376	-0.250031	
955	1.000054	-0.000008	-0.024963	0.000008	1.000054	-0.028564	
956	1.000260	0.000013	-0.234924	-0.000013	1.000260	-0.095642	
957	0.999980	-0.000020	0.023376	0.000020	0.999980	-0.013855	
958	1.000192	-0.000020	-0.217651	0.000020	1.000192	-0.121704	
959	1.000112	-0.000003	-0.090881	0.000003	1.000112	-0.075623	
960	1.000061	0.000023	-0.042908	-0.000023	1.000061	-0.022339	
961	1.000094	-0.000017	-0.145081	0.000017	1.000094	-0.114044	
962	1.000075	-0.000018	-0.126648	0.000018	1.000075	-0.070068	
963	1.000158	-0.000024	-0.112915	0.000024	1.000158	-0.124512	
964	1.000217	-0.000022	-0.215515	0.000022	1.000217	-0.109467	
965	0.999607	0.000303	0.414307	-0.000303	0.999607	0.359985	
966	1.000052	0.000052	-0.074524	-0.000052	1.000052	-0.013397	
967	1.000007	0.000006	-0.036499	-0.000006	1.000007	-0.015778	
968	0.999988	0.000044	0.047058	-0.000044	0.999988	0.010101	
969	1.000064	0.000022	-0.005066	-0.000022	1.000064	-0.017853	
970	1.000065	0.000006	-0.036499	-0.000006	1.000065	0.001343	
971	1.000007	0.000009	0.002136	-0.000009	1.000007	-0.066711	
972	0.999971	0.000014	0.034729	-0.000014	0.999971	-0.055908	
973	0.999961	-0.000010	0.004822	0.000010	0.999961	-0.081207	
974	1.000189	-0.000030	-0.182495	0.000030	1.000189	-0.165771	
975	1.000125	0.000020	-0.108154	-0.000020	1.000125	-0.061035	
976	1.000260	0.000013	-0.250916	-0.000013	1.000260	-0.070099	
977	1.000279	0.000071	-0.239685	-0.000071	1.000279	-0.038513	
978	1.000116	0.000013	-0.098694	-0.000013	1.000116	-0.036957	
979	1.000224	0.000030	-0.205505	-0.000030	1.000224	0.018585	
980	1.000095	-0.000014	-0.073730	0.000014	1.000095	0.007263	
981	1.000109	-0.000098	-0.160706	0.000098	1.000109	-0.145721	
982	0.999977	-0.000029	-0.000916	0.000029	0.999977	-0.070465	
983	1.000177	-0.000083	-0.167175	0.000083	1.000177	-0.213989	
984	1.000229	-0.000049	-0.271240	0.000049	1.000229	-0.231476	
985	0.999564	0.000426	-0.180573	-0.000426	0.999564	0.115082	
986	1.000224	-0.000087	-0.328003	0.000087	1.000224	-0.177246	
987	1.000198	-0.000132	-0.281982	0.000132	1.000198	-0.228516	
988	1.000209	0.000015	-0.185425	-0.000015	1.000209	-0.048553	
989	1.000209	0.000015	-0.185425	-0.000015	1.000209	-0.048553	
990	0.999885	-0.000017	0.028412	0.000017	0.999885	-0.024139	
991	1.000259	0.000049	-0.182007	-0.000049	1.000259	-0.028381	
992	0.999948	0.000049	0.091797	-0.000049	0.999948	0.102203	
993	1.000417	-0.000007	-0.439270	0.000007	1.000417	-0.241974	
994	1.000049	-0.000028	-0.086426	0.000028	1.000049	-0.154816	
995	0.999886	-0.000014	0.076965	0.000014	0.999886	0.013397	
996	1.000333	-0.000010	-0.394897	0.000010	1.000333	-0.189392	
997	1.000065	0.000008	-0.052612	-0.000008	1.000065	-0.042297	
998	1.000111	0.000007	-0.091309	-0.000007	1.000111	-0.040222	
999	1.000120	-0.000029	-0.116699	0.000029	1.000120	-0.104156	
1000	0.999956	-0.000203	0.277954	0.000203	0.999956	-0.102966	
1001	1.000174	-0.000022	-0.124573	0.000022	1.000174	-0.124695	
1002	0.999986	-0.000039	-0.018250	0.000039	0.999986	-0.017120	
1003	1.000154	-0.000033	-0.153015	0.000033	1.000154	-0.112854	
1004	1.000309	0.000038	-0.294312	-0.000038	1.000309	-0.082306	
1005	0.999581	0.000183	0.568726	-0.000183	0.999581	0.438477	
1006	1.000150	-0.000005	-0.168945	0.000005	1.000150	-0.103577	
1007	0.999923	0.000026	0.066162	-0.000026	0.999923	0.066254	
1008	1.000265	0.000010	-0.178040	-0.000010	1.000265	-0.116364	
1009	1.000230	0.000004	-0.300049	-0.000004	1.000230	-0.072937	
1010	0.999889	0.000035	0.193604	-0.000035	0.999889	0.084534	
1011	1.000311	0.000017	-0.195801	-0.000017	1.000311	-0.156891	
1012	0.999867	0.000010	0.046753	-0.000010	0.999867	0.102448	
1013	1.000247	-0.000019	-0.177612	0.000019	1.000247	-0.144714	
1014	1.000069	-0.000008	-0.125183	0.000008	1.000069	-0.057953	
1015	0.999760	-0.000012	0.219788	0.000012	0.999760	0.034393	
1016	1.000204	0.000013	-0.199158	-0.000013	1.000204	-0.088837	
1017	1.000204	0.000013	-0.199158	-0.000013	1.000204	-0.088837	
1018	1.000134	0.000202	-0.184662	-0.000202	1.000134	-0.014740	
1019	1.000050	-0.000012	-0.065002	0.000012	1.000050	-0.062134	
1020	0.999624	0.000252	0.125885	-0.000252	0.999624	0.130554	
1021	1.000110	0.000011	-0.125916	-0.000011	1.000110	-0.034119	
1022	0.999949	-0.000000	0.023499	0.000000	0.999949	0.010529	
1023	1.000347	-0.000020	-0.429565	0.000020	1.000347	-0.204834	
1024	1.000135	-0.000031	-0.137878	0.000031	1.000135	-0.114685	
1025	0.999982	0.000015	0.078857	-0.000015	0.999982	0.000793	
1026	1.000179	0.000057	-0.104187	-0.000057	1.000179	-0.017212	
1027	0.999885	0.000036	0.114441	-0.000036	0.999885	0.089264	
1028	1.000404	0.000110	-0.101685	-0.000110	1.000404	-0.086151	
1029	1.000284	-0.000058	-0.762756	0.000058	1.000284	-0.235352	
1030	1.000021	0.000001	0.544373	-0.000001	1.000021	-0.008301	
1031	1.000106	0.000013	-0.288269	-0.000013	1.000106	-0.001709	
1032	0.999894	0.000021	-0.008362	-0.000021	0.999894	0.046906	
1033	1.000112	0.000008	-0.107971	-0.000008	1.000112	-0.064056	
1034	1.000133	-0.000019	-0.121948	0.000019	1.000133	-0.056824	
1035	1.000037	-0.000037	-0.064331	0.000037	1.000037	-0.064148	
1036	1.000135	-0.000023	-0.212036	0.000023	1.000135	-0.091400	
1037	0.999941	-0.000012	-0.030579	0.000012	0.999941	-0.059570	
1038	1.000070	-0.000049	-0.095703	0.000049	1.000070	-0.113129	
1039	1.000070	-0.000049	-0.095703	0.000049	1.000070	-0.113129	
1040	0.999338	-0.001353	0.371185	0.001353	0.999338	-0.199493	
1041	1.000228	0.000010	-0.201599	-0.000010	1.000228	-0.091034	
1042	1.000274	-0.000007	-0.254150	0.000007	1.000274	-0.180511	
1043	0.996475	-0.001841	1.324890	0.001841	0.996475	1.224670	
1044	1.000120	-0.000024	-0.128601	0.000024	1.000120	-0.109711	
1045	1.000082	-0.000017	-0.133545	0.000017	1.000082	-0.101166	
1046	1.000044	-0.000045	-0.082397	0.000045	1.000044	-0.060364	
1047	1.000118	-0.000035	-0.142273	0.000035	1.000118	-0.096527	
1048	1.000264	-0.000023	-0.259583	0.000023	1.000264	-0.185822	
1049	1.000280	-0.000021	-0.335022	0.000021	1.000280	-0.183960	
1050	1.000120	-0.000094	-0.278442	0.000094	1.000120	-0.032654	
1051	1.000040	-0.000011	-0.149109	0.000011	1.000040	0.036346	
1052	1.000017	0.000058	-0.289795	-0.000058	1.000017	0.218353	
1053	1.000100	-0.000005	-0.236755	0.000005	1.000100	0.062744	
1054	1.000281	-0.000043	-0.246338	0.000043	1.000281	-0.091370	
1055	1.000019	-0.000061	0.159790	0.000061	1.000019	0.039093	
1056	1.000200	-0.000033	-0.147522	0.000033	1.000200	-0.075714	
1057	1.000084	0.000022	0.068909	-0.000022	1.000084	0.036011	
1058	1.000124	0.000022	-0.039551	-0.000022	1.000124	0.040192	
1059	1.000111	0.000043	-0.070496	-0.000043	1.000111	0.052612	
1060	0.999939	0.000022	0.138672	-0.000022	0.999939	0.099335	
1061	1.000246	0.000040	-0.151672	-0.000040	1.000246	-0.019409	
1062	1.000072	0.000035	0.031555	-0.000035	1.000072	0.104492	
1063	1.000165	-0.000004	-0.106262	0.000004	1.000165	-0.066956	
1064	1.000118	-0.000006	-0.088867	0.000006	1.000118	-0.034485	
1065	1.000056	0.000038	0.011780	-0.000038	1.000056	0.080627	
1066	1.000253	0.000022	-0.147095	-0.000022	1.000253	-0.063354	
1067	1.000343	0.000031	-0.270020	-0.000031	1.000343	-0.145355	
1068	1.000010	0.000030	0.106079	-0.000030	1.000010	0.074219	
1069	1.001096	0.000518	-0.302673	-0.000518	1.001096	-0.138245	
1070	1.000060	0.000033	-0.010010	-0.000033	1.000060	0.014679	
1071	1.000094	0.000020	0.027832	-0.000020	1.000094	0.034607	
1072	1.000084	0.000009	-0.009705	-0.000009	1.000084	-0.012024	
1073	1.000077	0.000015	0.025024	-0.000015	1.000077	0.037292	
1074	1.000129	0.000015	-0.022156	-0.000015	1.000129	-0.012207	
1075	1.000050	0.000038	-0.010376	-0.000038	1.000050	-0.017883	
1076	1.000275	0.000063	-0.149292	-0.000063	1.000275	-0.096802	
1077	1.000131	0.000050	-0.009949	-0.000050	1.000131	0.001465	
1078	1.000244	0.000068	-0.043091	-0.000068	1.000244	-0.074890	
1079	1.000072	0.000060	0.084229	-0.000060	1.000072	0.007812	
1080	1.000535	-0.000002	-0.407776	0.000002	1.000535	-0.297607	
1081	1.000170	-0.000013	-0.065918	0.000013	1.000170	-0.161804	
1082	1.000041	0.000001	-0.058228	-0.000001	1.000041	-0.052429	
1083	1.000298	-0.000038	-0.140320	0.000038	1.000298	-0.178284	
1084	1.000139	-0.000052	-0.058411	0.000052	1.000139	-0.096863	
1085	1.000101	-0.000110	-0.145020	0.000110	1.000101	-0.145386	
1086	1.000112	-0.000019	0.042847	0.000019	1.000112	-0.064819	
1087	1.000052	-0.000017	-0.113892	0.000017	1.000052	-0.045197	
1088	1.000038	-0.000010	-0.031006	0.000010	1.000038	-0.029999	
1089	1.000513	0.000433	-0.228333	-0.000433	1.000513	0.069000	
1090	1.000660	0.000029	-0.465271	-0.000029	1.000660	-0.211273	
1091	1.000044	0.000027	0.025452	-0.000027	1.000044	-0.065979	
1092	0.999911	-0.000028	0.104187	0.000028	0.999911	-0.092377	
1093	1.000123	-0.000035	-0.104370	0.000035	1.000123	-0.180725	
1094	1.000101	-0.000030	-0.090088	0.000030	1.000101	-0.169128	
1095	1.000156	-0.000092	-0.198425	0.000092	1.000156	-0.236664	
1096	1.000007	-0.000005	-0.068420	0.000005	1.000007	-0.105408	
1097	0.999987	0.000007	-0.063843	-0.000007	0.999987	-0.011353	
1098	1.000050	-0.000010	-0.075562	0.000010	1.000050	-0.076172	
1099	1.000005	0.000011	0.043579	-0.000011	1.000005	-0.094666	
1100	1.000111	0.000023	-0.096069	-0.000023	1.000111	-0.058105	
1101	1.000023	0.000054	-0.010986	-0.000054	1.000023	0.030914	
1102	1.000025	0.002262	-0.373718	-0.002262	1.000025	0.458771	
1103	1.000135	0.000072	-0.124084	-0.000072	1.000135	-0.062469	
1104	1.003011	0.004293	-7.780029	-0.004293	1.003011	0.307007	
1105	0.999948	-0.000020	-0.089355	0.000020	0.999948	-0.027252	
1106	0.999985	-0.000017	0.008301	0.000017	0.999985	-0.009399	
1107	0.999993	-0.000049	-0.045654	0.000049	0.999993	-0.005615	
1108	0.999935	-0.000019	0.101196	0.000019	0.999935	0.026917	
1109	0.999871	0.000013	0.143127	-0.000013	0.999871	0.057465	
1110	1.000172	0.000026	-0.094727	-0.000026	1.000172	-0.054932	
1111	1.000172	0.000026	-0.094727	-0.000026	1.000172	-0.054932	
1112	0.999820	-0.000058	0.216492	0.000058	0.999820	0.019989	
1113	0.999988	-0.000041	0.022644	0.000041	0.999988	0.022736	
1114	0.999919	-0.000050	0.050781	0.000050	0.999919	0.030243	
1115	0.999832	-0.000068	0.148682	0.000068	0.999832	0.041656	
1116	1.000001	-0.000105	-0.120728	0.000105	1.000001	0.017151	
1117	0.999795	-0.000080	0.196777	0.000080	0.999795	0.057495	
1118	1.000001	0.000111	0.019958	-0.000111	1.000001	0.015503	
1119	0.999828	-0.000068	0.107544	0.000068	0.999828	-0.050110	
1120	0.999828	-0.000068	0.107544	0.000068	0.999828	-0.050110	
1121	0.999828	-0.000068	0.107544	0.000068	0.999828	-0.050110	
1122	0.999876	0.000000	0.162476	-0.000000	0.999876	0.049500	
1123	1.000034	-0.000162	-0.086182	0.000162	1.000034	-0.105927	
1124	0.999962	0.000016	0.049683	-0.000016	0.999962	0.037231	
1125	0.999867	0.000011	0.127869	-0.000011	0.999867	0.131073	
1126	0.999944	-0.000005	0.033081	0.000005	0.999944	0.022095	
1127	0.999854	0.000019	0.173401	-0.000019	0.999854	0.108521	
1128	0.999953	0.000009	0.067139	-0.000009	0.999953	0.048187	
1129	0.999956	0.000010	0.001648	-0.000010	0.999956	0.058289	
1130	0.999908	-0.000015	0.050293	0.000015	0.999908	0.016144	
1131	0.999995	0.000003	0.022949	-0.000003	0.999995	-0.013092	
1132	0.999997	0.000028	0.021667	-0.000028	0.999997	0.015228	
1133	1.000006	0.000007	-0.004761	-0.000007	1.000006	-0.001526	
1134	1.000476	0.000253	-0.017700	-0.000253	1.000476	0.059631	
1135	1.000078	0.000024	-0.016602	-0.000024	1.000078	-0.031189	
1136	0.999984	0.000032	0.027832	-0.000032	0.999984	-0.026001	
1137	0.999984	0.000032	0.027832	-0.000032	0.999984	-0.026001	
1138	1.000000	0.000013	0.141968	-0.000013	1.000000	0.062195	
1139	0.999934	0.000059	0.201294	-0.000059	0.999934	0.090057	
1140	0.999896	-0.000004	0.101440	0.000004	0.999896	0.058807	
1141	0.999858	-0.000022	0.174255	0.000022	0.999858	0.041534	
1142	0.999932	0.000005	0.107605	-0.000005	0.999932	0.027679	
1143	0.999956	-0.000013	0.002014	0.000013	0.999956	0.031464	
1144	1.000951	0.000513	-0.305603	-0.000513	1.000951	-0.110016	
1145	0.999900	0.000006	0.173645	-0.000006	0.999900	0.090332	
1146	0.999901	-0.000075	-0.043396	0.000075	0.999901	0.014343	
1147	0.999941	-0.000007	0.002869	0.000007	0.999941	0.036896	
1148	0.999956	0.000046	0.103821	-0.000046	0.999956	0.141479	
1149	0.999792	0.000003	0.256470	-0.000003	0.999792	0.143982	
1150	1.000058	0.000005	0.054504	-0.000005	1.000058	-0.007599	
1151	1.000078	0.000003	-0.034119	-0.000003	1.000078	0.000641	
1152	1.000025	-0.000015	-0.000793	0.000015	1.000025	0.010742	
1153	1.000014	-0.000017	0.003662	0.000017	1.000014	0.007111	
1154	0.999938	-0.000000	0.014282	0.000000	0.999938	0.020264	
1155	0.999938	-0.000000	0.014282	0.000000	0.999938	0.020264	
1156	0.999938	-0.000000	0.014282	0.000000	0.999938	0.020264	
1157	0.999862	0.000024	0.105347	-0.000024	0.999862	0.111389	
1158	1.000114	0.000008	-0.078003	-0.000008	1.000114	-0.037659	
1159	0.999911	-0.000006	0.067627	0.000006	0.999911	0.030609	
1160	0.999565	-0.000054	0.223694	0.000054	0.999565	0.169037	
1161	1.000123	0.000065	0.190552	-0.000065	1.000123	-0.022583	
1162	0.999750	0.000048	0.218567	-0.000048	0.999750	0.149475	
1163	1.000005	-0.000013	-0.062012	0.000013	1.000005	0.033386	
1164	0.999856	-0.000022	0.064575	0.000022	0.999856	0.031586	
1165	0.999856	-0.000022	0.064575	0.000022	0.999856	0.031586	
1166	0.999972	-0.000033	0.118774	0.000033	0.999972	0.006195	
1167	0.999347	0.000503	0.253632	-0.000503	0.999347	0.230286	
1168	1.000050	0.000045	-0.042542	-0.000045	1.000050	0.066132	
1169	0.999945	-0.000008	0.025879	0.000008	0.999945	-0.003296	
1170	0.999858	0.000017	0.149536	-0.000017	0.999858	0.088562	
1171	1.000027	-0.000034	-0.100769	0.000034	1.000027	0.016174	
1172	0.999977	0.000035	-0.032715	-0.000035	0.999977	0.041260	
1173	0.999931	0.000010	0.070129	-0.000010	0.999931	0.103821	
1174	0.999797	0.000020	0.181702	-0.000020	0.999797	0.136993	
1175	0.999975	0.000053	0.023315	-0.000053	0.999975	0.028351	
1176	0.999295	-0.000072	1.375366	0.000072	0.999295	0.113708	
1177	0.999741	0.000042	0.373291	-0.000042	0.999741	0.207062	
1178	1.000050	-0.000046	0.019836	0.000046	1.000050	-0.023315	
1179	1.000024	-0.000005	-0.078369	0.000005	1.000024	-0.017914	
1180	1.000024	-0.000005	-0.078369	0.000005	1.000024	-0.017914	
1181	0.999964	0.000016	0.005127	-0.000016	0.999964	0.022644	
1182	0.999573	0.000194	0.617310	-0.000194	0.999573	0.451202	
1183	1.000204	-0.000070	-0.124268	0.000070	1.000204	-0.091797	
1184	0.999830	-0.000087	0.131897	0.000087	0.999830	0.056305	
1185	0.999830	-0.000087	0.131897	0.000087	0.999830	0.056305	
1186	1.000138	0.000011	-0.140320	-0.000011	1.000138	-0.048096	
1187	0.999774	0.000003	0.172974	-0.000003	0.999774	0.087555	
1188	1.000015	-0.000004	0.037537	0.000004	1.000015	-0.033630	
1189	0.999222	-0.000595	0.621216	0.000595	0.999222	-0.433197	
1190	0.999910	0.000017	0.096375	-0.000017	0.999910	0.110107	
1191	0.999982	-0.000020	0.004578	0.000020	0.999982	0.023773	
1192	0.999853	0.000010	0.077271	-0.000010	0.999853	0.055359	
1193	1.000124	0.000037	-0.090210	-0.000037	1.000124	0.018707	
1194	0.999962	-0.000007	0.064331	0.000007	0.999962	0.023926	
1195	0.999915	0.000008	0.099548	-0.000008	0.999915	0.063354	
1196	0.999939	-0.000023	0.045532	0.000023	0.999939	0.000183	
1197	0.999774	0.000024	0.219788	-0.000024	0.999774	0.131561	
1198	0.999923	0.000018	0.123047	-0.000018	0.999923	0.096710	
1199	0.999977	0.000039	0.055115	-0.000039	0.999977	0.044922	
1200	1.000015	0.000011	-0.027832	-0.000011	1.000015	0.030579	
1201	1.000148	0.000038	-0.033813	-0.000038	1.000148	-0.000488	
1202	0.999903	0.000023	0.097595	-0.000023	0.999903	0.074127	
