0	1.000000	0.000000	0.000000	0.000000	1.000000	0.000000	
1	1.000106	-0.000192	2.053345	0.000192	1.000106	-1.580475	
2	0.999832	-0.000133	2.190918	0.000133	0.999832	-0.688263	
3	1.000217	-0.000109	1.292603	0.000109	1.000217	-1.143250	
4	0.999881	0.000055	1.404785	-0.000055	0.999881	-1.070007	
5	0.999969	0.000174	1.190308	-0.000174	0.999969	-0.972687	
6	1.000308	0.000385	0.903198	-0.000385	1.000308	-0.312317	
7	1.001211	0.000432	2.100952	-0.000432	1.001211	0.291962	
8	1.000095	-0.000092	1.169434	0.000092	1.000095	-0.769531	
9	1.000095	-0.000092	1.169434	0.000092	1.000095	-0.769531	
10	1.000095	-0.000012	1.342285	0.000012	1.000095	-0.199890	
11	1.000056	0.000046	2.647217	-0.000046	1.000056	-1.048035	
12	1.000010	0.000059	1.838501	-0.000059	1.000010	0.656464	
13	0.999875	-0.000177	2.723022	0.000177	0.999875	0.283142	
14	1.000215	-0.000005	1.212891	0.000005	1.000215	0.211945	
15	0.999900	0.002541	2.297302	-0.002541	0.999900	1.648911	
16	0.999817	0.000100	0.804688	-0.000100	0.999817	0.896851	
17	1.000244	-0.000114	1.082642	0.000114	1.000244	0.362869	
18	0.999974	-0.000048	0.644653	0.000048	0.999974	1.002930	
19	1.000003	0.000203	1.022827	-0.000203	1.000003	2.190247	
20	1.001851	-0.003193	-1.283813	0.003193	1.001851	-0.995605	
21	0.999688	-0.000023	0.697876	0.000023	0.999688	2.663513	
22	1.000015	0.000000	1.275024	-0.000000	1.000015	0.563385	
23	1.000008	0.000007	0.167358	-0.000007	1.000008	1.094696	
24	0.999837	0.000485	1.318115	-0.000485	0.999837	1.372711	
25	1.000136	-0.000114	0.072266	0.000114	1.000136	1.447845	
26	0.992740	0.002757	7.959534	-0.002757	0.992740	4.555008	
27	0.992740	0.002757	7.959534	-0.002757	0.992740	4.555008	
28	0.999794	0.000107	0.426514	-0.000107	0.999794	0.799835	
29	0.999964	0.000075	-0.810181	-0.000075	0.999964	2.869415	
30	0.999842	-0.000058	-0.315308	0.000058	0.999842	0.112701	
31	1.000178	-0.000005	-0.863770	0.000005	1.000178	1.204010	
32	0.999791	0.000125	-0.460327	-0.000125	0.999791	1.006927	
33	1.000031	0.000232	-2.541992	-0.000232	1.000031	0.406342	
34	0.999990	-0.000146	-0.441650	0.000146	0.999990	0.935059	
35	0.999936	-0.000226	-2.005859	0.000226	0.999936	1.453827	
36	0.999969	-0.000177	-0.052979	0.000177	0.999969	0.416199	
37	0.999690	0.000042	-0.774292	-0.000042	0.999690	0.883057	
38	1.000126	0.000074	-0.958862	-0.000074	1.000126	0.284546	
39	1.000579	-0.000271	-1.726807	0.000271	1.000579	0.892014	
40	0.999852	0.000151	-1.235596	-0.000151	0.999852	0.339569	
41	1.000367	0.000231	-1.314453	-0.000231	1.000367	-1.049835	
42	1.000094	0.000172	-0.865112	-0.000172	1.000094	0.727631	
43	1.000026	-0.000006	-0.163696	0.000006	1.000026	-2.330444	
44	0.999778	-0.000102	0.279419	0.000102	0.999778	-1.117767	
45	1.000153	0.000126	0.266357	-0.000126	1.000153	-2.146667	
46	1.000107	0.000349	-0.529175	-0.000349	1.000107	-2.657288	
47	1.000152	0.000115	0.317017	-0.000115	1.000152	-4.257904	
48	0.999881	-0.000032	0.897949	0.000032	0.999881	-2.301239	
49	0.999881	-0.000032	0.897949	0.000032	0.999881	-2.301239	
50	1.000109	0.000112	0.612427	-0.000112	1.000109	-1.741760	
51	0.999958	0.000378	2.149780	-0.000378	0.999958	-2.231110	
52	1.000504	-0.000135	1.267151	0.000135	1.000504	-1.508911	
53	0.999929	-0.000101	0.998657	0.000101	0.999929	-2.081696	
54	1.000211	0.000159	0.714844	-0.000159	1.000211	-0.845032	
55	1.000018	0.000325	1.375977	-0.000325	1.000018	-0.865753	
56	0.999789	-0.000024	0.946045	0.000024	0.999789	-0.498749	
57	0.999932	-0.000178	1.092407	0.000178	0.999932	-1.775116	
58	1.000299	-0.000062	0.583374	0.000062	1.000299	-0.358704	
59	1.000195	0.000323	0.725281	-0.000323	1.000195	-1.163269	
60	1.000031	0.000133	1.049072	-0.000133	1.000031	0.692047	
61	1.000158	-0.000218	1.036987	0.000218	1.000158	-0.702393	
62	1.000158	-0.000218	1.036987	0.000218	1.000158	-0.702393	
63	1.000114	0.000016	0.498169	-0.000016	1.000114	0.659454	
64	0.999741	-0.000140	0.828857	0.000140	0.999741	0.101868	
65	0.999970	0.000230	1.312744	-0.000230	0.999970	1.746307	
66	1.000035	-0.000191	0.292969	0.000191	1.000035	0.771210	
67	0.999594	-0.000016	1.258911	0.000016	0.999594	1.079895	
68	0.999989	0.000209	-0.291870	-0.000209	0.999989	0.922546	
69	0.999833	-0.000177	0.302490	0.000177	0.999833	1.275848	
70	1.000002	-0.000151	-0.424072	0.000151	1.000002	-0.324432	
71	1.000192	-0.000240	-0.259399	0.000240	1.000192	0.153320	
72	0.999836	0.000246	-0.657227	-0.000246	0.999836	0.433777	
73	0.999847	0.000406	-2.781860	-0.000406	0.999847	1.025391	
74	1.000426	0.000428	-1.018738	-0.000428	1.000426	0.227783	
75	1.000016	0.000043	-1.467773	-0.000043	1.000016	0.986298	
76	1.000060	0.000048	-1.094727	-0.000048	1.000060	0.075500	
77	1.000019	0.000048	-0.831909	-0.000048	1.000019	0.110443	
78	1.000162	0.000161	-0.888428	-0.000161	1.000162	0.930664	
79	0.999983	-0.000218	-1.037109	0.000218	0.999983	-0.830292	
80	1.000071	-0.000180	-0.281128	0.000180	1.000071	0.483368	
81	1.000045	-0.000164	-0.902710	0.000164	1.000045	-0.999969	
82	1.000075	-0.000371	-0.815918	0.000371	1.000075	-0.865234	
83	1.000158	-0.000008	-2.535095	0.000008	1.000158	-0.772003	
84	1.000043	-0.000205	-0.645447	0.000205	1.000043	-1.214172	
85	1.000232	-0.000087	-1.405273	0.000087	1.000232	-1.188049	
86	1.000004	0.000041	-1.334106	-0.000041	1.000004	-1.082428	
87	1.000257	0.000139	-1.289185	-0.000139	1.000257	-2.224365	
88	1.000155	-0.000088	-0.819031	0.000088	1.000155	-1.249817	
89	1.000085	-0.000379	-1.973511	0.000379	1.000085	-1.574524	
90	0.999913	-0.000128	-1.157959	0.000128	0.999913	-1.745819	
91	1.000150	-0.000095	-1.532288	0.000095	1.000150	-1.747955	
92	0.999755	-0.000200	-1.117981	0.000200	0.999755	-1.429474	
93	0.999830	-0.000212	-1.581360	0.000212	0.999830	-1.922363	
94	1.000145	-0.000369	-0.657654	0.000369	1.000145	-2.176880	
95	0.999916	-0.000152	-2.339966	0.000152	0.999916	-1.290192	
96	0.999555	0.000156	-1.008362	-0.000156	0.999555	-2.337158	
97	1.000199	0.000036	-1.783447	-0.000036	1.000199	-3.091095	
98	0.999830	0.000037	-1.192383	-0.000037	0.999830	-0.371246	
99	0.999976	-0.000107	-2.388489	0.000107	0.999976	-2.321472	
100	0.999748	0.000243	-1.065491	-0.000243	0.999748	0.382935	
101	0.999823	0.000020	-2.798706	-0.000020	0.999823	1.139526	
102	0.999693	0.000081	-0.979431	-0.000081	0.999693	1.575989	
103	0.999931	-0.000276	-2.635742	0.000276	0.999931	0.746796	
104	0.999077	-0.001266	-0.512512	0.001266	0.999077	0.799805	
105	0.999938	0.000186	-2.854797	-0.000186	0.999938	2.417938	
106	1.000014	-0.000195	-1.423523	0.000195	1.000014	1.516693	
107	0.999865	-0.000263	-3.435059	0.000263	0.999865	2.902863	
108	0.999822	-0.000064	-0.755493	0.000064	0.999822	1.726288	
109	1.000060	0.000028	-2.890503	-0.000028	1.000060	2.618378	
110	1.000193	-0.000186	-2.048828	0.000186	1.000193	0.767914	
111	0.999992	0.000187	-2.649963	-0.000187	0.999992	2.323761	
112	0.999978	-0.000074	-1.228455	0.000074	0.999978	1.064606	
113	0.999917	0.000535	-1.186035	-0.000535	0.999917	2.064362	
114	1.000166	0.000190	-0.900024	-0.000190	1.000166	1.536835	
115	0.999971	-0.000067	-1.011780	0.000067	0.999971	2.972137	
116	0.999914	-0.000252	0.348389	0.000252	0.999914	1.465149	
117	0.999920	-0.000076	-1.053467	0.000076	0.999920	3.650482	
118	1.000015	-0.000007	-1.853149	0.000007	1.000015	1.268524	
119	0.999796	0.000224	-1.598511	-0.000224	0.999796	4.819061	
120	1.000290	-0.000601	-1.303345	0.000601	1.000290	0.350800	
121	0.999693	-0.000340	-2.887329	0.000340	0.999693	2.361938	
122	1.000728	-0.000119	-1.638367	0.000119	1.000728	1.508545	
123	0.998578	-0.000209	0.204834	0.000209	0.998578	2.021790	
124	1.000071	-0.000020	-0.428833	0.000020	1.000071	1.358307	
125	0.999932	-0.000191	-0.275635	0.000191	0.999932	1.029724	
126	1.000193	0.000020	0.650757	-0.000020	1.000193	0.469757	
127	1.000171	-0.000181	-1.813599	0.000181	1.000171	1.411987	
128	0.999681	0.000144	-1.148438	-0.000144	0.999681	-0.388214	
129	0.999984	-0.000280	1.264160	0.000280	0.999984	-0.777130	
130	1.000185	-0.000086	0.094055	0.000086	1.000185	-0.841919	
131	0.999851	-0.000282	1.224976	0.000282	0.999851	-0.787231	
132	0.999888	-0.000052	-0.501892	0.000052	0.999888	-1.400238	
133	0.999937	0.000205	0.961182	-0.000205	0.999937	-0.935547	
134	1.000551	-0.000211	0.427490	0.000211	1.000551	-1.164795	
135	0.999438	-0.000315	1.224976	0.000315	0.999438	-1.168365	
136	1.000211	0.000268	-0.718262	-0.000268	1.000211	-0.083954	
137	0.999335	0.000437	2.505249	-0.000437	0.999335	-0.525146	
138	1.000680	0.000065	1.151978	-0.000065	1.000680	-1.273590	
139	1.000013	0.000205	4.093018	-0.000205	1.000013	-0.006470	
140	0.999435	0.000439	1.162964	-0.000439	0.999435	0.370819	
141	1.000149	0.000296	-0.675415	-0.000296	1.000149	-1.666138	
142	1.000117	0.000125	0.917114	-0.000125	1.000117	0.738739	
143	0.999563	-0.000919	1.347412	0.000919	0.999563	-0.738220	
144	0.999994	-0.000135	-2.218628	0.000135	0.999994	-0.898926	
145	1.000197	-0.000050	-3.200195	0.000050	1.000197	0.281464	
146	1.000301	-0.001573	-2.783630	0.001573	1.000301	-1.221680	
147	0.999984	0.000199	-2.526672	-0.000199	0.999984	0.807434	
148	0.999863	-0.000065	0.932983	0.000065	0.999863	0.222931	
149	0.999821	0.000155	-0.183838	-0.000155	0.999821	1.505722	
150	0.999839	-0.000019	0.520630	0.000019	0.999839	1.747253	
151	1.000011	0.000121	3.838623	-0.000121	1.000011	6.869537	
152	0.999917	0.000364	0.169067	-0.000364	0.999917	4.926727	
153	0.999412	-0.000376	3.823486	0.000376	0.999412	5.683746	
154	1.000068	0.000176	-1.776001	-0.000176	1.000068	2.666199	
155	0.999782	0.000028	-5.883423	-0.000028	0.999782	5.233429	
156	0.999927	0.000049	-0.786499	-0.000049	0.999927	3.293701	
157	0.999927	0.000049	-0.786499	-0.000049	0.999927	3.293701	
158	0.999986	-0.000087	-0.604858	0.000087	0.999986	1.761475	
159	1.000085	0.000281	-1.670288	-0.000281	1.000085	3.933777	
160	0.999822	0.000405	1.367188	-0.000405	0.999822	3.500702	
161	1.000037	0.000009	2.054810	-0.000009	1.000037	4.206314	
162	1.000099	0.000075	2.431519	-0.000075	1.000099	1.395294	
163	1.000131	0.000062	2.876953	-0.000062	1.000131	4.410034	
164	0.999670	-0.000079	1.246460	0.000079	0.999670	1.837982	
165	1.000052	-0.000187	1.514526	0.000187	1.000052	3.200226	
166	1.000169	-0.000275	0.746643	0.000275	1.000169	1.343414	
167	0.999798	0.000039	1.949585	-0.000039	0.999798	3.930878	
168	0.999973	-0.000052	-0.932312	0.000052	0.999973	1.941681	
169	0.999922	0.000215	-1.916382	-0.000215	0.999922	3.352676	
170	0.999751	-0.000154	0.943420	0.000154	0.999751	1.540527	
171	1.001055	0.000705	1.385010	-0.000705	1.001055	4.236481	
172	0.999764	-0.000289	-1.075928	0.000289	0.999764	0.913116	
173	0.993825	0.000722	3.439087	-0.000722	0.993825	3.664322	
174	0.999967	-0.000132	-0.123901	0.000132	0.999967	0.851440	
175	1.000154	-0.000093	0.690918	0.000093	1.000154	1.535706	
176	0.999940	0.000037	2.892090	-0.000037	0.999940	0.907593	
177	0.999434	-0.000582	4.379700	0.000582	0.999434	0.820160	
178	1.000242	0.000005	-1.212646	-0.000005	1.000242	0.381470	
179	1.000097	-0.000049	4.092651	0.000049	1.000097	1.680344	
180	1.000253	-0.000339	1.910156	0.000339	1.000253	-0.069397	
181	0.999996	0.000009	4.421631	-0.000009	0.999996	0.759369	
182	1.000242	0.001685	2.820618	-0.001685	1.000242	2.449310	
183	0.999652	0.000273	3.511475	-0.000273	0.999652	-0.727814	
184	1.000093	-0.000412	-0.652527	0.000412	1.000093	-0.288635	
185	1.001163	-0.000530	-7.574646	0.000530	1.001163	6.515076	
186	0.999824	-0.000027	-4.090271	0.000027	0.999824	3.815247	
187	0.999844	0.001838	-7.036133	-0.001838	0.999844	4.751373	
188	0.999867	0.000874	-4.309631	-0.000874	0.999867	2.283844	
189	1.000239	0.002424	-5.970581	-0.002424	1.000239	3.012360	
190	0.999988	0.000413	0.524902	-0.000413	0.999988	-0.461700	
191	0.999969	0.001087	-1.369995	-0.001087	0.999969	-1.764709	
192	0.999843	0.000444	0.229553	-0.000444	0.999843	-0.758087	
193	1.000130	0.000660	-0.915527	-0.000660	1.000130	-0.825195	
194	0.999865	0.000197	-0.069214	-0.000197	0.999865	-0.267578	
195	1.000219	0.000622	0.238770	-0.000622	1.000219	0.448898	
196	0.999794	0.000153	0.033142	-0.000153	0.999794	-0.573730	
197	1.000106	-0.000299	2.145020	0.000299	1.000106	-0.706680	
198	0.999896	-0.000264	-0.354614	0.000264	0.999896	0.106415	
199	0.999970	-0.000859	1.434692	0.000859	0.999970	-1.535339	
200	0.999916	-0.000041	0.096924	0.000041	0.999916	-0.014893	
201	0.999997	0.000377	0.997803	-0.000377	0.999997	0.983963	
202	1.001499	0.003807	-1.792358	-0.003807	1.001499	2.351364	
203	1.000106	0.000067	0.510132	-0.000067	1.000106	-0.208893	
204	0.999676	0.000407	0.252625	-0.000407	0.999676	0.348206	
205	1.000193	0.001321	-1.236206	-0.001321	1.000193	-0.226151	
206	1.000224	-0.000119	0.271851	0.000119	1.000224	-0.939255	
207	1.000239	-0.001056	-1.272766	0.001056	1.000239	-5.081177	
208	1.000257	-0.000300	-0.978516	0.000300	1.000257	-3.418701	
209	1.000563	0.000336	-3.470093	-0.000336	1.000563	-4.432663	
210	1.000853	-0.000042	-2.343262	0.000042	1.000853	-2.566238	
211	1.002386	-0.000426	-8.341675	0.000426	1.002386	-5.632812	
212	1.002132	-0.000206	-6.015381	0.000206	1.002132	-3.122040	
213	1.004503	-0.001072	-11.700073	0.001072	1.004503	-8.646667	
214	1.001892	-0.000354	-6.697876	0.000354	1.001892	-2.981323	
215	1.001627	-0.000442	-13.266357	0.000442	1.001627	-5.280396	
216	1.000453	-0.000011	-5.409912	0.000011	1.000453	-2.462097	
217	1.000692	-0.000702	-13.409180	0.000702	1.000692	-6.037445	
218	1.002485	-0.000265	-9.008240	0.000265	1.002485	-3.232498	
219	1.004407	-0.002549	-28.322815	0.002549	1.004407	-7.147629	
220	1.002696	-0.001322	-18.231934	0.001322	1.002696	-1.752975	
221	1.002696	-0.001322	-18.231934	0.001322	1.002696	-1.752975	
222	1.000808	-0.001059	-15.353149	0.001059	1.000808	7.008743	
223	1.000528	-0.000934	-25.829590	0.000934	1.000528	6.281311	
224	1.001060	-0.000331	-12.409607	0.000331	1.001060	2.649002	
225	1.001060	-0.000331	-12.409607	0.000331	1.001060	2.649002	
226	1.001230	-0.000080	-10.352417	0.000080	1.001230	1.701248	
227	1.004372	-0.000969	-22.414429	0.000969	1.004372	-0.214401	
228	1.001157	-0.000264	-10.603516	0.000264	1.001157	-0.042587	
229	1.002258	-0.000687	-19.865479	0.000687	1.002258	0.714264	
230	1.001009	-0.000133	-10.131226	0.000133	1.001009	0.451141	
231	1.002032	-0.000136	-18.230347	0.000136	1.002032	-1.548004	
232	1.000628	-0.000147	-9.294678	0.000147	1.000628	-1.680557	
233	1.002047	-0.000034	-17.035400	0.000034	1.002047	-2.111038	
234	1.002181	-0.000465	-11.146423	0.000465	1.002181	-2.259445	
235	1.004639	-0.003096	-20.304321	0.003096	1.004639	-9.720261	
236	1.002026	-0.001079	-10.179626	0.001079	1.002026	-3.224045	
237	1.001859	-0.000678	-10.296753	0.000678	1.001859	-1.751755	
238	1.002680	-0.000289	-19.967407	0.000289	1.002680	-2.212006	
239	1.000896	-0.000192	-9.077026	0.000192	1.000896	-1.085220	
240	1.002386	-0.000684	-18.414001	0.000684	1.002386	-3.709061	
241	1.001594	-0.000316	-10.548645	0.000316	1.001594	-1.132629	
242	1.003187	-0.000587	-18.308472	0.000587	1.003187	-3.776733	
243	1.001068	-0.000115	-8.790771	0.000115	1.001068	-1.543549	
244	1.002805	-0.000464	-14.222290	0.000464	1.002805	-2.031357	
245	1.001835	-0.000144	-2.086426	0.000144	1.001835	-1.054688	
246	1.001774	-0.000230	5.346252	0.000230	1.001774	-1.500519	
247	1.000082	0.000112	7.138794	-0.000112	1.000082	0.866821	
248	0.999915	0.000226	16.019043	-0.000226	0.999915	-0.437683	
249	1.000004	0.000059	6.181396	-0.000059	1.000004	-0.313965	
250	1.000085	-0.000014	13.358887	0.000014	1.000085	0.410904	
251	0.999783	0.000097	5.679504	-0.000097	0.999783	0.480942	
252	0.999855	0.000259	11.264832	-0.000259	0.999855	-1.100754	
253	1.000139	0.000069	3.500305	-0.000069	1.000139	0.844223	
254	1.000023	0.000215	5.669922	-0.000215	1.000023	0.253876	
255	1.000011	-0.000060	3.207886	0.000060	1.000011	-0.402618	
256	1.000041	0.000164	5.428955	-0.000164	1.000041	-1.484894	
257	1.000100	0.000024	3.196167	-0.000024	1.000100	-0.892685	
258	1.000261	0.000116	5.452026	-0.000116	1.000261	-4.922745	
259	0.999768	-0.000005	1.985535	0.000005	0.999768	-1.701630	
260	1.000085	-0.000313	2.641785	0.000313	1.000085	-6.359650	
261	1.000233	-0.000013	0.885498	0.000013	1.000233	-2.831955	
262	1.000006	0.000042	1.638428	-0.000042	1.000006	-5.775040	
263	0.999980	-0.000140	0.627991	0.000140	0.999980	-2.283798	
264	1.000239	-0.000291	1.310059	0.000291	1.000239	-6.548538	
265	0.999999	0.000233	0.738037	-0.000233	0.999999	-2.984283	
266	1.000115	0.000056	-0.127136	-0.000056	1.000115	-5.023376	
267	1.000022	-0.000210	-1.796204	0.000210	1.000022	-2.135132	
268	1.000134	-0.000277	-4.340515	0.000277	1.000134	-4.536285	
269	1.000144	-0.000099	-2.610168	0.000099	1.000144	-3.087158	
270	1.000025	-0.000339	-6.764771	0.000339	1.000025	-6.012512	
271	1.000088	-0.000223	-2.957031	0.000223	1.000088	-3.359589	
272	1.000261	-0.000382	-5.676758	0.000382	1.000261	-8.292450	
273	1.000064	-0.000155	-2.645508	0.000155	1.000064	-4.401825	
274	1.000273	-0.000006	-5.390503	0.000006	1.000273	-10.683838	
275	0.999883	0.000128	-2.143250	-0.000128	0.999883	-4.810791	
276	1.000388	0.000453	-4.194214	-0.000453	1.000388	-8.437744	
277	0.998399	-0.002682	1.044189	0.002682	0.998399	-7.358124	
278	0.997010	-0.001764	1.698975	0.001764	0.997010	-8.227570	
279	0.998772	0.000352	0.271729	-0.000352	0.998772	-2.539856	
280	1.000066	0.000055	-3.445557	-0.000055	1.000066	-5.462570	
281	1.000142	-0.000085	-1.406799	0.000085	1.000142	-2.946503	
282	1.000051	-0.000005	-1.385376	0.000005	1.000051	-5.623688	
283	1.000195	-0.000379	0.087158	0.000379	1.000195	-2.888702	
284	0.999983	-0.000019	-1.672241	0.000019	0.999983	-3.421204	
285	1.000497	-0.000033	-1.004883	0.000033	1.000497	-1.850922	
286	1.000165	-0.000002	-0.251770	0.000002	1.000165	-1.801941	
287	0.999986	-0.000011	-0.914612	0.000011	0.999986	-0.652069	
288	0.999960	0.000152	0.299438	-0.000152	0.999960	-0.553833	
289	1.000106	-0.000139	0.587463	0.000139	1.000106	0.317108	
290	0.999114	-0.000321	0.429688	0.000321	0.999114	0.431488	
291	0.999898	-0.000103	1.107605	0.000103	0.999898	-0.688660	
292	0.999909	0.000053	-0.281494	-0.000053	0.999909	-0.073578	
293	0.999959	-0.000091	1.059631	0.000091	0.999959	0.625549	
294	0.999692	-0.000086	1.749573	0.000086	0.999692	1.525024	
295	0.999804	-0.000164	1.025879	0.000164	0.999804	-0.193298	
296	1.000134	-0.000042	0.868164	0.000042	1.000134	0.070282	
297	0.999999	0.000132	0.260498	-0.000132	0.999999	2.377319	
298	0.999987	0.000078	0.078735	-0.000078	0.999987	2.085541	
299	0.999992	-0.000163	0.590210	0.000163	0.999992	1.252533	
300	1.000111	0.000083	-0.355591	-0.000083	1.000111	1.497803	
301	1.000180	-0.000131	0.053101	0.000131	1.000180	-0.228912	
302	1.000027	0.000071	-0.108154	-0.000071	1.000027	2.396790	
303	0.999932	-0.000013	-0.153809	0.000013	0.999932	0.276123	
304	1.000065	-0.000090	0.697754	0.000090	1.000065	1.935242	
305	1.000172	0.000122	0.367676	-0.000122	1.000172	0.062805	
306	1.000038	0.000103	1.326660	-0.000103	1.000038	1.832306	
307	0.999646	-0.000225	0.485535	0.000225	0.999646	0.743210	
308	1.000096	-0.000138	-0.261597	0.000138	1.000096	1.141388	
309	1.000057	-0.000263	0.845215	0.000263	1.000057	0.612823	
310	1.000057	-0.000263	0.845215	0.000263	1.000057	0.612823	
311	0.999856	-0.000051	1.039185	0.000051	0.999856	0.120361	
312	1.000032	-0.000460	0.624634	0.000460	1.000032	0.700409	
313	0.999498	-0.000166	0.698364	0.000166	0.999498	-0.170166	
314	1.000215	-0.000028	0.869507	0.000028	1.000215	-0.035248	
315	0.999994	-0.000201	0.525391	0.000201	0.999994	-0.177521	
316	0.999774	-0.000125	-0.256470	0.000125	0.999774	-0.332397	
317	1.000352	-0.000157	-0.193848	0.000157	1.000352	-0.876648	
318	0.999974	-0.000424	2.084473	0.000424	0.999974	-0.177338	
319	0.999680	0.000451	0.725342	-0.000451	0.999680	0.021362	
320	1.000031	0.000164	1.647339	-0.000164	1.000031	-0.192719	
321	1.001238	-0.003096	-0.028564	0.003096	1.001238	-1.811462	
322	1.003010	-0.000798	-3.247559	0.000798	1.003010	-2.252579	
323	0.999627	0.000231	0.805176	-0.000231	0.999627	-0.564240	
324	1.000089	-0.000078	0.730835	0.000078	1.000089	-1.756378	
325	0.998200	0.000751	3.657471	-0.000751	0.998200	0.087845	
326	0.999625	-0.000192	1.176147	0.000192	0.999625	-0.543549	
327	0.998464	0.000186	2.077393	-0.000186	0.998464	0.243042	
328	1.000010	0.000048	0.875366	-0.000048	1.000010	-1.118286	
329	1.000071	0.000070	-0.033203	-0.000070	1.000071	-0.572632	
330	1.000000	-0.000110	0.737915	0.000110	1.000000	-1.468750	
331	0.999639	-0.000043	1.434692	0.000043	0.999639	-0.391937	
332	1.001709	0.000171	-2.316650	-0.000171	1.001709	-1.204559	
333	1.000229	0.000304	0.532715	-0.000304	1.000229	-0.645660	
334	0.999888	-0.000170	1.558228	0.000170	0.999888	-0.233063	
335	0.999965	-0.000134	0.416870	0.000134	0.999965	-1.006439	
336	1.000136	0.000064	0.519897	-0.000064	1.000136	-0.482941	
337	1.000031	-0.000198	0.511597	0.000198	1.000031	-0.461121	
338	1.000074	0.000007	0.630737	-0.000007	1.000074	-0.784302	
339	0.999944	-0.000023	0.876221	0.000023	0.999944	-0.087982	
340	0.999786	-0.000030	0.037231	0.000030	0.999786	0.323792	
341	1.000183	0.000075	0.620117	-0.000075	1.000183	-0.790588	
342	1.000067	-0.000047	0.610229	0.000047	1.000067	1.085358	
343	0.999951	0.000035	-0.022583	-0.000035	0.999951	0.708588	
344	0.999977	-0.000030	0.454346	0.000030	0.999977	0.350739	
345	0.999311	-0.000859	2.743408	0.000859	0.999311	-0.674240	
346	0.999920	0.000223	0.668823	-0.000223	0.999920	1.306061	
347	0.999858	0.000089	0.830566	-0.000089	0.999858	0.229523	
348	0.999915	-0.000137	1.829956	0.000137	0.999915	2.043304	
349	1.000250	-0.000084	0.708008	0.000084	1.000250	-0.081818	
350	0.999868	-0.000122	1.726807	0.000122	0.999868	1.196991	
351	0.999987	0.000148	1.717041	-0.000148	0.999987	0.500305	
352	1.000098	0.000141	3.998779	-0.000141	1.000098	2.149170	
353	1.000033	0.000009	2.972778	-0.000009	1.000033	0.674164	
354	0.999966	0.000072	5.913818	-0.000072	0.999966	0.735825	
355	0.999934	0.000369	4.002197	-0.000369	0.999934	1.666504	
356	1.000317	-0.000483	6.450317	0.000483	1.000317	0.765076	
357	1.000075	0.000153	4.094116	-0.000153	1.000075	-0.153564	
358	0.999557	0.002243	9.264648	-0.002243	0.999557	2.490669	
359	0.999898	0.000143	5.021729	-0.000143	0.999898	1.042419	
360	0.999991	0.000260	9.052490	-0.000260	0.999991	0.647675	
361	1.000255	0.000153	5.538330	-0.000153	1.000255	0.535843	
362	1.000206	0.000200	10.547485	-0.000200	1.000206	1.492294	
363	1.002725	-0.001603	1.280396	0.001603	1.002725	-1.991501	
364	0.999898	0.000482	10.702393	-0.000482	0.999898	-1.133804	
365	1.001445	0.004107	-1.421265	-0.004107	1.001445	1.879883	
366	1.000193	0.000153	10.743896	-0.000153	1.000193	0.718506	
367	0.999668	0.000375	5.425659	-0.000375	0.999668	0.183136	
368	1.000113	0.000167	10.952515	-0.000167	1.000113	0.105331	
369	1.000147	0.000142	4.342285	-0.000142	1.000147	0.383118	
370	0.999945	0.000118	8.409668	-0.000118	0.999945	0.162491	
371	1.000431	-0.000078	3.217896	0.000078	1.000431	0.415588	
372	1.000173	-0.000098	7.207275	0.000098	1.000173	0.579224	
373	1.000081	-0.000026	3.267578	0.000026	1.000081	0.343811	
374	1.000081	-0.000026	3.267578	0.000026	1.000081	0.343811	
375	0.999967	-0.000150	3.447144	0.000150	0.999967	0.132568	
376	1.000148	-0.000356	6.498291	0.000356	1.000148	1.822784	
377	1.000185	-0.000112	2.831055	0.000112	1.000185	-0.313049	
378	0.999595	-0.000341	5.701721	0.000341	0.999595	0.792969	
379	1.001765	0.000337	-0.552002	-0.000337	1.001765	1.314255	
380	0.998573	0.002226	6.821411	-0.002226	0.998573	7.735947	
381	1.000196	-0.000092	1.632690	0.000092	1.000196	0.360687	
382	1.000019	-0.000130	3.091675	0.000130	1.000019	1.786179	
383	0.999747	0.000038	0.875244	-0.000038	0.999747	2.001709	
384	0.999999	-0.000128	1.365234	0.000128	0.999999	1.110489	
385	1.000034	0.000158	-0.527710	-0.000158	1.000034	0.738800	
386	1.000023	-0.000379	-2.341187	0.000379	1.000023	0.989914	
387	1.000082	-0.000146	-1.853394	0.000146	1.000082	0.171402	
388	0.999593	0.002356	-4.696045	-0.002356	0.999593	6.052689	
389	1.000128	0.000073	-2.342896	-0.000073	1.000128	0.687805	
390	0.999957	0.000021	-4.753296	-0.000021	0.999957	2.862640	
391	0.999974	-0.000138	-1.826050	0.000138	0.999974	1.101379	
392	0.999780	-0.000229	-4.294312	0.000229	0.999780	1.180481	
393	1.000107	0.000065	-1.574585	-0.000065	1.000107	0.783508	
394	1.000047	-0.000206	-3.429932	0.000206	1.000047	2.512207	
395	0.999807	-0.000092	-0.993530	0.000092	0.999807	0.108276	
396	1.000018	-0.000145	-4.037598	0.000145	1.000018	0.635803	
397	1.000106	-0.000119	-1.059937	0.000119	1.000106	0.079712	
398	0.999950	-0.000102	-4.465088	0.000102	0.999950	0.564819	
399	1.000108	-0.000099	-2.431763	0.000099	1.000108	0.586975	
400	0.999807	-0.000029	-4.679199	0.000029	0.999807	0.983093	
401	1.000243	0.000138	-1.735718	-0.000138	1.000243	-1.277557	
402	1.000032	0.000393	-3.930664	-0.000393	1.000032	1.511353	
403	0.999769	0.000108	-1.945679	-0.000108	0.999769	-1.740204	
404	1.000063	0.000028	-2.634277	-0.000028	1.000063	-1.031326	
405	1.000113	0.000166	-1.491028	-0.000166	1.000113	-1.155457	
406	0.999836	-0.000302	-2.052979	0.000302	0.999836	-3.695862	
407	1.000076	-0.000112	-1.243774	0.000112	1.000076	-2.022659	
408	0.999926	0.000027	-1.938232	-0.000027	0.999926	-4.570709	
409	1.000070	-0.000056	-1.462036	0.000056	1.000070	-3.725800	
410	1.000150	-0.000142	-1.431763	0.000142	1.000150	-6.060013	
411	0.999601	0.000187	-0.563721	-0.000187	0.999601	-1.852966	
412	1.000193	-0.000025	-1.232910	0.000025	1.000193	-3.773346	
413	1.000023	0.000148	-0.657227	-0.000148	1.000023	-1.466705	
414	1.000011	0.000024	-0.662598	-0.000024	1.000011	-3.022369	
415	0.999864	-0.000143	0.163452	0.000143	0.999864	-1.524170	
416	1.000034	0.000071	-1.203491	-0.000071	1.000034	-1.974884	
417	0.999890	0.000267	-0.063965	-0.000267	0.999890	-2.197632	
418	0.999890	0.000267	-0.063965	-0.000267	0.999890	-2.197632	
419	0.999861	0.000080	0.641357	-0.000080	0.999861	-0.358612	
420	1.000103	-0.000295	1.523438	0.000295	1.000103	-2.184921	
421	1.000820	-0.001744	0.406494	0.001744	1.000820	-4.430603	
422	0.999975	0.000194	3.314575	-0.000194	0.999975	0.627930	
423	0.999963	0.000143	2.596680	-0.000143	0.999963	0.239227	
424	1.000207	0.000181	6.805908	-0.000181	1.000207	0.759766	
425	1.000037	-0.000137	1.987549	0.000137	1.000037	1.036041	
426	1.000054	-0.000142	5.048218	0.000142	1.000054	-0.097778	
427	0.999735	-0.000397	3.085785	0.000397	0.999735	0.521545	
428	0.999941	0.000046	4.232361	-0.000046	0.999941	2.228821	
429	1.000148	-0.000054	2.676636	0.000054	1.000148	-0.127777	
430	1.000172	0.000226	5.721069	-0.000226	1.000172	2.156464	
431	1.000189	0.000248	2.364258	-0.000248	1.000189	1.471329	
432	1.000111	0.000237	7.782837	-0.000237	1.000111	3.398880	
433	1.000163	0.000067	4.409668	-0.000067	1.000163	2.772705	
434	1.000255	-0.000197	11.375977	0.000197	1.000255	2.929199	
435	1.000012	0.000016	7.354858	-0.000016	1.000012	2.177734	
436	0.999019	0.000731	21.499268	-0.000731	0.999019	7.760139	
437	1.000365	-0.000240	12.424438	0.000240	1.000365	5.332840	
438	0.999675	-0.000351	24.917542	0.000351	0.999675	6.724396	
439	0.999957	0.000060	10.703247	-0.000060	0.999957	2.640305	
440	1.000407	0.000157	22.234131	-0.000157	1.000407	4.819229	
441	1.000157	-0.000033	10.300171	0.000033	1.000157	1.823395	
442	1.000157	-0.000033	10.300171	0.000033	1.000157	1.823395	
443	0.999119	0.000697	10.777893	-0.000697	0.999119	3.471329	
444	1.000207	-0.000222	20.786987	0.000222	1.000207	2.656281	
445	1.000319	0.000124	9.312927	-0.000124	1.000319	2.515442	
446	1.000171	0.000457	18.085938	-0.000457	1.000171	4.538727	
447	1.000169	0.000098	9.111511	-0.000098	1.000169	1.780960	
448	1.000013	0.000050	17.888428	-0.000050	1.000013	4.926392	
449	1.000210	-0.000076	7.919983	0.000076	1.000210	2.050766	
450	1.000280	0.000153	15.355652	-0.000153	1.000280	3.566422	
451	1.000611	0.000675	6.957153	-0.000675	1.000611	3.504395	
452	1.000149	0.000040	14.471619	-0.000040	1.000149	2.912247	
453	0.999984	-0.000009	6.585144	0.000009	0.999984	1.304688	
454	0.999984	-0.000009	6.585144	0.000009	0.999984	1.304688	
455	0.999666	0.000297	7.220886	-0.000297	0.999666	1.794128	
456	0.999854	0.000140	13.330017	-0.000140	0.999854	-0.147888	
457	1.000025	-0.000030	6.160583	0.000030	1.000025	-0.553345	
458	1.000818	0.000977	10.488037	-0.000977	1.000818	-1.741959	
459	0.999729	-0.001518	5.145386	0.001518	0.999729	-2.072418	
460	1.000269	0.000457	8.906250	-0.000457	1.000269	-2.188919	
461	0.998364	0.000428	5.586609	-0.000428	0.998364	-0.436356	
462	1.000083	-0.000532	6.995911	0.000532	1.000083	-2.608063	
463	1.002087	-0.002525	0.176880	0.002525	1.002087	-5.437500	
464	1.002087	-0.002525	0.176880	0.002525	1.002087	-5.437500	
465	1.000609	0.000266	-1.406433	-0.000266	1.000609	-1.342224	
466	1.000171	-0.000229	-3.029175	0.000229	1.000171	-2.822144	
467	0.999828	0.000049	-2.601196	-0.000049	0.999828	-1.871338	
468	1.000856	-0.001356	-4.870544	0.001356	1.000856	-3.860535	
469	1.000450	0.000630	-2.399658	-0.000630	1.000450	-2.073822	
470	1.000740	0.000953	-4.156189	-0.000953	1.000740	-1.967804	
471	0.999893	-0.000537	-1.095947	0.000537	0.999893	-1.348724	
472	1.000369	-0.000093	-2.091797	0.000093	1.000369	-2.707733	
473	0.999988	0.000243	-0.904297	-0.000243	0.999988	-0.013855	
474	1.000122	0.000125	0.199829	-0.000125	1.000122	-2.494812	
475	1.000120	0.000226	0.052002	-0.000226	1.000120	0.053467	
476	0.999907	-0.000208	0.003418	0.000208	0.999907	-2.606903	
477	1.000440	0.000135	-0.304688	-0.000135	1.000440	-0.978882	
478	0.999863	0.000262	-1.713440	-0.000262	0.999863	-1.296478	
479	1.000038	-0.001021	-1.790039	0.001021	1.000038	-2.684387	
480	1.000251	0.000151	-5.551392	-0.000151	1.000251	-1.357239	
481	0.999762	-0.000110	-1.581055	0.000110	0.999762	-0.132111	
482	0.999993	0.000269	-4.281067	-0.000269	0.999993	-0.710266	
483	1.000192	0.000185	-1.717041	-0.000185	1.000192	-0.337280	
484	0.999893	0.000062	-1.939697	-0.000062	0.999893	0.348480	
485	1.001127	0.000726	-1.839600	-0.000726	1.001127	0.369446	
486	0.999946	0.000285	-1.183472	-0.000285	0.999946	2.623352	
487	0.999900	0.000271	0.221802	-0.000271	0.999900	0.603729	
488	1.000005	0.000614	-1.269409	-0.000614	1.000005	1.152985	
489	1.001220	0.003091	-2.231689	-0.003091	1.001220	3.287796	
490	1.000241	-0.000447	-0.195251	0.000447	1.000241	0.603287	
491	0.999830	0.000317	-0.787109	-0.000317	0.999830	0.803345	
492	1.001951	-0.000020	-2.420776	0.000020	1.001951	-0.494049	
493	1.000144	0.000149	-1.038391	-0.000149	1.000144	-0.398743	
494	1.000075	0.000184	-2.505432	-0.000184	1.000075	-2.115250	
495	0.999594	0.000363	-1.201477	-0.000363	0.999594	-0.673370	
496	0.998820	-0.000340	-7.142761	0.000340	0.998820	-5.414856	
497	1.001323	0.000259	-8.486145	-0.000259	1.001323	-3.763153	
498	0.998802	-0.001155	-19.107788	0.001155	0.998802	-13.416626	
499	0.999936	-0.000619	-9.258606	0.000619	0.999936	-8.606552	
500	1.000072	-0.001793	-14.772278	0.001793	1.000072	-14.068924	
501	1.000350	-0.000932	-7.503662	0.000932	1.000350	-3.900360	
502	0.999345	-0.000558	-11.436096	0.000558	0.999345	-7.064819	
503	1.001178	-0.000156	-5.814880	0.000156	1.001178	-4.271454	
504	0.999930	-0.001037	-7.381409	0.001037	0.999930	-1.913727	
505	0.999838	-0.000695	-3.324585	0.000695	0.999838	0.159027	
506	0.999244	-0.001576	-6.403320	0.001576	0.999244	3.299255	
507	0.999990	0.000518	-3.743652	-0.000518	0.999990	10.960022	
508	1.000204	-0.001704	-7.477295	0.001704	1.000204	14.050735	
509	1.000085	-0.000255	-3.703186	0.000255	1.000085	6.067719	
510	0.998749	-0.000830	-4.405762	0.000830	0.998749	14.207245	
511	0.999797	0.000148	-3.127625	-0.000148	0.999797	8.974030	
512	1.000918	-0.000630	-6.544617	0.000630	1.000918	10.515198	
513	0.999553	0.000190	-1.677795	-0.000190	0.999553	3.688049	
514	0.998984	0.000047	-0.834595	-0.000047	0.998984	9.895203	
515	0.997819	-0.000121	3.070862	0.000121	0.997819	3.804565	
516	0.996035	-0.000459	9.340820	0.000459	0.996035	6.737801	
517	0.997394	0.001707	7.125610	-0.001707	0.997394	6.006165	
518	0.997987	0.000123	12.994873	-0.000123	0.997987	6.775497	
519	0.998833	-0.000044	6.825195	0.000044	0.998833	3.802048	
520	0.997261	0.000165	16.248535	-0.000165	0.997261	7.837387	
521	0.998037	-0.000270	7.014648	0.000270	0.998037	2.004562	
522	0.994206	0.000936	13.721802	-0.000936	0.994206	7.141174	
523	0.996901	0.000131	6.511780	-0.000131	0.996901	3.401337	
524	0.995342	0.000303	11.983276	-0.000303	0.995342	4.055603	
525	0.998414	0.000409	5.011719	-0.000409	0.998414	-0.287201	
526	0.995415	0.000935	11.448120	-0.000935	0.995415	-1.488724	
527	0.998971	0.000467	5.408997	-0.000467	0.998971	-0.647446	
528	1.000523	0.002269	5.427734	-0.002269	1.000523	-6.809082	
529	1.000533	-0.001947	3.094299	0.001947	1.000533	-13.101067	
530	1.000457	0.001745	4.948364	-0.001745	1.000457	-17.777443	
531	0.999916	0.001905	2.810791	-0.001905	0.999916	-1.707359	
532	1.000840	0.003472	5.706665	-0.003472	1.000840	-4.291397	
533	1.000507	0.001306	4.976807	-0.001306	1.000507	-8.401535	
534	1.000507	0.001306	4.976807	-0.001306	1.000507	-8.401535	
535	1.000713	-0.003276	6.342957	0.003276	1.000713	-3.443588	
536	1.000012	-0.001837	11.417969	0.001837	1.000012	-6.174164	
537	0.999085	-0.002134	5.285400	0.002134	0.999085	2.056068	
538	0.999567	-0.001708	8.009521	0.001708	0.999567	13.522263	
539	0.999567	-0.001708	8.009521	0.001708	0.999567	13.522263	
540	0.999456	0.001239	7.788086	-0.001239	0.999456	6.799591	
541	0.999456	0.001239	7.788086	-0.001239	0.999456	6.799591	
542	1.000062	0.000817	5.138916	-0.000817	1.000062	2.334610	
543	1.000153	-0.001144	1.832214	0.001144	1.000153	-0.080215	
544	1.000496	-0.000054	-2.395142	0.000054	1.000496	1.090759	
545	1.000179	0.000011	-3.866394	-0.000011	1.000179	-0.001251	
546	1.000299	-0.000753	-8.136230	0.000753	1.000299	1.958847	
547	1.004596	-0.003925	-8.550903	0.003925	1.004596	-3.248016	
548	1.000205	0.000357	-1.049438	-0.000357	1.000205	-2.324944	
549	0.999973	0.002815	-1.784424	-0.002815	0.999973	-2.431519	
550	1.000670	0.002122	-1.062134	-0.002122	1.000670	-7.310951	
551	0.999977	0.001524	-0.813660	-0.001524	0.999977	-0.371460	
552	1.000987	0.001582	-2.927856	-0.001582	1.000987	-6.493942	
553	1.000915	0.001072	-1.305664	-0.001072	1.000915	-1.357025	
554	1.005594	0.001454	-4.862183	-0.001454	1.005594	-3.859863	
555	1.005789	-0.000339	-4.640320	0.000339	1.005789	-6.249481	
556	1.012864	-0.000854	-9.271729	0.000854	1.012864	-13.776093	
557	1.004316	0.000251	-1.908875	-0.000251	1.004316	-5.612946	
558	1.004666	0.000110	2.409912	-0.000110	1.004666	-9.683884	
559	1.000654	0.000215	2.180603	-0.000215	1.000654	-3.262329	
560	1.000822	-0.000191	5.248474	0.000191	1.000822	-1.448639	
561	0.999739	-0.000182	3.221375	0.000182	0.999739	-0.814545	
562	0.999739	-0.000182	3.221375	0.000182	0.999739	-0.814545	
563	1.003170	-0.000840	0.055542	0.000840	1.003170	-3.494110	
564	1.007718	0.000327	-0.952698	-0.000327	1.007718	-0.377995	
565	1.001762	0.000202	-0.267700	-0.000202	1.001762	3.720093	
566	1.001762	0.000202	-0.267700	-0.000202	1.001762	3.720093	
567	1.000022	0.000304	2.555725	-0.000304	1.000022	4.743469	
568	1.000178	0.000530	4.876831	-0.000530	1.000178	9.123657	
569	1.000189	0.000104	3.064819	-0.000104	1.000189	4.676056	
570	0.999898	0.000240	2.145813	-0.000240	0.999898	3.168732	
571	0.999724	-0.000013	6.271667	0.000013	0.999724	5.083923	
572	1.000065	0.000145	2.257507	-0.000145	1.000065	2.642273	
573	0.999829	0.000367	4.629700	-0.000367	0.999829	4.144135	
574	0.999758	-0.000041	2.394531	0.000041	0.999758	2.574738	
575	0.999982	-0.000395	4.488647	0.000395	0.999982	3.972595	
576	1.001148	0.001247	0.154419	-0.001247	1.001148	3.860321	
577	0.999875	0.000130	4.432739	-0.000130	0.999875	3.250916	
578	0.999805	-0.000504	2.075623	0.000504	0.999805	2.344696	
579	0.999687	0.000205	3.730530	-0.000205	0.999687	4.577179	
580	0.999980	-0.000045	0.862488	0.000045	0.999980	1.244476	
581	0.999979	-0.000162	3.271423	0.000162	0.999979	3.463104	
582	1.000039	0.000026	1.128540	-0.000026	1.000039	2.260956	
583	1.000023	0.000130	1.734863	-0.000130	1.000023	2.826050	
584	1.000029	0.000408	0.698486	-0.000408	1.000029	2.696838	
585	1.000039	0.000853	1.363708	-0.000853	1.000039	3.812531	
586	0.999716	0.000590	0.824341	-0.000590	0.999716	3.093536	
587	1.000487	0.001465	0.712830	-0.001465	1.000487	3.078400	
588	1.004365	0.000199	-3.238098	-0.000199	1.004365	-0.063416	
589	1.011745	-0.000831	-10.257141	0.000831	1.011745	-6.757904	
590	1.002501	-0.000670	-1.995728	0.000670	1.002501	-1.705780	
591	1.003489	-0.000257	-1.738037	0.000257	1.003489	-0.903870	
592	1.004996	0.000502	-5.385864	-0.000502	1.004996	1.212814	
593	1.009178	-0.000305	-8.408752	0.000305	1.009178	-5.629639	
594	1.005447	-0.000306	-3.445496	0.000306	1.005447	-2.855621	
595	1.005447	-0.000306	-3.445496	0.000306	1.005447	-2.855621	
596	1.009890	-0.001233	-7.562683	0.001233	1.009890	-4.890686	
597	1.010109	-0.000589	-9.819885	0.000589	1.010109	-4.212799	
598	1.004271	-0.001037	-4.195679	0.001037	1.004271	-3.665039	
599	1.004439	0.000213	-7.293091	-0.000213	1.004439	-1.001465	
600	1.000709	0.000066	-1.571289	-0.000066	1.000709	-0.513306	
601	1.001345	-0.001135	-4.283813	0.001135	1.001345	-0.132965	
602	1.000212	-0.000210	-2.242004	0.000210	1.000212	0.300873	
603	1.000474	0.000197	-2.779602	-0.000197	1.000474	-0.482300	
604	1.000066	-0.000110	-1.496216	0.000110	1.000066	0.212219	
605	1.000351	0.000091	-2.493225	-0.000091	1.000351	0.884583	
606	0.999503	-0.000111	-1.795593	0.000111	0.999503	-0.088318	
607	1.000470	-0.000299	-2.960693	0.000299	1.000470	-1.754791	
608	1.000060	-0.000383	-2.343567	0.000383	1.000060	-1.615051	
609	0.999929	-0.000354	-3.768005	0.000354	0.999929	-4.294067	
610	1.000491	-0.000160	-1.780029	0.000160	1.000491	-1.797089	
611	1.000305	-0.000852	-3.691895	0.000852	1.000305	-4.803497	
612	0.999646	0.000142	-1.356140	-0.000142	0.999646	-2.528015	
613	0.999967	0.000726	-2.341064	-0.000726	0.999967	-2.849640	
614	0.999802	-0.001353	-0.868103	0.001353	0.999802	-4.416351	
615	1.000309	0.000026	-2.118896	-0.000026	1.000309	-2.387573	
616	1.000109	-0.000039	-1.443176	0.000039	1.000109	-0.479370	
617	0.999810	-0.000017	-2.590454	0.000017	0.999810	-3.051056	
618	1.000053	-0.000126	-1.925354	0.000126	1.000053	-1.859802	
619	1.000053	-0.000126	-1.925354	0.000126	1.000053	-1.859802	
620	0.999842	-0.000262	-1.856873	0.000262	0.999842	-1.875458	
621	0.999948	0.000565	-2.291443	-0.000565	0.999948	-1.357819	
622	0.999611	-0.000144	-1.708618	0.000144	0.999611	-1.283264	
623	0.998893	-0.002419	-1.877197	0.002419	0.998893	-4.198242	
624	1.000323	-0.000211	-2.355530	0.000211	1.000323	-2.731934	
625	0.999825	-0.000504	-2.769409	0.000504	0.999825	-3.651031	
626	1.000071	-0.000609	-1.289429	0.000609	1.000071	-2.945709	
627	0.999572	-0.000001	-2.237671	0.000001	0.999572	-5.245117	
628	1.000814	0.000057	-1.699341	-0.000057	1.000814	-1.934052	
629	0.999884	-0.000283	-2.198608	0.000283	0.999884	-4.163300	
630	0.999339	0.000327	-0.750916	-0.000327	0.999339	-1.437988	
631	0.999339	0.000327	-0.750916	-0.000327	0.999339	-1.437988	
632	1.001434	-0.001832	-1.946472	0.001832	1.001434	-4.748283	
633	0.999858	0.000361	-1.773376	-0.000361	0.999858	-2.692673	
634	0.999858	0.000361	-1.773376	-0.000361	0.999858	-2.692673	
635	1.000317	-0.000210	-0.779846	0.000210	1.000317	-3.994110	
636	0.999182	0.000830	0.740356	-0.000830	0.999182	-0.936890	
637	0.999993	0.000643	2.970886	-0.000643	0.999993	-2.183014	
638	0.999993	0.000643	2.970886	-0.000643	0.999993	-2.183014	
639	0.999993	0.000643	2.970886	-0.000643	0.999993	-2.183014	
640	1.000456	0.001041	5.998169	-0.001041	1.000456	2.371582	
641	1.000456	0.001041	5.998169	-0.001041	1.000456	2.371582	
642	0.999434	0.000301	10.436584	-0.000301	0.999434	7.472092	
643	0.999434	0.000301	10.436584	-0.000301	0.999434	7.472092	
644	1.000068	-0.000910	6.975464	0.000910	1.000068	-0.217499	
645	1.000068	-0.000910	6.975464	0.000910	1.000068	-0.217499	
646	1.000068	-0.000910	6.975464	0.000910	1.000068	-0.217499	
647	1.000068	-0.000910	6.975464	0.000910	1.000068	-0.217499	
648	0.999971	-0.000021	7.249817	0.000021	0.999971	0.982452	
649	0.999907	0.001817	10.559143	-0.001817	0.999907	4.449272	
650	0.999998	-0.000041	4.141663	0.000041	0.999998	0.358887	
651	0.999530	-0.000333	9.764648	0.000333	0.999530	3.757263	
652	1.000180	-0.000066	3.949768	0.000066	1.000180	0.861389	
653	1.000188	0.000152	8.573120	-0.000152	1.000188	3.247559	
654	1.000215	0.000294	3.830688	-0.000294	1.000215	1.986267	
655	0.999771	-0.000292	8.579895	0.000292	0.999771	2.555969	
656	1.000160	0.000182	3.613831	-0.000182	1.000160	2.266602	
657	1.000225	-0.000564	8.380493	0.000564	1.000225	1.776352	
658	0.999732	0.000357	3.833252	-0.000357	0.999732	1.330170	
659	1.000286	0.000064	7.047974	-0.000064	1.000286	3.240509	
660	0.999120	0.001013	4.101135	-0.001013	0.999120	2.294037	
661	1.000035	-0.000225	6.852417	0.000225	1.000035	1.309891	
662	1.000071	0.000232	2.910156	-0.000232	1.000071	1.260452	
663	0.999808	-0.000365	6.626587	0.000365	0.999808	-0.036911	
664	1.000349	0.000065	2.498535	-0.000065	1.000349	0.750214	
665	1.002264	-0.000787	0.746704	0.000787	1.002264	-0.861191	
666	1.001905	-0.000296	0.459656	0.000296	1.001905	1.039047	
667	0.999954	0.000191	2.122070	-0.000191	0.999954	0.154739	
668	0.999961	-0.000036	-0.106445	0.000036	0.999961	-0.069885	
669	1.000159	-0.000144	-4.805054	0.000144	1.000159	0.356384	
670	0.999263	0.000368	-2.920654	-0.000368	0.999263	0.766937	
671	0.999562	0.000690	-7.859985	-0.000690	0.999562	1.509171	
672	0.999377	-0.000210	-4.380737	0.000210	0.999377	-0.805115	
673	0.999986	-0.000385	-11.725220	0.000385	0.999986	-0.651443	
674	0.999763	-0.000279	-5.544678	0.000279	0.999763	-0.345581	
675	1.000757	0.000643	-11.405762	-0.000643	1.000757	-0.525192	
676	0.999813	0.000044	-4.350342	-0.000044	0.999813	-0.537415	
677	1.000033	-0.000133	-7.046265	0.000133	1.000033	-0.557541	
678	0.999568	-0.000142	-3.494873	0.000142	0.999568	-1.390625	
679	0.999815	-0.002094	-6.715576	0.002094	0.999815	-4.825859	
680	1.000292	-0.000099	-3.627441	0.000099	1.000292	-0.958588	
681	0.999770	0.000114	-6.421021	-0.000114	0.999770	-3.968613	
682	1.000021	0.000081	-3.632141	-0.000081	1.000021	-0.359116	
683	0.999705	-0.000092	-6.481934	0.000092	0.999705	-1.742874	
684	1.000269	-0.000430	-3.620605	0.000430	1.000269	-1.593277	
685	1.000612	0.001080	-12.333618	-0.001080	1.000612	-0.514923	
686	0.999868	-0.000178	-7.246094	0.000178	0.999868	-0.721420	
687	1.000006	-0.000293	-20.096619	0.000293	1.000006	-2.325241	
688	0.999520	0.000382	-10.213013	-0.000382	0.999520	-0.734161	
689	0.999791	0.000257	-18.162903	-0.000257	0.999791	-1.002151	
690	1.000351	0.000547	-8.048279	-0.000547	1.000351	-1.145081	
691	0.999783	-0.000067	-14.281189	0.000067	0.999783	-1.867508	
692	1.000155	-0.000110	-7.741699	0.000110	1.000155	-1.415131	
693	0.999364	0.001351	-16.586548	-0.001351	0.999364	-1.231506	
694	0.999840	0.000369	-10.280823	-0.000369	0.999840	-1.229401	
695	0.999840	0.000369	-10.280823	-0.000369	0.999840	-1.229401	
696	1.000869	-0.000386	-27.244019	0.000386	1.000869	-2.383392	
697	1.001070	-0.000395	-53.805237	0.000395	1.001070	-3.352173	
698	1.000062	0.000090	-23.768250	-0.000090	1.000062	-3.278336	
699	0.999678	0.000045	-43.720032	-0.000045	0.999678	-10.803665	
700	0.999678	0.000045	-43.720032	-0.000045	0.999678	-10.803665	
701	0.999678	0.000045	-43.720032	-0.000045	0.999678	-10.803665	
702	1.000046	0.000727	-14.349121	-0.000727	1.000046	-2.289505	
703	1.000046	0.000727	-14.349121	-0.000727	1.000046	-2.289505	
704	0.999918	0.000536	-17.570557	-0.000536	0.999918	1.644669	
705	0.999918	0.000536	-17.570557	-0.000536	0.999918	1.644669	
706	0.999821	-0.001146	-10.608032	0.001146	0.999821	14.273438	
707	0.990939	-0.002531	-6.194946	0.002531	0.990939	30.767937	
708	0.985097	0.001292	7.349915	-0.001292	0.985097	15.728951	
709	0.972867	-0.000050	18.655090	0.000050	0.972867	23.156586	
710	0.987476	-0.000185	6.096802	0.000185	0.987476	23.882843	
711	0.987476	-0.000185	6.096802	0.000185	0.987476	23.882843	
712	0.990180	0.000674	3.667175	-0.000674	0.990180	10.058853	
713	0.981824	0.000995	10.710327	-0.000995	0.981824	20.001984	
714	0.989440	0.000224	7.891541	-0.000224	0.989440	10.263565	
715	0.980454	0.000759	15.898499	-0.000759	0.980454	17.947784	
716	0.992064	-0.000428	7.168457	0.000428	0.992064	4.408051	
717	0.977569	0.001131	29.825623	-0.001131	0.977569	11.299881	
718	0.991611	0.000891	12.546387	-0.000891	0.991611	-0.847580	
719	0.978704	0.000965	32.405396	-0.000965	0.978704	4.277130	
720	0.991605	0.000735	11.223389	-0.000735	0.991605	4.339478	
721	0.993949	-0.001124	7.919678	0.001124	0.993949	5.601578	
722	0.999543	-0.001042	-0.883118	0.001042	0.999543	-0.774643	
723	0.999859	-0.001342	-3.622314	0.001342	0.999859	-4.654160	
724	1.000242	-0.000324	-1.695740	0.000324	1.000242	-1.191254	
725	1.000180	0.000600	-4.710571	-0.000600	1.000180	-1.626709	
726	0.999717	0.000120	-2.505066	-0.000120	0.999717	-1.610809	
727	1.000049	0.000624	-3.883301	-0.000624	1.000049	-1.037262	
728	1.000077	0.000164	-2.672363	-0.000164	1.000077	-0.389938	
729	1.000044	0.000148	-4.250610	-0.000148	1.000044	-1.611450	
730	1.000012	0.000343	-2.079163	-0.000343	1.000012	-0.267609	
731	0.999969	0.000100	-3.940552	-0.000100	0.999969	-2.513077	
732	1.000015	0.000207	-2.127930	-0.000207	1.000015	-1.819336	
733	0.999976	0.000371	-3.084900	-0.000371	0.999976	-2.278488	
734	1.000055	0.000283	-0.951416	-0.000283	1.000055	-0.978729	
735	0.999943	0.000632	-1.914246	-0.000632	0.999943	-2.523315	
736	1.000192	0.000329	-0.356079	-0.000329	1.000192	-1.232056	
737	1.000256	0.001074	2.165710	-0.001074	1.000256	-1.200714	
738	0.999880	0.000437	2.890625	-0.000437	0.999880	-1.337601	
739	1.000209	0.000553	9.825867	-0.000553	1.000209	-2.805298	
740	1.000679	-0.000040	3.768799	0.000040	1.000679	-2.148621	
741	1.000111	-0.000268	10.181213	0.000268	1.000111	-3.440216	
742	1.000052	0.000264	3.211426	-0.000264	1.000052	-2.464111	
743	0.999953	0.000302	4.960815	-0.000302	0.999953	-4.156128	
744	1.000185	-0.000124	0.866272	0.000124	1.000185	-2.224121	
745	1.000039	0.000314	0.738953	-0.000314	1.000039	-4.355331	
746	0.999793	-0.000104	0.994507	0.000104	0.999793	-3.245621	
747	1.000198	0.000587	1.638794	-0.000587	1.000198	-6.819336	
748	1.000218	0.000532	0.361328	-0.000532	1.000218	-2.802017	
749	1.000231	0.000750	1.780273	-0.000750	1.000231	-7.344162	
750	0.999904	0.000467	0.027771	-0.000467	0.999904	-3.539398	
751	1.000127	0.000447	0.921387	-0.000447	1.000127	-7.126526	
752	1.000128	0.000503	0.156372	-0.000503	1.000128	-4.374756	
753	0.999997	0.000739	1.132141	-0.000739	0.999997	-7.704285	
754	0.999946	-0.000468	1.015991	0.000468	0.999946	-4.274811	
755	1.000117	0.000061	-0.005066	-0.000061	1.000117	-8.706848	
756	1.000094	0.000198	0.856750	-0.000198	1.000094	-2.355011	
757	1.000124	0.000197	0.365845	-0.000197	1.000124	-7.316345	
758	1.000127	0.000088	0.212891	-0.000088	1.000127	-3.538300	
759	0.999877	0.000001	0.758423	-0.000001	0.999877	-7.468201	
760	1.000254	0.000427	0.381104	-0.000427	1.000254	-2.361633	
761	0.999959	0.000223	0.621765	-0.000223	0.999959	-5.838806	
762	0.999944	0.000237	0.830505	-0.000237	0.999944	-2.067627	
763	1.000809	0.004397	-0.661865	-0.004397	1.000809	0.968430	
764	1.000257	0.000125	-0.376953	-0.000125	1.000257	-2.072327	
765	1.000342	0.000090	1.029236	-0.000090	1.000342	-2.491211	
766	0.999788	-0.000056	-0.468689	0.000056	0.999788	0.117310	
767	0.999401	-0.003143	1.996582	0.003143	0.999401	18.917297	
768	0.999878	-0.002672	1.110046	0.002672	0.999878	2.500610	
769	1.000136	-0.000167	0.152100	0.000167	1.000136	3.117188	
770	0.999739	-0.000066	0.711670	0.000066	0.999739	3.154327	
771	0.999859	0.000088	0.547241	-0.000088	0.999859	5.831787	
772	0.999986	-0.000181	0.072510	0.000181	0.999986	1.100159	
773	1.000074	-0.000152	-0.521729	0.000152	1.000074	1.952179	
774	0.999985	-0.000120	0.616821	0.000120	0.999985	2.505554	
775	0.999796	-0.000016	-0.344666	0.000016	0.999796	3.027618	
776	1.000270	0.000079	0.473755	-0.000079	1.000270	1.974854	
777	1.000094	-0.000348	0.132263	0.000348	1.000094	2.936951	
778	1.000093	0.000012	-0.223694	-0.000012	1.000093	3.330139	
779	0.999863	-0.000024	0.255981	0.000024	0.999863	6.242355	
780	1.000078	0.000066	-0.168579	-0.000066	1.000078	0.210327	
781	1.000215	-0.000067	0.989136	0.000067	1.000215	4.031189	
782	0.999788	-0.000186	0.471252	0.000186	0.999788	1.428040	
783	1.000022	-0.000293	0.315674	0.000293	1.000022	2.685974	
784	1.000347	-0.000243	-0.141296	0.000243	1.000347	0.436310	
785	0.999980	0.000173	-0.120056	-0.000173	0.999980	3.770844	
786	0.999925	0.000026	0.091187	-0.000026	0.999925	0.854980	
787	1.000029	-0.000236	1.358154	0.000236	1.000029	2.679581	
788	1.000092	0.000036	0.421875	-0.000036	1.000092	0.633545	
789	1.000341	0.000169	0.985901	-0.000169	1.000341	3.000038	
790	0.999708	0.000011	0.957397	-0.000011	0.999708	1.614410	
791	1.000056	-0.000210	2.101929	0.000210	1.000056	1.282364	
792	1.000055	-0.000074	0.075684	0.000074	1.000055	0.838776	
793	1.000101	-0.000155	1.506958	0.000155	1.000101	2.496948	
794	0.999895	0.000051	0.084473	-0.000051	0.999895	1.228790	
795	1.000080	0.000264	2.572510	-0.000264	1.000080	3.040268	
796	1.000128	-0.000027	1.946289	0.000027	1.000128	-0.332108	
797	1.000353	-0.000126	6.677246	0.000126	1.000353	2.092728	
798	1.000002	0.000029	5.060181	-0.000029	1.000002	1.884033	
799	1.000426	0.000094	9.371582	-0.000094	1.000426	2.340118	
800	0.999998	0.000135	4.928101	-0.000135	0.999998	1.050171	
801	1.000258	0.000135	8.888550	-0.000135	1.000258	1.153503	
802	0.999862	0.000086	3.748779	-0.000086	0.999862	1.878525	
803	1.002266	-0.000844	6.904724	0.000844	1.002266	0.633858	
804	1.000166	0.000114	4.275513	-0.000114	1.000166	1.002899	
805	1.000129	0.000265	8.203369	-0.000265	1.000129	2.940247	
806	1.000021	0.000082	4.726807	-0.000082	1.000021	1.100433	
807	1.000159	0.000276	8.311035	-0.000276	1.000159	2.879669	
808	1.000116	-0.000022	4.619507	0.000022	1.000116	1.066254	
809	1.000116	-0.000022	4.619507	0.000022	1.000116	1.066254	
810	1.000071	0.000226	4.939575	-0.000226	1.000071	2.195419	
811	1.000171	0.000234	8.059204	-0.000234	1.000171	3.730835	
812	1.000096	-0.000242	3.699097	0.000242	1.000096	0.960449	
813	1.000192	0.000060	7.732300	-0.000060	1.000192	3.205765	
814	1.000103	-0.000011	3.591431	0.000011	1.000103	1.025665	
815	1.000080	-0.000238	6.970825	0.000238	1.000080	3.391754	
816	1.000100	-0.000151	3.102539	0.000151	1.000100	1.082779	
817	1.000089	-0.000104	6.785156	0.000104	1.000089	1.440842	
818	1.000021	0.000023	3.185913	-0.000023	1.000021	1.866730	
819	1.000165	-0.000213	6.431152	0.000213	1.000165	1.419724	
820	0.999899	-0.000088	3.082520	0.000088	0.999899	-0.083832	
821	1.000192	-0.000259	5.453735	0.000259	1.000192	1.098221	
822	0.999775	-0.000288	2.234863	0.000288	0.999775	-1.028458	
823	1.000024	-0.000165	4.497803	0.000165	1.000024	-0.398193	
824	1.000370	0.000354	1.106567	-0.000354	1.000370	0.166656	
825	0.999801	-0.000059	3.442749	0.000059	0.999801	-1.227814	
826	1.000004	0.000000	1.172241	-0.000000	1.000004	-0.003174	
827	0.999961	-0.000085	2.266357	0.000085	0.999961	-0.784012	
828	0.999985	-0.000067	0.634155	0.000067	0.999985	-0.254700	
829	1.000009	-0.000153	0.509033	0.000153	1.000009	-1.349579	
830	0.999924	0.000020	-0.389709	-0.000020	0.999924	-0.305725	
831	0.999965	-0.000122	0.013428	0.000122	0.999965	-0.979187	
832	1.000227	0.000173	-1.315613	-0.000173	1.000227	-0.783173	
833	1.000008	0.000280	-1.002319	-0.000280	1.000008	-0.438644	
834	1.000133	0.000942	-0.832031	-0.000942	1.000133	0.229004	
835	1.000163	0.000991	-2.030701	-0.000991	1.000163	-0.353073	
836	1.000312	0.001036	-1.149536	-0.001036	1.000312	0.749756	
837	1.000339	0.002696	-2.392456	-0.002696	1.000339	1.463379	
838	0.999743	0.000526	-0.129700	-0.000526	0.999743	0.372681	
839	1.000079	0.001744	-1.997375	-0.001744	1.000079	-1.306320	
840	1.000482	0.000105	-1.111328	-0.000105	1.000482	-1.251953	
841	1.001080	0.000581	-1.605408	-0.000581	1.001080	-0.918427	
842	1.000157	-0.000052	-0.911072	0.000052	1.000157	-2.411652	
843	1.000867	-0.000023	-0.809509	0.000023	1.000867	-1.002655	
844	1.000407	0.000186	-0.354187	-0.000186	1.000407	-0.408508	
845	1.005378	-0.000148	-5.744751	0.000148	1.005378	-5.341797	
846	1.006552	-0.000126	-5.230347	0.000126	1.006552	-3.798706	
847	1.009125	-0.000992	-8.040955	0.000992	1.009125	-7.277985	
848	1.002659	-0.000502	-2.043213	0.000502	1.002659	-2.899933	
849	1.005080	0.000311	-4.611206	-0.000311	1.005080	-2.385834	
850	1.003129	-0.000013	-2.777405	0.000013	1.003129	-3.590332	
851	1.008620	-0.000717	-6.585388	0.000717	1.008620	-4.985168	
852	1.005621	-0.000008	-4.607727	0.000008	1.005621	-3.173615	
853	1.007172	-0.000172	-5.546204	0.000172	1.007172	-2.627197	
854	1.002324	0.000043	-1.115417	-0.000043	1.002324	0.628510	
855	1.003066	0.000066	-0.728271	-0.000066	1.003066	3.178467	
856	1.001972	-0.000007	-0.654663	0.000007	1.001972	-0.007263	
857	1.005396	-0.000185	-1.311890	0.000185	1.005396	-0.433014	
858	1.003889	-0.000237	-2.314575	0.000237	1.003889	-1.093201	
859	1.010704	-0.001763	-6.043884	0.001763	1.010704	-6.407562	
860	1.006739	-0.001113	-3.688416	0.001113	1.006739	-4.257324	
861	1.007596	-0.000468	-1.979492	0.000468	1.007596	-2.746674	
862	1.003516	-0.000235	-0.247314	0.000235	1.003516	-1.189636	
863	1.010235	-0.001348	-3.316223	0.001348	1.010235	-4.161041	
864	1.005964	-0.001023	-3.227478	0.001023	1.005964	-2.140076	
865	1.009054	-0.000601	-1.423401	0.000601	1.009054	-2.322418	
866	1.004182	-0.000399	-0.786560	0.000399	1.004182	-0.895477	
867	1.006273	-0.000507	0.562927	0.000507	1.006273	0.105576	
868	1.003081	-0.000334	0.231445	0.000334	1.003081	-0.068512	
869	1.005995	-0.000364	-0.270447	0.000364	1.005995	-0.882431	
870	1.003828	-0.000282	-0.738647	0.000282	1.003828	-0.550385	
871	1.005340	-0.000489	0.798462	0.000489	1.005340	0.836044	
872	1.002040	0.000067	0.263428	-0.000067	1.002040	0.753113	
873	1.005801	-0.000566	-0.129028	0.000566	1.005801	-1.107025	
874	1.001611	-0.000909	0.679077	0.000909	1.001611	-1.068527	
875	1.005710	0.000194	1.037781	-0.000194	1.005710	-0.093338	
876	1.002302	0.000260	0.016846	-0.000260	1.002302	0.161560	
877	1.002619	0.000400	2.737793	-0.000400	1.002619	2.720673	
878	1.000551	-0.000275	2.378357	0.000275	1.000551	0.771545	
879	1.000520	-0.001461	5.237366	0.001461	1.000520	2.384003	
880	1.002121	-0.002090	0.660645	0.002090	1.002121	-1.369476	
881	0.999843	-0.000468	5.428101	0.000468	0.999843	1.224243	
882	1.000687	-0.000321	2.294678	0.000321	1.000687	1.365051	
883	0.999982	-0.000238	4.458923	0.000238	0.999982	3.447556	
884	0.999844	0.000057	2.483887	-0.000057	0.999844	1.460236	
885	0.999966	-0.000241	3.792908	0.000241	0.999966	0.731873	
886	0.999952	-0.000332	1.983704	0.000332	0.999952	0.861877	
887	1.000108	-0.001772	2.300415	0.001772	1.000108	-3.578064	
888	1.000161	-0.000264	-0.894897	0.000264	1.000161	1.119415	
889	1.000079	-0.000389	-5.608948	0.000389	1.000079	2.293289	
890	1.000190	0.000204	-3.065735	-0.000204	1.000190	1.299988	
891	0.999992	-0.000382	-4.555725	0.000382	0.999992	1.874878	
892	1.000082	0.000045	-2.898193	-0.000045	1.000082	0.250763	
893	1.000214	-0.001007	-4.732788	0.001007	1.000214	1.096436	
894	0.999968	-0.000686	-1.850403	0.000686	0.999968	0.634521	
895	0.999686	-0.000425	-3.693787	0.000425	0.999686	0.532150	
896	1.000339	0.000412	-2.756775	-0.000412	1.000339	-0.009705	
897	0.999975	0.000201	-3.222961	-0.000201	0.999975	0.234985	
898	0.999746	-0.000204	-1.841980	0.000204	0.999746	-0.348312	
899	1.000130	0.000123	-2.627075	-0.000123	1.000130	-3.382751	
900	0.999788	-0.000277	-1.476196	0.000277	0.999788	-1.252014	
901	0.999929	-0.000330	-2.367798	0.000330	0.999929	-3.731827	
902	1.000002	-0.000173	-1.755920	0.000173	1.000002	-1.598419	
903	1.000136	0.000352	-1.906555	-0.000352	1.000136	-1.030319	
904	1.000026	0.000085	-2.670715	-0.000085	1.000026	-2.008942	
905	1.000080	-0.000439	-1.755127	0.000439	1.000080	-0.426834	
906	0.999559	-0.001060	-2.591675	0.001060	0.999559	-4.054398	
907	0.999941	-0.000131	-0.902771	0.000131	0.999941	-1.208282	
908	0.999976	-0.000231	-3.378845	0.000231	0.999976	-3.079025	
909	0.999955	0.000285	-1.181091	-0.000285	0.999955	-1.139694	
910	0.999882	0.000284	-2.337585	-0.000284	0.999882	-1.648895	
911	1.000365	0.000063	-1.571228	-0.000063	1.000365	-1.562622	
912	1.000064	-0.000135	-2.536865	0.000135	1.000064	-1.921875	
913	0.999848	-0.000050	-0.627991	0.000050	0.999848	-1.363495	
914	1.000034	0.000142	-2.581604	-0.000142	1.000034	-2.595291	
915	1.000049	-0.000079	-1.096741	0.000079	1.000049	-0.859009	
916	0.999902	0.000131	-2.453857	-0.000131	0.999902	-3.057404	
917	0.999775	0.000076	-1.057861	-0.000076	0.999775	-0.906311	
918	1.000110	0.000068	-1.276184	-0.000068	1.000110	-0.721069	
919	1.000162	-0.000133	-1.122070	0.000133	1.000162	-0.954117	
920	1.000077	0.000177	-0.866150	-0.000177	1.000077	-2.395248	
921	1.000239	0.000026	-1.317322	-0.000026	1.000239	0.021835	
922	1.000084	0.000246	-1.994202	-0.000246	1.000084	-2.078125	
923	0.999790	0.000346	0.660156	-0.000346	0.999790	0.212128	
924	0.999953	0.000275	-1.373657	-0.000275	0.999953	-2.684769	
925	1.000036	-0.000219	0.415527	0.000219	1.000036	-0.091034	
926	0.999970	0.000035	-1.413574	-0.000035	0.999970	-1.116226	
927	1.000446	-0.000268	-0.828186	0.000268	1.000446	-0.890350	
928	1.000022	-0.000036	-1.231873	0.000036	1.000022	0.791931	
929	0.999802	0.000043	-0.941101	-0.000043	0.999802	-0.388763	
930	0.999772	-0.000010	0.366821	0.000010	0.999772	-0.891663	
931	0.999818	-0.000326	0.038940	0.000326	0.999818	-0.623688	
932	0.999916	-0.000047	0.145081	0.000047	0.999916	0.302429	
933	0.999774	-0.000145	0.304810	0.000145	0.999774	-0.249054	
934	1.000031	-0.000174	0.765869	0.000174	1.000031	-0.774261	
935	1.000082	-0.000066	0.788086	0.000066	1.000082	0.551117	
936	0.999889	0.000078	1.178101	-0.000078	0.999889	0.061218	
937	0.999882	-0.000106	1.256592	0.000106	0.999882	-0.461395	
938	0.999575	0.000715	1.433960	-0.000715	0.999575	1.437927	
939	1.000057	-0.000333	1.803772	0.000333	1.000057	-0.417847	
940	0.999880	-0.000031	1.266296	0.000031	0.999880	-0.507355	
941	0.999744	-0.000231	1.018188	0.000231	0.999744	-0.137573	
942	0.999946	0.000465	1.267883	-0.000465	0.999946	-0.806152	
943	1.000345	-0.000026	0.051941	0.000026	1.000345	-0.310913	
944	1.000055	-0.000014	1.922241	0.000014	1.000055	0.032196	
945	0.999940	0.000001	-0.454712	-0.000001	0.999940	-1.465363	
946	1.000021	-0.000106	2.246887	0.000106	1.000021	-0.790680	
947	1.000363	-0.000212	-0.118835	0.000212	1.000363	-1.849335	
948	1.000085	-0.000361	1.707642	0.000361	1.000085	-5.426544	
949	0.999951	-0.000441	1.035767	0.000441	0.999951	-2.019836	
950	0.999982	0.000048	1.919189	-0.000048	0.999982	-5.344940	
951	0.999691	0.000119	0.926270	-0.000119	0.999691	-2.894699	
952	1.000040	0.000417	1.058044	-0.000417	1.000040	-1.364304	
953	1.000245	0.000382	0.638428	-0.000382	1.000245	-1.231079	
954	0.999369	-0.000573	1.514832	0.000573	0.999369	-3.843033	
955	0.999147	-0.002073	1.792603	0.002073	0.999147	-4.102394	
956	0.999893	0.000099	0.265259	-0.000099	0.999893	-2.597885	
957	1.000024	0.000367	1.176880	-0.000367	1.000024	-0.105591	
958	1.000109	-0.000022	0.102356	0.000022	1.000109	-1.600624	
959	1.000111	-0.000476	0.601868	0.000476	1.000111	-1.802902	
960	1.000003	-0.000038	1.330933	0.000038	1.000003	-0.997345	
961	1.000070	-0.000145	0.429993	0.000145	1.000070	-1.162155	
962	1.000092	0.000076	1.786865	-0.000076	1.000092	0.371490	
963	0.999986	-0.000276	0.844910	0.000276	0.999986	-0.133682	
964	1.000013	0.000046	0.688171	-0.000046	1.000013	0.073700	
965	1.000005	0.000237	0.351379	-0.000237	1.000005	0.825241	
966	0.999968	-0.000298	0.167908	0.000298	0.999968	1.009415	
967	1.000428	-0.000115	0.409363	0.000115	1.000428	0.431976	
968	0.999841	-0.000596	0.713562	0.000596	0.999841	0.454636	
969	0.999905	-0.000091	0.103394	0.000091	0.999905	0.631775	
970	1.000066	0.000221	0.795349	-0.000221	1.000066	0.588943	
971	1.000187	-0.000207	-0.436279	0.000207	1.000187	0.513763	
972	0.999450	0.001050	0.630859	-0.001050	0.999450	2.362869	
973	1.000215	-0.000015	0.550903	0.000015	1.000215	0.104401	
974	0.999662	0.000084	0.506409	-0.000084	0.999662	1.427414	
975	1.000356	0.000022	0.127747	-0.000022	1.000356	0.835541	
976	0.999707	-0.000188	-0.812500	0.000188	0.999707	0.437302	
977	0.999910	0.000069	0.150146	-0.000069	0.999910	0.835419	
978	0.999990	0.000305	-0.812134	-0.000305	0.999990	2.534897	
979	0.999714	0.000338	-0.415771	-0.000338	0.999714	0.623199	
980	1.000043	-0.000258	0.921631	0.000258	1.000043	2.033508	
981	0.999976	-0.000199	-0.494873	0.000199	0.999976	-0.054199	
982	0.999802	0.000000	-1.067871	-0.000000	0.999802	1.736572	
983	1.000376	0.000281	0.047791	-0.000281	1.000376	0.667816	
984	0.999626	-0.000017	-0.353271	0.000017	0.999626	2.052765	
985	0.999506	0.000552	0.996094	-0.000552	0.999506	1.503235	
986	0.999965	0.000353	-1.051147	-0.000353	0.999965	1.343506	
987	1.000088	-0.000166	0.335449	0.000166	1.000088	0.608246	
988	0.999963	0.000061	-0.290527	-0.000061	0.999963	1.006409	
989	0.999986	-0.000014	-0.596130	0.000014	0.999986	1.216644	
990	1.000070	0.000210	-0.123657	-0.000210	1.000070	1.090286	
991	1.000164	0.000020	-0.714539	-0.000020	1.000164	-1.019897	
992	1.001428	0.000708	-2.890869	-0.000708	1.001428	1.164688	
993	0.999479	-0.000452	-0.272156	0.000452	0.999479	-1.175125	
994	1.000455	-0.000018	-0.352417	0.000018	1.000455	-0.256912	
995	1.000297	-0.000029	-0.687073	0.000029	1.000297	-0.236176	
996	0.999724	-0.000055	-0.986206	0.000055	0.999724	-1.715988	
997	0.999959	-0.000248	0.097656	0.000248	0.999959	-1.275269	
998	0.999526	0.000078	-0.380249	-0.000078	0.999526	-1.353119	
999	1.000537	0.000141	-0.899292	-0.000141	1.000537	-2.384583	
1000	0.999784	-0.000082	-0.620178	0.000082	0.999784	-2.923279	
1001	0.999878	0.000229	0.026306	-0.000229	0.999878	-1.776917	
1002	1.000039	0.000082	-1.159790	-0.000082	1.000039	-1.119629	
1003	0.999750	-0.000383	0.064026	0.000383	0.999750	-1.182190	
1004	0.999819	0.001365	-0.702148	-0.001365	0.999819	-0.378433	
1005	0.999749	-0.000077	-0.469604	0.000077	0.999749	-1.306580	
1006	0.999813	0.000205	-0.559509	-0.000205	0.999813	-0.676575	
1007	1.000024	-0.000032	-0.724121	0.000032	1.000024	-1.076141	
1008	0.999982	-0.000797	0.284668	0.000797	0.999982	-1.128723	
1009	0.999962	0.000058	-0.921753	-0.000058	0.999962	-0.506516	
1010	1.000005	-0.000837	-0.247559	0.000837	1.000005	-3.664185	
1011	1.000217	-0.000261	-0.067139	0.000261	1.000217	-0.880920	
1012	0.999686	-0.000336	-0.683105	0.000336	0.999686	0.333771	
1013	1.000220	0.001668	-0.866882	-0.001668	1.000220	1.382034	
1014	0.998606	-0.001211	2.254883	0.001211	0.998606	-2.501381	
1015	0.999467	0.000348	0.085815	-0.000348	0.999467	0.729683	
1016	1.000033	0.000060	-0.333679	-0.000060	1.000033	-0.623764	
1017	0.999898	-0.000822	-0.706238	0.000822	0.999898	-0.466995	
1018	1.000063	0.000208	-0.095093	-0.000208	1.000063	0.460564	
1019	1.000085	0.000153	-0.958679	-0.000153	1.000085	-0.037872	
1020	1.000155	0.000187	-0.186157	-0.000187	1.000155	0.704559	
1021	0.999674	-0.000263	-0.175659	0.000263	0.999674	-0.470383	
1022	0.999674	-0.000263	-0.175659	0.000263	0.999674	-0.470383	
1023	0.999864	0.000025	-0.926392	-0.000025	0.999864	0.499939	
1024	0.999791	0.000222	0.607605	-0.000222	0.999791	-0.204758	
1025	1.000270	-0.000090	-1.245728	0.000090	1.000270	0.523743	
1026	1.000087	0.001131	0.306030	-0.001131	1.000087	3.315796	
1027	0.999751	-0.001102	0.187805	0.001102	0.999751	-0.637894	
1028	1.000435	0.000047	-0.351562	-0.000047	1.000435	-0.125671	
1029	1.000145	-0.000345	-0.561951	0.000345	1.000145	-0.277191	
1030	1.000014	-0.000071	-0.599976	0.000071	1.000014	-0.127319	
1031	1.000270	-0.000114	0.795044	0.000114	1.000270	0.449997	
1032	1.000270	-0.000114	0.795044	0.000114	1.000270	0.449997	
1033	1.000200	0.000073	-0.014465	-0.000073	1.000200	0.145554	
1034	1.000044	0.000313	2.485168	-0.000313	1.000044	1.355377	
1035	1.000203	0.000041	0.084595	-0.000041	1.000203	-0.888336	
1036	1.000059	-0.000297	1.793213	0.000297	1.000059	0.258530	
1037	0.999896	0.000045	-0.687744	-0.000045	0.999896	-0.093323	
1038	1.000424	-0.000202	1.556702	0.000202	1.000424	-0.552048	
1039	1.000206	0.000271	-0.331970	-0.000271	1.000206	0.651306	
1040	0.999884	0.000025	-0.520691	-0.000025	0.999884	-1.240753	
1041	1.000046	0.000140	0.903259	-0.000140	1.000046	-0.147675	
1042	0.999733	-0.000010	1.574402	0.000010	0.999733	0.056366	
1043	1.000712	0.000011	-2.438904	-0.000011	1.000712	-2.529419	
1044	1.000148	-0.000104	1.463623	0.000104	1.000148	-0.829681	
1045	1.000085	0.000080	-0.971313	-0.000080	1.000085	-1.641663	
1046	1.000379	0.000920	1.435425	-0.000920	1.000379	-3.806854	
1047	1.000001	0.000184	1.161804	-0.000184	1.000001	-0.637054	
1048	1.000008	-0.000270	-1.216736	0.000270	1.000008	-2.517242	
1049	0.999994	0.000056	-1.310364	-0.000056	0.999994	-0.250671	
1050	0.999633	-0.000188	-1.915833	0.000188	0.999633	-2.261169	
1051	1.000040	0.000072	-2.251831	-0.000072	1.000040	-1.006470	
1052	0.999859	0.000060	0.744995	-0.000060	0.999859	-0.883911	
1053	0.999906	0.000053	-1.360046	-0.000053	0.999906	-0.781952	
1054	0.999966	-0.000038	0.101257	0.000038	0.999966	-1.573486	
1055	1.000206	0.000327	-0.473877	-0.000327	1.000206	-0.628906	
1056	0.999828	0.000122	1.496948	-0.000122	0.999828	-0.584351	
1057	0.999886	0.000128	1.116333	-0.000128	0.999886	-0.300659	
1058	1.000233	0.000122	2.052246	-0.000122	1.000233	-0.205292	
1059	0.999950	-0.000121	1.554810	0.000121	0.999950	-0.385223	
1060	0.999881	0.000275	1.422119	-0.000275	0.999881	1.672211	
1061	1.000240	-0.000196	1.835876	0.000196	1.000240	0.546814	
1062	0.999906	-0.000314	1.886292	0.000314	0.999906	1.799591	
1063	1.000262	-0.000139	-0.229309	0.000139	1.000262	0.220856	
1064	1.000141	0.000160	-1.256348	-0.000160	1.000141	1.201721	
1065	1.000346	0.000226	0.507812	-0.000226	1.000346	1.808655	
1066	0.999978	-0.000107	-0.120422	0.000107	0.999978	0.791260	
1067	1.000432	0.000101	0.287476	-0.000101	1.000432	1.307373	
1068	1.000117	-0.000153	1.468140	0.000153	1.000117	0.936066	
1069	0.999994	0.000045	0.046692	-0.000045	0.999994	0.882233	
1070	1.000240	-0.000087	-2.016602	0.000087	1.000240	1.092896	
1071	1.000176	0.000095	-0.272888	-0.000095	1.000176	0.268188	
1072	1.000059	-0.000015	0.086792	0.000015	1.000059	1.667053	
1073	1.000183	0.000452	0.340393	-0.000452	1.000183	1.487183	
1074	1.000069	-0.000152	-0.840210	0.000152	1.000069	1.710754	
1075	1.000085	0.000480	1.755127	-0.000480	1.000085	2.030411	
1076	0.999899	0.000890	0.878662	-0.000890	0.999899	2.510010	
1077	1.000078	-0.000041	0.962219	0.000041	1.000078	1.210724	
1078	1.000078	-0.000041	0.962219	0.000041	1.000078	1.210724	
1079	1.000268	-0.000125	-0.259949	0.000125	1.000268	1.133453	
1080	1.000195	-0.000799	-1.170471	0.000799	1.000195	1.710938	
1081	0.999925	0.000462	0.252075	-0.000462	0.999925	1.386841	
1082	0.999643	-0.000252	4.981812	0.000252	0.999643	2.159546	
1083	1.000179	-0.000191	0.210693	0.000191	1.000179	0.124359	
1084	1.000389	0.000263	1.738281	-0.000263	1.000389	3.037628	
1085	0.999665	-0.000108	2.290344	0.000108	0.999665	0.577820	
1086	0.999845	0.000572	3.018372	-0.000572	0.999845	2.685516	
1087	0.999903	0.000086	1.427551	-0.000086	0.999903	0.602478	
1088	0.999850	0.000622	0.671143	-0.000622	0.999850	1.564758	
1089	0.999799	-0.000055	1.496094	0.000055	0.999799	0.437012	
1090	0.999904	0.000336	-0.633057	-0.000336	0.999904	0.791931	
1091	1.000105	0.000049	0.509583	-0.000049	1.000105	0.357269	
1092	1.000055	0.000176	-4.028748	-0.000176	1.000055	0.046875	
1093	0.999823	0.000212	1.000793	-0.000212	0.999823	0.047485	
1094	1.000221	0.000083	-3.081909	-0.000083	1.000221	-3.105042	
1095	1.000076	0.000144	-0.444824	-0.000144	1.000076	-2.684570	
1096	1.000385	0.000879	-1.008179	-0.000879	1.000385	-6.133392	
1097	1.000296	0.000359	-0.048462	-0.000359	1.000296	-2.450684	
1098	0.999958	0.000009	0.989868	-0.000009	0.999958	-2.987183	
1099	1.000280	-0.000097	-0.854980	0.000097	1.000280	-1.461090	
1100	1.000116	-0.000091	-1.440613	0.000091	1.000116	-4.058624	
1101	0.999859	0.000324	-0.487183	-0.000324	0.999859	-0.189972	
1102	0.999957	0.000084	0.113220	-0.000084	0.999957	-3.300446	
1103	1.000065	0.000042	1.815063	-0.000042	1.000065	-1.696442	
1104	0.999704	0.000767	1.899048	-0.000767	0.999704	-1.256645	
1105	0.999849	-0.000154	0.687134	0.000154	0.999849	-1.899338	
1106	0.999849	-0.000154	0.687134	0.000154	0.999849	-1.899338	
1107	1.000132	0.000018	2.904785	-0.000018	1.000132	-1.387634	
1108	0.999965	0.000143	0.908264	-0.000143	0.999965	-1.878983	
1109	1.000186	-0.000124	2.359192	0.000124	1.000186	-0.619339	
1110	0.999826	-0.000403	1.050659	0.000403	0.999826	-2.292648	
1111	0.999485	-0.001131	0.710083	0.001131	0.999485	-1.067436	
1112	1.000188	-0.000561	-2.262329	0.000561	1.000188	-2.951363	
1113	1.000090	0.002953	-0.214233	-0.002953	1.000090	3.447739	
1114	1.000428	0.000439	0.614258	-0.000439	1.000428	-1.125008	
1115	1.002171	0.001246	-2.748962	-0.001246	1.002171	-1.082916	
1116	0.999583	-0.000393	5.669983	0.000393	0.999583	1.255310	
1117	0.999940	-0.000019	-0.951965	0.000019	0.999940	-0.940491	
1118	1.002135	0.001096	3.079620	-0.001096	1.002135	-0.562256	
1119	0.999915	-0.000031	0.463867	0.000031	0.999915	1.606445	
1120	1.000471	-0.000339	-0.129639	0.000339	1.000471	0.263000	
1121	0.999723	0.000234	-1.148499	-0.000234	0.999723	1.075439	
1122	1.000148	-0.000342	1.601501	0.000342	1.000148	0.294098	
1123	0.999813	-0.000112	-0.804688	0.000112	0.999813	0.650818	
1124	1.000029	-0.000093	1.786194	0.000093	1.000029	0.430634	
1125	0.999901	-0.000356	-1.176208	0.000356	0.999901	0.029724	
1126	0.999950	-0.000157	-0.840454	0.000157	0.999950	0.637299	
1127	1.000307	0.000278	-0.759216	-0.000278	1.000307	1.269073	
1128	0.999960	-0.000398	0.192322	0.000398	0.999960	-0.367249	
1129	0.999960	0.000687	0.195068	-0.000687	0.999960	0.653320	
1130	1.000028	-0.000260	2.893005	0.000260	1.000028	0.699585	
1131	1.000045	-0.000026	0.799133	0.000026	1.000045	-0.019592	
1132	1.000209	-0.000218	0.084778	0.000218	1.000209	-0.286713	
1133	1.000054	-0.000021	0.234131	0.000021	1.000054	-0.077454	
1134	0.999857	0.000273	0.909790	-0.000273	0.999857	0.073334	
1135	1.000221	-0.000157	1.138794	0.000157	1.000221	-1.211761	
1136	0.999993	0.000064	1.082031	-0.000064	0.999993	-0.801971	
1137	1.000010	-0.000177	-0.670837	0.000177	1.000010	-0.793427	
1138	1.000084	0.000220	-1.037170	-0.000220	1.000084	-1.424164	
1139	0.999931	-0.000044	1.117126	0.000044	0.999931	-1.891846	
1140	1.000177	0.000017	0.753174	-0.000017	1.000177	-1.651764	
1141	0.999629	-0.000039	1.291016	0.000039	0.999629	-0.005951	
1142	0.999683	0.000031	-0.583130	-0.000031	0.999683	-1.614777	
1143	1.000164	0.000089	0.742310	-0.000089	1.000164	-0.738770	
1144	0.999909	0.000090	0.823669	-0.000090	0.999909	-0.659515	
1145	0.999660	-0.000184	-0.961304	0.000184	0.999660	-1.374451	
1146	1.000216	0.000252	-1.560364	-0.000252	1.000216	-0.854462	
1147	0.999766	-0.000014	1.284851	0.000014	0.999766	-0.328857	
1148	1.000000	-0.000306	-0.178589	0.000306	1.000000	-1.951965	
1149	0.999637	0.000020	2.579102	-0.000020	0.999637	-0.166107	
1150	0.999665	-0.000214	2.520630	0.000214	0.999665	-1.040619	
1151	0.999733	0.000295	2.240356	-0.000295	0.999733	-0.441040	
1152	0.999022	-0.001096	4.750610	0.001096	0.999022	-1.459839	
1153	0.999645	0.000241	-0.725830	-0.000241	0.999645	-0.607910	
1154	1.000206	-0.000431	0.531616	0.000431	1.000206	-1.451965	
1155	0.999715	0.000301	-0.617188	-0.000301	0.999715	-0.057251	
1156	0.999747	0.000008	-0.981323	-0.000008	0.999747	-2.587006	
1157	1.000269	0.000192	0.242432	-0.000192	1.000269	-0.614227	
1158	0.999309	-0.000016	3.568115	0.000016	0.999309	-0.360474	
1159	1.000130	0.000110	1.356689	-0.000110	1.000130	-1.546936	
1160	1.000091	0.000539	8.031372	-0.000539	1.000091	1.578278	
1161	0.999825	0.000080	5.701660	-0.000080	0.999825	0.112915	
1162	0.999666	0.000234	11.507935	-0.000234	0.999666	1.285004	
1163	0.999799	-0.000503	8.036255	0.000503	0.999799	0.112793	
1164	0.999947	-0.001238	6.403015	0.001238	0.999947	0.305786	
1165	1.000112	-0.000048	0.154663	0.000048	1.000112	1.766937	
1166	0.999228	-0.000750	-0.079834	0.000750	0.999228	0.756531	
1167	1.000134	-0.000079	-2.281494	0.000079	1.000134	-0.521759	
1168	1.000093	0.000126	-0.893188	-0.000126	1.000093	2.086914	
1169	0.999989	-0.000160	-0.721680	0.000160	0.999989	-0.479034	
1170	1.000450	0.000615	0.010803	-0.000615	1.000450	2.074951	
1171	1.000219	0.000015	0.874573	-0.000015	1.000219	0.359131	
1172	1.000112	-0.000034	1.175842	0.000034	1.000112	0.935242	
1173	0.999967	-0.000061	1.298889	0.000061	0.999967	0.953033	
1174	1.002390	0.000228	-2.348633	-0.000228	1.002390	-0.377983	
1175	1.000097	-0.000186	3.335022	0.000186	1.000097	0.423553	
1176	1.000097	-0.000186	3.335022	0.000186	1.000097	0.423553	
1177	0.999987	-0.000058	0.822937	0.000058	0.999987	-0.620728	
1178	1.000185	0.000110	2.323914	-0.000110	1.000185	-0.353256	
1179	1.000220	0.000074	0.443726	-0.000074	1.000220	0.362061	
1180	0.999886	-0.000160	1.526489	0.000160	0.999886	-2.364929	
1181	0.998567	-0.000557	2.858887	0.000557	0.998567	-0.321350	
1182	0.999832	0.000009	1.500977	-0.000009	0.999832	-2.298584	
1183	0.999993	0.000153	1.282227	-0.000153	0.999993	-0.846954	
1184	1.000054	0.000048	1.056335	-0.000048	1.000054	-1.439392	
1185	0.999668	-0.000166	1.193848	0.000166	0.999668	-0.569305	
1186	1.000047	-0.000073	0.779358	0.000073	1.000047	-1.581085	
1187	1.000066	-0.000097	0.332947	0.000097	1.000066	-1.622726	
1188	0.999912	0.000087	0.832642	-0.000087	0.999912	-2.773743	
1189	1.000506	0.000697	0.635620	-0.000697	1.000506	-0.155884	
1190	0.999996	-0.000030	0.048706	0.000030	0.999996	-1.759918	
1191	1.000318	-0.000287	1.075623	0.000287	1.000318	-2.012268	
1192	1.000008	0.000028	-0.001221	-0.000028	1.000008	-1.970917	
1193	1.000232	-0.000234	0.469604	0.000234	1.000232	-0.827454	
1194	0.999640	-0.000330	0.135620	0.000330	0.999640	-0.572876	
1195	1.000432	-0.000152	0.378845	0.000152	1.000432	-1.219360	
1196	1.000117	0.000165	-0.306091	-0.000165	1.000117	0.946503	
1197	1.000052	-0.000066	0.098511	0.000066	1.000052	-0.102539	
1198	0.999797	-0.000137	0.343018	0.000137	0.999797	-0.238922	
1199	1.000077	0.000050	0.477600	-0.000050	1.000077	0.120819	
1200	0.999856	0.000052	-0.232910	-0.000052	0.999856	0.915375	
1201	1.000500	0.000222	0.177063	-0.000222	1.000500	0.123383	
1202	0.998386	0.000868	2.407410	-0.000868	0.998386	1.894226	
1203	1.000104	0.000470	-0.178467	-0.000470	1.000104	0.605530	
1204	0.999456	-0.000022	1.442749	0.000022	0.999456	1.731873	
1205	0.999662	0.000108	0.079346	-0.000108	0.999662	1.331207	
1206	0.999741	0.000022	-0.369995	-0.000022	0.999741	3.281982	
1207	1.000172	0.000045	-0.566895	-0.000045	1.000172	0.614319	
1208	1.000227	-0.000453	-0.892090	0.000453	1.000227	2.078430	
1209	0.999995	0.000011	-0.051392	-0.000011	0.999995	1.238159	
1210	1.000225	0.000193	-0.263062	-0.000193	1.000225	2.451874	
1211	1.000208	-0.000254	-0.806030	0.000254	1.000208	1.127838	
1212	0.999995	-0.000248	1.106567	0.000248	0.999995	1.738525	
1213	0.999822	0.000201	-0.091858	-0.000201	0.999822	1.118866	
1214	0.999326	0.000144	0.094604	-0.000144	0.999326	2.423813	
1215	0.999944	0.000142	0.884521	-0.000142	0.999944	1.284698	
1216	1.000240	0.000136	-1.034485	-0.000136	1.000240	2.410400	
1217	0.999668	0.000244	0.940002	-0.000244	0.999668	1.693878	
1218	0.999943	0.000009	0.792664	-0.000009	0.999943	0.815445	
1219	1.000278	-0.000042	-0.786743	0.000042	1.000278	0.990387	
1220	1.000041	-0.000156	0.736877	0.000156	1.000041	1.748337	
1221	0.999918	0.000104	-0.667419	-0.000104	0.999918	0.205185	
1222	1.000155	-0.000169	0.847290	0.000169	1.000155	0.227692	
1223	1.000013	0.000196	-0.696350	-0.000196	1.000013	0.278732	
1224	1.000168	0.000153	0.912964	-0.000153	1.000168	0.300735	
1225	0.999625	-0.000190	1.198425	0.000190	0.999625	-1.064545	
1226	1.000079	-0.000186	0.926880	0.000186	1.000079	-1.397446	
1227	0.999762	0.000127	0.401428	-0.000127	0.999762	-0.950180	
1228	0.999696	-0.000029	1.826355	0.000029	0.999696	-3.545242	
1229	0.999845	-0.000024	0.955811	0.000024	0.999845	-0.631668	
1230	0.999938	0.000150	0.578735	-0.000150	0.999938	-1.768417	
1231	1.000210	-0.000030	0.712036	0.000030	1.000210	-1.194778	
1232	0.999421	-0.000063	2.641724	0.000063	0.999421	-1.697006	
1233	1.000206	0.000032	-0.191528	-0.000032	1.000206	-1.614807	
1234	1.000112	-0.000142	1.880920	0.000142	1.000112	-0.610931	
1235	1.000184	0.000137	-0.142334	-0.000137	1.000184	-0.876450	
1236	1.000074	0.000148	2.715332	-0.000148	1.000074	-0.957764	
1237	0.999660	0.000532	1.453491	-0.000532	0.999660	0.724030	
1238	1.000049	0.000379	1.928223	-0.000379	1.000049	-1.194519	
1239	1.000686	0.000505	6.978271	-0.000505	1.000686	-1.181961	
1240	1.000081	0.000454	6.298584	-0.000454	1.000081	1.228989	
1241	0.999634	-0.000006	15.808411	0.000006	0.999634	-1.152878	
1242	0.999988	-0.000975	8.975342	0.000975	0.999988	-2.031754	
1243	0.999931	0.000582	17.974670	-0.000582	0.999931	0.777374	
1244	0.999939	0.000184	7.889404	-0.000184	0.999939	-0.150284	
1245	1.000446	-0.000001	17.204834	0.000001	1.000446	0.212296	
1246	0.999797	-0.000172	8.723999	0.000172	0.999797	-0.759171	
1247	1.000043	-0.000095	16.525391	0.000095	1.000043	0.067947	
1248	0.999783	0.000409	6.748291	-0.000409	0.999783	-0.505142	
1249	1.000043	0.000268	16.420776	-0.000268	1.000043	1.657745	
1250	1.000108	0.000300	6.879578	-0.000300	1.000108	0.609543	
1251	0.999746	0.000570	15.454712	-0.000570	0.999746	2.620239	
1252	1.000332	0.000411	7.301147	-0.000411	1.000332	1.412720	
1253	0.999910	-0.000009	14.171021	0.000009	0.999910	3.117584	
1254	1.000923	-0.000841	5.338501	0.000841	1.000923	-0.744125	
1255	0.999949	-0.000047	13.965820	0.000047	0.999949	0.948257	
1256	0.999946	-0.000006	6.983765	0.000006	0.999946	1.164154	
1257	0.999858	0.000163	13.627197	-0.000163	0.999858	1.777802	
1258	0.999997	0.000098	7.342407	-0.000098	0.999997	0.618073	
1259	1.000012	0.000345	15.283325	-0.000345	1.000012	2.096893	
1260	1.000043	0.000056	7.604187	-0.000056	1.000043	0.733063	
1261	0.999832	0.000332	15.987061	-0.000332	0.999832	1.100861	
1262	0.999998	0.000025	7.307678	-0.000025	0.999998	0.244690	
1263	1.000169	-0.000160	13.948303	0.000160	1.000169	0.236755	
1264	0.999825	-0.000084	6.002075	0.000084	0.999825	0.296143	
1265	1.000236	0.000008	12.372437	-0.000008	1.000236	-1.274719	
1266	1.000234	-0.000167	6.218567	0.000167	1.000234	-1.206436	
1267	1.000008	-0.000232	12.020935	0.000232	1.000008	-2.643738	
1268	1.000193	0.000224	5.183228	-0.000224	1.000193	-1.657303	
1269	1.000081	-0.000118	11.462158	0.000118	1.000081	-3.599625	
1270	1.000178	-0.000242	4.133118	0.000242	1.000178	-2.217773	
1271	1.000129	-0.000337	6.274109	0.000337	1.000129	-7.453812	
1272	1.000106	-0.000065	1.593811	0.000065	1.000106	-2.786163	
1273	0.999986	0.000054	0.802551	-0.000054	0.999986	-6.024963	
1274	1.000364	0.000051	0.186768	-0.000051	1.000364	-3.361603	
1275	0.999953	-0.000184	1.217102	0.000184	0.999953	-4.182709	
1276	1.000011	0.000134	1.022461	-0.000134	1.000011	-2.262909	
1277	1.000251	0.000479	0.060486	-0.000479	1.000251	-3.572540	
1278	0.999549	-0.000452	1.285706	0.000452	0.999549	-2.634308	
1279	1.000007	0.000105	-0.846558	-0.000105	1.000007	-5.999817	
1280	0.999970	-0.000164	-0.246582	0.000164	0.999970	-1.605133	
1281	0.999969	-0.000320	-1.437927	0.000320	0.999969	-4.445404	
1282	0.999963	0.000030	0.309021	-0.000030	0.999963	-4.461670	
