0	1.000000	0.000000	0.000000	0.000000	1.000000	0.000000	
1	0.995824	-0.004970	7.697815	0.004970	0.995824	1.531677	
2	0.998653	-0.000902	1.749573	0.000902	0.998653	0.520325	
3	0.999717	-0.000048	0.293884	0.000048	0.999717	0.122620	
4	0.999490	0.000129	0.575500	-0.000129	0.999490	0.327942	
5	0.999998	-0.000001	0.003235	0.000001	0.999998	0.000732	
6	1.000291	-0.000058	-0.107117	0.000058	1.000291	-0.496765	
7	0.999981	-0.000045	0.166382	0.000045	0.999981	-0.073120	
8	1.000342	0.000159	-0.206055	-0.000159	1.000342	-0.285828	
9	1.000342	0.000159	-0.206055	-0.000159	1.000342	-0.285828	
10	1.000125	0.000096	-0.133484	-0.000096	1.000125	-0.085510	
11	1.000140	0.000132	-0.065063	-0.000132	1.000140	0.049805	
12	1.000050	0.000045	-0.035828	-0.000045	1.000050	0.005859	
13	1.000050	0.000045	-0.035828	-0.000045	1.000050	0.005859	
14	1.000112	-0.000467	0.414062	0.000467	1.000112	-0.158447	
15	1.000000	0.000091	0.144470	-0.000091	1.000000	0.062195	
16	0.997799	-0.000907	1.207001	0.000907	0.997799	1.657104	
17	0.999985	-0.000066	0.129272	0.000066	0.999985	0.011841	
18	0.999922	0.000162	-0.090088	-0.000162	0.999922	0.189331	
19	0.999896	-0.000058	0.139282	0.000058	0.999896	0.082031	
20	0.999838	0.000006	0.151184	-0.000006	0.999838	0.162476	
21	0.999631	-0.000013	0.386841	0.000013	0.999631	0.331177	
22	1.000070	0.000016	-0.002319	-0.000016	1.000070	-0.057007	
23	1.000032	-0.000038	0.091919	0.000038	1.000032	-0.085876	
24	1.000104	-0.000002	-0.044800	0.000002	1.000104	-0.087708	
25	1.000244	-0.000058	-0.060974	0.000058	1.000244	-0.217102	
26	0.999781	-0.000187	0.225403	0.000187	0.999781	0.092407	
27	1.000108	0.000087	-0.151978	-0.000087	1.000108	-0.026245	
28	0.999776	0.000053	0.030090	-0.000053	0.999776	0.196533	
29	1.000082	0.000122	-0.297546	-0.000122	1.000082	-0.011963	
30	1.000147	0.000131	-0.233765	-0.000131	1.000147	-0.061401	
31	1.000637	0.000140	-0.502197	-0.000140	1.000637	-0.400879	
32	1.000102	0.000253	-0.282593	-0.000253	1.000102	0.038513	
33	1.000112	0.000106	-0.220642	-0.000106	1.000112	-0.051147	
34	1.000183	0.000122	-0.271851	-0.000122	1.000183	-0.098022	
35	1.000201	0.000006	-0.211304	-0.000006	1.000201	-0.184814	
36	1.000065	-0.000103	0.009888	0.000103	1.000065	-0.095825	
37	1.000058	0.000005	-0.105896	-0.000005	1.000058	-0.066711	
38	1.000037	0.000102	-0.106873	-0.000102	1.000037	-0.001648	
39	1.000051	0.000093	-0.110535	-0.000093	1.000051	-0.016724	
40	1.000137	-0.000064	-0.041443	0.000064	1.000137	-0.143677	
41	0.999749	-0.000013	0.087585	0.000013	0.999749	0.174866	
42	0.999664	0.000061	0.100525	-0.000061	0.999664	0.270020	
43	0.999749	-0.000053	0.126404	0.000053	0.999749	0.175415	
44	0.999880	-0.000072	0.062439	0.000072	0.999880	0.067383	
45	0.999852	-0.000118	0.083374	0.000118	0.999852	0.077209	
46	1.000044	0.000019	-0.020630	-0.000019	1.000044	0.004028	
47	1.000184	0.000131	-0.194336	-0.000131	1.000184	-0.057129	
48	1.000182	0.000302	-0.363403	-0.000302	1.000182	0.028198	
49	1.000142	0.000079	-0.215637	-0.000079	1.000142	-0.065857	
50	0.999928	-0.000057	0.044678	0.000057	0.999928	0.029846	
51	0.999715	-0.000084	0.048218	0.000084	0.999715	0.206360	
52	0.999924	0.000019	-0.028320	-0.000019	0.999924	0.072449	
53	0.999777	0.000052	-0.291992	-0.000052	0.999777	0.250916	
54	0.999996	0.000001	0.006836	-0.000001	0.999996	0.004944	
55	0.999362	0.000082	0.104187	-0.000082	0.999362	0.594177	
56	0.997470	0.000366	0.669861	-0.000366	0.997470	2.912537	
57	0.997470	0.000366	0.669861	-0.000366	0.997470	2.912537	
58	1.000000	-0.000000	0.001343	0.000000	1.000000	0.000183	
59	1.000000	-0.000000	0.001343	0.000000	1.000000	0.000183	
60	0.999801	0.001356	-3.772827	-0.001356	0.999801	0.696838	
61	0.999801	0.001356	-3.772827	-0.001356	0.999801	0.696838	
62	0.999996	-0.000003	0.007080	0.000003	0.999996	-0.000610	
63	0.999996	-0.000003	0.007080	0.000003	0.999996	-0.000610	
64	1.000046	0.000436	-0.777588	-0.000436	1.000046	0.233215	
65	1.000046	0.000436	-0.777588	-0.000436	1.000046	0.233215	
66	1.000014	-0.000004	0.003235	0.000004	1.000014	-0.018127	
67	1.000424	-0.001689	1.165039	0.001689	1.000424	-3.080994	
68	1.001558	-0.000601	-1.884033	0.000601	1.001558	-2.212158	
69	1.000239	-0.000341	0.074829	0.000341	1.000239	-0.532593	
70	1.000005	0.000001	-0.003174	-0.000001	1.000005	-0.002625	
71	0.999104	0.000569	0.486206	-0.000569	0.999104	0.900330	
72	1.000351	-0.000043	-0.312500	0.000043	1.000351	-0.438477	
73	1.000129	-0.000119	0.332397	0.000119	1.000129	-0.222717	
74	1.000000	-0.000003	0.002258	0.000003	1.000000	-0.003723	
75	1.000334	-0.000129	-0.275879	0.000129	1.000334	-0.195251	
76	0.999872	-0.000042	0.291382	0.000042	0.999872	0.164062	
77	1.000040	0.000060	-0.109497	-0.000060	1.000040	0.075928	
78	1.000002	0.000001	-0.005554	-0.000001	1.000002	0.001465	
79	1.000247	0.000144	-0.484619	-0.000144	1.000247	-0.084229	
80	1.000264	0.000076	-0.420044	-0.000076	1.000264	-0.154297	
81	1.000326	-0.000085	-0.307983	0.000085	1.000326	-0.481750	
82	1.000005	0.000004	-0.005554	-0.000004	1.000005	-0.003357	
83	1.000263	0.000127	-0.570679	-0.000127	1.000263	-0.108215	
84	0.999945	0.000096	-0.064209	-0.000096	0.999945	0.151489	
85	0.999936	-0.000071	-0.127319	0.000071	0.999936	-0.111938	
86	0.999977	0.000007	0.004761	-0.000007	0.999977	0.021240	
87	0.999909	0.000298	-0.242554	-0.000298	0.999909	0.499878	
88	0.999808	0.000282	-0.020996	-0.000282	0.999808	0.561829	
89	0.999906	0.000160	-0.197144	-0.000160	0.999906	0.277405	
90	0.999982	-0.000000	0.008850	0.000000	0.999982	0.014038	
91	0.999647	0.000179	0.205811	-0.000179	0.999647	0.485840	
92	0.999881	0.000009	0.058228	-0.000009	0.999881	0.087708	
93	1.000010	0.000123	-0.191895	-0.000123	1.000010	0.157532	
94	0.999988	0.000000	0.009583	-0.000000	0.999988	0.011292	
95	0.999551	0.000223	0.399414	-0.000223	0.999551	0.664734	
96	0.999784	0.000087	0.189697	-0.000087	0.999784	0.264221	
97	1.000003	0.000011	0.006958	-0.000011	1.000003	-0.041931	
98	1.000001	0.000005	-0.004639	-0.000005	1.000001	0.001282	
99	1.002088	0.000836	-3.414917	-0.000836	1.002088	-0.670898	
100	0.999998	-0.000128	0.171387	0.000128	0.999998	-0.135010	
101	0.999998	-0.000128	0.171387	0.000128	0.999998	-0.135010	
102	1.000005	-0.000000	-0.006042	0.000000	1.000005	-0.004456	
103	1.000005	-0.000000	-0.006042	0.000000	1.000005	-0.004456	
104	1.000005	-0.000000	-0.006042	0.000000	1.000005	-0.004456	
105	1.000005	-0.000000	-0.006042	0.000000	1.000005	-0.004456	
106	1.000003	-0.000003	-0.001099	0.000003	1.000003	-0.005798	
107	1.000003	-0.000003	-0.001099	0.000003	1.000003	-0.005798	
108	0.997873	0.000338	2.265137	-0.000338	0.997873	2.194275	
109	0.997873	0.000338	2.265137	-0.000338	0.997873	2.194275	
110	1.000000	0.000003	-0.000977	-0.000003	1.000000	0.003418	
111	1.000194	0.000297	-0.190369	-0.000297	1.000194	0.222961	
112	0.999937	0.000050	0.126221	-0.000050	0.999937	0.145325	
113	0.999937	0.000050	0.126221	-0.000050	0.999937	0.145325	
114	1.000003	-0.000002	-0.001282	0.000002	1.000003	-0.003967	
115	0.999923	0.000395	-0.007019	-0.000395	0.999923	0.442932	
116	1.000103	0.000036	0.050903	-0.000036	1.000103	-0.086609	
117	1.000103	0.000036	0.050903	-0.000036	1.000103	-0.086609	
118	1.000001	-0.000000	-0.001892	0.000000	1.000001	-0.000427	
119	0.999551	-0.000055	0.627563	0.000055	0.999551	0.182373	
120	1.003891	-0.011714	8.172913	0.011714	1.003891	-15.284058	
121	1.003891	-0.011714	8.172913	0.011714	1.003891	-15.284058	
122	1.000000	0.000001	-0.001404	-0.000001	1.000000	0.002380	
123	1.000000	0.000001	-0.001404	-0.000001	1.000000	0.002380	
124	1.000000	0.000001	-0.001404	-0.000001	1.000000	0.002380	
125	1.000000	0.000001	-0.001404	-0.000001	1.000000	0.002380	
126	0.999996	0.000002	0.002136	-0.000002	0.999996	0.004089	
127	0.999996	0.000002	0.002136	-0.000002	0.999996	0.004089	
128	1.000155	-0.000209	0.053894	0.000209	1.000155	-0.316650	
129	1.000155	-0.000209	0.053894	0.000209	1.000155	-0.316650	
130	1.000004	-0.000002	-0.001953	0.000002	1.000004	-0.007690	
131	0.999310	0.000203	0.541138	-0.000203	0.999310	0.463623	
132	0.999614	0.000130	0.229614	-0.000130	0.999614	0.382446	
133	0.999614	0.000130	0.229614	-0.000130	0.999614	0.382446	
134	0.999998	0.000003	0.000244	-0.000003	0.999998	0.005249	
135	0.999998	0.000003	0.000244	-0.000003	0.999998	0.005249	
136	0.999998	0.000003	0.000244	-0.000003	0.999998	0.005249	
137	0.999998	0.000003	0.000244	-0.000003	0.999998	0.005249	
138	1.000003	-0.000005	0.002441	0.000005	1.000003	-0.008545	
139	1.000003	-0.000005	0.002441	0.000005	1.000003	-0.008545	
140	1.000003	-0.000005	0.002441	0.000005	1.000003	-0.008545	
141	1.000003	-0.000005	0.002441	0.000005	1.000003	-0.008545	
142	1.000000	0.000010	-0.007629	-0.000010	1.000000	0.011902	
143	1.000000	0.000010	-0.007629	-0.000010	1.000000	0.011902	
144	1.000000	0.000010	-0.007629	-0.000010	1.000000	0.011902	
145	1.000000	0.000010	-0.007629	-0.000010	1.000000	0.011902	
146	0.999996	0.000003	0.000183	-0.000003	0.999996	0.006165	
147	0.999996	0.000003	0.000183	-0.000003	0.999996	0.006165	
148	0.999996	0.000003	0.000183	-0.000003	0.999996	0.006165	
149	0.999996	0.000003	0.000183	-0.000003	0.999996	0.006165	
150	1.000001	-0.000007	0.002014	0.000007	1.000001	-0.010864	
151	1.000001	-0.000007	0.002014	0.000007	1.000001	-0.010864	
152	0.982669	0.002602	16.896118	-0.002602	0.982669	9.461304	
153	0.982669	0.002602	16.896118	-0.002602	0.982669	9.461304	
154	1.000001	0.000007	-0.008057	-0.000007	1.000001	0.005066	
155	1.000001	0.000007	-0.008057	-0.000007	1.000001	0.005066	
156	0.999111	-0.000097	1.285889	0.000097	0.999111	0.546265	
157	0.999111	-0.000097	1.285889	0.000097	0.999111	0.546265	
158	1.000000	-0.000002	0.001831	0.000002	1.000000	-0.002380	
159	1.000000	-0.000002	0.001831	0.000002	1.000000	-0.002380	
160	1.000000	-0.000002	0.001831	0.000002	1.000000	-0.002380	
161	1.000000	-0.000002	0.001831	0.000002	1.000000	-0.002380	
162	1.000004	0.000004	-0.006836	-0.000004	1.000004	0.001099	
163	1.000004	0.000004	-0.006836	-0.000004	1.000004	0.001099	
164	0.999463	-0.000607	0.864258	0.000607	0.999463	-0.318604	
165	0.999463	-0.000607	0.864258	0.000607	0.999463	-0.318604	
166	1.000004	0.000005	-0.010620	-0.000005	1.000004	0.002075	
167	1.000004	0.000005	-0.010620	-0.000005	1.000004	0.002075	
168	1.000480	0.000397	-0.884033	-0.000397	1.000480	0.052368	
169	1.000480	0.000397	-0.884033	-0.000397	1.000480	0.052368	
170	1.000000	-0.000004	0.004150	0.000004	1.000000	-0.003723	
171	1.000000	-0.000004	0.004150	0.000004	1.000000	-0.003723	
172	1.000000	-0.000004	0.004150	0.000004	1.000000	-0.003723	
173	1.000000	-0.000004	0.004150	0.000004	1.000000	-0.003723	
174	1.000001	-0.000004	0.001831	0.000004	1.000001	-0.004700	
175	1.000001	-0.000004	0.001831	0.000004	1.000001	-0.004700	
176	0.999218	0.001185	0.195984	-0.001185	0.999218	1.438049	
177	0.999218	0.001185	0.195984	-0.001185	0.999218	1.438049	
178	0.999997	0.000003	-0.001221	-0.000003	0.999997	0.007568	
179	0.999997	0.000003	-0.001221	-0.000003	0.999997	0.007568	
180	0.999997	0.000003	-0.001221	-0.000003	0.999997	0.007568	
181	0.999997	0.000003	-0.001221	-0.000003	0.999997	0.007568	
182	1.000000	0.000002	-0.001953	-0.000002	1.000000	0.002502	
183	1.000044	0.000277	-0.164551	-0.000277	1.000044	0.224060	
184	1.000133	0.000533	-0.292847	-0.000533	1.000133	0.437317	
185	1.000133	0.000533	-0.292847	-0.000533	1.000133	0.437317	
186	0.999997	0.000001	0.001953	-0.000001	0.999997	0.003662	
187	0.999997	0.000001	0.001953	-0.000001	0.999997	0.003662	
188	0.999092	0.001165	-0.348206	-0.001165	0.999092	2.129395	
189	1.000172	-0.000155	0.033691	0.000155	1.000172	-0.616882	
190	0.998615	0.000323	0.784424	-0.000323	0.998615	1.869385	
191	0.999793	0.000164	-0.128906	-0.000164	0.999793	0.500977	
192	1.000870	-0.001869	1.371155	0.001869	1.000870	-2.348083	
193	0.999645	0.000599	-0.170898	-0.000599	0.999645	0.967651	
194	1.000176	-0.000003	-0.092896	0.000003	1.000176	-0.250549	
195	1.000423	0.000116	-0.699280	-0.000116	1.000423	-0.511536	
196	1.000893	0.000315	-1.087524	-0.000315	1.000893	-0.241272	
197	1.000893	0.000315	-1.087524	-0.000315	1.000893	-0.241272	
198	1.000251	0.000447	-0.318787	-0.000447	1.000251	0.188721	
199	0.999937	0.000134	-0.088013	-0.000134	0.999937	0.186584	
200	0.999959	-0.000073	-0.012939	0.000073	0.999959	-0.131836	
201	1.000357	0.000182	-0.553467	-0.000182	1.000357	-0.367615	
202	1.000357	0.000182	-0.553467	-0.000182	1.000357	-0.367615	
203	0.999058	0.001124	0.413696	-0.001124	0.999058	2.420105	
204	1.000116	0.000066	-0.191162	-0.000066	1.000116	-0.027344	
205	1.000186	-0.000064	-0.083496	0.000064	1.000186	-0.173340	
206	0.999988	-0.000117	0.057983	0.000117	0.999988	-0.097839	
207	1.000447	0.000057	-0.533936	-0.000057	1.000447	-0.247925	
208	1.000307	0.000097	-0.450562	-0.000097	1.000307	-0.167175	
209	1.000083	0.000065	-0.096436	-0.000065	1.000083	0.016602	
210	1.000253	0.000168	-0.518188	-0.000168	1.000253	-0.034546	
211	1.000129	0.000153	-0.259766	-0.000153	1.000129	0.140869	
212	1.000229	0.000044	-0.314941	-0.000044	1.000229	-0.070862	
213	1.000223	0.000017	-0.285156	-0.000017	1.000223	-0.059021	
214	1.000212	0.000051	-0.280151	-0.000051	1.000212	0.047424	
215	1.000162	0.000041	-0.183594	-0.000041	1.000162	-0.002808	
216	1.000111	0.000148	-0.167847	-0.000148	1.000111	0.163818	
217	1.000055	0.000101	-0.037598	-0.000101	1.000055	0.189331	
218	1.000098	0.000077	-0.024780	-0.000077	1.000098	0.048401	
219	1.000238	0.000045	-0.216797	-0.000045	1.000238	-0.230408	
220	1.000026	-0.000061	0.064941	0.000061	1.000026	-0.114746	
221	0.999919	-0.000005	0.083618	0.000005	0.999919	0.170166	
222	0.999800	0.000053	0.221924	-0.000053	0.999800	0.317810	
223	0.999952	-0.000052	0.074219	0.000052	0.999952	-0.022766	
224	0.999909	-0.000001	0.110352	0.000001	0.999909	0.186401	
225	0.999677	0.000039	0.374268	-0.000039	0.999677	0.488281	
226	0.999620	0.000011	0.442383	-0.000011	0.999620	0.443970	
227	0.999615	0.000016	0.497437	-0.000016	0.999615	0.402832	
228	0.999598	-0.000102	0.582153	0.000102	0.999598	0.341064	
229	0.998737	0.000046	1.444092	-0.000046	0.998737	1.505676	
230	0.998737	0.000046	1.444092	-0.000046	0.998737	1.505676	
231	0.999489	-0.000426	0.862183	0.000426	0.999489	-0.045349	
232	0.999289	-0.000074	0.821045	0.000074	0.999289	0.531677	
233	0.999289	-0.000074	0.821045	0.000074	0.999289	0.531677	
234	0.999289	-0.000074	0.821045	0.000074	0.999289	0.531677	
235	0.999289	-0.000074	0.821045	0.000074	0.999289	0.531677	
236	0.999289	-0.000074	0.821045	0.000074	0.999289	0.531677	
237	0.999886	0.000089	0.038452	-0.000089	0.999886	0.285645	
238	0.999886	0.000089	0.038452	-0.000089	0.999886	0.285645	
239	1.000003	0.000010	-0.013672	-0.000010	1.000003	0.007263	
240	1.000003	0.000010	-0.013672	-0.000010	1.000003	0.007263	
241	0.999702	0.000022	0.228821	-0.000022	0.999702	0.188354	
242	0.999702	0.000022	0.228821	-0.000022	0.999702	0.188354	
243	0.999997	0.000011	-0.007935	-0.000011	0.999997	0.013611	
244	0.999997	0.000011	-0.007935	-0.000011	0.999997	0.013611	
245	0.999997	0.000011	-0.007935	-0.000011	0.999997	0.013611	
246	0.999997	0.000011	-0.007935	-0.000011	0.999997	0.013611	
247	1.000004	0.000007	-0.011353	-0.000007	1.000004	0.003540	
248	1.000004	0.000007	-0.011353	-0.000007	1.000004	0.003540	
249	1.000004	0.000007	-0.011353	-0.000007	1.000004	0.003540	
250	1.000004	0.000007	-0.011353	-0.000007	1.000004	0.003540	
251	1.000003	0.000002	-0.004639	-0.000002	1.000003	-0.001526	
252	1.000003	0.000002	-0.004639	-0.000002	1.000003	-0.001526	
253	0.999775	0.000483	0.114136	-0.000483	0.999775	0.546692	
254	0.999775	0.000483	0.114136	-0.000483	0.999775	0.546692	
255	1.000006	-0.000009	0.002563	0.000009	1.000006	-0.013916	
256	1.000052	-0.000039	0.026978	0.000039	1.000052	-0.020996	
257	1.000036	-0.000268	0.074463	0.000268	1.000036	-0.299561	
258	0.999917	-0.000003	0.026733	0.000003	0.999917	0.065613	
259	1.000000	0.000005	-0.004150	-0.000005	1.000000	0.004639	
260	0.999959	-0.000022	0.057739	0.000022	0.999959	-0.008728	
261	1.000361	-0.000328	-0.181519	0.000328	1.000361	-0.395447	
262	1.000361	-0.000328	-0.181519	0.000328	1.000361	-0.395447	
263	0.999998	-0.000004	0.004883	0.000004	0.999998	-0.004456	
264	0.998695	-0.002192	3.799927	0.002192	0.998695	-1.025208	
265	0.999617	-0.000243	0.593018	0.000243	0.999617	0.093689	
266	0.994693	-0.001774	7.088257	0.001774	0.994693	3.555969	
267	0.999989	-0.000005	0.011841	0.000005	0.999989	0.008301	
268	0.998148	-0.001170	3.044922	0.001170	0.998148	0.886841	
269	0.999228	0.000383	0.339478	-0.000383	0.999228	1.262451	
270	0.999906	-0.000101	0.043579	0.000101	0.999906	0.047363	
271	0.999997	0.000003	-0.002197	-0.000003	0.999997	0.010437	
272	0.999968	0.000062	-0.027832	-0.000062	0.999968	0.144043	
273	0.998822	0.000519	0.703735	-0.000519	0.998822	1.992004	
274	1.000029	0.000009	-0.023193	-0.000009	1.000029	0.029297	
275	0.999999	0.000007	-0.005371	-0.000007	0.999999	0.006897	
276	0.995891	-0.001079	5.115112	0.001079	0.995891	3.244934	
277	0.999410	0.000684	-0.112915	-0.000684	0.999410	1.763000	
278	1.000007	-0.000034	0.021729	0.000034	1.000007	0.027039	
279	1.000005	0.000002	-0.004395	-0.000002	1.000005	0.005432	
280	0.995346	-0.003451	7.740356	0.003451	0.995346	1.460876	
281	0.999553	-0.000062	0.455078	0.000062	0.999553	0.810669	
282	0.999934	0.000011	0.067017	-0.000011	0.999934	0.194397	
283	1.000005	-0.000010	0.004028	0.000010	1.000005	-0.001526	
284	0.995228	-0.001712	6.223145	0.001712	0.995228	3.459351	
285	0.999638	0.000294	0.046814	-0.000294	0.999638	1.028931	
286	0.999954	0.000060	-0.013794	-0.000060	0.999954	0.162598	
287	1.000010	0.000009	-0.019287	-0.000009	1.000010	0.017578	
288	0.996560	-0.000096	3.645508	0.000096	0.996560	3.668640	
289	0.999372	0.000039	0.571777	-0.000039	0.999372	1.012329	
290	0.999690	0.000168	0.167236	-0.000168	0.999690	0.605713	
291	1.000003	-0.000005	0.000122	0.000005	1.000003	-0.007263	
292	0.998028	0.002532	-0.338257	-0.002532	0.998028	5.098999	
293	0.999435	0.000330	0.328979	-0.000330	0.999435	1.291138	
294	0.999880	-0.000061	0.200928	0.000061	0.999880	0.124023	
295	0.999996	0.000042	-0.027954	-0.000042	0.999996	0.056824	
296	0.997019	-0.001483	4.446655	0.001483	0.997019	1.725769	
297	0.999795	0.000150	0.067261	-0.000150	0.999795	0.772766	
298	0.999934	0.000012	0.063721	-0.000012	0.999934	0.152039	
299	1.000004	0.000031	-0.031372	-0.000031	1.000004	0.046936	
300	0.998935	0.001437	-0.299438	-0.001437	0.998935	2.952087	
301	0.999691	0.000045	0.284302	-0.000045	0.999691	0.656311	
302	0.995656	-0.000348	4.569092	0.000348	0.995656	4.227600	
303	0.999999	0.000022	-0.012817	-0.000022	0.999999	0.045410	
304	0.998103	0.001190	1.046753	-0.001190	0.998103	3.543579	
305	0.999535	0.000082	0.439697	-0.000082	0.999535	0.842896	
306	0.999945	0.000100	-0.031006	-0.000100	0.999945	0.240417	
307	0.999994	-0.000001	0.007690	0.000001	0.999994	0.004700	
308	0.996033	-0.000205	4.208923	0.000205	0.996033	4.030212	
309	0.999289	0.000047	0.776001	-0.000047	0.999289	1.003601	
310	0.999885	-0.000017	0.146118	0.000017	0.999885	0.170776	
311	0.999997	0.000007	-0.003052	-0.000007	0.999997	0.010620	
312	0.997177	-0.000170	3.060486	0.000170	0.997177	2.930298	
313	0.999266	0.000114	0.754761	-0.000114	0.999266	1.131409	
314	0.999876	-0.000015	0.169678	0.000015	0.999876	0.205200	
315	0.999977	0.000021	0.010864	-0.000021	0.999977	0.049988	
316	0.998005	-0.001744	3.912720	0.001744	0.998005	0.514771	
317	0.999362	-0.000060	0.868530	0.000060	0.999362	0.796326	
318	0.999725	-0.000173	0.483032	0.000173	0.999725	0.333862	
319	0.999988	-0.000007	0.029785	0.000007	0.999988	0.032104	
320	0.999240	-0.001036	1.950195	0.001036	0.999240	0.072144	
321	0.999790	0.000101	0.227051	-0.000101	0.999790	0.621216	
322	0.999835	-0.000148	0.373901	0.000148	0.999835	0.196350	
323	0.999575	0.000099	0.443726	-0.000099	0.999575	0.819702	
324	0.999851	0.000169	0.055664	-0.000169	0.999851	0.612549	
325	0.999835	0.000265	0.014893	-0.000265	0.999835	0.721802	
326	0.999969	-0.000047	0.116211	0.000047	0.999969	0.039856	
327	0.999683	0.000173	0.189941	-0.000173	0.999683	0.777100	
328	0.999832	0.000153	0.051514	-0.000153	0.999832	0.559021	
329	0.999783	0.000037	0.191528	-0.000037	0.999783	0.531250	
330	1.000140	-0.000599	0.352783	0.000599	1.000140	-0.355042	
331	0.999829	0.000349	-0.085938	-0.000349	0.999829	0.752747	
332	0.999912	0.000239	-0.116455	-0.000239	0.999912	0.609009	
333	0.999880	0.000166	0.029053	-0.000166	0.999880	0.573547	
334	1.000079	-0.000279	0.245483	0.000279	1.000079	-0.100464	
335	0.999925	0.000203	-0.071655	-0.000203	0.999925	0.512695	
336	0.999882	0.000176	0.022827	-0.000176	0.999882	0.550781	
337	0.999901	0.000209	-0.042603	-0.000209	0.999901	0.507935	
338	0.999701	0.000432	-0.029419	-0.000432	0.999701	1.059265	
339	0.999929	0.000143	-0.008789	-0.000143	0.999929	0.545471	
340	0.999877	0.000047	0.129272	-0.000047	0.999877	0.443054	
341	0.999883	0.000139	0.009155	-0.000139	0.999883	0.462891	
342	1.000107	0.000116	-0.238892	-0.000116	1.000107	0.422729	
343	1.000017	0.000029	-0.064697	-0.000029	1.000017	0.312012	
344	0.999913	0.000118	-0.024902	-0.000118	0.999913	0.431030	
345	0.999926	0.000162	-0.093506	-0.000162	0.999926	0.418701	
346	0.999916	0.000268	-0.240845	-0.000268	0.999916	0.618469	
347	0.999934	0.000100	-0.049561	-0.000100	0.999934	0.390442	
348	0.999878	0.000102	0.015503	-0.000102	0.999878	0.352112	
349	0.999915	0.000249	-0.127686	-0.000249	0.999915	0.551208	
350	1.000000	0.000102	-0.142456	-0.000102	1.000000	0.373474	
351	1.000046	0.000116	-0.168823	-0.000116	1.000046	0.377075	
352	0.999966	0.000204	-0.156006	-0.000204	0.999966	0.349426	
353	1.000083	0.000193	-0.255981	-0.000193	1.000083	0.320190	
354	1.000405	-0.000044	-0.376831	0.000044	1.000405	-0.217041	
355	1.000486	-0.000209	-0.289551	0.000209	1.000486	-0.480103	
356	1.000255	-0.000029	-0.207153	0.000029	1.000255	-0.190857	
357	1.000289	-0.000038	-0.229126	0.000038	1.000289	-0.221741	
358	1.000428	-0.000037	-0.423462	0.000037	1.000428	-0.424072	
359	1.000475	0.000161	-0.738525	-0.000161	1.000475	-0.220032	
360	1.000183	0.000135	-0.406372	-0.000135	1.000183	0.021545	
361	0.999990	0.000048	-0.134155	-0.000048	0.999990	0.096985	
362	1.000027	0.000076	-0.130005	-0.000076	1.000027	0.036499	
363	1.002097	0.003339	-5.546265	-0.003339	1.002097	1.199951	
364	1.000127	-0.000159	-0.121826	0.000159	1.000127	-0.210938	
365	1.000264	-0.000005	-0.362793	0.000005	1.000264	-0.135498	
366	0.999860	-0.000360	0.185303	0.000360	0.999860	-0.248718	
367	0.999860	-0.000360	0.185303	0.000360	0.999860	-0.248718	
368	1.000342	-0.000205	-0.114502	0.000205	1.000342	-0.525940	
369	1.000977	-0.001218	0.493408	0.001218	1.000977	-2.217224	
370	1.001304	-0.000267	-1.496094	0.000267	1.001304	-1.662170	
371	1.001259	-0.000221	-1.370605	0.000221	1.001259	-1.638977	
372	1.000194	-0.000456	0.178589	0.000456	1.000194	-0.749146	
373	1.000167	-0.000491	0.245972	0.000491	1.000167	-0.785889	
374	1.000106	-0.000261	0.086426	0.000261	1.000106	-0.377136	
375	1.000120	-0.000116	0.047485	0.000116	1.000120	-0.205566	
376	1.000401	-0.000143	-0.255615	0.000143	1.000401	-0.450745	
377	1.000159	-0.000218	0.062134	0.000218	1.000159	-0.299683	
378	1.000110	-0.000257	0.204956	0.000257	1.000110	-0.255554	
379	1.000081	-0.000442	0.410034	0.000442	1.000081	-0.408447	
380	1.000035	-0.000315	0.321411	0.000315	1.000035	-0.317566	
381	1.000064	-0.000290	0.280029	0.000290	1.000064	-0.333496	
382	1.000096	-0.000445	0.426880	0.000445	1.000096	-0.469849	
383	0.999946	-0.000135	0.258057	0.000135	0.999946	-0.017578	
384	1.000022	-0.000086	0.129028	0.000086	1.000022	-0.063293	
385	1.000030	-0.000018	0.003174	0.000018	1.000030	0.011047	
386	1.000014	-0.000190	0.195068	0.000190	1.000014	-0.153198	
387	1.000095	0.000036	-0.135986	-0.000036	1.000095	-0.025574	
388	1.000013	0.000099	-0.107544	-0.000099	1.000013	0.104492	
389	1.000023	0.000033	-0.047485	-0.000033	1.000023	0.009766	
390	1.000153	0.000307	-0.460327	-0.000307	1.000153	0.151611	
391	1.000042	0.000326	-0.311646	-0.000326	1.000042	0.268066	
392	1.000048	0.000120	-0.150391	-0.000120	1.000048	0.055420	
393	1.000087	0.000111	-0.227295	-0.000111	1.000087	0.042480	
394	0.999908	0.000204	-0.094727	-0.000204	0.999908	0.252258	
395	0.999867	0.000055	0.074341	-0.000055	0.999867	0.148071	
396	0.999716	-0.000027	0.354736	0.000027	0.999716	0.218872	
397	0.999754	-0.000069	0.355103	0.000069	0.999754	0.132019	
398	0.999671	0.000259	0.212158	-0.000259	0.999671	0.475830	
399	0.999771	0.000259	0.100586	-0.000259	0.999771	0.405823	
400	0.999745	0.000141	0.268188	-0.000141	0.999745	0.286743	
401	0.999977	0.000270	-0.123657	-0.000270	0.999977	0.190308	
402	1.000305	-0.000078	-0.137146	0.000078	1.000305	-0.399536	
403	0.999868	-0.000287	0.467407	0.000287	0.999868	-0.384338	
404	0.999885	0.000231	-0.000427	-0.000231	0.999885	-0.047791	
405	0.999946	-0.000615	0.360718	0.000615	0.999946	-0.286194	
406	0.999946	-0.000615	0.360718	0.000615	0.999946	-0.286194	
407	1.000136	-0.000091	-0.005310	0.000091	1.000136	-0.124084	
408	0.999987	0.000915	-0.342529	-0.000915	0.999987	0.822144	
409	0.999987	0.000915	-0.342529	-0.000915	0.999987	0.822144	
410	0.999987	0.000915	-0.342529	-0.000915	0.999987	0.822144	
411	0.999904	0.000401	0.006775	-0.000401	0.999904	0.445923	
412	0.999904	0.000401	0.006775	-0.000401	0.999904	0.445923	
413	1.005836	-0.000262	-6.890259	0.000262	1.005836	-6.216431	
414	1.005836	-0.000262	-6.890259	0.000262	1.005836	-6.216431	
415	1.005836	-0.000262	-6.890259	0.000262	1.005836	-6.216431	
416	0.999724	0.000085	0.386108	-0.000085	0.999724	0.273743	
417	1.000021	0.000734	-0.546753	-0.000734	1.000021	0.619934	
418	1.000021	0.000734	-0.546753	-0.000734	1.000021	0.619934	
419	1.000021	0.000734	-0.546753	-0.000734	1.000021	0.619934	
420	1.002848	-0.009378	7.146973	0.009378	1.002848	-11.162781	
421	0.999666	0.000206	0.434387	-0.000206	0.999666	0.368530	
422	0.999666	0.000206	0.434387	-0.000206	0.999666	0.368530	
423	0.999666	0.000206	0.434387	-0.000206	0.999666	0.368530	
424	1.002090	0.005311	-4.500244	-0.005311	1.002090	4.936218	
425	1.002090	0.005311	-4.500244	-0.005311	1.002090	4.936218	
426	1.002090	0.005311	-4.500244	-0.005311	1.002090	4.936218	
427	1.002090	0.005311	-4.500244	-0.005311	1.002090	4.936218	
428	1.002568	-0.005034	1.829468	0.005034	1.002568	-8.706726	
429	1.002568	-0.005034	1.829468	0.005034	1.002568	-8.706726	
430	1.002568	-0.005034	1.829468	0.005034	1.002568	-8.706726	
431	1.000491	0.000134	-0.470703	-0.000134	1.000491	-0.054260	
432	0.989436	-0.001681	13.117798	0.001681	0.989436	9.021118	
433	0.999585	-0.000778	1.242004	0.000778	0.999585	-0.208618	
434	0.999773	0.000559	0.124023	-0.000559	0.999773	0.619995	
435	0.999102	-0.000431	0.890625	0.000431	0.999102	0.033875	
436	0.999740	0.000700	-0.082886	-0.000700	0.999740	0.876770	
437	1.000268	0.000022	-0.239014	-0.000022	1.000268	-0.166809	
438	1.001015	-0.001734	0.705933	0.001734	1.001015	-2.453125	
439	0.998182	-0.004441	6.586182	0.004441	0.998182	-3.689209	
440	1.001891	-0.002461	0.519287	0.002461	1.001891	-4.606018	
441	0.999838	0.000277	0.061829	-0.000277	0.999838	0.362305	
442	1.000165	0.001030	-0.523315	-0.001030	1.000165	0.875427	
443	0.992244	-0.002873	11.179810	0.002873	0.992244	4.939331	
444	0.992244	-0.002873	11.179810	0.002873	0.992244	4.939331	
445	1.002228	0.000163	-2.058716	-0.000163	1.002228	-2.026428	
446	1.002313	-0.003887	1.652100	0.003887	1.002313	-6.476013	
447	1.000216	0.000129	-0.390137	-0.000129	1.000216	-0.119690	
448	1.000753	-0.000234	-0.505615	0.000234	1.000753	-0.992004	
449	1.000602	-0.000188	-0.311157	0.000188	1.000602	-0.833618	
450	0.999791	0.000143	0.308350	-0.000143	0.999791	0.311035	
451	1.000033	0.000219	-0.027710	-0.000219	1.000033	0.296082	
452	0.999965	-0.001075	1.231689	0.001075	0.999965	-1.068665	
453	0.999669	-0.000704	1.228882	0.000704	0.999669	-0.384705	
454	1.000301	-0.000312	0.063599	0.000312	1.000301	-0.551758	
455	1.003383	0.006005	-9.483643	-0.006005	1.003383	2.502136	
456	0.999457	0.000213	0.472778	-0.000213	0.999457	0.714539	
457	0.999712	-0.000198	0.485229	0.000198	0.999712	-0.015991	
458	0.999322	-0.000211	0.944946	0.000211	0.999322	0.499878	
459	1.000098	0.000086	-0.172852	-0.000086	1.000098	0.058777	
460	1.000306	-0.000353	-0.041870	0.000353	1.000306	-0.658691	
461	1.000061	-0.000235	0.145752	0.000235	1.000061	-0.327209	
462	1.000166	-0.000551	0.289917	0.000551	1.000166	-0.752014	
463	1.000098	-0.000214	0.025391	0.000214	1.000098	-0.208130	
464	1.000248	0.000113	-0.321167	-0.000113	1.000248	0.023254	
465	0.999983	0.000037	0.155457	-0.000037	0.999983	-0.015198	
466	1.003589	0.003596	-6.521484	-0.003596	1.003589	-0.560791	
467	1.003589	0.003596	-6.521484	-0.003596	1.003589	-0.560791	
468	1.002664	-0.002361	-0.759766	0.002361	1.002664	-5.593811	
469	0.995923	-0.003402	8.425781	0.003402	0.995923	0.186523	
470	0.995923	-0.003402	8.425781	0.003402	0.995923	0.186523	
471	0.995923	-0.003402	8.425781	0.003402	0.995923	0.186523	
472	0.995923	-0.003402	8.425781	0.003402	0.995923	0.186523	
473	1.000694	0.000650	-0.731079	-0.000650	1.000694	0.222351	
474	1.000694	0.000650	-0.731079	-0.000650	1.000694	0.222351	
475	1.000980	-0.004204	5.105347	0.004204	1.000980	-5.018555	
476	0.997491	0.000056	3.739136	-0.000056	0.997491	2.507141	
477	0.999123	0.000272	1.028076	-0.000272	0.999123	0.987793	
478	0.999123	0.000272	1.028076	-0.000272	0.999123	0.987793	
479	0.999123	0.000272	1.028076	-0.000272	0.999123	0.987793	
480	0.999123	0.000272	1.028076	-0.000272	0.999123	0.987793	
481	0.999123	0.000272	1.028076	-0.000272	0.999123	0.987793	
482	0.999123	0.000272	1.028076	-0.000272	0.999123	0.987793	
483	0.999123	0.000272	1.028076	-0.000272	0.999123	0.987793	
484	0.999123	0.000272	1.028076	-0.000272	0.999123	0.987793	
485	0.999123	0.000272	1.028076	-0.000272	0.999123	0.987793	
486	0.999123	0.000272	1.028076	-0.000272	0.999123	0.987793	
487	1.000384	0.000043	-0.367065	-0.000043	1.000384	-0.228455	
488	1.000384	0.000043	-0.367065	-0.000043	1.000384	-0.228455	
489	0.999633	-0.000080	0.316406	0.000080	0.999633	-0.006897	
490	0.999633	-0.000080	0.316406	0.000080	0.999633	-0.006897	
491	0.999633	-0.000080	0.316406	0.000080	0.999633	-0.006897	
492	0.999633	-0.000080	0.316406	0.000080	0.999633	-0.006897	
493	0.998759	-0.000132	1.034180	0.000132	0.998759	0.603882	
494	0.998759	-0.000132	1.034180	0.000132	0.998759	0.603882	
495	0.991661	0.000748	3.342590	-0.000748	0.991661	9.250366	
496	0.991661	0.000748	3.342590	-0.000748	0.991661	9.250366	
497	1.000154	0.000095	-0.128723	-0.000095	1.000154	0.015259	
498	1.000154	0.000095	-0.128723	-0.000095	1.000154	0.015259	
499	1.000037	-0.000333	0.104126	0.000333	1.000037	-0.239075	
500	1.000037	-0.000333	0.104126	0.000333	1.000037	-0.239075	
501	0.999980	-0.000135	0.029785	0.000135	0.999980	-0.195557	
502	0.999980	-0.000135	0.029785	0.000135	0.999980	-0.195557	
503	1.000467	0.001051	-1.787170	-0.001051	1.000467	0.328918	
504	1.000467	0.001051	-1.787170	-0.001051	1.000467	0.328918	
505	1.006078	-0.001371	-6.452881	0.001371	1.006078	-7.868774	
506	1.006078	-0.001371	-6.452881	0.001371	1.006078	-7.868774	
507	1.001632	0.004493	-7.887634	-0.004493	1.001632	2.248169	
508	1.001632	0.004493	-7.887634	-0.004493	1.001632	2.248169	
509	1.001632	0.004493	-7.887634	-0.004493	1.001632	2.248169	
510	1.001632	0.004493	-7.887634	-0.004493	1.001632	2.248169	
511	1.000062	0.000062	-0.165100	-0.000062	1.000062	0.015747	
512	1.000062	0.000062	-0.165100	-0.000062	1.000062	0.015747	
513	1.000062	0.000062	-0.165100	-0.000062	1.000062	0.015747	
514	1.000062	0.000062	-0.165100	-0.000062	1.000062	0.015747	
515	1.000062	0.000062	-0.165100	-0.000062	1.000062	0.015747	
516	1.000062	0.000062	-0.165100	-0.000062	1.000062	0.015747	
517	1.000062	0.000062	-0.165100	-0.000062	1.000062	0.015747	
518	1.000062	0.000062	-0.165100	-0.000062	1.000062	0.015747	
519	1.001593	-0.000575	-1.804810	0.000575	1.001593	-1.724365	
520	1.001593	-0.000575	-1.804810	0.000575	1.001593	-1.724365	
521	1.000007	0.000134	-0.072876	-0.000134	1.000007	0.127258	
522	1.000007	0.000134	-0.072876	-0.000134	1.000007	0.127258	
523	0.999451	-0.001898	1.122131	0.001898	0.999451	-1.378845	
524	0.999915	0.000150	0.081055	-0.000150	0.999915	0.070374	
525	0.997990	0.000496	-0.134949	-0.000496	0.997990	2.265564	
526	0.997990	0.000496	-0.134949	-0.000496	0.997990	2.265564	
527	0.997990	0.000496	-0.134949	-0.000496	0.997990	2.265564	
528	0.997990	0.000496	-0.134949	-0.000496	0.997990	2.265564	
529	0.997990	0.000496	-0.134949	-0.000496	0.997990	2.265564	
530	0.997990	0.000496	-0.134949	-0.000496	0.997990	2.265564	
531	1.000032	0.000008	-0.079224	-0.000008	1.000032	-0.065430	
532	1.000032	0.000008	-0.079224	-0.000008	1.000032	-0.065430	
533	0.999103	0.000881	0.500000	-0.000881	0.999103	1.200806	
534	0.999103	0.000881	0.500000	-0.000881	0.999103	1.200806	
535	0.999103	0.000881	0.500000	-0.000881	0.999103	1.200806	
536	0.999103	0.000881	0.500000	-0.000881	0.999103	1.200806	
537	1.000202	-0.000143	-0.359131	0.000143	1.000202	-0.300964	
538	0.999977	0.000035	0.026733	-0.000035	0.999977	-0.024658	
539	0.999977	0.000035	0.026733	-0.000035	0.999977	-0.024658	
540	0.999933	-0.000074	0.150757	0.000074	0.999933	-0.041260	
541	1.000006	0.000219	-0.129639	-0.000219	1.000006	0.288635	
542	0.999784	-0.000056	0.320801	0.000056	0.999784	-0.039001	
543	1.001267	0.000270	-2.216553	-0.000270	1.001267	-0.738403	
544	0.999938	0.000104	0.002930	-0.000104	0.999938	0.132324	
545	1.000328	-0.000909	0.006836	0.000909	1.000328	-1.078674	
546	1.000328	-0.000909	0.006836	0.000909	1.000328	-1.078674	
547	1.000328	-0.000909	0.006836	0.000909	1.000328	-1.078674	
548	1.000328	-0.000909	0.006836	0.000909	1.000328	-1.078674	
549	1.000328	-0.000909	0.006836	0.000909	1.000328	-1.078674	
550	1.000328	-0.000909	0.006836	0.000909	1.000328	-1.078674	
551	1.000328	-0.000909	0.006836	0.000909	1.000328	-1.078674	
552	1.000328	-0.000909	0.006836	0.000909	1.000328	-1.078674	
553	1.000328	-0.000909	0.006836	0.000909	1.000328	-1.078674	
554	1.000328	-0.000909	0.006836	0.000909	1.000328	-1.078674	
555	0.999398	-0.002112	2.115906	0.002112	0.999398	-2.259583	
556	1.000124	-0.000111	-0.132263	0.000111	1.000124	-0.144592	
557	1.000124	-0.000111	-0.132263	0.000111	1.000124	-0.144592	
558	1.000124	-0.000111	-0.132263	0.000111	1.000124	-0.144592	
559	1.000124	-0.000111	-0.132263	0.000111	1.000124	-0.144592	
560	0.999943	0.000012	0.016296	-0.000012	0.999943	0.078247	
561	0.999943	0.000012	0.016296	-0.000012	0.999943	0.078247	
562	0.999943	0.000012	0.016296	-0.000012	0.999943	0.078247	
563	1.000126	-0.000175	-0.099731	0.000175	1.000126	-0.276672	
564	1.000126	-0.000175	-0.099731	0.000175	1.000126	-0.276672	
565	1.000818	-0.002094	0.152344	0.002094	1.000818	-2.168030	
566	0.999825	-0.000125	0.142639	0.000125	0.999825	-0.061218	
567	1.000260	-0.000338	-0.213257	0.000338	1.000260	-0.610413	
568	1.001303	-0.000595	-1.367004	0.000595	1.001303	-1.795593	
569	0.999952	-0.000163	0.252441	0.000163	0.999952	-0.211853	
570	0.999707	0.000183	0.328064	-0.000183	0.999707	0.235046	
571	0.999707	0.000183	0.328064	-0.000183	0.999707	0.235046	
572	0.999834	-0.000304	0.363464	0.000304	0.999834	-0.311768	
573	1.000222	-0.000390	-0.099731	0.000390	1.000222	-0.668457	
574	1.000194	-0.000236	-0.148071	0.000236	1.000194	-0.389587	
575	1.000194	-0.000236	-0.148071	0.000236	1.000194	-0.389587	
576	1.000482	0.002307	-2.334717	-0.002307	1.000482	0.790466	
577	0.999808	-0.000419	0.415649	0.000419	0.999808	-0.348389	
578	1.000527	0.000373	-0.996460	-0.000373	1.000527	-0.216431	
579	1.000108	0.000284	-0.386719	-0.000284	1.000108	0.145752	
580	0.999168	0.001849	-1.367371	-0.001849	0.999168	2.020752	
581	1.000151	0.000369	-0.601624	-0.000369	1.000151	0.058655	
582	0.999795	0.000172	-0.089233	-0.000172	0.999795	0.215149	
583	1.000041	-0.000101	-0.131226	0.000101	1.000041	-0.136780	
584	1.000173	-0.000066	-0.291687	0.000066	1.000173	-0.199097	
585	1.000082	-0.000016	-0.142273	0.000016	1.000082	-0.135376	
586	1.000146	-0.000067	-0.111328	0.000067	1.000146	-0.236633	
587	0.999784	0.000068	0.438293	-0.000068	0.999784	0.289062	
588	0.999727	0.000252	0.236694	-0.000252	0.999727	0.534729	
589	1.000011	-0.000144	0.202515	0.000144	1.000011	-0.049316	
590	1.000668	-0.000296	-0.087402	0.000296	1.000668	-1.049866	
591	0.999686	0.000122	0.274353	-0.000122	0.999686	0.476685	
592	0.999938	0.000231	0.009338	-0.000231	0.999938	0.259766	
593	0.999836	-0.000006	0.482971	0.000006	0.999836	0.205078	
594	1.001449	0.000778	-1.524475	-0.000778	1.001449	-1.079651	
595	0.995846	-0.000122	1.592163	0.000122	0.995846	4.046875	
596	0.995846	-0.000122	1.592163	0.000122	0.995846	4.046875	
597	0.999888	0.000354	-0.618103	-0.000354	0.999888	0.282593	
598	1.000169	-0.000095	-0.146912	0.000095	1.000169	-0.250366	
599	1.000169	-0.000095	-0.146912	0.000095	1.000169	-0.250366	
600	1.000310	0.000110	-0.366455	-0.000110	1.000310	-0.072693	
601	1.000213	0.000307	-0.220032	-0.000307	1.000213	0.092346	
602	1.000213	0.000307	-0.220032	-0.000307	1.000213	0.092346	
603	1.000213	0.000307	-0.220032	-0.000307	1.000213	0.092346	
604	1.002290	0.002299	-2.896057	-0.002299	1.002290	-1.321411	
605	1.002290	0.002299	-2.896057	-0.002299	1.002290	-1.321411	
606	1.002290	0.002299	-2.896057	-0.002299	1.002290	-1.321411	
607	1.002290	0.002299	-2.896057	-0.002299	1.002290	-1.321411	
608	0.997355	0.000190	3.482788	-0.000190	0.997355	2.462463	
609	0.997355	0.000190	3.482788	-0.000190	0.997355	2.462463	
610	0.993055	-0.004306	11.996155	0.004306	0.993055	2.573303	
611	0.993055	-0.004306	11.996155	0.004306	0.993055	2.573303	
612	1.001209	-0.001937	4.170166	0.001937	1.001209	-4.029907	
613	1.001209	-0.001937	4.170166	0.001937	1.001209	-4.029907	
614	0.996749	0.002743	2.671692	-0.002743	0.996749	3.366333	
615	0.999710	0.001085	-0.037903	-0.001085	0.999710	1.293213	
616	1.001377	0.000898	1.236206	-0.000898	1.001377	-0.851440	
617	0.997620	0.004532	4.704163	-0.004532	0.997620	2.715576	
618	0.999940	0.000018	0.112305	-0.000018	0.999940	0.017822	
619	0.999940	0.000018	0.112305	-0.000018	0.999940	0.017822	
620	0.999940	0.000018	0.112305	-0.000018	0.999940	0.017822	
621	0.999940	0.000018	0.112305	-0.000018	0.999940	0.017822	
622	1.000282	-0.002924	3.715881	0.002924	1.000282	-2.343628	
623	1.001141	-0.000226	-0.763306	0.000226	1.001141	-0.717285	
624	0.998758	-0.000913	1.667053	0.000913	0.998758	0.200806	
625	0.998758	-0.000913	1.667053	0.000913	0.998758	0.200806	
626	1.000103	-0.000241	-0.089844	0.000241	1.000103	-0.312683	
627	1.000103	-0.000241	-0.089844	0.000241	1.000103	-0.312683	
628	1.000348	0.000045	-0.414856	-0.000045	1.000348	-0.182007	
629	0.999916	-0.000292	-0.003479	0.000292	0.999916	-0.228210	
630	1.000125	0.000308	-0.618530	-0.000308	1.000125	0.089294	
631	1.000247	-0.000033	-0.391724	0.000033	1.000247	-0.245911	
632	0.999933	0.000056	0.108093	-0.000056	0.999933	0.061829	
633	0.999579	0.000520	0.088318	-0.000520	0.999579	0.958008	
634	1.001610	0.001020	-1.714050	-0.001020	1.001610	-0.741760	
635	1.001610	0.001020	-1.714050	-0.001020	1.001610	-0.741760	
636	1.001610	0.001020	-1.714050	-0.001020	1.001610	-0.741760	
637	1.001610	0.001020	-1.714050	-0.001020	1.001610	-0.741760	
638	1.001610	0.001020	-1.714050	-0.001020	1.001610	-0.741760	
639	1.001610	0.001020	-1.714050	-0.001020	1.001610	-0.741760	
640	1.001110	0.000262	-1.680664	-0.000262	1.001110	-0.405518	
641	1.000132	0.000794	-0.547119	-0.000794	1.000132	0.904968	
642	0.999853	-0.000059	0.185120	0.000059	0.999853	0.019592	
643	0.999815	0.000703	-0.296509	-0.000703	0.999815	1.019104	
644	0.991469	-0.003591	13.240784	0.003591	0.991469	4.474182	
645	0.991469	-0.003591	13.240784	0.003591	0.991469	4.474182	
646	0.999867	0.000127	0.301819	-0.000127	0.999867	0.280640	
647	0.999867	0.000127	0.301819	-0.000127	0.999867	0.280640	
648	0.999947	0.000423	-0.165344	-0.000423	0.999947	0.499268	
649	0.999928	-0.000149	0.193848	0.000149	0.999928	-0.196350	
650	0.999928	-0.000149	0.193848	0.000149	0.999928	-0.196350	
651	0.999928	-0.000149	0.193848	0.000149	0.999928	-0.196350	
652	0.999928	-0.000149	0.193848	0.000149	0.999928	-0.196350	
653	0.999928	-0.000149	0.193848	0.000149	0.999928	-0.196350	
654	0.999928	-0.000149	0.193848	0.000149	0.999928	-0.196350	
655	0.999928	-0.000149	0.193848	0.000149	0.999928	-0.196350	
656	0.999692	0.000131	0.291382	-0.000131	0.999692	0.437805	
657	0.999692	0.000131	0.291382	-0.000131	0.999692	0.437805	
658	1.006578	-0.007510	0.957092	0.007510	1.006578	-0.312439	
659	1.006578	-0.007510	0.957092	0.007510	1.006578	-0.312439	
660	1.001330	-0.000567	-1.566406	0.000567	1.001330	-1.903992	
661	1.001330	-0.000567	-1.566406	0.000567	1.001330	-1.903992	
662	1.001330	-0.000567	-1.566406	0.000567	1.001330	-1.903992	
663	1.001330	-0.000567	-1.566406	0.000567	1.001330	-1.903992	
664	0.998385	0.003389	-4.870483	-0.003389	0.998385	2.820435	
665	0.998385	0.003389	-4.870483	-0.003389	0.998385	2.820435	
666	1.016467	0.008035	-22.965271	-0.008035	1.016467	2.343506	
667	1.016467	0.008035	-22.965271	-0.008035	1.016467	2.343506	
668	0.999949	0.000012	-0.049377	-0.000012	0.999949	0.127930	
669	0.999949	0.000012	-0.049377	-0.000012	0.999949	0.127930	
670	0.999882	-0.000096	0.055237	0.000096	0.999882	-0.087524	
671	1.000001	0.000011	-0.145386	-0.000011	1.000001	0.013550	
672	1.000117	0.000022	-0.162659	-0.000022	1.000117	-0.040527	
673	1.000117	0.000022	-0.162659	-0.000022	1.000117	-0.040527	
674	0.999640	0.000947	0.043152	-0.000947	0.999640	1.096375	
675	0.998282	-0.002191	3.633850	0.002191	0.998282	0.376587	
676	0.999756	-0.000031	0.351257	0.000031	0.999756	0.275696	
677	0.999602	-0.000157	0.588013	0.000157	0.999602	0.183777	
678	0.999812	-0.000245	0.501099	0.000245	0.999812	0.021973	
679	0.999885	-0.000043	0.187500	0.000043	0.999885	0.108826	
680	0.999979	0.000213	-0.085266	-0.000213	0.999979	0.273987	
681	0.999767	0.000045	0.375671	-0.000045	0.999767	0.283936	
682	0.999828	-0.000150	0.382202	0.000150	0.999828	0.112610	
683	0.999815	-0.000106	0.309204	0.000106	0.999815	0.101868	
684	0.999670	0.000012	0.274536	-0.000012	0.999670	0.410156	
685	0.999977	-0.000036	-0.022095	0.000036	0.999977	-0.048096	
686	0.999958	0.000084	-0.003845	-0.000084	0.999958	0.122864	
687	0.999894	-0.000051	0.247742	0.000051	0.999894	0.082581	
688	1.000068	-0.000010	-0.067505	0.000010	1.000068	-0.176392	
689	1.005623	0.003694	-7.542480	-0.003694	1.005623	-3.265503	
690	0.999889	0.000059	0.057495	-0.000059	0.999889	0.153503	
691	0.999889	0.000059	0.057495	-0.000059	0.999889	0.153503	
692	1.001271	-0.000346	-1.341248	0.000346	1.001271	-1.551086	
693	0.999183	0.000431	0.888184	-0.000431	0.999183	1.282410	
694	1.004652	0.000893	-4.505737	-0.000893	1.004652	-3.945618	
695	1.000159	0.000490	-0.432251	-0.000490	1.000159	0.574524	
696	1.000372	-0.000289	-0.233398	0.000289	1.000372	-0.803711	
697	1.000224	-0.000009	-0.294006	0.000009	1.000224	-0.110779	
698	0.996330	-0.002877	4.782898	0.002877	0.996330	1.898499	
699	0.996330	-0.002877	4.782898	0.002877	0.996330	1.898499	
700	0.999944	-0.000106	0.164917	0.000106	0.999944	-0.110291	
701	0.999944	-0.000106	0.164917	0.000106	0.999944	-0.110291	
702	0.999944	-0.000106	0.164917	0.000106	0.999944	-0.110291	
703	0.999944	-0.000106	0.164917	0.000106	0.999944	-0.110291	
704	1.000801	-0.000794	0.039429	0.000794	1.000801	-1.394470	
705	0.999902	0.000160	0.168213	-0.000160	0.999902	0.206726	
706	1.000745	0.002148	-2.221802	-0.002148	1.000745	0.193176	
707	1.000745	0.002148	-2.221802	-0.002148	1.000745	0.193176	
708	0.999953	0.000091	-0.047913	-0.000091	0.999953	0.261841	
709	1.000076	-0.000196	-0.102966	0.000196	1.000076	-0.229736	
710	0.999868	-0.000299	0.428101	0.000299	0.999868	-0.327271	
711	0.999868	-0.000299	0.428101	0.000299	0.999868	-0.327271	
712	1.002587	0.000676	-2.703796	-0.000676	1.002587	-2.149658	
713	0.998235	0.000427	2.240112	-0.000427	0.998235	2.096863	
714	0.999970	0.000067	-0.005798	-0.000067	0.999970	0.060852	
715	1.000550	-0.000575	-0.390686	0.000575	1.000550	-1.002686	
716	1.000156	-0.000316	-0.000610	0.000316	1.000156	-0.377075	
717	0.999964	0.001696	-0.770264	-0.001696	0.999964	1.490723	
718	0.999855	-0.000199	0.218506	0.000199	0.999855	0.017273	
719	0.999855	-0.000199	0.218506	0.000199	0.999855	0.017273	
720	1.000119	0.000088	-0.030762	-0.000088	1.000119	0.187988	
721	1.000119	0.000088	-0.030762	-0.000088	1.000119	0.187988	
722	0.999999	0.000008	-0.005127	-0.000008	0.999999	0.007263	
723	0.999999	0.000008	-0.005127	-0.000008	0.999999	0.007263	
724	0.999791	0.000014	0.204224	-0.000014	0.999791	0.199890	
725	0.999836	0.000313	0.133911	-0.000313	0.999836	0.478882	
726	0.999997	-0.000007	0.006287	0.000007	0.999997	-0.003662	
727	1.000552	-0.000062	-0.616516	0.000062	1.000552	-0.699829	
728	1.000115	-0.000229	-0.018005	0.000229	1.000115	-0.499634	
729	1.000115	-0.000229	-0.018005	0.000229	1.000115	-0.499634	
730	1.000005	0.000016	-0.012512	-0.000016	1.000005	0.010681	
731	1.000041	0.000304	0.051941	-0.000304	1.000041	0.292969	
732	0.999735	0.000004	0.396240	-0.000004	0.999735	0.218445	
733	1.000050	0.000048	0.037170	-0.000048	1.000050	0.031311	
734	1.000003	0.000012	-0.012634	-0.000012	1.000003	0.006470	
735	1.005113	0.003105	-8.019470	-0.003105	1.005113	-2.306519	
736	1.000742	0.000749	-1.725708	-0.000749	1.000742	-0.242004	
737	1.000742	0.000749	-1.725708	-0.000749	1.000742	-0.242004	
738	1.000001	-0.000006	0.004944	0.000006	1.000001	-0.005554	
739	1.000001	-0.000006	0.004944	0.000006	1.000001	-0.005554	
740	0.999422	-0.000280	0.804077	0.000280	0.999422	-0.122559	
741	0.999422	-0.000280	0.804077	0.000280	0.999422	-0.122559	
742	0.999999	-0.000011	0.011047	0.000011	0.999999	-0.007385	
743	0.999999	-0.000011	0.011047	0.000011	0.999999	-0.007385	
744	0.999785	0.000055	0.169434	-0.000055	0.999785	0.277161	
745	1.000042	0.000010	-0.023621	-0.000010	1.000042	-0.018494	
746	1.000001	0.000002	-0.001953	-0.000002	1.000001	0.000977	
747	1.000034	-0.000029	-0.031982	0.000029	1.000034	0.023499	
748	0.999729	0.000185	0.213745	-0.000185	0.999729	0.330994	
749	1.000010	-0.000280	0.114258	0.000280	1.000010	-0.213989	
750	1.000003	0.000006	-0.008850	-0.000006	1.000003	-0.000305	
751	1.000014	-0.000054	-0.125610	0.000054	1.000014	-0.053223	
752	0.999714	-0.000077	0.260559	0.000077	0.999714	0.146606	
753	0.999323	0.001881	-0.120239	-0.001881	0.999323	2.548462	
754	0.999996	0.000004	-0.003357	-0.000004	0.999996	0.006470	
755	0.999996	0.000004	-0.003357	-0.000004	0.999996	0.006470	
756	0.999996	0.000004	-0.003357	-0.000004	0.999996	0.006470	
757	0.999829	-0.000079	0.329590	0.000079	0.999829	0.016602	
758	1.000007	0.000001	-0.006470	-0.000001	1.000007	-0.005188	
759	1.000007	0.000001	-0.006470	-0.000001	1.000007	-0.005188	
760	0.999600	0.000144	0.558289	-0.000144	0.999600	0.447632	
761	0.999852	0.000223	0.104004	-0.000223	0.999852	0.255005	
762	0.999994	-0.000002	0.006531	0.000002	0.999994	0.002808	
763	0.999994	-0.000002	0.006531	0.000002	0.999994	0.002808	
764	1.000330	0.000078	-0.451355	-0.000078	1.000330	-0.275757	
765	0.999473	0.000146	0.466797	-0.000146	0.999473	0.471802	
766	0.999999	0.000011	-0.009033	-0.000011	0.999999	0.007019	
767	1.000081	0.000136	-0.130005	-0.000136	1.000081	0.095825	
768	1.000081	0.000136	-0.130005	-0.000136	1.000081	0.095825	
769	1.000371	0.000323	-0.493225	-0.000323	1.000371	0.148438	
770	1.000001	0.000006	-0.005310	-0.000006	1.000001	0.002869	
771	1.000001	0.000006	-0.005310	-0.000006	1.000001	0.002869	
772	0.998510	0.000124	1.707336	-0.000124	0.998510	1.574402	
773	0.998510	0.000124	1.707336	-0.000124	0.998510	1.574402	
774	0.999992	0.000015	-0.009277	-0.000015	0.999992	0.020935	
775	0.999992	0.000015	-0.009277	-0.000015	0.999992	0.020935	
776	0.999992	0.000015	-0.009277	-0.000015	0.999992	0.020935	
777	0.999992	0.000015	-0.009277	-0.000015	0.999992	0.020935	
778	0.999999	-0.000001	0.001221	0.000001	0.999999	0.001465	
779	0.999999	-0.000001	0.001221	0.000001	0.999999	0.001465	
780	0.999999	-0.000001	0.001221	0.000001	0.999999	0.001465	
781	0.999999	-0.000001	0.001221	0.000001	0.999999	0.001465	
782	1.000007	0.000010	-0.012634	-0.000010	1.000007	0.001038	
783	1.000007	0.000010	-0.012634	-0.000010	1.000007	0.001038	
784	1.000007	0.000010	-0.012634	-0.000010	1.000007	0.001038	
785	1.000007	0.000010	-0.012634	-0.000010	1.000007	0.001038	
786	0.999995	0.000005	-0.002747	-0.000005	0.999995	0.009827	
787	0.999995	0.000005	-0.002747	-0.000005	0.999995	0.009827	
788	1.000215	0.000044	-0.290283	-0.000044	1.000215	-0.035583	
789	1.000215	0.000044	-0.290283	-0.000044	1.000215	-0.035583	
790	1.000002	0.000003	-0.004517	-0.000003	1.000002	-0.000061	
791	1.000002	0.000003	-0.004517	-0.000003	1.000002	-0.000061	
792	1.000337	-0.000129	-0.211853	0.000129	1.000337	-0.173828	
793	1.000337	-0.000129	-0.211853	0.000129	1.000337	-0.173828	
794	1.000002	-0.000001	0.000000	0.000001	1.000002	-0.002808	
795	1.000002	-0.000001	0.000000	0.000001	1.000002	-0.002808	
796	1.000002	-0.000001	0.000000	0.000001	1.000002	-0.002808	
797	1.000002	-0.000001	0.000000	0.000001	1.000002	-0.002808	
798	1.000004	0.000002	-0.005188	-0.000002	1.000004	-0.002686	
799	1.000004	0.000002	-0.005188	-0.000002	1.000004	-0.002686	
800	1.000004	0.000002	-0.005188	-0.000002	1.000004	-0.002686	
801	1.000004	0.000002	-0.005188	-0.000002	1.000004	-0.002686	
802	1.000005	0.000001	-0.003662	-0.000001	1.000005	-0.006226	
803	1.000005	0.000001	-0.003662	-0.000001	1.000005	-0.006226	
804	0.999969	-0.000022	0.039673	0.000022	0.999969	-0.041077	
805	0.999969	-0.000022	0.039673	0.000022	0.999969	-0.041077	
806	1.000002	0.000005	-0.006714	-0.000005	1.000002	0.004639	
807	1.000002	0.000005	-0.006714	-0.000005	1.000002	0.004639	
808	1.000002	0.000005	-0.006714	-0.000005	1.000002	0.004639	
809	1.000002	0.000005	-0.006714	-0.000005	1.000002	0.004639	
810	1.000001	0.000001	-0.001831	-0.000001	1.000001	0.000549	
811	1.000001	0.000001	-0.001831	-0.000001	1.000001	0.000549	
812	1.000125	0.000059	-0.068237	-0.000059	1.000125	-0.030396	
813	1.000125	0.000059	-0.068237	-0.000059	1.000125	-0.030396	
814	1.000002	-0.000000	-0.002380	0.000000	1.000002	-0.003540	
815	1.000456	0.000495	-0.640747	-0.000495	1.000456	0.149414	
816	1.000456	0.000495	-0.640747	-0.000495	1.000456	0.149414	
817	1.000456	0.000495	-0.640747	-0.000495	1.000456	0.149414	
818	1.000000	-0.000004	0.001587	0.000004	1.000000	-0.003906	
819	1.000000	-0.000004	0.001587	0.000004	1.000000	-0.003906	
820	1.000446	0.001223	-1.108337	-0.001223	1.000446	0.849304	
821	1.000446	0.001223	-1.108337	-0.001223	1.000446	0.849304	
822	1.000000	0.000000	0.000000	-0.000000	1.000000	-0.000488	
823	1.000000	0.000000	0.000000	-0.000000	1.000000	-0.000488	
824	1.000017	0.000078	-0.167664	-0.000078	1.000017	0.080994	
825	1.000017	0.000078	-0.167664	-0.000078	1.000017	0.080994	
826	1.000000	0.000000	0.000244	-0.000000	1.000000	0.000122	
827	1.000000	0.000000	0.000244	-0.000000	1.000000	0.000122	
828	1.000163	0.000199	-0.210327	-0.000199	1.000163	0.105286	
829	1.000000	-0.000061	0.001953	0.000061	1.000000	0.005615	
830	1.000002	-0.000000	-0.001770	0.000000	1.000002	-0.002197	
831	1.000184	-0.000036	-0.123352	0.000036	1.000184	-0.131104	
832	0.999870	-0.000072	0.020996	0.000072	0.999870	0.121094	
833	0.999663	-0.000409	0.469238	0.000409	0.999663	-0.119263	
834	1.000006	-0.000004	-0.000732	0.000004	1.000006	-0.007996	
835	0.999739	0.000120	-0.223938	-0.000120	0.999739	0.316162	
836	1.000051	-0.000097	-0.141724	0.000097	1.000051	-0.106079	
837	1.000085	-0.000084	-0.091248	0.000084	1.000085	-0.091492	
838	1.000025	-0.000003	-0.031799	0.000003	1.000025	-0.022583	
839	1.000183	-0.000037	-0.331543	0.000037	1.000183	-0.206116	
840	1.000110	-0.000031	-0.239868	0.000031	1.000110	-0.106140	
841	0.999937	-0.000063	-0.060913	0.000063	0.999937	0.039124	
842	0.999997	0.000004	-0.000793	-0.000004	0.999997	0.002991	
843	0.999800	0.000096	0.072021	-0.000096	0.999800	0.221802	
844	0.999828	0.000099	0.109253	-0.000099	0.999828	0.236206	
845	0.999765	-0.000172	0.278687	0.000172	0.999765	0.021729	
846	1.000003	0.000001	-0.006958	-0.000001	1.000003	-0.002625	
847	0.999804	0.000062	-0.002197	-0.000062	0.999804	0.335999	
848	1.000264	0.000736	-0.850464	-0.000736	1.000264	0.821228	
849	1.000264	0.000736	-0.850464	-0.000736	1.000264	0.821228	
850	1.000004	-0.000003	-0.007202	0.000003	1.000004	-0.005737	
851	0.999942	-0.000004	0.097046	0.000004	0.999942	-0.014221	
852	0.999965	-0.000027	0.126709	0.000027	0.999965	-0.015930	
853	0.999984	-0.000034	0.153259	0.000034	0.999984	-0.104431	
854	1.000075	-0.000013	-0.051025	0.000013	1.000075	-0.186829	
855	1.000328	0.000056	-0.319641	-0.000056	1.000328	-0.339844	
856	1.000163	0.000272	-0.423950	-0.000272	1.000163	-0.089539	
857	1.000163	0.000272	-0.423950	-0.000272	1.000163	-0.089539	
858	0.999577	-0.000426	0.294250	0.000426	0.999577	-0.121948	
859	0.999783	-0.000118	0.355225	0.000118	0.999783	0.008362	
860	1.000021	-0.000148	0.088013	0.000148	1.000021	-0.139771	
861	1.000021	-0.000148	0.088013	0.000148	1.000021	-0.139771	
862	0.999571	-0.001188	0.474854	0.001188	0.999571	-0.936646	
863	0.999571	-0.001188	0.474854	0.001188	0.999571	-0.936646	
864	0.999571	-0.001188	0.474854	0.001188	0.999571	-0.936646	
865	0.999571	-0.001188	0.474854	0.001188	0.999571	-0.936646	
866	0.999571	-0.001188	0.474854	0.001188	0.999571	-0.936646	
867	1.000375	-0.000348	-0.151367	0.000348	1.000375	-0.596436	
868	1.000375	-0.000348	-0.151367	0.000348	1.000375	-0.596436	
869	1.000375	-0.000348	-0.151367	0.000348	1.000375	-0.596436	
870	1.000146	0.000068	-0.177002	-0.000068	1.000146	0.016541	
871	1.000162	-0.001380	0.545532	0.001380	1.000162	-1.638184	
872	1.000085	0.000175	-0.106262	-0.000175	1.000085	0.172852	
873	1.000085	0.000175	-0.106262	-0.000175	1.000085	0.172852	
874	0.999916	-0.000235	0.111694	0.000235	0.999916	-0.164551	
875	0.999897	0.000100	0.090698	-0.000100	0.999897	0.160889	
876	0.999897	0.000100	0.090698	-0.000100	0.999897	0.160889	
877	0.999897	0.000100	0.090698	-0.000100	0.999897	0.160889	
878	0.999897	0.000100	0.090698	-0.000100	0.999897	0.160889	
879	0.999897	0.000100	0.090698	-0.000100	0.999897	0.160889	
880	0.999897	0.000100	0.090698	-0.000100	0.999897	0.160889	
881	0.999897	0.000100	0.090698	-0.000100	0.999897	0.160889	
882	0.999897	0.000100	0.090698	-0.000100	0.999897	0.160889	
883	0.999072	0.000076	0.766479	-0.000076	0.999072	0.447510	
884	0.999072	0.000076	0.766479	-0.000076	0.999072	0.447510	
885	0.999072	0.000076	0.766479	-0.000076	0.999072	0.447510	
886	0.999072	0.000076	0.766479	-0.000076	0.999072	0.447510	
887	0.999072	0.000076	0.766479	-0.000076	0.999072	0.447510	
888	0.999509	-0.000178	0.508118	0.000178	0.999509	0.140930	
889	0.999509	-0.000178	0.508118	0.000178	0.999509	0.140930	
890	0.999509	-0.000178	0.508118	0.000178	0.999509	0.140930	
891	0.999509	-0.000178	0.508118	0.000178	0.999509	0.140930	
892	0.999509	-0.000178	0.508118	0.000178	0.999509	0.140930	
893	0.999509	-0.000178	0.508118	0.000178	0.999509	0.140930	
894	0.999509	-0.000178	0.508118	0.000178	0.999509	0.140930	
895	0.999920	-0.000047	0.079468	0.000047	0.999920	0.019836	
896	0.999920	-0.000047	0.079468	0.000047	0.999920	0.019836	
897	0.999920	-0.000047	0.079468	0.000047	0.999920	0.019836	
898	0.999920	-0.000047	0.079468	0.000047	0.999920	0.019836	
899	0.999613	-0.000018	0.415894	0.000018	0.999613	0.152771	
900	0.999613	-0.000018	0.415894	0.000018	0.999613	0.152771	
901	0.999613	-0.000018	0.415894	0.000018	0.999613	0.152771	
902	0.999999	0.000045	-0.000610	-0.000045	0.999999	0.061829	
903	1.000001	0.000002	-0.002747	-0.000002	1.000001	0.000427	
904	1.000001	0.000002	-0.002747	-0.000002	1.000001	0.000427	
905	1.000001	0.000002	-0.002747	-0.000002	1.000001	0.000427	
906	1.000001	0.000002	-0.002747	-0.000002	1.000001	0.000427	
907	0.999999	-0.000001	0.003479	0.000001	0.999999	-0.001160	
908	0.999684	-0.000512	0.422852	0.000512	0.999684	-0.355652	
909	0.999684	-0.000512	0.422852	0.000512	0.999684	-0.355652	
910	0.999431	-0.000412	0.563660	0.000412	0.999431	-0.124695	
911	0.999999	-0.000004	0.007324	0.000004	0.999999	-0.002625	
912	0.999999	-0.000004	0.007324	0.000004	0.999999	-0.002625	
913	0.999999	-0.000004	0.007324	0.000004	0.999999	-0.002625	
914	0.999999	-0.000004	0.007324	0.000004	0.999999	-0.002625	
915	0.999997	-0.000000	0.004944	0.000000	0.999997	0.001831	
916	0.999997	-0.000000	0.004944	0.000000	0.999997	0.001831	
917	0.999781	0.000053	0.177795	-0.000053	0.999781	0.289185	
918	0.999781	0.000053	0.177795	-0.000053	0.999781	0.289185	
919	1.000001	0.000003	-0.004272	-0.000003	1.000001	0.002563	
920	1.000001	0.000003	-0.004272	-0.000003	1.000001	0.002563	
921	0.999196	-0.000265	1.271667	0.000265	0.999196	0.352722	
922	0.999196	-0.000265	1.271667	0.000265	0.999196	0.352722	
923	1.000002	-0.000003	0.002014	0.000003	1.000002	-0.005493	
924	1.000002	-0.000003	0.002014	0.000003	1.000002	-0.005493	
925	1.000624	-0.001805	0.219788	0.001805	1.000624	-2.164490	
926	1.000624	-0.001805	0.219788	0.001805	1.000624	-2.164490	
927	1.000000	-0.000010	0.012634	0.000010	1.000000	-0.010681	
928	1.000000	-0.000010	0.012634	0.000010	1.000000	-0.010681	
929	0.999856	0.000025	0.220459	-0.000025	0.999856	0.052307	
930	0.999827	-0.000014	0.193726	0.000014	0.999827	0.123169	
931	0.999995	0.000005	-0.002319	-0.000005	0.999995	0.009399	
932	0.999995	0.000005	-0.002319	-0.000005	0.999995	0.009399	
933	0.999996	0.000292	0.000854	-0.000292	0.999996	0.290283	
934	0.999996	0.000292	0.000854	-0.000292	0.999996	0.290283	
935	1.000000	0.000004	-0.004272	-0.000004	1.000000	0.003601	
936	1.000000	0.000004	-0.004272	-0.000004	1.000000	0.003601	
937	0.998380	0.000447	2.421997	-0.000447	0.998380	2.039001	
938	0.998380	0.000447	2.421997	-0.000447	0.998380	2.039001	
939	1.000001	0.000002	-0.002991	-0.000002	1.000001	0.000732	
940	1.000001	0.000002	-0.002991	-0.000002	1.000001	0.000732	
941	0.999863	-0.000078	0.183716	0.000078	0.999863	-0.043823	
942	0.999863	-0.000078	0.183716	0.000078	0.999863	-0.043823	
943	0.999999	0.000008	-0.005859	-0.000008	0.999999	0.008179	
944	0.999999	0.000008	-0.005859	-0.000008	0.999999	0.008179	
945	1.000287	0.000359	-0.387512	-0.000359	1.000287	0.353455	
946	1.000287	0.000359	-0.387512	-0.000359	1.000287	0.353455	
947	1.000006	0.000000	-0.004944	-0.000000	1.000006	-0.004761	
948	0.998288	-0.001643	2.935547	0.001643	0.998288	0.426514	
949	1.001146	-0.000976	-0.541382	0.000976	1.001146	-2.341675	
950	1.001146	-0.000976	-0.541382	0.000976	1.001146	-2.341675	
951	1.000014	-0.000001	-0.012329	0.000001	1.000014	-0.014648	
952	1.000014	-0.000001	-0.012329	0.000001	1.000014	-0.014648	
953	1.001772	0.000653	-2.997070	-0.000653	1.001772	-1.172668	
954	1.001772	0.000653	-2.997070	-0.000653	1.001772	-1.172668	
955	0.999998	0.000019	-0.017334	-0.000019	0.999998	0.020508	
956	0.999998	0.000019	-0.017334	-0.000019	0.999998	0.020508	
957	0.999931	0.000050	0.015259	-0.000050	0.999931	0.069397	
958	0.999931	0.000050	0.015259	-0.000050	0.999931	0.069397	
959	1.000002	0.000004	-0.006104	-0.000004	1.000002	0.003967	
960	1.000199	-0.001521	0.415161	0.001521	1.000199	-1.528442	
961	1.003607	-0.001906	-2.024048	0.001906	1.003607	-5.318726	
962	1.003607	-0.001906	-2.024048	0.001906	1.003607	-5.318726	
963	1.000001	0.000004	-0.005127	-0.000004	1.000001	0.003113	
964	1.000001	0.000004	-0.005127	-0.000004	1.000001	0.003113	
965	0.997658	0.002386	0.133911	-0.002386	0.997658	4.773499	
966	0.997658	0.002386	0.133911	-0.002386	0.997658	4.773499	
967	0.999999	0.000003	-0.001343	-0.000003	0.999999	0.003662	
968	0.999926	0.000161	0.015503	-0.000161	0.999926	0.110474	
969	1.000065	-0.000289	0.006531	0.000289	1.000065	-0.230957	
970	1.000591	0.000040	-0.610596	-0.000040	1.000591	-0.278442	
971	1.000007	-0.000006	-0.001343	0.000006	1.000007	-0.013672	
972	1.000007	-0.000006	-0.001343	0.000006	1.000007	-0.013672	
973	0.999966	-0.000898	0.369019	0.000898	0.999966	-0.922119	
974	0.999966	-0.000898	0.369019	0.000898	0.999966	-0.922119	
975	1.000006	-0.000006	-0.000244	0.000006	1.000006	-0.012939	
976	0.999355	-0.000120	0.506958	0.000120	0.999355	0.148682	
977	0.999864	-0.000075	0.161194	0.000075	0.999864	0.052246	
978	0.999864	-0.000075	0.161194	0.000075	0.999864	0.052246	
979	1.000000	0.000003	-0.003540	-0.000003	1.000000	0.004517	
980	0.999819	0.000521	-0.412354	-0.000521	0.999819	0.529724	
981	1.000596	-0.000444	-0.476196	0.000444	1.000596	-1.101929	
982	1.000596	-0.000444	-0.476196	0.000444	1.000596	-1.101929	
983	0.999998	-0.000000	0.002197	0.000000	0.999998	0.000671	
984	0.999998	-0.000000	0.002197	0.000000	0.999998	0.000671	
985	1.000052	-0.000348	0.288879	0.000348	1.000052	-0.344910	
986	1.000052	-0.000348	0.288879	0.000348	1.000052	-0.344910	
987	0.999998	-0.000003	0.001587	0.000003	0.999998	-0.000854	
988	0.999998	-0.000003	0.001587	0.000003	0.999998	-0.000854	
989	0.999099	0.000389	0.773315	-0.000389	0.999099	1.401917	
990	0.999099	0.000389	0.773315	-0.000389	0.999099	1.401917	
991	1.000028	-0.000470	0.119995	0.000470	1.000028	-0.593750	
992	1.002230	0.001751	-3.830200	-0.001751	1.002230	-0.565430	
993	1.000171	0.000032	-0.141296	-0.000032	1.000171	-0.008057	
994	0.999801	-0.000049	0.252441	0.000049	0.999801	0.015442	
995	1.000383	-0.000750	0.523499	0.000750	1.000383	-1.103882	
996	0.999794	0.000063	0.187073	-0.000063	0.999794	0.062378	
997	0.999794	0.000063	0.187073	-0.000063	0.999794	0.062378	
998	1.000053	-0.000063	0.007263	0.000063	1.000053	-0.059326	
999	1.000053	-0.000063	0.007263	0.000063	1.000053	-0.059326	
1000	1.000053	-0.000063	0.007263	0.000063	1.000053	-0.059326	
1001	1.000053	-0.000063	0.007263	0.000063	1.000053	-0.059326	
1002	1.000053	-0.000063	0.007263	0.000063	1.000053	-0.059326	
1003	1.000053	-0.000063	0.007263	0.000063	1.000053	-0.059326	
1004	1.000053	-0.000063	0.007263	0.000063	1.000053	-0.059326	
1005	1.000053	-0.000063	0.007263	0.000063	1.000053	-0.059326	
1006	1.000053	-0.000063	0.007263	0.000063	1.000053	-0.059326	
1007	1.000163	0.000106	-0.114014	-0.000106	1.000163	0.066650	
1008	1.006313	-0.000991	-4.211548	0.000991	1.006313	-6.970032	
1009	0.998857	0.002451	0.024048	-0.002451	0.998857	2.562500	
1010	0.998857	0.002451	0.024048	-0.002451	0.998857	2.562500	
1011	0.998857	0.002451	0.024048	-0.002451	0.998857	2.562500	
1012	0.999897	0.000630	-0.139709	-0.000630	0.999897	0.587891	
1013	0.999897	0.000630	-0.139709	-0.000630	0.999897	0.587891	
1014	0.999897	0.000630	-0.139709	-0.000630	0.999897	0.587891	
1015	0.999897	0.000630	-0.139709	-0.000630	0.999897	0.587891	
1016	0.996050	-0.000659	5.249023	0.000659	0.996050	3.607117	
1017	0.999988	0.000031	-0.080261	-0.000031	0.999988	-0.043091	
1018	0.999988	0.000031	-0.080261	-0.000031	0.999988	-0.043091	
1019	0.999988	0.000031	-0.080261	-0.000031	0.999988	-0.043091	
1020	0.999988	0.000031	-0.080261	-0.000031	0.999988	-0.043091	
1021	0.999988	0.000031	-0.080261	-0.000031	0.999988	-0.043091	
1022	0.999988	0.000031	-0.080261	-0.000031	0.999988	-0.043091	
1023	0.999988	0.000031	-0.080261	-0.000031	0.999988	-0.043091	
1024	0.999799	-0.004435	4.424316	0.004435	0.999799	-4.162537	
1025	0.994091	-0.003095	9.870117	0.003095	0.994091	2.072266	
1026	0.994091	-0.003095	9.870117	0.003095	0.994091	2.072266	
1027	0.994091	-0.003095	9.870117	0.003095	0.994091	2.072266	
1028	0.994091	-0.003095	9.870117	0.003095	0.994091	2.072266	
1029	0.996135	-0.004984	9.196777	0.004984	0.996135	-1.247375	
1030	0.996135	-0.004984	9.196777	0.004984	0.996135	-1.247375	
1031	1.000267	0.000596	-0.530701	-0.000596	1.000267	0.362061	
1032	0.996450	-0.001776	3.898132	0.001776	0.996450	2.412781	
1033	0.994432	0.000631	6.175049	-0.000631	0.994432	6.322266	
1034	0.998439	0.002989	-1.661133	-0.002989	0.998439	4.876648	
1035	0.998439	0.002989	-1.661133	-0.002989	0.998439	4.876648	
1036	1.000080	-0.000154	0.116089	0.000154	1.000080	-0.192383	
1037	0.999890	0.000090	-0.000061	-0.000090	0.999890	0.151489	
1038	0.999966	-0.000131	0.088623	0.000131	0.999966	-0.107178	
1039	0.999938	0.000099	0.046265	-0.000099	0.999938	0.138489	
1040	0.999938	0.000099	0.046265	-0.000099	0.999938	0.138489	
1041	0.998990	-0.000776	2.514771	0.000776	0.998990	-0.164368	
1042	0.998990	-0.000776	2.514771	0.000776	0.998990	-0.164368	
1043	0.998990	-0.000776	2.514771	0.000776	0.998990	-0.164368	
1044	0.998990	-0.000776	2.514771	0.000776	0.998990	-0.164368	
1045	0.998990	-0.000776	2.514771	0.000776	0.998990	-0.164368	
1046	0.998990	-0.000776	2.514771	0.000776	0.998990	-0.164368	
1047	0.999991	-0.000025	0.015930	0.000025	0.999991	0.007996	
1048	0.999991	-0.000025	0.015930	0.000025	0.999991	0.007996	
1049	0.999991	-0.000025	0.015930	0.000025	0.999991	0.007996	
1050	0.999991	-0.000025	0.015930	0.000025	0.999991	0.007996	
1051	0.999991	-0.000025	0.015930	0.000025	0.999991	0.007996	
1052	0.999991	-0.000025	0.015930	0.000025	0.999991	0.007996	
1053	0.999991	-0.000025	0.015930	0.000025	0.999991	0.007996	
1054	0.999991	-0.000025	0.015930	0.000025	0.999991	0.007996	
1055	0.999991	-0.000025	0.015930	0.000025	0.999991	0.007996	
1056	0.999991	-0.000025	0.015930	0.000025	0.999991	0.007996	
1057	0.999991	-0.000025	0.015930	0.000025	0.999991	0.007996	
1058	1.000088	-0.000150	-0.129578	0.000150	1.000088	-0.158508	
1059	1.000088	-0.000150	-0.129578	0.000150	1.000088	-0.158508	
1060	1.000088	-0.000150	-0.129578	0.000150	1.000088	-0.158508	
1061	1.000141	0.000234	-0.186401	-0.000234	1.000141	0.066101	
1062	1.000141	0.000234	-0.186401	-0.000234	1.000141	0.066101	
1063	1.000141	0.000234	-0.186401	-0.000234	1.000141	0.066101	
1064	1.000141	0.000234	-0.186401	-0.000234	1.000141	0.066101	
1065	0.999977	-0.000120	0.081421	0.000120	0.999977	-0.077332	
1066	0.999977	-0.000120	0.081421	0.000120	0.999977	-0.077332	
1067	0.999977	-0.000120	0.081421	0.000120	0.999977	-0.077332	
1068	0.999977	-0.000120	0.081421	0.000120	0.999977	-0.077332	
1069	0.999977	-0.000120	0.081421	0.000120	0.999977	-0.077332	
1070	0.999977	-0.000120	0.081421	0.000120	0.999977	-0.077332	
1071	0.999977	-0.000120	0.081421	0.000120	0.999977	-0.077332	
1072	0.999977	-0.000120	0.081421	0.000120	0.999977	-0.077332	
1073	0.999977	-0.000120	0.081421	0.000120	0.999977	-0.077332	
1074	0.999977	-0.000120	0.081421	0.000120	0.999977	-0.077332	
1075	0.999977	-0.000120	0.081421	0.000120	0.999977	-0.077332	
1076	0.999977	-0.000120	0.081421	0.000120	0.999977	-0.077332	
1077	0.999977	-0.000120	0.081421	0.000120	0.999977	-0.077332	
1078	0.999977	-0.000120	0.081421	0.000120	0.999977	-0.077332	
1079	1.000095	-0.000075	-0.102173	0.000075	1.000095	-0.043335	
1080	0.999882	-0.000109	0.114380	0.000109	0.999882	-0.050171	
1081	0.999882	-0.000109	0.114380	0.000109	0.999882	-0.050171	
1082	0.999882	-0.000109	0.114380	0.000109	0.999882	-0.050171	
1083	0.999882	-0.000109	0.114380	0.000109	0.999882	-0.050171	
1084	0.999882	-0.000109	0.114380	0.000109	0.999882	-0.050171	
1085	0.986875	-0.000434	11.888855	0.000434	0.986875	11.212402	
1086	0.986875	-0.000434	11.888855	0.000434	0.986875	11.212402	
1087	0.999983	-0.000163	0.020996	0.000163	0.999983	-0.133728	
1088	1.001029	0.000488	-2.142822	-0.000488	1.001029	-0.215393	
1089	0.999992	-0.000078	0.035400	0.000078	0.999992	-0.172974	
1090	0.999992	-0.000078	0.035400	0.000078	0.999992	-0.172974	
1091	0.999992	-0.000078	0.035400	0.000078	0.999992	-0.172974	
1092	0.998557	-0.000014	0.507874	0.000014	0.998557	1.484802	
1093	0.996630	0.000177	2.120850	-0.000177	0.996630	3.471375	
1094	0.996630	0.000177	2.120850	-0.000177	0.996630	3.471375	
1095	0.999922	0.000030	0.103394	-0.000030	0.999922	0.096375	
1096	0.999821	-0.000463	0.252930	0.000463	0.999821	-0.310059	
1097	0.999921	-0.000107	0.204834	0.000107	0.999921	-0.090942	
1098	0.999921	-0.000107	0.204834	0.000107	0.999921	-0.090942	
1099	0.999921	-0.000107	0.204834	0.000107	0.999921	-0.090942	
1100	1.000549	-0.000206	-0.714417	0.000206	1.000549	-0.705200	
1101	1.007796	-0.000853	-8.157654	0.000853	1.007796	-4.420654	
1102	0.999969	-0.000318	0.170044	0.000318	0.999969	-0.190186	
1103	0.999998	0.000151	0.079468	-0.000151	0.999998	0.085205	
1104	0.999931	0.000146	-0.113647	-0.000146	0.999931	0.330383	
1105	0.999825	0.002629	-0.922913	-0.002629	0.999825	2.455322	
1106	0.999996	0.000058	-0.050171	-0.000058	0.999996	0.100464	
1107	0.999996	0.000058	-0.050171	-0.000058	0.999996	0.100464	
1108	0.999996	0.000058	-0.050171	-0.000058	0.999996	0.100464	
1109	0.999107	-0.000005	1.003906	0.000005	0.999107	0.330627	
1110	0.999107	-0.000005	1.003906	0.000005	0.999107	0.330627	
1111	0.999107	-0.000005	1.003906	0.000005	0.999107	0.330627	
1112	0.999107	-0.000005	1.003906	0.000005	0.999107	0.330627	
1113	1.000111	0.000191	-0.183838	-0.000191	1.000111	0.186707	
1114	1.000111	0.000191	-0.183838	-0.000191	1.000111	0.186707	
1115	1.000111	0.000191	-0.183838	-0.000191	1.000111	0.186707	
1116	1.000331	-0.000718	-0.060181	0.000718	1.000331	-0.953674	
1117	0.998763	-0.001470	1.572754	0.001470	0.998763	-0.760742	
1118	0.998763	-0.001470	1.572754	0.001470	0.998763	-0.760742	
1119	1.000020	0.000121	0.029419	-0.000121	1.000020	0.122498	
1120	1.000020	0.000121	0.029419	-0.000121	1.000020	0.122498	
1121	0.999862	-0.000130	0.086304	0.000130	0.999862	-0.126709	
1122	0.999965	0.000083	-0.062012	-0.000083	0.999965	0.150452	
1123	1.000612	0.000213	-0.462585	-0.000213	1.000612	-0.421448	
1124	0.999984	-0.000065	-0.038208	0.000065	0.999984	-0.070679	
1125	0.999984	-0.000065	-0.038208	0.000065	0.999984	-0.070679	
1126	0.999984	-0.000065	-0.038208	0.000065	0.999984	-0.070679	
1127	1.000243	-0.001061	0.265137	0.001061	1.000243	-1.818542	
1128	1.000093	-0.000090	-0.157776	0.000090	1.000093	-0.143494	
1129	1.000093	-0.000090	-0.157776	0.000090	1.000093	-0.143494	
1130	1.000072	0.000058	-0.115234	-0.000058	1.000072	0.030396	
1131	1.002375	0.001884	-2.878601	-0.001884	1.002375	-1.712830	
1132	1.002375	0.001884	-2.878601	-0.001884	1.002375	-1.712830	
1133	0.999940	-0.000131	0.099731	0.000131	0.999940	-0.187805	
1134	0.999940	-0.000131	0.099731	0.000131	0.999940	-0.187805	
1135	0.999940	-0.000131	0.099731	0.000131	0.999940	-0.187805	
1136	0.999940	-0.000131	0.099731	0.000131	0.999940	-0.187805	
1137	1.000073	0.000021	-0.085327	-0.000021	1.000073	-0.007690	
1138	1.000073	0.000021	-0.085327	-0.000021	1.000073	-0.007690	
1139	0.998639	0.001411	2.401978	-0.001411	0.998639	2.639221	
1140	0.998639	0.001411	2.401978	-0.001411	0.998639	2.639221	
1141	0.998639	0.001411	2.401978	-0.001411	0.998639	2.639221	
1142	0.998639	0.001411	2.401978	-0.001411	0.998639	2.639221	
1143	0.998639	0.001411	2.401978	-0.001411	0.998639	2.639221	
1144	0.998639	0.001411	2.401978	-0.001411	0.998639	2.639221	
1145	0.998639	0.001411	2.401978	-0.001411	0.998639	2.639221	
1146	0.998639	0.001411	2.401978	-0.001411	0.998639	2.639221	
1147	0.999990	0.000089	-0.007446	-0.000089	0.999990	0.060364	
1148	0.999990	0.000089	-0.007446	-0.000089	0.999990	0.060364	
1149	1.000175	-0.000202	-0.091675	0.000202	1.000175	-0.328735	
1150	0.999706	0.000013	0.338318	-0.000013	0.999706	0.070007	
1151	0.999706	0.000013	0.338318	-0.000013	0.999706	0.070007	
1152	0.999980	-0.000052	0.076660	0.000052	0.999980	-0.062073	
1153	0.999980	0.000019	0.026306	-0.000019	0.999980	0.029175	
1154	0.999980	0.000019	0.026306	-0.000019	0.999980	0.029175	
1155	0.999980	0.000019	0.026306	-0.000019	0.999980	0.029175	
1156	0.999980	0.000019	0.026306	-0.000019	0.999980	0.029175	
1157	0.999980	0.000019	0.026306	-0.000019	0.999980	0.029175	
1158	0.999980	0.000019	0.026306	-0.000019	0.999980	0.029175	
1159	0.999980	0.000019	0.026306	-0.000019	0.999980	0.029175	
1160	0.999980	0.000019	0.026306	-0.000019	0.999980	0.029175	
1161	0.999980	0.000019	0.026306	-0.000019	0.999980	0.029175	
1162	0.999980	0.000019	0.026306	-0.000019	0.999980	0.029175	
1163	0.999980	0.000019	0.026306	-0.000019	0.999980	0.029175	
1164	0.999980	0.000019	0.026306	-0.000019	0.999980	0.029175	
1165	0.999980	0.000019	0.026306	-0.000019	0.999980	0.029175	
1166	0.999980	0.000019	0.026306	-0.000019	0.999980	0.029175	
1167	0.999980	0.000019	0.026306	-0.000019	0.999980	0.029175	
1168	0.999980	0.000019	0.026306	-0.000019	0.999980	0.029175	
1169	0.997448	0.000420	1.690979	-0.000420	0.997448	2.906494	
1170	0.999525	-0.000990	1.192261	0.000990	0.999525	-0.420898	
1171	0.999690	-0.000465	0.430664	0.000465	0.999690	-0.134460	
1172	0.999690	-0.000465	0.430664	0.000465	0.999690	-0.134460	
1173	1.003262	-0.001267	-1.554932	0.001267	1.003262	-4.353088	
1174	0.991498	-0.004011	13.210693	0.004011	0.991498	4.263062	
1175	0.998407	-0.003306	4.125671	0.003306	0.998407	-0.976624	
1176	0.999431	0.000073	0.110962	-0.000073	0.999431	0.096802	
1177	0.999718	-0.008305	5.956665	0.008305	0.999718	-10.309875	
1178	0.999718	-0.008305	5.956665	0.008305	0.999718	-10.309875	
1179	0.999718	-0.008305	5.956665	0.008305	0.999718	-10.309875	
1180	0.999718	-0.008305	5.956665	0.008305	0.999718	-10.309875	
1181	0.999718	-0.008305	5.956665	0.008305	0.999718	-10.309875	
1182	0.999718	-0.008305	5.956665	0.008305	0.999718	-10.309875	
1183	0.999885	-0.000082	0.132141	0.000082	0.999885	-0.092468	
1184	0.999885	-0.000082	0.132141	0.000082	0.999885	-0.092468	
1185	0.999631	-0.000522	0.579468	0.000522	0.999631	-0.226624	
1186	0.999631	-0.000522	0.579468	0.000522	0.999631	-0.226624	
1187	1.000343	0.001431	-0.740295	-0.001431	1.000343	1.100342	
1188	1.000343	0.001431	-0.740295	-0.001431	1.000343	1.100342	
1189	1.000343	0.001431	-0.740295	-0.001431	1.000343	1.100342	
1190	1.000343	0.001431	-0.740295	-0.001431	1.000343	1.100342	
1191	1.000343	0.001431	-0.740295	-0.001431	1.000343	1.100342	
1192	1.000258	-0.000053	-0.275635	0.000053	1.000258	-0.132202	
1193	1.000258	-0.000053	-0.275635	0.000053	1.000258	-0.132202	
1194	1.000258	-0.000053	-0.275635	0.000053	1.000258	-0.132202	
1195	0.999587	-0.000859	1.457275	0.000859	0.999587	-0.807861	
1196	0.999587	-0.000859	1.457275	0.000859	0.999587	-0.807861	
1197	0.999587	-0.000859	1.457275	0.000859	0.999587	-0.807861	
1198	0.999587	-0.000859	1.457275	0.000859	0.999587	-0.807861	
1199	0.999587	-0.000859	1.457275	0.000859	0.999587	-0.807861	
1200	0.999587	-0.000859	1.457275	0.000859	0.999587	-0.807861	
1201	1.000008	-0.000051	0.124573	0.000051	1.000008	-0.122131	
