0	1.000000	0.000000	0.000000	0.000000	1.000000	0.000000	
1	0.998394	0.000391	1.542786	-0.000391	0.998394	1.459778	
2	0.998087	-0.000108	1.922058	0.000108	0.998087	1.163605	
3	0.997981	-0.000040	1.784790	0.000040	0.997981	1.226868	
4	0.998129	-0.000020	1.608765	0.000020	0.998129	1.206848	
5	0.998117	-0.000015	1.862549	0.000015	0.998117	1.163208	
6	0.998033	0.000068	1.960510	-0.000068	0.998033	1.243652	
7	0.995393	-0.000030	4.422485	0.000030	0.995393	2.660919	
8	0.997771	-0.000060	2.158691	0.000060	0.997771	1.206970	
9	0.995240	0.000061	4.420105	-0.000061	0.995240	2.620026	
10	0.997609	-0.000137	2.482239	0.000137	0.997609	1.323029	
11	0.994460	0.000082	5.244995	-0.000082	0.994460	3.216248	
12	0.997730	-0.000032	2.488647	0.000032	0.997730	1.406281	
13	0.995149	-0.000006	4.957947	0.000006	0.995149	2.728424	
14	0.998049	-0.000028	1.913269	0.000028	0.998049	1.041534	
15	0.996962	-0.000034	2.821167	0.000034	0.996962	1.660034	
16	0.999915	-0.000004	-0.272400	0.000004	0.999915	0.157654	
17	0.999924	0.000076	-0.307922	-0.000076	0.999924	-0.056946	
18	1.000069	-0.000002	-0.168640	0.000002	1.000069	-0.075439	
19	0.999982	0.000041	0.223572	-0.000041	0.999982	0.118652	
20	1.000007	0.000022	-0.063110	-0.000022	1.000007	0.009094	
21	0.999970	0.000137	0.083008	-0.000137	0.999970	0.443451	
22	1.000069	0.000043	-0.095703	-0.000043	1.000069	0.097443	
23	1.000212	-0.000105	0.078735	0.000105	1.000212	0.082611	
24	1.000031	-0.000133	-0.335632	0.000133	1.000031	-0.039612	
25	1.000145	-0.000064	-0.508850	0.000064	1.000145	0.207733	
26	1.000129	-0.000052	-0.323792	0.000052	1.000129	0.010498	
27	1.000042	-0.000114	-0.360718	0.000114	1.000042	0.017029	
28	1.000092	-0.000019	-0.002197	0.000019	1.000092	0.140167	
29	1.000132	-0.000055	0.133850	0.000055	1.000132	0.201569	
30	1.000170	0.000001	-0.244629	-0.000001	1.000170	0.028595	
31	1.000118	-0.000026	-0.611511	0.000026	1.000118	-0.052765	
32	1.000157	-0.000045	-0.075806	0.000045	1.000157	0.000458	
33	1.000212	-0.000117	-0.106384	0.000117	1.000212	-0.026093	
34	1.000090	-0.000034	0.042664	0.000034	1.000090	-0.042969	
35	1.000072	0.000022	-0.079956	-0.000022	1.000072	0.037720	
36	1.000154	0.000017	-0.175171	-0.000017	1.000154	0.196167	
37	1.000074	-0.000027	-0.150696	0.000027	1.000074	0.259888	
38	1.000017	0.000032	0.014465	-0.000032	1.000017	-0.189697	
39	1.000033	-0.000094	-0.019165	0.000094	1.000033	-0.015869	
40	1.000098	-0.000001	-0.540955	0.000001	1.000098	0.164856	
41	1.000020	0.000020	0.298218	-0.000020	1.000020	-0.012878	
42	1.000070	0.000133	0.179260	-0.000133	1.000070	0.075928	
43	0.999964	0.000086	-0.210205	-0.000086	0.999964	0.038086	
44	0.999747	0.000228	0.487976	-0.000228	0.999747	0.079437	
45	0.997261	0.000037	2.716858	-0.000037	0.997261	1.270294	
46	0.998723	0.000085	0.968933	-0.000085	0.998723	0.511414	
47	0.999675	-0.000100	0.751221	0.000100	0.999675	-0.260773	
48	0.999839	0.000016	0.286560	-0.000016	0.999839	-0.068756	
49	0.999902	-0.000044	0.332642	0.000044	0.999902	-0.403381	
50	0.999907	-0.000002	0.052734	0.000002	0.999907	-0.145538	
51	0.999972	-0.000095	-0.159119	0.000095	0.999972	-0.502960	
52	0.999949	-0.000015	0.096130	0.000015	0.999949	-0.218323	
53	1.000020	-0.000069	-0.358826	0.000069	1.000020	-0.263184	
54	1.000032	-0.000128	-0.274841	0.000128	1.000032	-0.197144	
55	0.999995	-0.000033	-0.308228	0.000033	0.999995	-0.204041	
56	1.000148	0.000006	-0.522278	-0.000006	1.000148	-0.296936	
57	0.999980	-0.000123	-0.702759	0.000123	0.999980	-0.282227	
58	1.000075	-0.000110	-0.459839	0.000110	1.000075	-0.073853	
59	1.000081	-0.000062	-0.971985	0.000062	1.000081	0.316254	
60	1.000038	0.000035	-0.608215	-0.000035	1.000038	0.052521	
61	1.000146	-0.000079	-1.178894	0.000079	1.000146	0.029663	
62	1.000099	-0.000014	-0.621704	0.000014	1.000099	0.048889	
63	1.000245	0.000091	-1.453674	-0.000091	1.000245	0.392334	
64	1.000176	0.000001	-0.842346	-0.000001	1.000176	-0.018585	
65	1.000170	-0.000075	-1.246094	0.000075	1.000170	-0.096313	
66	1.000182	-0.000126	-0.904480	0.000126	1.000182	0.117920	
67	1.001055	0.000127	-2.975586	-0.000127	1.001055	-1.045349	
68	1.000214	0.000034	-0.964111	-0.000034	1.000214	-0.221069	
69	1.001240	0.000080	-2.794006	-0.000080	1.001240	-1.396667	
70	1.000450	0.000063	-0.961365	-0.000063	1.000450	-0.207031	
71	1.000637	0.000025	-2.084595	-0.000025	1.000637	-1.165466	
72	1.000773	-0.000041	-2.261719	0.000041	1.000773	-1.518524	
73	1.002318	0.000033	-3.615723	-0.000033	1.002318	-0.999420	
74	1.001961	0.000064	-2.931091	-0.000064	1.001961	-1.160034	
75	1.002623	0.000050	-3.443420	-0.000050	1.002623	-1.441559	
76	1.001723	0.000054	-2.191589	-0.000054	1.001723	-0.964020	
77	1.003541	0.000037	-4.527039	-0.000037	1.003541	-1.862000	
78	1.002263	-0.000049	-2.814758	0.000049	1.002263	-1.243225	
79	1.005093	0.000063	-5.616943	-0.000063	1.005093	-2.534271	
80	1.002609	0.000050	-2.841919	-0.000050	1.002609	-1.242065	
81	1.004413	-0.000020	-5.249878	0.000020	1.004413	-2.294678	
82	1.002200	0.000028	-2.375854	-0.000028	1.002200	-1.171967	
83	1.004090	-0.000002	-4.705017	0.000002	1.004090	-2.282227	
84	1.002505	-0.000007	-2.786682	0.000007	1.002505	-1.232788	
85	1.003876	-0.000096	-4.418396	0.000096	1.003876	-2.180206	
86	1.001003	0.000026	-1.206726	-0.000026	1.001003	-0.470795	
87	1.003115	-0.000093	-3.564880	0.000093	1.003115	-1.693268	
88	1.000500	-0.000029	-1.023376	0.000029	1.000500	-0.134216	
89	1.000293	0.000024	-0.423889	-0.000024	1.000293	-0.215210	
90	1.000176	-0.000044	-0.493896	0.000044	1.000176	-0.044189	
91	1.000152	0.000122	-0.681030	-0.000122	1.000152	0.081268	
92	1.000188	0.000048	-0.192749	-0.000048	1.000188	0.103149	
93	1.000121	-0.000023	-0.337891	0.000023	1.000121	-0.180634	
94	1.000105	0.000013	-0.014893	-0.000013	1.000105	-0.110474	
95	1.000009	0.000063	-0.116211	-0.000063	1.000009	-0.208191	
96	0.999875	-0.000063	0.457092	0.000063	0.999875	-0.272583	
97	0.998627	0.000021	1.024170	-0.000021	0.998627	1.206970	
98	0.999443	0.000022	0.498962	-0.000022	0.999443	0.486053	
99	0.997804	0.000031	2.554321	-0.000031	0.997804	2.683472	
100	0.998411	0.000040	1.887085	-0.000040	0.998411	1.737244	
101	0.996021	0.000048	4.187744	-0.000048	0.996021	3.132416	
102	0.997287	0.000010	2.724915	-0.000010	0.997287	1.690582	
103	0.994567	-0.000006	5.383850	0.000006	0.994567	3.013397	
104	0.997023	0.000033	2.804871	-0.000033	0.997023	1.570709	
105	0.993848	0.000046	5.741638	-0.000046	0.993848	3.450775	
106	0.996622	0.000012	3.206543	-0.000012	0.996622	1.872375	
107	0.993601	-0.000094	6.052734	0.000094	0.993601	3.408936	
108	0.996628	-0.000073	3.245056	0.000073	0.996628	1.764099	
109	0.992534	0.000055	7.215637	-0.000055	0.992534	4.094788	
110	0.996992	-0.000015	2.961914	0.000015	0.996992	1.684967	
111	0.993763	-0.000050	6.036682	0.000050	0.993763	3.363586	
112	0.996514	-0.000027	3.389038	0.000027	0.996514	1.932220	
113	0.993681	-0.000010	6.156738	0.000010	0.993681	3.467407	
114	0.997381	-0.000071	2.560730	0.000071	0.997381	1.373077	
115	0.994585	-0.000058	5.096863	0.000058	0.994585	2.935669	
116	0.997925	-0.000048	2.080078	0.000048	0.997925	1.292267	
117	0.996549	0.000040	3.291443	-0.000040	0.996549	1.946350	
118	0.999862	0.000050	0.023193	-0.000050	0.999862	-0.011261	
119	0.997054	0.000113	3.084717	-0.000113	0.997054	1.661102	
120	0.999823	-0.000009	0.160461	0.000009	0.999823	-0.095734	
121	0.997401	-0.000000	2.328918	0.000000	0.997401	1.437439	
122	0.998082	-0.000026	1.828308	0.000026	0.998082	1.117889	
123	0.995575	0.000021	4.406921	-0.000021	0.995575	2.439575	
124	0.997536	0.000073	2.281799	-0.000073	0.997536	1.403168	
125	0.994793	-0.000026	5.095093	0.000026	0.994793	2.858276	
126	0.997177	0.000007	2.547852	-0.000007	0.997177	1.568054	
127	0.993775	-0.000019	5.808228	0.000019	0.993775	3.198059	
128	0.996713	-0.000146	3.161011	0.000146	0.996713	1.780640	
129	0.993156	-0.000060	6.490234	0.000060	0.993156	3.793365	
130	0.995720	0.000025	4.306274	-0.000025	0.995720	2.414612	
131	0.992773	0.000003	7.053223	-0.000003	0.992773	4.130981	
132	0.996242	0.000004	3.576477	-0.000004	0.996242	2.091309	
133	0.992499	0.000071	7.271240	-0.000071	0.992499	4.335938	
134	0.996600	0.000026	3.250732	-0.000026	0.996600	1.868805	
135	0.993499	-0.000004	6.199707	0.000004	0.993499	3.631012	
136	0.996350	0.000024	3.565308	-0.000024	0.996350	2.125671	
137	0.993104	-0.000126	6.506836	0.000126	0.993104	3.844513	
138	0.996983	-0.000125	2.870850	0.000125	0.996983	1.628021	
139	0.994482	-0.000060	5.229980	0.000060	0.994482	3.182953	
140	0.997563	0.000062	2.368347	-0.000062	0.997563	1.415100	
141	0.995462	0.000016	4.398010	-0.000016	0.995462	2.574463	
142	0.998289	0.000080	1.692261	-0.000080	0.998289	1.176208	
143	0.999580	0.000053	0.565186	-0.000053	0.999580	0.280670	
144	0.999847	0.000053	0.228821	-0.000053	0.999847	0.133453	
145	0.999891	0.000013	0.287292	-0.000013	0.999891	0.062958	
146	0.999944	0.000020	0.104309	-0.000020	0.999944	0.048462	
147	0.999930	0.000006	0.369446	-0.000006	0.999930	0.064117	
148	1.000018	-0.000140	0.315430	0.000140	1.000018	-0.118011	
149	0.999930	-0.000018	0.030273	0.000018	0.999930	0.117279	
150	0.999946	-0.000024	0.032288	0.000024	0.999946	0.048187	
151	0.999896	0.000060	0.016357	-0.000060	0.999896	0.107239	
152	0.999994	0.000170	-0.037781	-0.000170	0.999994	0.233490	
153	1.000059	-0.000133	-0.037720	0.000133	1.000059	0.005981	
154	1.000034	-0.000045	-0.010376	0.000045	1.000034	-0.079620	
155	0.999968	-0.000042	0.023499	0.000042	0.999968	-0.040070	
156	0.999974	-0.000135	0.035889	0.000135	0.999974	-0.105865	
157	1.000011	-0.000078	-0.080200	0.000078	1.000011	-0.045166	
158	1.000071	-0.000030	-0.060120	0.000030	1.000071	-0.051575	
159	1.000065	-0.000091	-0.275024	0.000091	1.000065	-0.072357	
160	1.000099	0.000147	-0.104980	-0.000147	1.000099	0.120056	
161	1.000038	0.000012	-0.168396	-0.000012	1.000038	0.094910	
162	0.999913	-0.000053	-0.077515	0.000053	0.999913	0.016510	
163	0.999887	0.000099	0.111755	-0.000099	0.999887	0.161316	
164	0.999909	-0.000073	0.195984	0.000073	0.999909	0.036499	
165	0.999970	-0.000059	0.329529	0.000059	0.999970	0.045837	
166	0.999989	-0.000035	-0.104858	0.000035	0.999989	0.056000	
167	1.000013	0.000178	-0.796753	-0.000178	1.000013	0.148956	
168	0.999960	0.000051	0.270569	-0.000051	0.999960	0.140350	
169	0.999921	-0.000024	0.047058	0.000024	0.999921	0.012817	
170	0.999925	-0.000034	0.151184	0.000034	0.999925	0.185822	
171	1.000078	0.000078	-0.066956	-0.000078	1.000078	0.038971	
172	1.000229	-0.000061	-0.157410	0.000061	1.000229	-0.073395	
173	1.000165	-0.000053	-0.595337	0.000053	1.000165	0.002625	
174	1.000148	-0.000128	-0.143433	0.000128	1.000148	-0.045837	
175	0.999971	0.000041	-0.270935	-0.000041	0.999971	0.068237	
176	1.000108	0.000054	-0.041748	-0.000054	1.000108	0.037018	
177	1.000090	0.000153	0.051636	-0.000153	1.000090	0.114471	
178	1.000078	0.000192	-0.044800	-0.000192	1.000078	0.136230	
179	0.999259	0.000056	0.482727	-0.000056	0.999259	0.487396	
180	0.999800	0.000164	0.223816	-0.000164	0.999800	0.195251	
181	0.996765	0.000023	3.103394	-0.000023	0.996765	1.712982	
182	0.998051	0.000065	2.008362	-0.000065	0.998051	1.182983	
183	0.999249	0.000083	0.867126	-0.000083	0.999249	0.612152	
184	0.999968	0.000036	-0.031921	-0.000036	0.999968	0.009216	
185	0.997226	0.000010	2.697937	-0.000010	0.997226	1.416595	
186	0.998776	0.000016	1.187500	-0.000016	0.998776	0.615814	
187	0.999684	-0.000016	0.112671	0.000016	0.999684	0.024750	
188	0.999949	0.000019	0.010010	-0.000019	0.999949	-0.005981	
189	0.998549	-0.000040	1.499817	0.000040	0.998549	0.575226	
190	0.997666	-0.000014	2.141846	0.000014	0.997666	1.338226	
191	0.999397	-0.000000	0.660278	0.000000	0.999397	0.245148	
192	0.999839	0.000106	0.258545	-0.000106	0.999839	0.073273	
193	0.999936	-0.000003	0.087097	0.000003	0.999936	-0.017731	
194	0.998646	0.000032	1.361633	-0.000032	0.998646	0.652313	
195	0.997855	0.000013	2.048828	-0.000013	0.997855	1.106750	
196	1.000016	-0.000100	0.001831	0.000100	1.000016	-0.099579	
197	0.999992	-0.000009	0.008606	0.000009	0.999992	-0.008698	
198	0.999955	0.000006	0.040100	-0.000006	0.999955	0.010315	
199	0.997464	-0.000026	2.507507	0.000026	0.997464	1.237854	
200	0.999340	0.000088	0.645508	-0.000088	0.999340	0.449585	
201	0.999779	-0.000011	0.117920	0.000011	0.999779	0.064392	
202	0.999946	-0.000083	-0.037659	0.000083	0.999946	-0.081940	
203	0.998855	0.000019	1.320862	-0.000019	0.998855	0.584106	
204	0.998948	-0.000081	1.027893	0.000081	0.998948	0.346100	
205	0.999919	0.000043	0.122559	-0.000043	0.999919	0.107513	
206	0.999881	-0.000059	-0.035278	0.000059	0.999881	0.021484	
207	1.000021	0.000109	0.212830	-0.000109	1.000021	0.089844	
208	1.000102	-0.000129	-0.096558	0.000129	1.000102	-0.130951	
209	0.999128	-0.000051	0.793579	0.000051	0.999128	0.445312	
210	0.997197	0.000081	2.643494	-0.000081	0.997197	1.469421	
211	0.997381	0.000066	2.175049	-0.000066	0.997381	1.597229	
212	0.999887	-0.000090	0.153870	0.000090	0.999887	-0.035950	
213	0.999718	0.000003	0.331604	-0.000003	0.999718	0.124329	
214	0.999985	-0.000023	-0.030762	0.000023	0.999985	-0.049927	
215	0.997091	0.000028	2.936340	-0.000028	0.997091	1.553925	
216	0.998694	-0.000034	1.086670	0.000034	0.998694	0.557220	
217	0.999727	-0.000047	0.237854	0.000047	0.999727	0.241272	
218	0.999998	0.000069	-0.005920	-0.000069	0.999998	0.047180	
219	0.997344	0.000084	2.460388	-0.000084	0.997344	1.479706	
220	0.999114	0.000146	0.893921	-0.000146	0.999114	0.550079	
221	0.999674	0.000056	0.483154	-0.000056	0.999674	0.277466	
222	0.999769	-0.000028	-0.006348	0.000028	0.999769	0.069183	
223	0.997926	-0.000197	2.134460	0.000197	0.997926	0.953613	
224	0.998266	0.000023	1.613342	-0.000023	0.998266	1.033569	
225	0.999590	0.000077	0.367310	-0.000077	0.999590	0.357574	
226	0.999963	0.000110	0.098145	-0.000110	0.999963	0.088562	
227	0.999850	-0.000022	0.050110	0.000022	0.999850	0.052185	
228	0.999406	0.000041	0.610168	-0.000041	0.999406	0.289795	
229	0.996599	0.000008	3.185181	-0.000008	0.996599	1.907654	
230	0.999969	0.000023	0.057983	-0.000023	0.999969	0.037781	
231	0.999810	-0.000009	0.296326	0.000009	0.999810	0.096680	
232	1.000018	0.000008	-0.021912	-0.000008	1.000018	0.044037	
233	0.996761	-0.000006	3.162720	0.000006	0.996761	1.912445	
234	0.999566	0.000033	0.408325	-0.000033	0.999566	0.228973	
235	0.999754	-0.000082	0.181458	0.000082	0.999754	0.089233	
236	0.999992	0.000107	-0.209351	-0.000107	0.999992	0.141968	
237	1.000014	-0.000030	0.189880	0.000030	1.000014	0.042267	
238	1.000016	-0.000010	-0.104797	0.000010	1.000016	0.011566	
239	0.999939	0.000009	-0.040833	-0.000009	0.999939	0.101013	
240	0.999995	-0.000063	0.095642	0.000063	0.999995	0.049255	
241	1.000095	-0.000056	-0.024475	0.000056	1.000095	0.052887	
242	0.999999	-0.000107	0.028198	0.000107	0.999999	-0.012054	
243	1.000020	-0.000121	-0.103882	0.000121	1.000020	0.099884	
244	1.000042	-0.000018	-0.399475	0.000018	1.000042	0.005310	
245	1.000094	-0.000091	0.061279	0.000091	1.000094	0.048218	
246	1.000019	-0.000012	-0.097229	0.000012	1.000019	0.115509	
247	1.000090	0.000027	-0.288147	-0.000027	1.000090	0.114136	
248	0.999996	-0.000064	-0.007263	0.000064	0.999996	-0.036438	
249	1.000055	-0.000061	-0.034302	0.000061	1.000055	0.132355	
250	0.999963	0.000011	0.050171	-0.000011	0.999963	0.374695	
251	1.000080	0.000082	-0.365540	-0.000082	1.000080	0.385803	
252	1.000026	-0.000076	-0.094360	0.000076	1.000026	0.069061	
253	1.000086	0.000059	-0.311890	-0.000059	1.000086	0.190155	
254	1.000321	0.000066	-0.403625	-0.000066	1.000321	-0.192810	
255	1.000592	-0.000043	-0.574890	0.000043	1.000592	-0.638885	
256	1.000585	0.000010	-0.697388	-0.000010	1.000585	-0.331573	
257	1.000969	-0.000141	-0.941711	0.000141	1.000969	-1.026825	
258	1.000326	-0.000066	-0.208496	0.000066	1.000326	-0.365021	
259	1.000451	-0.000139	-0.420715	0.000139	1.000451	-0.188293	
260	1.001722	-0.000123	-1.794312	0.000123	1.001722	-0.752350	
261	1.000304	0.000001	-0.260925	-0.000001	1.000304	0.166840	
262	1.003867	-0.000024	-3.585083	0.000024	1.003867	-2.077759	
263	1.000650	0.000090	-0.832336	-0.000090	1.000650	-0.170227	
264	1.003184	0.000057	-3.539978	-0.000057	1.003184	-1.637756	
265	1.000395	0.000027	-0.519897	-0.000027	1.000395	-0.131470	
266	1.002149	-0.000048	-2.030518	0.000048	1.002149	-1.085114	
267	1.001733	0.000016	-1.669556	-0.000016	1.001733	-0.962158	
268	1.000274	0.000008	-0.312561	-0.000008	1.000274	-0.082184	
269	1.001065	-0.000015	-0.931763	0.000015	1.001065	-0.746582	
270	1.002265	0.000139	-2.126526	-0.000139	1.002265	-1.239227	
271	1.000115	0.000070	-0.428528	-0.000070	1.000115	-0.029449	
272	1.002521	0.000016	-2.339722	-0.000016	1.002521	-1.415253	
273	1.001378	-0.000093	-1.326782	0.000093	1.001378	-0.851807	
274	1.000777	-0.000123	-0.570129	0.000123	1.000777	-0.724304	
275	1.002507	-0.000052	-2.477661	0.000052	1.002507	-1.509521	
276	1.000987	-0.000082	-1.264160	0.000082	1.000987	-0.733917	
277	1.000074	-0.000046	0.001587	0.000046	1.000074	-0.008911	
278	1.000171	-0.000013	-0.203491	0.000013	1.000171	-0.075195	
279	1.000015	-0.000040	-0.016113	0.000040	1.000015	-0.005707	
280	1.000223	0.000107	0.010559	-0.000107	1.000223	0.041534	
281	1.000038	-0.000028	-0.064453	0.000028	1.000038	-0.011475	
282	0.999985	-0.000028	-0.168152	0.000028	0.999985	-0.092743	
283	0.999998	0.000085	-0.000854	-0.000085	0.999998	-0.133209	
284	0.999926	0.000030	0.314758	-0.000030	0.999926	-0.085663	
285	1.000024	-0.000035	-0.289490	0.000035	1.000024	-0.092010	
286	0.999885	-0.000155	0.257141	0.000155	0.999885	-0.358398	
287	0.999973	0.000029	0.066040	-0.000029	0.999973	-0.005737	
288	0.999950	-0.000183	-0.160095	0.000183	0.999950	-0.129425	
289	1.000022	-0.000122	0.028992	0.000122	1.000022	-0.050507	
290	1.000021	-0.000030	0.178467	0.000030	1.000021	-0.077911	
291	0.999930	-0.000110	0.336853	0.000110	0.999930	-0.103790	
292	0.999912	-0.000047	0.166809	0.000047	0.999912	-0.102600	
293	0.999998	-0.000036	-0.002014	0.000036	0.999998	-0.042847	
294	0.999992	-0.000098	-0.000427	0.000098	0.999992	-0.319336	
295	0.999956	0.000005	0.003052	-0.000005	0.999956	-0.038055	
296	0.999978	-0.000081	-0.038940	0.000081	0.999978	-0.147339	
297	0.999954	-0.000044	0.037415	0.000044	0.999954	-0.051971	
298	0.999985	-0.000087	-0.001892	0.000087	0.999985	-0.086731	
299	0.999925	-0.000057	0.025513	0.000057	0.999925	-0.074371	
300	0.999969	-0.000091	0.023193	0.000091	0.999969	-0.083588	
301	0.999960	0.000040	-0.017822	-0.000040	0.999960	-0.028381	
302	1.000065	-0.000069	-0.032654	0.000069	1.000065	-0.088593	
303	1.000001	-0.000085	0.006470	0.000085	1.000001	-0.121277	
304	0.999979	-0.000141	0.290710	0.000141	0.999979	-0.109863	
305	0.999977	-0.000047	0.081177	0.000047	0.999977	-0.078400	
306	0.999954	-0.000136	0.304504	0.000136	0.999954	-0.081665	
307	0.999998	0.000116	-0.041809	-0.000116	0.999998	0.036530	
308	0.999984	0.000078	-0.047180	-0.000078	0.999984	0.039337	
309	1.000032	0.000128	-0.147888	-0.000128	1.000032	0.077972	
310	1.000028	0.000046	0.002258	-0.000046	1.000028	0.034973	
311	1.000007	-0.000040	-0.042908	0.000040	1.000007	-0.067291	
312	1.000006	0.000008	0.061768	-0.000008	1.000006	0.061920	
313	0.999955	-0.000039	-0.027771	0.000039	0.999955	-0.008209	
314	1.000039	-0.000038	0.040039	0.000038	1.000039	-0.026611	
315	0.999971	0.000032	0.020264	-0.000032	0.999971	0.053040	
316	0.999987	0.000005	0.050415	-0.000005	0.999987	0.013214	
317	0.999974	0.000026	0.002563	-0.000026	0.999974	0.106689	
318	1.000117	0.000138	0.149658	-0.000138	1.000117	0.072845	
319	1.000154	-0.000025	-0.062073	0.000025	1.000154	0.032440	
320	1.000002	0.000019	-0.017761	-0.000019	1.000002	0.018188	
321	0.999994	0.000032	0.029480	-0.000032	0.999994	0.048981	
322	0.999954	-0.000040	0.074890	0.000040	0.999954	0.029175	
323	1.000023	0.000023	-0.019592	-0.000023	1.000023	0.058197	
324	1.000168	0.000077	0.407959	-0.000077	1.000168	0.012695	
325	0.999980	0.000012	0.117310	-0.000012	0.999980	0.004822	
326	0.999950	0.000051	-0.333984	-0.000051	0.999950	0.054352	
327	0.999992	-0.000068	0.198486	0.000068	0.999992	-0.022430	
328	1.000027	0.000005	0.212280	-0.000005	1.000027	0.003357	
329	1.000052	-0.000102	-0.163208	0.000102	1.000052	-0.059662	
330	1.000083	-0.000000	-0.045105	0.000000	1.000083	-0.010620	
331	1.000038	0.000017	0.198730	-0.000017	1.000038	0.046967	
332	1.000022	0.000090	-0.126770	-0.000090	1.000022	0.053864	
333	0.999991	0.000019	-0.159607	-0.000019	0.999991	0.097656	
334	1.000042	-0.000061	0.126221	0.000061	1.000042	-0.101013	
335	1.000092	-0.000064	-0.292786	0.000064	1.000092	-0.242371	
336	1.000044	0.000114	-0.007996	-0.000114	1.000044	0.073059	
337	1.000091	0.000012	-0.038757	-0.000012	1.000091	0.027283	
338	1.000018	0.000050	-0.153076	-0.000050	1.000018	0.011871	
339	0.999986	-0.000035	0.282532	0.000035	0.999986	-0.002136	
340	1.000003	0.000207	0.246765	-0.000207	1.000003	0.177979	
341	1.000081	0.000024	0.215820	-0.000024	1.000081	0.013489	
342	0.999999	0.000168	0.159302	-0.000168	0.999999	0.109131	
343	1.000063	0.000111	-0.060913	-0.000111	1.000063	0.110565	
344	1.000008	0.000051	0.041565	-0.000051	1.000008	0.028778	
345	0.999973	0.000139	-0.032776	-0.000139	0.999973	0.131134	
346	0.999952	0.000039	-0.384277	-0.000039	0.999952	0.124420	
347	0.999958	0.000228	-0.098755	-0.000228	0.999958	0.121155	
348	0.999982	0.000062	0.083313	-0.000062	0.999982	0.002045	
349	0.999995	0.000058	-0.089783	-0.000058	0.999995	-0.011230	
350	0.999988	-0.000007	-0.047180	0.000007	0.999988	-0.086823	
351	1.000043	-0.000061	0.197937	0.000061	1.000043	-0.106323	
352	0.999993	0.000016	0.191345	-0.000016	0.999993	-0.052856	
353	0.999965	-0.000012	-0.002502	0.000012	0.999965	-0.016144	
354	1.000060	-0.000072	-0.020691	0.000072	1.000060	-0.084717	
355	0.999998	-0.000074	-0.018616	0.000074	0.999998	-0.143005	
356	0.999924	0.000001	0.101440	-0.000001	0.999924	-0.065674	
357	0.999967	-0.000116	-0.068481	0.000116	0.999967	-0.172943	
358	0.999934	-0.000167	0.211426	0.000167	0.999934	-0.126862	
359	0.999875	-0.000079	-0.169312	0.000079	0.999875	-0.050720	
360	1.000048	-0.000052	-0.225769	0.000052	1.000048	-0.113464	
361	1.000062	0.000079	-0.087097	-0.000079	1.000062	-0.129181	
362	0.999963	-0.000017	-0.149292	0.000017	0.999963	-0.097748	
363	1.000059	-0.000022	0.174133	0.000022	1.000059	-0.057373	
364	1.000030	-0.000021	-0.118225	0.000021	1.000030	-0.052704	
365	1.000133	0.000033	-0.176147	-0.000033	1.000133	-0.061218	
366	0.999936	0.000100	0.121887	-0.000100	0.999936	0.083160	
367	1.000054	0.000076	0.011047	-0.000076	1.000054	0.063904	
368	0.999995	-0.000038	0.011230	0.000038	0.999995	0.042603	
369	1.000082	-0.000004	-0.041199	0.000004	1.000082	-0.031891	
370	1.000053	-0.000059	-0.005554	0.000059	1.000053	0.041412	
371	0.999966	-0.000027	-0.220398	0.000027	0.999966	0.060425	
372	1.000042	-0.000000	-0.115845	0.000000	1.000042	0.017700	
373	0.999966	0.000037	-0.114685	-0.000037	0.999966	0.046509	
374	0.999999	0.000003	0.036804	-0.000003	0.999999	0.109192	
375	0.999966	0.000003	-0.008667	-0.000003	0.999966	0.056183	
376	0.999911	-0.000017	-0.012329	0.000017	0.999911	0.035461	
377	0.999933	0.000023	0.137939	-0.000023	0.999933	0.076965	
378	0.999984	-0.000094	-0.005493	0.000094	0.999984	-0.072266	
379	1.000010	0.000011	0.278381	-0.000011	1.000010	-0.056976	
380	0.999907	-0.000001	0.255493	0.000001	0.999907	-0.005402	
381	0.999917	0.000152	-0.225525	-0.000152	0.999917	0.050598	
382	0.999940	0.000127	-0.053284	-0.000127	0.999940	-0.014587	
383	0.999969	0.000095	0.240051	-0.000095	0.999969	0.012360	
384	0.999925	0.000136	-0.098816	-0.000136	0.999925	0.096832	
385	0.999950	0.000026	0.080872	-0.000026	0.999950	0.029602	
386	1.000105	0.000167	0.381836	-0.000167	1.000105	0.070984	
387	1.000176	0.000107	-0.334412	-0.000107	1.000176	0.055847	
388	1.000089	0.000133	-0.250549	-0.000133	1.000089	0.123566	
389	1.000183	0.000040	-0.126038	-0.000040	1.000183	0.031616	
390	1.000035	0.000050	0.012939	-0.000050	1.000035	0.031464	
391	0.999973	0.000016	0.031921	-0.000016	0.999973	0.039215	
392	1.000098	-0.000005	-0.106445	0.000005	1.000098	-0.105774	
393	1.000082	-0.000077	-0.239014	0.000077	1.000082	-0.041321	
394	0.999948	-0.000012	0.232239	0.000012	0.999948	-0.186127	
395	0.999839	0.000031	-0.103394	-0.000031	0.999839	0.057098	
396	0.999894	0.000051	0.087463	-0.000051	0.999894	0.037659	
397	0.999907	0.000023	0.251892	-0.000023	0.999907	-0.028992	
398	1.000008	0.000024	-0.059998	-0.000024	1.000008	0.004364	
399	1.000015	0.000001	-0.055847	-0.000001	1.000015	-0.043091	
400	1.000084	0.000059	-0.197998	-0.000059	1.000084	-0.043427	
401	1.000070	0.000114	-0.042236	-0.000114	1.000070	0.006775	
402	1.000174	0.000118	-0.123596	-0.000118	1.000174	0.007904	
403	1.000075	-0.000004	0.001953	0.000004	1.000075	-0.022736	
404	1.000104	0.000260	-0.080078	-0.000260	1.000104	0.222595	
405	1.000098	-0.000003	-0.086243	0.000003	1.000098	0.027771	
406	1.000014	0.000146	-0.014526	-0.000146	1.000014	0.129089	
407	0.999977	-0.000018	-0.040466	0.000018	0.999977	-0.024292	
408	0.999973	-0.000054	0.193420	0.000054	0.999973	-0.044708	
409	0.999740	-0.000170	0.235291	0.000170	0.999740	-0.075287	
410	0.999925	-0.000067	0.171204	0.000067	0.999925	-0.015656	
411	0.999848	-0.000031	0.129822	0.000031	0.999848	-0.036896	
412	1.000004	0.000044	0.065674	-0.000044	1.000004	0.021118	
413	0.999866	0.000072	-0.112122	-0.000072	0.999866	0.050354	
414	0.999939	-0.000002	0.049988	0.000002	0.999939	-0.001556	
415	0.999822	0.000068	0.135559	-0.000068	0.999822	0.092102	
416	0.999853	0.000031	0.097534	-0.000031	0.999853	0.078491	
417	0.999889	0.000033	0.113953	-0.000033	0.999889	0.059692	
418	1.000017	0.000223	-0.033997	-0.000223	1.000017	0.161499	
419	0.999966	0.000051	0.047791	-0.000051	0.999966	0.103638	
420	1.000041	-0.000004	-0.020569	0.000004	1.000041	0.035248	
421	0.999952	-0.000053	-0.069641	0.000053	0.999952	0.015900	
422	0.999928	0.000067	0.137451	-0.000067	0.999928	0.197754	
423	0.999855	0.000042	0.075012	-0.000042	0.999855	0.134705	
424	0.999951	-0.000038	0.025940	0.000038	0.999951	-0.017120	
425	1.000019	-0.000038	-0.012939	0.000038	1.000019	-0.016418	
426	0.999972	-0.000019	0.030579	0.000019	0.999972	-0.001740	
427	0.999851	0.000049	0.102722	-0.000049	0.999851	0.071045	
428	0.999945	-0.000003	0.050659	0.000003	0.999945	0.019470	
429	0.999824	0.000052	0.040161	-0.000052	0.999824	0.086670	
430	0.999914	0.000028	0.151184	-0.000028	0.999914	0.040161	
431	0.999888	-0.000066	0.035645	0.000066	0.999888	-0.073639	
432	0.999908	0.000128	0.181763	-0.000128	0.999908	0.149963	
433	0.999966	0.000083	0.029236	-0.000083	0.999966	0.089874	
434	1.000036	0.000081	0.021362	-0.000081	1.000036	0.066803	
435	0.999930	-0.000034	0.091675	0.000034	0.999930	-0.025238	
436	0.999927	0.000011	-0.059387	-0.000011	0.999927	0.016632	
437	0.999952	0.000023	0.250305	-0.000023	0.999952	0.032898	
438	0.999969	-0.000043	0.026123	0.000043	0.999969	-0.016937	
439	0.999961	-0.000024	0.017395	0.000024	0.999961	-0.009247	
440	0.999961	-0.000041	0.130859	0.000041	0.999961	0.119415	
441	0.999929	-0.000007	0.030762	0.000007	0.999929	0.077057	
442	1.000004	0.000155	-0.063110	-0.000155	1.000004	0.188812	
443	1.000051	0.000015	0.040527	-0.000015	1.000051	-0.031433	
444	1.000069	0.000093	0.170654	-0.000093	1.000069	0.016846	
445	0.999954	0.000043	0.001282	-0.000043	0.999954	-0.045532	
446	0.999917	0.000204	-0.458313	-0.000204	0.999917	0.104004	
447	1.000035	0.000142	0.238342	-0.000142	1.000035	0.083221	
448	0.999997	-0.000026	0.301392	0.000026	0.999997	-0.060730	
449	1.000082	0.000140	-0.323059	-0.000140	1.000082	0.098846	
450	1.000069	0.000158	0.301819	-0.000158	1.000069	0.056305	
451	1.000087	0.000008	-0.211182	-0.000008	1.000087	0.000641	
452	1.000036	-0.000003	-0.007874	0.000003	1.000036	-0.003723	
453	1.000053	0.000094	0.072571	-0.000094	1.000053	0.098663	
454	1.000105	-0.000004	-0.065430	0.000004	1.000105	-0.021698	
455	1.000075	0.000111	-0.034546	-0.000111	1.000075	0.048004	
456	1.000061	0.000129	0.333252	-0.000129	1.000061	0.103516	
457	0.999961	0.000002	0.359497	-0.000002	0.999961	-0.029755	
458	0.999985	0.000007	0.029663	-0.000007	0.999985	-0.009888	
459	0.999993	0.000082	0.001831	-0.000082	0.999993	0.046722	
460	1.000152	0.000012	-0.122803	-0.000012	1.000152	0.082153	
461	1.002439	0.000030	-2.099976	-0.000030	1.002439	-1.250885	
462	1.004214	-0.000011	-4.176025	0.000011	1.004214	-2.288757	
463	1.001506	0.000017	-1.498413	-0.000017	1.001506	-0.784210	
464	1.003270	0.000105	-2.966858	-0.000105	1.003270	-1.568817	
465	1.002297	-0.000028	-2.177917	0.000028	1.002297	-1.388397	
466	1.004968	-0.000073	-4.661011	0.000073	1.004968	-2.823151	
467	1.002216	-0.000017	-2.080383	0.000017	1.002216	-1.313751	
468	1.003636	0.000003	-3.303528	-0.000003	1.003636	-2.130188	
469	1.001148	-0.000062	-0.911194	0.000062	1.001148	-0.622894	
470	1.003790	0.000075	-3.414062	-0.000075	1.003790	-2.174011	
471	1.002237	0.000115	-2.175903	-0.000115	1.002237	-1.280731	
472	1.004697	0.000090	-4.224548	-0.000090	1.004697	-2.557922	
473	1.001578	0.000115	-1.660889	-0.000115	1.001578	-0.881866	
474	1.003363	0.000069	-2.946594	-0.000069	1.003363	-1.758423	
475	1.002265	0.000131	-2.040588	-0.000131	1.002265	-1.110687	
476	1.004011	0.000041	-3.798584	-0.000041	1.004011	-2.186584	
477	1.002364	-0.000083	-2.279358	0.000083	1.002364	-1.367340	
478	1.004918	-0.000151	-4.054688	0.000151	1.004918	-2.981049	
479	1.002337	-0.000046	-1.916504	0.000046	1.002337	-1.374146	
480	1.004799	-0.000030	-4.538513	0.000030	1.004799	-2.821228	
481	1.002341	-0.000094	-1.891052	0.000094	1.002341	-1.411987	
482	1.005622	-0.000096	-5.102417	0.000096	1.005622	-3.286835	
483	1.002708	-0.000009	-2.477173	0.000009	1.002708	-1.631256	
484	1.005163	0.000085	-4.868103	-0.000085	1.005163	-3.122314	
485	1.002618	-0.000012	-2.403870	0.000012	1.002618	-1.535736	
486	1.005861	-0.000129	-5.469360	0.000129	1.005861	-3.443420	
487	1.002580	-0.000087	-2.351074	0.000087	1.002580	-1.530365	
488	1.005428	-0.000093	-5.631226	0.000093	1.005428	-3.234985	
489	1.002415	0.000056	-2.278076	-0.000056	1.002415	-1.348694	
490	1.005327	0.000030	-4.880127	-0.000030	1.005327	-3.020630	
491	1.002423	0.000003	-2.118103	-0.000003	1.002423	-1.408112	
492	1.004301	0.000011	-3.919128	-0.000011	1.004301	-2.534424	
493	1.002423	-0.000046	-2.364868	0.000046	1.002423	-1.278320	
494	1.004178	0.000015	-3.886047	-0.000015	1.004178	-2.380127	
495	1.002344	-0.000030	-2.014648	0.000030	1.002344	-1.377472	
496	1.004716	-0.000005	-4.407410	0.000005	1.004716	-2.663757	
497	1.002308	-0.000075	-1.954102	0.000075	1.002308	-1.238617	
498	1.004501	-0.000062	-4.102417	0.000062	1.004501	-2.693573	
499	1.002109	-0.000024	-2.024170	0.000024	1.002109	-1.339020	
500	1.004488	-0.000063	-4.171753	0.000063	1.004488	-2.712830	
501	1.002252	-0.000031	-2.092834	0.000031	1.002252	-1.407440	
502	1.004086	0.000013	-3.777527	-0.000013	1.004086	-2.323761	
503	1.002186	0.000046	-2.000671	-0.000046	1.002186	-1.252106	
504	1.004744	-0.000059	-4.435608	0.000059	1.004744	-2.896210	
505	1.002931	0.000041	-2.735718	-0.000041	1.002931	-1.661743	
506	1.006234	-0.000157	-6.072510	0.000157	1.006234	-3.607574	
507	1.003304	0.000001	-3.412354	-0.000001	1.003304	-1.854004	
508	1.007268	-0.000097	-6.858948	0.000097	1.007268	-4.108551	
509	1.003445	-0.000052	-3.090759	0.000052	1.003445	-2.057068	
510	1.006663	-0.000045	-6.343384	0.000045	1.006663	-3.853210	
511	1.002933	-0.000062	-2.135071	0.000062	1.002933	-1.894287	
512	1.006387	-0.000023	-6.169922	0.000023	1.006387	-3.558380	
513	1.003060	0.000022	-2.739075	-0.000022	1.003060	-1.746155	
514	1.006271	-0.000043	-5.864868	0.000043	1.006271	-3.565002	
515	1.003192	0.000072	-2.999451	-0.000072	1.003192	-1.938690	
516	1.005719	-0.000061	-5.001221	0.000061	1.005719	-3.250763	
517	1.003056	0.000051	-2.845886	-0.000051	1.003056	-1.690460	
518	1.006863	0.000114	-6.393982	-0.000114	1.006863	-3.917511	
519	1.003563	0.000133	-3.222107	-0.000133	1.003563	-1.928833	
520	1.006502	0.000052	-6.002747	-0.000052	1.006502	-3.734253	
521	1.003183	0.000083	-3.058533	-0.000083	1.003183	-1.704712	
522	1.005812	-0.000437	-4.851013	0.000437	1.005812	-3.417786	
523	1.002370	0.000041	-2.200317	-0.000041	1.002370	-1.289490	
524	1.004056	0.000195	-3.664124	-0.000195	1.004056	-2.253601	
525	1.001843	0.000130	-1.346497	-0.000130	1.001843	-0.810760	
526	1.001766	0.000076	-1.365906	-0.000076	1.001766	-0.916870	
527	1.000102	0.000061	-0.069458	-0.000061	1.000102	0.079529	
528	1.000079	0.000039	0.044922	-0.000039	1.000079	0.001617	
529	1.000103	0.000044	0.066101	-0.000044	1.000103	-0.124603	
530	1.000056	0.000042	0.124329	-0.000042	1.000056	-0.238556	
531	0.999968	0.000099	-0.017639	-0.000099	0.999968	-0.011993	
532	0.999974	0.000086	0.507690	-0.000086	0.999974	-0.132111	
533	0.999968	-0.000001	0.304016	0.000001	0.999968	-0.104034	
534	0.999989	0.000008	0.100769	-0.000008	0.999989	-0.314819	
535	1.000052	0.000200	-0.046692	-0.000200	1.000052	0.083282	
536	0.999976	0.000018	0.547180	-0.000018	0.999976	-0.332550	
537	1.000130	0.000109	-0.094910	-0.000109	1.000130	0.054718	
538	1.000037	0.000070	-0.235901	-0.000070	1.000037	0.034821	
539	1.000118	0.000050	-0.127747	-0.000050	1.000118	-0.128784	
540	1.000056	0.000061	-0.115112	-0.000061	1.000056	-0.091675	
541	1.000106	0.000008	-0.242981	-0.000008	1.000106	-0.108459	
542	0.999940	0.000035	0.151001	-0.000035	0.999940	-0.088776	
543	1.000028	0.000005	0.139587	-0.000005	1.000028	-0.195740	
544	0.999997	0.000022	0.031494	-0.000022	0.999997	0.010254	
545	1.000042	0.000056	-0.136658	-0.000056	1.000042	-0.064514	
546	1.000018	-0.000104	0.002441	0.000104	1.000018	-0.047058	
547	1.000034	0.000024	0.065308	-0.000024	1.000034	0.031677	
548	1.000092	0.000012	-0.421753	-0.000012	1.000092	0.040192	
549	1.000042	0.000012	-0.025269	-0.000012	1.000042	-0.060394	
550	0.999929	0.000000	0.057739	-0.000000	0.999929	-0.267548	
551	1.000023	-0.000030	-0.060059	0.000030	1.000023	-0.025635	
552	1.000124	-0.000030	-0.436096	0.000030	1.000124	-0.038116	
553	0.999977	0.000009	0.042603	-0.000009	0.999977	0.004059	
554	1.000110	-0.000035	-0.001953	0.000035	1.000110	-0.170074	
555	0.999969	-0.000051	0.035034	0.000051	0.999969	-0.079681	
556	1.000084	0.000093	-0.117554	-0.000093	1.000084	-0.023773	
557	1.000013	0.000007	-0.165649	-0.000007	1.000013	-0.132568	
558	1.000013	0.000127	-0.227173	-0.000127	1.000013	0.004517	
559	1.000008	-0.000109	0.287231	0.000109	1.000008	-0.090057	
560	0.999967	-0.000060	-0.131226	0.000060	0.999967	-0.068726	
561	0.999987	-0.000108	-0.004822	0.000108	0.999987	-0.080322	
562	0.999916	-0.000022	0.037231	0.000022	0.999916	-0.010498	
563	0.999910	-0.000029	0.034485	0.000029	0.999910	0.060089	
564	0.999930	0.000024	0.056763	-0.000024	0.999930	-0.033020	
565	0.999926	-0.000003	0.059570	0.000003	0.999926	-0.049774	
566	1.000003	-0.000038	0.010803	0.000038	1.000003	-0.012909	
567	0.999926	-0.000076	-0.001709	0.000076	0.999926	-0.002075	
568	1.000035	0.000102	-0.133118	-0.000102	1.000035	0.090302	
569	0.999968	0.000032	0.010376	-0.000032	0.999968	0.049347	
570	0.999994	0.000100	-0.032837	-0.000100	0.999994	0.032959	
571	0.999980	-0.000031	0.001587	0.000031	0.999980	-0.087952	
572	0.999976	0.000120	-0.144409	-0.000120	0.999976	0.063293	
573	0.999914	-0.000037	0.096008	0.000037	0.999914	0.065887	
574	1.000020	-0.000023	0.120728	0.000023	1.000020	0.007843	
575	0.999940	-0.000006	-0.183289	0.000006	0.999940	-0.092072	
576	1.000079	0.000029	0.120300	-0.000029	1.000079	0.002960	
577	1.000038	0.000006	0.208679	-0.000006	1.000038	-0.017822	
578	0.999975	-0.000030	0.092041	0.000030	0.999975	-0.035583	
579	1.000062	-0.000065	0.062378	0.000065	1.000062	0.002716	
580	0.999814	0.000031	0.267212	-0.000031	0.999814	0.123474	
581	0.999853	-0.000006	0.861389	0.000006	0.999853	-0.142303	
582	1.000012	-0.000068	0.248657	0.000068	1.000012	-0.068298	
583	1.000043	0.000029	0.217590	-0.000029	1.000043	0.512756	
584	0.999942	0.000032	0.508606	-0.000032	0.999942	0.171631	
585	0.999882	-0.000030	1.871216	0.000030	0.999882	0.144714	
586	0.999985	0.000003	1.163635	-0.000003	0.999985	0.121735	
587	1.000041	0.000136	6.547302	-0.000136	1.000041	-0.008820	
588	1.000031	-0.000048	3.309570	0.000048	1.000031	-0.103760	
589	0.999885	0.000103	4.870972	-0.000103	0.999885	-0.104797	
590	0.999836	-0.000045	2.066833	0.000045	0.999836	-0.014221	
591	0.999995	0.000013	3.372742	-0.000013	0.999995	-0.097992	
592	1.000044	-0.000022	1.467224	0.000022	1.000044	-0.022552	
593	0.999958	-0.000029	2.959595	0.000029	0.999958	-0.094421	
594	1.000010	-0.000054	1.422485	0.000054	1.000010	-0.068604	
595	1.000060	-0.000083	2.420105	0.000083	1.000060	-0.075439	
596	1.000029	0.000019	1.062866	-0.000019	1.000029	-0.013397	
597	0.999892	-0.000031	2.232239	0.000031	0.999892	-0.079071	
598	0.999996	0.000018	0.839294	-0.000018	0.999996	0.031036	
599	0.999954	-0.000040	1.471252	0.000040	0.999954	-0.061188	
600	0.999994	-0.000042	0.535522	0.000042	0.999994	-0.305420	
601	1.000046	-0.000006	0.185669	0.000006	1.000046	-0.381348	
602	0.999859	-0.000030	0.043396	0.000030	0.999859	-0.250183	
603	1.000084	-0.000010	-0.572754	0.000010	1.000084	-0.083557	
604	1.000073	-0.000040	-0.549866	0.000040	1.000073	-0.232513	
605	1.000026	-0.000079	-1.402527	0.000079	1.000026	-0.246490	
606	0.999942	-0.000057	-0.761169	0.000057	0.999942	-0.120911	
607	1.000101	-0.000105	-2.363342	0.000105	1.000101	-0.235321	
608	1.000066	-0.000011	-1.432739	0.000011	1.000066	-0.059967	
609	1.000206	0.000005	-4.433655	-0.000005	1.000206	-0.214539	
610	0.999972	-0.000047	-2.443848	0.000047	0.999972	-0.047760	
611	1.000109	-0.000052	-5.094177	0.000052	1.000109	-0.092682	
612	0.999991	0.000046	-2.548279	-0.000046	0.999991	0.015778	
613	0.999996	-0.000156	-4.711243	0.000156	0.999996	-0.307678	
614	1.000110	-0.000006	-2.164612	0.000006	1.000110	-0.036957	
615	1.000127	-0.000049	-3.557800	0.000049	1.000127	0.107239	
616	1.000054	-0.000004	-1.562744	0.000004	1.000054	0.048401	
617	0.999928	-0.000026	-3.267151	0.000026	0.999928	0.050751	
618	0.999980	-0.000053	-1.151489	0.000053	0.999980	0.047058	
619	1.000029	-0.000037	-3.147522	0.000037	1.000029	-0.067993	
620	1.001067	-0.000011	-2.633789	0.000011	1.001067	-0.689117	
621	1.004978	0.000035	-7.777588	-0.000035	1.004978	-2.568542	
622	1.002126	-0.000003	-3.710266	0.000003	1.002126	-1.085724	
623	1.002633	0.000057	-5.956299	-0.000057	1.002633	-1.221191	
624	1.000186	0.000083	-1.927856	-0.000083	1.000186	-0.038300	
625	1.000047	0.000129	-3.887817	-0.000129	1.000047	0.223846	
626	1.000014	-0.000091	-2.115662	0.000091	1.000014	-0.284882	
627	1.000140	-0.000014	-5.341919	0.000014	1.000140	-0.076874	
628	1.000069	-0.000023	-3.200562	0.000023	1.000069	-0.117126	
629	1.000153	0.000031	-7.495850	-0.000031	1.000153	-0.048584	
630	1.000053	-0.000094	-4.779968	0.000094	1.000053	-0.118591	
631	1.000212	-0.000119	-9.685730	0.000119	1.000212	-0.264648	
632	1.000009	-0.000047	-4.633118	0.000047	1.000009	-0.072968	
633	0.999971	-0.000034	-7.704590	0.000034	0.999971	-0.088867	
634	0.999967	0.000045	-3.092407	-0.000045	0.999967	-0.076385	
635	0.998663	-0.000018	-4.106201	0.000018	0.998663	1.446930	
636	0.998185	-0.000093	-0.675598	0.000093	0.998185	1.326752	
637	0.993278	0.000068	2.539612	-0.000068	0.993278	4.051086	
638	0.995341	0.000021	2.462402	-0.000021	0.995341	2.928040	
639	0.988982	0.000043	6.588013	-0.000043	0.988982	7.224701	
640	0.994229	-0.000041	2.832520	0.000041	0.994229	4.083862	
641	0.987644	0.000111	8.752991	-0.000111	0.987644	8.065735	
642	0.993803	-0.000020	4.220093	0.000020	0.993803	3.844421	
643	0.987192	0.000012	9.230408	-0.000012	0.987192	7.184113	
644	0.992882	0.000039	5.664062	-0.000039	0.992882	3.986389	
645	0.984887	0.000066	11.638916	-0.000066	0.984887	8.367859	
646	0.992075	0.000041	6.150940	-0.000041	0.992075	4.315582	
647	0.985150	0.000043	11.750916	-0.000043	0.985150	8.061127	
648	0.993854	-0.000155	4.689575	0.000155	0.993854	3.260071	
649	0.990969	0.000041	6.297729	-0.000041	0.990969	4.768066	
650	0.994843	0.000030	3.969543	-0.000030	0.994843	2.777161	
651	0.991231	0.000006	6.312927	-0.000006	0.991231	4.677490	
652	0.994719	0.000015	4.178345	-0.000015	0.994719	2.938354	
653	0.991243	-0.000005	6.594971	0.000005	0.991243	4.892792	
654	0.995470	-0.000072	3.668884	0.000072	0.995470	2.458160	
655	0.990324	0.000001	7.925598	-0.000001	0.990324	5.217957	
656	0.995470	-0.000134	4.043091	0.000134	0.995470	2.552094	
657	0.991515	-0.000040	7.377625	0.000040	0.991515	4.692017	
658	0.996191	-0.000130	3.131531	0.000130	0.996191	2.128265	
659	0.993744	-0.000038	5.403870	0.000038	0.993744	3.670929	
660	0.996183	-0.000035	3.436462	0.000035	0.996183	2.123047	
661	0.993413	-0.000086	5.962952	0.000086	0.993413	3.578583	
662	0.997203	-0.000244	2.617737	0.000244	0.997203	1.400055	
663	0.994961	0.000065	4.511475	-0.000065	0.994961	2.926483	
664	0.997681	0.000096	1.969910	-0.000096	0.997681	1.577271	
665	0.997537	-0.000006	2.261536	0.000006	0.997537	1.266876	
666	0.998649	0.000153	1.335449	-0.000153	0.998649	0.858185	
667	0.999738	0.000040	0.430847	-0.000040	0.999738	0.155701	
668	0.999857	-0.000080	0.210449	0.000080	0.999857	0.157501	
669	0.999836	0.000077	0.565491	-0.000077	0.999836	0.156342	
670	0.999903	0.000058	0.184753	-0.000058	0.999903	0.092773	
671	0.997427	0.000137	2.681213	-0.000137	0.997427	2.031281	
672	0.999213	-0.000013	1.587402	0.000013	0.999213	0.188263	
673	0.998295	0.000024	3.810791	-0.000024	0.998295	1.296631	
674	0.998256	-0.000058	3.424683	0.000058	0.998256	1.007721	
675	0.999615	0.000054	3.182556	-0.000054	0.999615	0.328430	
676	0.999940	-0.000145	1.328857	0.000145	0.999940	-0.096893	
677	0.999831	-0.000072	1.898193	0.000072	0.999831	0.014709	
678	1.000038	-0.000053	0.758667	0.000053	1.000038	-0.079437	
679	0.999868	-0.000076	1.645569	0.000076	0.999868	0.170410	
680	0.999964	-0.000109	0.634521	0.000109	0.999964	-0.045807	
681	0.999775	-0.000108	1.359558	0.000108	0.999775	-0.052887	
682	0.999322	0.000015	1.255066	-0.000015	0.999322	0.479218	
683	0.997535	-0.000062	3.464478	0.000062	0.997535	1.302216	
684	0.999937	-0.000054	0.828796	0.000054	0.999937	0.046173	
685	0.999899	-0.000046	1.108154	0.000046	0.999899	0.060455	
686	0.999981	-0.000241	0.451721	0.000241	0.999981	-0.178741	
687	0.999837	-0.000213	1.318115	0.000213	0.999837	-0.150696	
688	1.000089	-0.000125	0.257202	0.000125	1.000089	-0.195190	
689	0.999940	-0.000051	0.956726	0.000051	0.999940	0.139984	
690	0.999817	0.000023	0.571228	-0.000023	0.999817	0.149780	
691	0.996330	0.000033	4.137146	-0.000033	0.996330	2.035248	
692	0.999630	0.000060	0.806946	-0.000060	0.999630	0.126373	
693	0.999845	-0.000013	0.896179	0.000013	0.999845	-0.002106	
694	0.999789	0.000176	0.580139	-0.000176	0.999789	0.190247	
695	0.999939	0.000018	0.830200	-0.000018	0.999939	0.040741	
696	1.000069	0.000018	0.269592	-0.000018	1.000069	-0.012512	
697	0.999883	-0.000085	0.577332	0.000085	0.999883	0.066132	
698	1.000115	-0.000240	0.434204	0.000240	1.000115	-0.191315	
699	1.000074	-0.000038	0.282104	0.000038	1.000074	-0.068268	
700	1.000015	-0.000066	0.427307	0.000066	1.000015	-0.114563	
701	1.000119	-0.000021	-0.075134	0.000021	1.000119	0.026917	
702	1.000072	-0.000086	0.252930	0.000086	1.000072	-0.067047	
703	0.999528	-0.000128	1.144165	0.000128	0.999528	0.333588	
704	0.999980	0.000012	0.135620	-0.000012	0.999980	-0.012787	
705	0.999930	-0.000012	0.559814	0.000012	0.999930	0.235229	
706	0.999973	-0.000084	0.062866	0.000084	0.999973	-0.033844	
707	0.999899	-0.000059	0.490784	0.000059	0.999899	0.028381	
708	0.999995	-0.000026	0.041748	0.000026	0.999995	-0.028046	
709	0.999983	-0.000111	0.061218	0.000111	0.999983	-0.074860	
710	0.999915	-0.000026	0.250427	0.000026	0.999915	0.103241	
711	0.999962	0.000046	0.212219	-0.000046	0.999962	0.181641	
712	0.999977	-0.000096	0.011414	0.000096	0.999977	-0.052704	
713	0.999998	-0.000130	0.373169	0.000130	0.999998	0.061646	
714	0.999939	-0.000012	0.195007	0.000012	0.999939	0.024048	
715	1.000010	-0.000057	-0.016296	0.000057	1.000010	-0.053375	
716	1.000017	0.000088	0.057007	-0.000088	1.000017	0.038727	
717	0.999890	-0.000182	0.564209	0.000182	0.999890	-0.122437	
718	0.999923	-0.000111	0.118103	0.000111	0.999923	-0.012817	
719	0.999905	-0.000008	0.202332	0.000008	0.999905	0.025330	
720	0.999886	-0.000067	0.173950	0.000067	0.999886	0.020294	
721	0.999950	-0.000061	0.103088	0.000061	0.999950	0.258179	
722	1.000107	-0.000074	-0.088501	0.000074	1.000107	-0.065552	
723	0.999928	0.000035	0.136047	-0.000035	0.999928	0.222412	
724	1.000042	0.000090	-0.048096	-0.000090	1.000042	0.207581	
725	0.999989	0.000048	0.005066	-0.000048	0.999989	0.078583	
726	1.000004	0.000007	0.005493	-0.000007	1.000004	0.083862	
727	0.999993	-0.000043	0.043213	0.000043	0.999993	0.013824	
728	0.999937	-0.000202	0.112427	0.000202	0.999937	-0.071320	
729	0.999868	-0.000099	0.153503	0.000099	0.999868	0.100037	
730	0.999788	-0.000107	0.159973	0.000107	0.999788	0.032410	
731	0.999873	-0.000027	0.135376	0.000027	0.999873	0.032043	
732	0.999898	-0.000029	0.053162	0.000029	0.999898	-0.032806	
733	0.999995	0.000001	0.036316	-0.000001	0.999995	0.001221	
734	1.000091	-0.000117	-0.080505	0.000117	1.000091	-0.069153	
735	1.000115	-0.000024	-0.118469	0.000024	1.000115	0.452209	
736	1.000085	0.000019	-0.062561	-0.000019	1.000085	0.030823	
737	1.000141	-0.000077	-0.129211	0.000077	1.000141	-0.121796	
738	1.000047	-0.000017	0.039795	0.000017	1.000047	-0.015076	
739	1.000095	-0.000071	0.095825	0.000071	1.000095	-0.064026	
740	0.999953	-0.000062	0.065308	0.000062	0.999953	-0.058838	
741	1.000033	-0.000079	-0.193726	0.000079	1.000033	-0.050293	
742	1.000032	-0.000068	0.095581	0.000068	1.000032	-0.105743	
743	1.000058	0.000039	0.025391	-0.000039	1.000058	-0.006805	
744	0.999953	-0.000067	0.059143	0.000067	0.999953	-0.048798	
745	0.999988	0.000048	0.229431	-0.000048	0.999988	0.007263	
746	1.000009	0.000056	-0.247742	-0.000056	1.000009	-0.074799	
747	0.999939	-0.000032	0.130127	0.000032	0.999939	-0.163391	
748	1.000006	0.000138	0.031189	-0.000138	1.000006	0.094879	
749	0.999903	-0.000085	0.134583	0.000085	0.999903	-0.071442	
750	0.999999	0.000037	0.000793	-0.000037	0.999999	-0.018127	
751	0.999991	0.000066	0.014648	-0.000066	0.999991	0.032684	
752	0.999917	0.000090	0.069153	-0.000090	0.999917	0.055328	
753	1.000094	0.000112	-0.384521	-0.000112	1.000094	-0.302338	
754	1.000381	-0.000013	-0.320862	0.000013	1.000381	-0.786926	
755	1.000622	-0.000083	-0.448669	0.000083	1.000622	-1.029175	
756	1.000007	-0.000079	-0.014832	0.000079	1.000007	-0.128540	
757	1.000056	-0.000084	0.149658	0.000084	1.000056	-0.356018	
758	1.000033	-0.000052	0.216003	0.000052	1.000033	-0.118469	
759	1.000530	0.000130	-0.746643	-0.000130	1.000530	-0.300690	
760	1.000156	0.000097	-0.131714	-0.000097	1.000156	-0.006226	
761	1.001316	0.000038	-1.400696	-0.000038	1.001316	-0.544464	
762	1.001298	0.000085	-1.021667	-0.000085	1.001298	-0.620483	
763	1.003343	0.000020	-3.427063	-0.000020	1.003343	-1.751160	
764	1.002587	0.000012	-2.493347	-0.000012	1.002587	-1.540894	
765	1.004582	0.000091	-4.225586	-0.000091	1.004582	-2.536865	
766	1.002698	-0.000085	-2.501160	0.000085	1.002698	-1.568726	
767	1.005962	-0.000120	-5.614197	0.000120	1.005962	-3.328766	
768	1.003167	0.000010	-2.929688	-0.000010	1.003167	-1.763947	
769	1.005625	-0.000099	-5.286987	0.000099	1.005625	-3.252136	
770	1.002491	-0.000032	-2.342957	0.000032	1.002491	-1.518890	
771	1.004494	-0.000055	-4.130554	0.000055	1.004494	-2.503510	
772	1.002279	-0.000085	-2.073059	0.000085	1.002279	-1.459412	
773	1.004653	0.000017	-4.320679	-0.000017	1.004653	-2.468414	
774	1.002205	-0.000013	-1.980286	0.000013	1.002205	-1.178375	
775	1.004257	0.000032	-4.012939	-0.000032	1.004257	-2.280731	
776	1.002176	-0.000021	-1.965942	0.000021	1.002176	-1.269867	
777	1.005027	0.000051	-4.986389	-0.000051	1.005027	-2.768097	
778	1.002497	-0.000012	-2.349548	0.000012	1.002497	-1.405945	
779	1.004207	0.000050	-3.920105	-0.000050	1.004207	-2.318481	
780	1.001570	0.000035	-1.462524	-0.000035	1.001570	-0.829620	
781	1.003075	-0.000017	-2.833923	0.000017	1.003075	-1.716766	
782	1.000306	0.000065	-0.261597	-0.000065	1.000306	-0.299377	
783	1.000226	0.000046	-0.198181	-0.000046	1.000226	-0.245544	
784	1.000124	0.000151	-0.121582	-0.000151	1.000124	0.046509	
785	1.000065	0.000020	-0.068054	-0.000020	1.000065	-0.043823	
786	0.999974	-0.000058	-0.006165	0.000058	0.999974	-0.045929	
787	1.000006	0.000036	-0.051392	-0.000036	1.000006	0.010223	
788	1.000028	-0.000112	0.002869	0.000112	1.000028	-0.084564	
789	1.000015	-0.000085	-0.252319	0.000085	1.000015	-0.063354	
790	0.999973	-0.000031	0.100586	0.000031	0.999973	-0.050201	
791	0.999918	0.000125	0.298157	-0.000125	0.999918	0.147369	
792	0.999942	-0.000117	0.069153	0.000117	0.999942	-0.096161	
793	0.999986	-0.000090	-0.212952	0.000090	0.999986	-0.192993	
794	0.999807	-0.000023	0.383484	0.000023	0.999807	-0.150970	
795	1.000047	0.000003	0.016846	-0.000003	1.000047	-0.217499	
796	1.000084	-0.000051	-0.100220	0.000051	1.000084	-0.082947	
797	1.002580	-0.000088	-2.354187	0.000088	1.002580	-1.668549	
798	1.000636	0.000070	-0.406921	-0.000070	1.000636	-0.043976	
799	1.000170	-0.000127	-0.231689	0.000127	1.000170	-0.201385	
800	1.000017	-0.000038	-0.012390	0.000038	1.000017	-0.041138	
801	0.999998	-0.000000	0.009766	0.000000	0.999998	-0.145538	
802	1.000054	-0.000023	-0.034180	0.000023	1.000054	0.039459	
803	1.000069	0.000013	0.177856	-0.000013	1.000069	0.037415	
804	1.000000	0.000064	0.249939	-0.000064	1.000000	0.119904	
805	0.999981	-0.000053	-0.376587	0.000053	0.999981	-0.068085	
806	1.000040	-0.000099	-0.326599	0.000099	1.000040	-0.106750	
807	0.999948	0.000001	0.323730	-0.000001	0.999948	-0.082550	
808	1.000023	-0.000003	0.277283	0.000003	1.000023	-0.037781	
809	0.999949	-0.000085	-0.207642	0.000085	0.999949	-0.320221	
810	1.000023	0.000010	-0.306335	-0.000010	1.000023	-0.080933	
811	1.000024	0.000013	0.096497	-0.000013	1.000024	-0.123871	
812	0.999779	0.000043	0.365479	-0.000043	0.999779	-0.006042	
813	1.000009	0.000067	0.276001	-0.000067	1.000009	0.016785	
814	0.999942	-0.000092	0.008545	0.000092	0.999942	-0.073181	
815	0.999872	0.000047	-0.469177	-0.000047	0.999872	-0.051086	
816	1.000013	0.000009	-0.138000	-0.000009	1.000013	-0.037445	
817	1.000279	0.000016	-0.071045	-0.000016	1.000279	-0.116058	
818	1.001294	-0.000019	-1.319580	0.000019	1.001294	-0.877686	
819	1.001768	0.000059	-1.550171	-0.000059	1.001768	-1.005493	
820	1.000678	0.000012	-0.470093	-0.000012	1.000678	-0.532043	
821	1.002829	0.000053	-2.728455	-0.000053	1.002829	-1.452301	
822	1.002070	0.000019	-2.031311	-0.000019	1.002070	-1.080566	
823	1.005178	0.000027	-4.959229	-0.000027	1.005178	-2.960938	
824	1.003290	-0.000047	-3.263489	0.000047	1.003290	-1.932312	
825	1.006978	-0.000016	-6.721008	0.000016	1.006978	-4.078857	
826	1.003308	-0.000048	-3.114807	0.000048	1.003308	-2.014709	
827	1.005885	-0.000043	-5.612000	0.000043	1.005885	-3.384094	
828	1.003219	-0.000046	-2.956726	0.000046	1.003219	-2.076996	
829	1.005695	0.000041	-5.326843	-0.000041	1.005695	-3.371948	
830	1.003308	-0.000036	-3.147217	0.000036	1.003308	-1.934448	
831	1.007431	0.000002	-6.982056	-0.000002	1.007431	-4.490753	
832	1.003734	-0.000018	-3.551392	0.000018	1.003734	-2.227966	
833	1.007592	-0.000258	-7.053589	0.000258	1.007592	-4.718231	
834	1.004072	0.000013	-3.823914	-0.000013	1.004072	-2.390320	
835	1.007384	-0.000083	-7.332336	0.000083	1.007384	-4.351044	
836	1.003749	0.000104	-3.677917	-0.000104	1.003749	-2.200256	
837	1.009277	-0.000079	-8.688110	0.000079	1.009277	-5.482361	
838	1.004773	0.000034	-4.612915	-0.000034	1.004773	-2.667633	
839	1.010026	-0.000148	-9.326172	0.000148	1.010026	-5.847076	
840	1.004749	-0.000117	-4.483459	0.000117	1.004749	-2.885406	
841	1.009948	-0.000005	-9.424500	0.000005	1.009948	-5.690887	
842	1.004923	0.000016	-4.599976	-0.000016	1.004923	-2.904053	
843	1.008591	-0.000090	-8.039795	0.000090	1.008591	-4.954803	
844	1.003853	-0.000054	-3.522522	0.000054	1.003853	-2.171265	
845	1.007144	-0.000010	-6.392639	0.000010	1.007144	-4.043976	
846	1.004100	0.000038	-3.845520	-0.000038	1.004100	-2.443054	
847	1.007451	0.000012	-6.944153	-0.000012	1.007451	-4.298828	
848	1.003244	0.000156	-3.210449	-0.000156	1.003244	-1.733215	
849	1.005673	0.000074	-5.466125	-0.000074	1.005673	-3.228699	
850	1.002056	0.000107	-1.739502	-0.000107	1.002056	-1.050201	
851	1.004029	0.000239	-3.694702	-0.000239	1.004029	-2.077118	
852	1.001388	0.000058	-1.118896	-0.000058	1.001388	-0.828827	
853	1.000446	0.000084	-0.316528	-0.000084	1.000446	-0.123657	
854	1.000241	0.000211	-0.134888	-0.000211	1.000241	0.110901	
855	1.000204	0.000085	-0.047241	-0.000085	1.000204	0.081299	
856	1.000090	0.000004	-0.016541	-0.000004	1.000090	0.012848	
857	1.000115	-0.000014	0.239380	0.000014	1.000115	-0.148682	
858	1.000087	0.000045	-0.097778	-0.000045	1.000087	0.098267	
859	1.000044	0.000155	-0.011902	-0.000155	1.000044	0.174133	
860	1.000032	0.000065	-0.071411	-0.000065	1.000032	-0.056580	
861	1.000124	0.000041	0.062683	-0.000041	1.000124	-0.197601	
862	0.999985	0.000036	-0.071533	-0.000036	0.999985	0.105682	
863	1.000098	0.000098	-0.171753	-0.000098	1.000098	0.079498	
864	0.999946	-0.000022	0.075867	0.000022	0.999946	0.031555	
865	1.000096	-0.000059	-0.104431	0.000059	1.000096	-0.055206	
866	1.000035	-0.000039	-0.064697	0.000039	1.000035	0.104523	
867	1.000047	-0.000116	-0.040710	0.000116	1.000047	-0.348114	
868	0.999988	-0.000041	0.006531	0.000041	0.999988	-0.145172	
869	0.999979	0.000041	-0.172546	-0.000041	0.999979	0.012238	
870	0.999966	-0.000072	0.111694	0.000072	0.999966	0.010132	
871	1.000034	-0.000005	0.052917	0.000005	1.000034	0.014740	
872	0.999919	-0.000041	0.041199	0.000041	0.999919	-0.032715	
873	0.999940	-0.000043	-0.073669	0.000043	0.999940	-0.020355	
874	0.999932	-0.000070	0.029602	0.000070	0.999932	0.005371	
875	0.999969	-0.000034	0.036560	0.000034	0.999969	-0.059601	
876	0.999932	-0.000066	0.105225	0.000066	0.999932	-0.071442	
877	1.000032	-0.000012	0.003113	0.000012	1.000032	-0.027039	
878	1.000068	-0.000096	0.066040	0.000096	1.000068	-0.131470	
879	1.000042	-0.000086	-0.052063	0.000086	1.000042	-0.072266	
880	1.000033	0.000002	0.031128	-0.000002	1.000033	-0.061646	
881	1.000033	0.000008	-0.027588	-0.000008	1.000033	-0.073090	
882	1.000121	-0.000060	-0.017944	0.000060	1.000121	-0.061188	
883	1.000122	-0.000003	-0.043518	0.000003	1.000122	0.032196	
884	1.000147	-0.000065	-0.105530	0.000065	1.000147	0.042816	
885	1.000098	-0.000012	0.000549	0.000012	1.000098	0.035095	
886	1.000102	-0.000039	-0.018677	0.000039	1.000102	-0.058655	
887	1.000110	-0.000065	-0.067566	0.000065	1.000110	-0.139221	
888	1.000093	0.000065	-0.088013	-0.000065	1.000093	0.115021	
889	1.000167	0.000034	-0.022034	-0.000034	1.000167	-0.023438	
890	1.000091	0.000001	-0.115479	-0.000001	1.000091	0.099487	
891	0.999947	0.000057	0.156006	-0.000057	0.999947	0.029358	
892	1.000065	-0.000228	-0.083618	0.000228	1.000065	-0.010345	
893	1.000083	-0.000175	0.292053	0.000175	1.000083	-0.106873	
894	1.000099	-0.000159	-0.053040	0.000159	1.000099	-0.012695	
895	0.999998	0.000002	-0.176636	-0.000002	0.999998	0.009399	
896	1.000018	-0.000025	0.008057	0.000025	1.000018	-0.001099	
897	1.000040	0.000104	0.564209	-0.000104	1.000040	0.118835	
898	0.999969	-0.000053	-0.005859	0.000053	0.999969	-0.122131	
899	0.999991	0.000008	0.055237	-0.000008	0.999991	-0.090668	
900	0.999984	-0.000055	0.135498	0.000055	0.999984	-0.071808	
901	1.000036	-0.000042	0.019653	0.000042	1.000036	0.026093	
902	0.999918	-0.000010	-0.585144	0.000010	0.999918	0.050140	
903	0.999934	-0.000116	0.268250	0.000116	0.999934	-0.010864	
904	0.999881	0.000014	0.627441	-0.000014	0.999881	0.014252	
905	0.999896	0.000129	-0.087830	-0.000129	0.999896	0.045898	
906	0.999857	-0.000002	0.139893	0.000002	0.999857	-0.075562	
907	0.999942	-0.000030	0.287354	0.000030	0.999942	0.024811	
908	0.999948	-0.000360	0.145203	0.000360	0.999948	-0.210876	
909	0.999937	0.000032	0.067322	-0.000032	0.999937	-0.013855	
910	0.999976	-0.000077	0.000671	0.000077	0.999976	-0.034424	
911	0.999955	0.000051	-0.048340	-0.000051	0.999955	0.069153	
912	1.000023	0.000004	-0.275696	-0.000004	1.000023	-0.039795	
913	1.000023	0.000119	-0.080078	-0.000119	1.000023	0.096497	
914	1.000030	0.000136	0.183044	-0.000136	1.000030	0.050079	
915	1.000024	0.000003	-0.009033	-0.000003	1.000024	-0.025879	
916	0.999951	0.000040	0.073853	-0.000040	0.999951	-0.007690	
917	0.999929	0.000003	0.077942	-0.000003	0.999929	-0.118835	
918	0.999940	0.000097	0.382935	-0.000097	0.999940	0.091064	
919	0.999945	-0.000024	0.131104	0.000024	0.999945	-0.068604	
920	0.999970	0.000085	-0.146484	-0.000085	0.999970	0.145874	
921	0.999974	0.000008	0.346313	-0.000008	0.999974	-0.048004	
922	1.000008	0.000077	-0.015747	-0.000077	1.000008	0.103973	
923	0.999918	0.000008	0.129456	-0.000008	0.999918	0.000977	
924	0.999966	0.000007	0.238281	-0.000007	0.999966	0.045380	
925	0.999901	0.000018	-0.041016	-0.000018	0.999901	-0.071838	
926	0.999859	-0.000063	0.109497	0.000063	0.999859	-0.075104	
927	0.999942	-0.000045	-0.011047	0.000045	0.999942	-0.075653	
928	0.999925	-0.000124	0.169434	0.000124	0.999925	-0.178192	
929	0.999996	-0.000039	0.027588	0.000039	0.999996	-0.105713	
930	0.999980	-0.000052	-0.011719	0.000052	0.999980	-0.028076	
931	0.999917	-0.000054	0.021545	0.000054	0.999917	-0.091339	
932	0.999889	-0.000141	0.069946	0.000141	0.999889	0.045776	
933	0.999933	0.000016	0.059570	-0.000016	0.999933	0.020233	
934	1.000016	-0.000024	0.160522	0.000024	1.000016	-0.004181	
935	1.000059	-0.000112	0.101257	0.000112	1.000059	-0.053101	
936	0.999995	0.000007	0.658691	-0.000007	0.999995	0.029053	
937	1.000059	0.000027	-0.051636	-0.000027	1.000059	-0.031677	
938	1.000045	0.000151	0.051636	-0.000151	1.000045	0.333893	
939	1.000075	-0.000040	-0.010559	0.000040	1.000075	-0.144501	
940	1.000079	0.000084	0.428162	-0.000084	1.000079	0.160126	
941	1.000011	-0.000025	0.546387	0.000025	1.000011	-0.050385	
942	0.999967	-0.000085	1.039001	0.000085	0.999967	-0.019257	
943	0.999871	-0.000207	0.746887	0.000207	0.999871	-0.149323	
944	0.999703	-0.000129	1.967896	0.000129	0.999703	-0.004913	
945	0.999926	0.000043	0.934326	-0.000043	0.999926	0.073975	
946	1.000057	0.000048	1.969177	-0.000048	1.000057	0.035492	
947	0.999991	0.000145	1.012390	-0.000145	0.999991	0.136261	
948	0.999922	0.000106	1.875000	-0.000106	0.999922	0.111938	
949	0.999963	0.000168	0.912964	-0.000168	0.999963	0.069580	
950	0.999927	0.000229	1.766418	-0.000229	0.999927	0.218353	
951	1.000175	0.000102	0.878906	-0.000102	1.000175	0.026642	
952	0.999976	-0.000088	2.201660	0.000088	0.999976	-0.252625	
953	0.999930	-0.000080	0.983582	0.000080	0.999930	-0.118927	
954	0.999928	0.000005	1.807556	-0.000005	0.999928	-0.023499	
955	0.999956	-0.000019	0.907898	0.000019	0.999956	-0.130951	
956	0.999934	0.000017	1.473267	-0.000017	0.999934	-0.021271	
957	0.999896	0.000062	0.687805	-0.000062	0.999896	0.017670	
958	0.999970	-0.000029	1.436646	0.000029	0.999970	-0.230072	
959	0.999765	0.000009	0.715515	-0.000009	0.999765	-0.031677	
960	0.999830	0.000051	1.434692	-0.000051	0.999830	-0.036194	
961	0.999874	0.000091	0.645874	-0.000091	0.999874	0.023163	
962	0.999920	0.000066	1.216431	-0.000066	0.999920	0.076508	
963	0.999957	0.000134	0.532593	-0.000134	0.999957	0.067657	
964	0.999935	-0.000019	1.112366	0.000019	0.999935	0.085754	
965	0.999921	0.000087	0.290283	-0.000087	0.999921	0.002258	
966	0.999881	0.000125	1.011902	-0.000125	0.999881	0.024811	
967	0.999934	0.000329	0.475037	-0.000329	0.999934	0.293396	
968	0.999926	0.000112	0.880432	-0.000112	0.999926	0.078888	
969	0.999994	0.000179	0.177063	-0.000179	0.999994	0.172699	
970	0.999933	0.000109	0.887939	-0.000109	0.999933	-0.022583	
971	0.999996	0.000218	0.137695	-0.000218	0.999996	0.166443	
972	0.999999	0.000070	0.481934	-0.000070	0.999999	-0.012817	
973	0.999988	0.000245	0.157043	-0.000245	0.999988	0.083557	
974	0.999958	0.000017	0.253967	-0.000017	0.999958	0.076965	
975	0.999972	-0.000002	-0.045959	0.000002	0.999972	-0.123108	
976	0.999995	-0.000078	0.159607	0.000078	0.999995	-0.041687	
977	0.999966	0.000088	-0.002686	-0.000088	0.999966	0.000702	
978	0.999926	0.000052	0.026306	-0.000052	0.999926	-0.051147	
979	0.999983	0.000048	-0.059082	-0.000048	0.999983	-0.049316	
980	1.000026	-0.000025	0.153625	0.000025	1.000026	-0.037354	
981	1.000006	-0.000027	0.033447	0.000027	1.000006	-0.182678	
982	0.999949	-0.000032	0.399353	0.000032	0.999949	-0.033997	
983	1.000010	-0.000016	-0.036926	0.000016	1.000010	-0.017609	
984	1.000028	-0.000059	0.154236	0.000059	1.000028	0.026520	
985	1.000068	-0.000029	0.049500	0.000029	1.000068	-0.125183	
986	1.000018	-0.000016	0.275696	0.000016	1.000018	0.113220	
987	1.000019	0.000043	0.080444	-0.000043	1.000019	-0.035065	
988	1.000051	0.000028	-0.012878	-0.000028	1.000051	-0.082031	
989	1.000126	0.000013	-0.049011	-0.000013	1.000126	0.048645	
990	1.000032	-0.000011	0.428101	0.000011	1.000032	0.007324	
991	1.000035	-0.000041	0.024048	0.000041	1.000035	-0.106415	
992	1.000266	-0.000167	-0.210815	0.000167	1.000266	-0.330841	
993	1.002080	-0.000016	-1.721924	0.000016	1.002080	-1.102600	
994	1.001493	-0.000337	-1.252747	0.000337	1.001493	-0.988403	
995	0.999870	-0.000070	0.116699	0.000070	0.999870	-0.066254	
996	0.999808	-0.000207	0.318237	0.000207	0.999808	-0.158691	
997	0.999842	-0.000193	0.208435	0.000193	0.999842	-0.205566	
998	0.999956	-0.000135	0.127991	0.000135	0.999956	-0.002258	
999	1.000123	0.000040	-0.035400	-0.000040	1.000123	0.075226	
1000	1.000030	-0.000101	0.176086	0.000101	1.000030	0.037170	
1001	1.000005	-0.000014	-0.074097	0.000014	1.000005	-0.051544	
1002	0.999857	0.000055	0.133362	-0.000055	0.999857	0.103912	
1003	0.999916	0.000019	0.051514	-0.000019	0.999916	-0.057220	
1004	0.999943	0.000055	-0.040649	-0.000055	0.999943	-0.015015	
1005	1.000082	-0.000026	-0.041687	0.000026	1.000082	-0.002106	
1006	1.000212	-0.000016	-0.134094	0.000016	1.000212	-0.036438	
1007	1.000413	0.000088	-0.275940	-0.000088	1.000413	-0.156372	
1008	1.000201	-0.000111	-0.102478	0.000111	1.000201	-0.122009	
1009	1.000087	0.000110	-0.114258	-0.000110	1.000087	0.055573	
1010	1.000068	0.000126	0.156799	-0.000126	1.000068	0.063629	
1011	1.000075	0.000020	0.021545	-0.000020	1.000075	-0.020935	
1012	1.000090	-0.000000	-0.023560	0.000000	1.000090	-0.152252	
1013	1.000022	-0.000099	-0.074524	0.000099	1.000022	0.045319	
1014	1.000181	-0.000104	-0.097351	0.000104	1.000181	-0.081696	
1015	1.000090	-0.000073	-0.073181	0.000073	1.000090	0.013092	
1016	1.000102	-0.000185	0.116272	0.000185	1.000102	-0.124603	
1017	1.000056	0.000005	0.014648	-0.000005	1.000056	0.038879	
1018	0.999966	0.000021	0.047729	-0.000021	0.999966	-0.108612	
1019	0.999950	0.000062	0.052002	-0.000062	0.999950	0.065277	
1020	1.000034	0.000064	0.223022	-0.000064	1.000034	0.078217	
1021	0.999989	-0.000002	0.599426	0.000002	0.999989	-0.124603	
1022	1.000134	0.000047	0.071716	-0.000047	1.000134	0.007477	
1023	1.000127	-0.000013	-0.111206	0.000013	1.000127	0.023926	
1024	1.000050	-0.000125	-0.050903	0.000125	1.000050	0.010956	
1025	1.000019	-0.000143	0.011047	0.000143	1.000019	-0.098907	
1026	1.000117	-0.000060	-0.132446	0.000060	1.000117	-0.082092	
1027	1.000023	-0.000042	0.028381	0.000042	1.000023	-0.054504	
1028	1.000076	-0.000015	-0.041199	0.000015	1.000076	0.072723	
1029	1.000001	-0.000048	0.015991	0.000048	1.000001	-0.034790	
1030	0.999948	-0.000035	0.141968	0.000035	0.999948	0.012543	
1031	1.000034	0.000044	-0.027710	-0.000044	1.000034	0.018646	
1032	0.999993	0.000104	0.806396	-0.000104	0.999993	0.007599	
1033	1.000033	0.000048	-0.044800	-0.000048	1.000033	0.036255	
1034	0.999925	-0.000071	0.181641	0.000071	0.999925	-0.137512	
1035	1.000197	0.000124	-0.071411	-0.000124	1.000197	0.108765	
1036	1.000186	-0.000279	-0.124634	0.000279	1.000186	-0.116119	
1037	1.000049	-0.000063	-0.016113	0.000063	1.000049	-0.035187	
1038	0.999960	-0.000024	-0.002930	0.000024	0.999960	-0.034760	
1039	0.999977	-0.000060	0.013611	0.000060	0.999977	-0.031891	
1040	1.000236	0.000116	-0.136658	-0.000116	1.000236	0.021484	
1041	1.000041	0.000161	-0.053162	-0.000161	1.000041	0.122833	
1042	1.000169	0.000034	-0.111633	-0.000034	1.000169	0.017273	
1043	1.000083	-0.000111	-0.005310	0.000111	1.000083	-0.017731	
1044	1.000080	-0.000083	0.073303	0.000083	1.000080	-0.058533	
1045	1.000103	-0.000071	-0.077942	0.000071	1.000103	-0.006226	
1046	1.000114	-0.000103	-0.004761	0.000103	1.000114	-0.119263	
1047	0.999932	-0.000411	0.050964	0.000411	0.999932	-0.194092	
1048	1.000180	0.000054	-0.033142	-0.000054	1.000180	0.150299	
1049	1.000115	-0.000114	-0.031799	0.000114	1.000115	-0.033142	
1050	1.000133	-0.000077	-0.040833	0.000077	1.000133	0.010834	
1051	1.000186	-0.000141	-0.137390	0.000141	1.000186	-0.074432	
1052	1.000088	-0.000126	0.155579	0.000126	1.000088	-0.182251	
1053	1.000148	-0.000224	0.041931	0.000224	1.000148	-0.024445	
1054	0.999903	0.000141	0.775452	-0.000141	0.999903	-0.037537	
1055	1.000025	-0.000080	0.145447	0.000080	1.000025	0.000641	
1056	0.999865	-0.000300	0.207886	0.000300	0.999865	-0.161926	
1057	0.999823	-0.000119	0.322266	0.000119	0.999823	-0.254150	
1058	0.999496	-0.000034	1.168518	0.000034	0.999496	0.714661	
1059	0.999223	0.000016	0.569397	-0.000016	0.999223	0.435059	
1060	0.998811	-0.000065	2.300720	0.000065	0.998811	1.323578	
1061	0.999140	-0.000057	1.429871	0.000057	0.999140	0.585266	
1062	0.997914	-0.000095	3.143799	0.000095	0.997914	1.401306	
1063	0.997844	0.000007	2.542847	-0.000007	0.997844	1.252319	
1064	0.995263	0.000041	6.276428	-0.000041	0.995263	3.987244	
1065	0.996673	0.000072	4.047119	-0.000072	0.996673	2.586792	
1066	0.991923	0.000160	9.003235	-0.000160	0.991923	5.779358	
1067	0.996089	0.000092	4.368225	-0.000092	0.996089	2.420197	
1068	0.992348	0.000027	8.847229	-0.000027	0.992348	4.456146	
1069	0.995878	0.000082	4.385681	-0.000082	0.995878	2.248291	
1070	0.992225	-0.000074	8.667725	0.000074	0.992225	4.354919	
1071	0.994879	-0.000026	5.766357	0.000026	0.994879	3.027679	
1072	0.990575	-0.000068	10.270142	0.000068	0.990575	5.191742	
1073	0.995193	-0.000099	5.280823	0.000099	0.995193	2.573151	
1074	0.991528	-0.000072	9.244202	0.000072	0.991528	4.576843	
1075	0.995464	-0.000094	5.033081	0.000094	0.995464	2.383392	
1076	0.991053	0.000016	9.631470	-0.000016	0.991053	4.848511	
1077	0.995993	0.000056	4.265198	-0.000056	0.995993	2.278381	
1078	0.991768	-0.000074	8.861938	0.000074	0.991768	4.418427	
1079	0.996174	0.000063	4.220703	-0.000063	0.996174	2.189484	
1080	0.993618	0.000353	7.089783	-0.000353	0.993618	3.764038	
1081	0.997129	0.000107	2.977112	-0.000107	0.997129	1.745422	
1082	0.994945	-0.000037	5.984009	0.000037	0.994945	2.806091	
1083	0.997616	-0.000071	2.596008	0.000071	0.997616	1.274719	
1084	0.995271	-0.000025	5.178284	0.000025	0.995271	2.699768	
1085	0.997427	-0.000097	2.688782	0.000097	0.997427	1.133057	
1086	0.995345	0.000064	4.960327	-0.000064	0.995345	2.495087	
1087	0.997722	-0.000046	2.315918	0.000046	0.997722	1.316803	
1088	0.995298	-0.000030	4.860657	0.000030	0.995298	2.529785	
1089	0.997963	0.000044	2.079407	-0.000044	0.997963	1.107147	
1090	0.994809	0.000087	5.475464	-0.000087	0.994809	3.081726	
1091	0.997876	0.000035	2.203674	-0.000035	0.997876	1.258850	
1092	0.995532	-0.000013	4.656677	0.000013	0.995532	2.454071	
1093	0.997969	-0.000130	1.951172	0.000130	0.997969	1.048553	
1094	0.995738	-0.000067	4.422546	0.000067	0.995738	2.071777	
1095	0.997768	0.000018	2.322449	-0.000018	0.997768	1.296143	
1096	0.996404	-0.000054	3.606201	0.000054	0.996404	2.052002	
1097	0.997943	-0.000075	2.096252	0.000075	0.997943	0.969757	
1098	0.996613	-0.000175	3.378601	0.000175	0.996613	1.799530	
1099	0.998598	-0.000086	1.442322	0.000086	0.998598	0.667450	
1100	0.997305	0.000056	2.590393	-0.000056	0.997305	1.552124	
1101	0.997752	0.000077	2.072693	-0.000077	0.997752	1.332977	
1102	0.997983	0.000080	1.977600	-0.000080	0.997983	1.340393	
1103	0.999534	-0.000037	0.530151	0.000037	0.999534	0.221375	
1104	0.997684	0.000102	2.039368	-0.000102	0.997684	1.340363	
1105	0.999774	-0.000004	0.371704	0.000004	0.999774	0.156769	
1106	0.996393	0.000102	3.276550	-0.000102	0.996393	2.207489	
1107	0.999870	0.000098	0.224304	-0.000098	0.999870	0.231384	
1108	0.999895	-0.000015	-0.135498	0.000015	0.999895	0.026703	
1109	0.999972	0.000084	0.223267	-0.000084	0.999972	0.056305	
1110	0.999867	0.000021	0.058228	-0.000021	0.999867	0.064301	
1111	1.000037	-0.000061	-0.181274	0.000061	1.000037	-0.077026	
1112	0.999929	0.000018	-0.400513	-0.000018	0.999929	0.079712	
1113	0.999953	-0.000049	-0.348206	0.000049	0.999953	-0.016693	
1114	0.999959	0.000082	-0.372192	-0.000082	0.999959	0.005768	
1115	1.000076	0.000011	-0.393494	-0.000011	1.000076	0.038300	
1116	0.999951	-0.000022	-0.938599	0.000022	0.999951	-0.020935	
1117	0.999944	-0.000089	-0.498291	0.000089	0.999944	-0.072266	
1118	1.000037	-0.000016	-1.255005	0.000016	1.000037	-0.038940	
1119	0.999980	-0.000123	-0.536926	0.000123	0.999980	-0.096619	
1120	0.999969	-0.000099	-1.443970	0.000099	0.999969	-0.120880	
1121	1.000018	-0.000124	-0.659729	0.000124	1.000018	-0.225098	
1122	0.999944	-0.000075	-1.491943	0.000075	0.999944	-0.108643	
1123	1.000031	-0.000074	-1.008606	0.000074	1.000031	-0.062775	
1124	0.999952	-0.000194	-1.861755	0.000194	0.999952	-0.428284	
1125	1.000007	-0.000080	-1.212830	0.000080	1.000007	-0.337250	
1126	0.999964	-0.000009	-2.553955	0.000009	0.999964	-0.355133	
1127	1.000043	0.000221	-1.627380	-0.000221	1.000043	0.236481	
1128	1.000047	0.000103	-3.071045	-0.000103	1.000047	0.134338	
1129	1.000069	-0.000032	-1.696899	0.000032	1.000069	0.146606	
1130	1.000019	0.000046	-3.080566	-0.000046	1.000019	0.027954	
1131	1.000022	0.000093	-1.793640	-0.000093	1.000022	0.102234	
1132	1.000049	-0.000003	-3.533020	0.000003	1.000049	-0.166443	
1133	0.999822	-0.000087	-2.126953	0.000087	0.999822	-0.000458	
1134	1.000154	0.000028	-4.537048	-0.000028	1.000154	-0.011993	
1135	0.999892	-0.000127	-2.018921	0.000127	0.999892	0.148590	
1136	1.000037	-0.000051	-3.430359	0.000051	1.000037	0.126190	
1137	0.999981	-0.000035	-1.376648	0.000035	0.999981	0.318268	
1138	1.000149	-0.000060	-2.904114	0.000060	1.000149	0.322723	
1139	1.000013	-0.000092	-1.412842	0.000092	1.000013	-0.082245	
1140	1.000002	0.000003	-2.829895	-0.000003	1.000002	0.023163	
1141	0.999993	-0.000084	-1.143982	0.000084	0.999993	-0.051483	
1142	1.000014	-0.000070	-2.364502	0.000070	1.000014	-0.058563	
1143	0.999986	-0.000080	-1.121887	0.000080	0.999986	-0.020691	
1144	1.000628	0.000048	-2.271790	-0.000048	1.000628	-1.327911	
1145	1.000283	0.000121	-1.073364	-0.000121	1.000283	-0.601349	
1146	1.001060	0.000105	-2.992554	-0.000105	1.001060	-0.938049	
1147	1.000479	-0.000000	-1.285950	0.000000	1.000479	-0.050995	
1148	1.002850	0.000015	-4.119812	-0.000015	1.002850	-1.279663	
1149	1.001871	-0.000073	-2.607727	0.000073	1.001871	-1.248047	
1150	1.003328	0.000045	-4.345337	-0.000045	1.003328	-1.709595	
1151	1.002031	0.000016	-2.534973	-0.000016	1.002031	-1.125000	
1152	1.004519	-0.000040	-5.263733	0.000040	1.004519	-2.212311	
1153	1.002010	0.000053	-2.447998	-0.000053	1.002010	-1.117584	
1154	1.004335	-0.000092	-5.293762	0.000092	1.004335	-2.404999	
1155	1.002060	0.000072	-2.491333	-0.000072	1.002060	-1.017456	
1156	1.004983	-0.000035	-5.231384	0.000035	1.004983	-2.894958	
1157	1.002553	-0.000005	-2.730835	0.000005	1.002553	-1.287079	
1158	1.004331	-0.000028	-4.780396	0.000028	1.004331	-2.399139	
1159	1.002130	0.000065	-2.318237	-0.000065	1.002130	-1.268982	
1160	1.004179	-0.000049	-4.643250	0.000049	1.004179	-2.407562	
1161	1.002334	0.000010	-2.344604	-0.000010	1.002334	-1.270752	
1162	1.004799	0.000026	-4.955627	-0.000026	1.004799	-2.652313	
1163	1.002543	-0.000010	-2.568481	0.000010	1.002543	-1.400574	
1164	1.006053	0.000006	-6.061523	-0.000006	1.006053	-3.425659	
1165	1.003222	0.000089	-3.593018	-0.000089	1.003222	-1.937378	
1166	1.005662	0.000043	-5.611816	-0.000043	1.005662	-3.243103	
1167	1.003134	0.000046	-2.960876	-0.000046	1.003134	-1.804504	
1168	1.006429	0.000010	-6.333130	-0.000010	1.006429	-3.606689	
1169	1.003337	-0.000064	-3.067932	0.000064	1.003337	-1.950439	
1170	1.005291	0.000080	-4.863770	-0.000080	1.005291	-3.008057	
1171	1.002398	-0.000015	-2.086243	0.000015	1.002398	-1.427704	
1172	1.004541	0.000083	-4.018799	-0.000083	1.004541	-2.586365	
1173	1.002272	0.000012	-1.997559	-0.000012	1.002272	-1.400391	
1174	1.003622	-0.000070	-2.715637	0.000070	1.003622	-2.270447	
1175	1.002132	0.000075	-2.178833	-0.000075	1.002132	-0.796173	
1176	1.003684	0.000005	-2.374634	-0.000005	1.003684	-2.185333	
1177	1.002003	0.000007	-1.187744	-0.000007	1.002003	-1.290680	
1178	1.004227	0.000193	-2.562378	-0.000193	1.004227	-2.343628	
1179	1.002268	-0.000029	-1.537476	0.000029	1.002268	-1.152649	
1180	1.003798	0.000040	-2.026978	-0.000040	1.003798	-2.149475	
1181	1.001889	0.000022	-0.869690	-0.000022	1.001889	-1.104309	
1182	1.002705	0.000012	-1.044678	-0.000012	1.002705	-1.448181	
1183	1.001785	0.000092	-0.589294	-0.000092	1.001785	-1.016144	
1184	1.000780	0.000015	1.026489	-0.000015	1.000780	-0.310272	
1185	1.000882	0.000044	0.325439	-0.000044	1.000882	-0.538483	
1186	1.002621	0.000114	-1.706299	-0.000114	1.002621	-1.492249	
1187	1.000147	-0.000009	1.159180	0.000009	1.000147	-0.275696	
1188	1.001606	-0.000035	0.992126	0.000035	1.001606	-1.115509	
1189	1.000840	-0.000022	0.736450	0.000022	1.000840	-0.444916	
1190	1.000208	-0.000001	3.083679	0.000001	1.000208	-0.126953	
1191	1.000006	0.000143	1.802429	-0.000143	1.000006	-0.099182	
1192	0.999896	0.000059	3.356628	-0.000059	0.999896	-0.155212	
1193	0.999956	0.000061	1.863586	-0.000061	0.999956	-0.123718	
1194	0.999893	-0.000001	3.889648	0.000001	0.999893	-0.281097	
1195	0.999866	0.000147	2.356628	-0.000147	0.999866	-0.045410	
1196	0.999641	0.000180	5.295227	-0.000180	0.999641	-0.060059	
1197	0.999933	0.000211	4.538391	-0.000211	0.999933	0.001556	
1198	0.999401	0.000027	6.546021	-0.000027	0.999401	0.104401	
1199	0.998990	-0.000083	3.424194	0.000083	0.998990	0.776184	
1200	0.999095	0.000028	6.641418	-0.000028	0.999095	0.358734	
1201	0.999305	-0.000080	3.546509	0.000080	0.999305	0.462646	
1202	0.998137	0.000036	6.926392	-0.000036	0.998137	1.574860	
1203	0.998202	-0.000013	4.854736	0.000013	0.998202	1.650635	
1204	0.996178	-0.000064	9.440674	0.000064	0.996178	2.924347	
1205	0.998138	0.000017	4.787659	-0.000017	0.998138	1.415070	
1206	0.995719	0.000022	8.956360	-0.000022	0.995719	2.900757	
1207	0.998142	-0.000058	4.320435	0.000058	0.998142	1.093658	
1208	0.996016	-0.000011	8.387512	0.000011	0.996016	2.277344	
1209	0.998107	-0.000047	4.269287	0.000047	0.998107	1.064972	
1210	0.993107	-0.000023	11.523315	0.000023	0.993107	3.846252	
1211	0.996972	-0.000016	5.105835	0.000016	0.996972	1.651215	
1212	0.994316	0.000024	10.036011	-0.000024	0.994316	3.187592	
1213	0.996763	-0.000016	5.369812	0.000016	0.996763	1.818420	
1214	0.993947	-0.000011	10.319580	0.000011	0.993947	3.340057	
1215	0.996155	0.000105	6.586121	-0.000105	0.996155	2.309052	
1216	0.992119	0.000055	12.149597	-0.000055	0.992119	4.335907	
1217	0.996191	0.000140	7.748962	-0.000140	0.996191	2.202942	
1218	0.994038	-0.000033	10.399841	0.000033	0.994038	3.248474	
1219	0.997141	0.000077	5.343994	-0.000077	0.997141	1.475372	
1220	0.994342	0.000076	9.625732	-0.000076	0.994342	2.953522	
1221	0.997567	-0.000093	4.692993	0.000093	0.997567	1.199890	
1222	0.994832	0.000004	9.354614	-0.000004	0.994832	2.591736	
1223	0.998005	-0.000142	4.046387	0.000142	0.998005	0.955078	
1224	0.996508	0.000039	7.609497	-0.000039	0.996508	1.880341	
1225	0.999930	-0.000003	2.301453	0.000003	0.999930	0.013489	
1226	0.999868	0.000012	4.451172	-0.000012	0.999868	0.010162	
1227	1.000093	0.000019	2.025085	-0.000019	1.000093	-0.039307	
1228	0.996636	-0.000072	7.144104	0.000072	0.996636	1.880554	
1229	0.999846	-0.000125	2.074463	0.000125	0.999846	-0.079193	
1230	0.999808	0.000025	4.013367	-0.000025	0.999808	0.058228	
1231	0.999840	-0.000228	2.031250	0.000228	0.999840	-0.187958	
1232	0.999898	0.000022	3.843140	-0.000022	0.999898	-0.013000	
1233	0.999891	-0.000031	1.967346	0.000031	0.999891	-0.074738	
1234	0.999815	-0.000028	3.977539	0.000028	0.999815	-0.013489	
1235	0.998063	0.000072	3.768066	-0.000072	0.998063	0.990479	
1236	0.998749	-0.000029	4.591492	0.000029	0.998749	0.671722	
1237	0.999911	0.000037	2.049561	-0.000037	0.999911	0.055511	
1238	0.999980	-0.000048	1.686951	0.000048	0.999980	-0.074585	
1239	0.999941	0.000003	3.271973	-0.000003	0.999941	-0.004517	
1240	0.999871	0.000004	1.468811	-0.000004	0.999871	-0.002899	
1241	0.999830	-0.000003	3.267700	0.000003	0.999830	0.049377	
1242	0.999970	0.000036	1.254333	-0.000036	0.999970	0.167908	
1243	1.000018	-0.000065	2.531616	0.000065	1.000018	-0.032654	
1244	0.999861	-0.000020	1.355042	0.000020	0.999861	-0.009247	
1245	0.999925	-0.000096	2.506287	0.000096	0.999925	-0.092010	
1246	1.000095	-0.000084	1.054932	0.000084	1.000095	-0.141693	
1247	0.999961	-0.000083	2.435120	0.000083	0.999961	-0.113068	
1248	1.000052	0.000035	0.991089	-0.000035	1.000052	0.271606	
1249	1.000134	0.000190	2.019592	-0.000190	1.000134	0.295013	
1250	0.999993	0.000010	0.827820	-0.000010	0.999993	0.023102	
1251	0.999928	0.000077	2.014221	-0.000077	0.999928	0.138336	
1252	0.999969	0.000065	1.025024	-0.000065	0.999969	0.027954	
1253	0.999957	0.000003	1.721558	-0.000003	0.999957	0.186981	
1254	1.000000	-0.000084	0.902954	0.000084	1.000000	-0.114319	
1255	0.999970	0.000196	1.545410	-0.000196	0.999970	0.150482	
1256	0.999840	-0.000005	0.966003	0.000005	0.999840	0.042542	
1257	0.999905	0.000018	1.270020	-0.000018	0.999905	0.191376	
1258	0.999892	0.000063	0.680359	-0.000063	0.999892	0.126892	
1259	0.999951	-0.000012	1.246399	0.000012	0.999951	0.004395	
1260	0.999982	0.000144	0.579285	-0.000144	0.999982	0.182068	
1261	0.999844	0.000106	1.209351	-0.000106	0.999844	0.394653	
1262	0.999821	0.000218	0.714233	-0.000218	0.999821	0.353760	
1263	0.999866	0.000070	0.991272	-0.000070	0.999866	0.109558	
1264	0.999853	0.000159	0.551086	-0.000159	0.999853	0.137695	
1265	0.999968	-0.000018	0.766785	0.000018	0.999968	0.028168	
1266	0.999934	0.000089	0.272278	-0.000089	0.999934	0.105988	
1267	0.999891	0.000039	0.871948	-0.000039	0.999891	0.291962	
1268	0.999917	0.000123	0.103699	-0.000123	0.999917	0.157654	
1269	0.999972	0.000083	0.405518	-0.000083	0.999972	0.075317	
1270	0.999928	0.000052	0.175415	-0.000052	0.999928	0.080994	
1271	0.999967	0.000022	0.272827	-0.000022	0.999967	0.079529	
1272	0.999966	-0.000005	0.231262	0.000005	0.999966	-0.019623	
1273	1.000057	-0.000027	-0.051453	0.000027	1.000057	0.191406	
1274	1.000035	-0.000128	0.199280	0.000128	1.000035	0.091309	
1275	1.000285	0.000070	-0.144104	-0.000070	1.000285	0.221161	
1276	1.000087	-0.000001	-0.331909	0.000001	1.000087	0.022552	
1277	0.999989	-0.000040	0.186401	0.000040	0.999989	-0.186951	
1278	1.000038	-0.000025	-0.337036	0.000025	1.000038	-0.168091	
1279	1.000051	-0.000101	-0.058594	0.000101	1.000051	-0.258942	
1280	0.999996	0.000009	0.068787	-0.000009	0.999996	-0.217041	
1281	0.999950	-0.000065	0.016235	0.000065	0.999950	-0.189514	
1282	1.000074	0.000022	0.192505	-0.000022	1.000074	-0.063812	
1283	1.000051	-0.000027	0.265686	0.000027	1.000051	-0.009888	
1284	1.000265	-0.000134	-0.363220	0.000134	1.000265	-0.672729	
1285	1.000148	-0.000027	0.418457	0.000027	1.000148	-0.401794	
1286	1.000095	-0.000128	0.487793	0.000128	1.000095	-0.108948	
1287	1.000026	0.000063	0.798462	-0.000063	1.000026	0.258148	
1288	0.999979	-0.000017	0.810120	0.000017	0.999979	0.030060	
1289	1.000028	0.000052	0.908569	-0.000052	1.000028	0.038513	
1290	1.000076	-0.000116	0.528198	0.000116	1.000076	-0.115112	
1291	1.000649	0.000089	0.680603	-0.000089	1.000649	-1.332001	
1292	1.000320	-0.000093	0.288025	0.000093	1.000320	-0.174622	
1293	1.000119	0.000071	1.904968	-0.000071	1.000119	0.026031	
1294	1.000027	0.000008	0.989258	-0.000008	1.000027	0.091187	
1295	1.001251	-0.000068	0.596680	0.000068	1.001251	-0.480804	
1296	1.001039	-0.000076	0.062988	0.000076	1.001039	-0.504242	
1297	1.000185	-0.000038	1.543335	0.000038	1.000185	0.004059	
1298	1.001526	-0.000009	-0.710510	0.000009	1.001526	-1.054626	
1299	1.001716	0.000048	0.314392	-0.000048	1.001716	-1.004852	
1300	1.000205	-0.000036	0.628967	0.000036	1.000205	-0.209106	
1301	1.001636	-0.000054	0.527527	0.000054	1.001636	-1.016327	
1302	1.001398	0.000044	-0.557861	-0.000044	1.001398	-0.846649	
1303	1.000276	0.000081	1.197327	-0.000081	1.000276	-0.204620	
1304	1.000033	0.000016	0.727295	-0.000016	1.000033	-0.009094	
1305	1.002625	0.000050	-1.070007	-0.000050	1.002625	-1.499420	
1306	1.000958	0.000073	-0.187622	-0.000073	1.000958	-0.446686	
1307	1.000255	0.000016	0.690247	-0.000016	1.000255	-0.155792	
1308	0.999962	0.000097	0.607666	-0.000097	0.999962	-0.252472	
1309	1.000003	0.000027	0.779846	-0.000027	1.000003	-0.097198	
1310	1.000006	0.000116	0.490540	-0.000116	1.000006	-0.055298	
1311	1.000000	-0.000007	0.763550	0.000007	1.000000	-0.199554	
1312	0.999933	-0.000004	0.393738	0.000004	0.999933	-0.156006	
1313	0.999910	0.000018	0.878174	-0.000018	0.999910	-0.271790	
1314	0.999815	0.000036	0.677063	-0.000036	0.999815	0.018463	
1315	0.999510	0.000176	0.684631	-0.000176	0.999510	-0.110107	
1316	0.999707	0.000147	0.722839	-0.000147	0.999707	0.194855	
1317	0.998565	0.000016	1.326660	-0.000016	0.998565	1.238770	
1318	0.999480	0.000050	0.743958	-0.000050	0.999480	0.285736	
1319	0.998298	0.000066	2.010376	-0.000066	0.998298	1.735870	
1320	0.998485	0.000066	1.394348	-0.000066	0.998485	1.194244	
1321	0.995914	0.000087	4.019348	-0.000087	0.995914	2.673737	
1322	0.997631	0.000081	2.021851	-0.000081	0.997631	1.469299	
1323	0.995774	0.000032	3.380249	-0.000032	0.995774	2.481537	
1324	0.997764	0.000070	1.522461	-0.000070	0.997764	1.232208	
1325	0.995888	-0.000012	1.768188	0.000012	0.995888	1.948181	
1326	0.997679	-0.000020	-0.502686	0.000020	0.997679	1.061920	
1327	0.995984	-0.000071	-3.507202	0.000071	0.995984	2.059540	
1328	0.998099	0.000011	-2.067078	-0.000011	0.998099	1.140076	
1329	0.996127	-0.000036	-3.607361	0.000036	0.996127	2.140594	
1330	0.998110	0.000034	-1.655396	-0.000034	0.998110	1.133820	
1331	0.995652	-0.000154	-2.469604	0.000154	0.995652	2.003784	
1332	0.997807	0.000066	-1.028687	-0.000066	0.997807	1.196045	
1333	0.996005	0.000026	-2.360229	-0.000026	0.996005	2.085480	
1334	0.998198	-0.000059	-1.165222	0.000059	0.998198	0.822906	
1335	0.999520	-0.000024	-5.973450	0.000024	0.999520	0.134216	
1336	0.998210	0.000076	-1.910889	-0.000076	0.998210	0.967194	
1337	0.999418	-0.000095	-7.234985	0.000095	0.999418	0.151764	
1338	0.999950	0.000025	-3.727112	-0.000025	0.999950	0.030396	
1339	0.997471	-0.000175	-6.959839	0.000175	0.997471	1.339783	
1340	0.998452	-0.000020	-2.027161	0.000020	0.998452	0.765930	
1341	0.997852	-0.000020	-3.965576	0.000020	0.997852	1.239014	
1342	0.998010	0.000057	-0.341858	-0.000057	0.998010	1.181793	
1343	0.997604	0.000009	-1.614014	-0.000009	0.997604	1.369446	
1344	0.998953	0.000107	-1.179138	-0.000107	0.998953	0.689056	
1345	0.996574	0.000195	-0.659424	-0.000195	0.996574	2.239227	
1346	0.998244	0.000106	0.236694	-0.000106	0.998244	1.195099	
1347	0.996182	0.000033	0.271240	-0.000033	0.996182	2.263794	
1348	0.998169	0.000047	0.158752	-0.000047	0.998169	1.212372	
1349	0.997478	0.000033	-0.641418	-0.000033	0.997478	1.414215	
1350	0.998958	0.000122	-0.362061	-0.000122	0.998958	0.680206	
1351	0.999417	0.000063	-2.586060	-0.000063	0.999417	0.472168	
1352	0.997864	-0.000022	0.477112	0.000022	0.997864	1.090485	
1353	0.998656	-0.000120	-1.285706	0.000120	0.998656	0.485077	
1354	0.997730	0.000053	0.715454	-0.000053	0.997730	1.315948	
1355	0.998983	-0.000107	-1.404541	0.000107	0.998983	0.410645	
1356	0.999864	0.000057	-1.156067	-0.000057	0.999864	-0.014282	
1357	0.999912	-0.000064	-2.644897	0.000064	0.999912	-0.173248	
1358	0.999932	0.000158	-1.348145	-0.000158	0.999932	0.156158	
1359	0.999913	0.000088	-2.266663	-0.000088	0.999913	0.077118	
1360	1.000021	0.000035	-0.771973	-0.000035	1.000021	0.022980	
1361	0.999956	-0.000210	-2.131104	0.000210	0.999956	-0.141357	
1362	0.999965	-0.000042	-0.903076	0.000042	0.999965	-0.058075	
1363	1.000050	0.000042	-1.727478	-0.000042	1.000050	0.014221	
1364	1.000052	0.000040	-0.849121	-0.000040	1.000052	0.045990	
1365	0.999982	-0.000019	-1.245300	0.000019	0.999982	0.010376	
1366	0.999944	0.000063	-0.508667	-0.000063	0.999944	0.080872	
1367	0.999877	0.000027	-1.123291	-0.000027	0.999877	0.022003	
1368	0.999895	0.000056	-0.712585	-0.000056	0.999895	0.096100	
1369	0.999756	0.000125	-1.035400	-0.000125	0.999756	-0.023804	
1370	0.999919	0.000169	-0.288391	-0.000169	0.999919	0.145050	
1371	0.999887	0.000147	-0.644226	-0.000147	0.999887	0.211060	
1372	1.000010	0.000193	-0.382202	-0.000193	1.000010	0.082520	
1373	1.000013	0.000113	-0.473083	-0.000113	1.000013	0.176849	
1374	0.999933	0.000002	0.060791	-0.000002	0.999933	-0.183960	
1375	0.999976	-0.000042	-1.136169	0.000042	0.999976	0.222900	
1376	0.999932	-0.000025	0.490723	0.000025	0.999932	0.005707	
1377	0.999959	-0.000013	-0.747620	0.000013	0.999959	-0.002380	
1378	0.999981	-0.000037	-0.518921	0.000037	0.999981	-0.035828	
1379	1.000058	0.000054	0.244812	-0.000054	1.000058	0.056702	
1380	0.999984	0.000014	0.035034	-0.000014	0.999984	-0.010315	
1381	1.000008	0.000004	-0.059692	-0.000004	1.000008	-0.368011	
1382	1.000006	0.000128	-0.076233	-0.000128	1.000006	-0.050385	
1383	0.999967	0.000102	-0.607605	-0.000102	0.999967	0.225403	
1384	0.999999	0.000054	-0.250610	-0.000054	0.999999	0.039795	
1385	1.000202	0.000084	0.119995	-0.000084	1.000202	0.023468	
1386	0.999947	0.000049	-0.042175	-0.000049	0.999947	0.004242	
1387	1.000058	-0.000038	0.195068	0.000038	1.000058	-0.149750	
1388	1.000037	0.000051	0.034973	-0.000051	1.000037	0.037018	
1389	1.000099	0.000055	-0.427307	-0.000055	1.000099	-0.014526	
1390	0.999998	0.000026	0.057068	-0.000026	0.999998	0.021210	
1391	1.000097	0.000127	-0.026428	-0.000127	1.000097	0.023895	
1392	1.000089	-0.000048	0.416016	0.000048	1.000089	-0.067963	
1393	1.000030	-0.000024	-0.325134	0.000024	1.000030	-0.081329	
1394	1.000024	0.000097	0.016602	-0.000097	1.000024	0.064880	
1395	0.999931	-0.000003	0.086731	0.000003	0.999931	-0.042572	
1396	1.000030	-0.000065	-0.199158	0.000065	1.000030	-0.144714	
1397	1.000087	-0.000004	-0.386108	0.000004	1.000087	-0.131378	
1398	1.000087	0.000120	-0.412964	-0.000120	1.000087	-0.082428	
1399	0.999973	0.000064	-0.543823	-0.000064	0.999973	-0.033447	
1400	1.000075	0.000111	-0.622803	-0.000111	1.000075	-0.075867	
1401	0.999938	0.000061	-0.903748	-0.000061	0.999938	-0.163239	
1402	1.000077	-0.000087	-1.025208	0.000087	1.000077	-0.441193	
1403	1.000092	-0.000017	-2.664307	0.000017	1.000092	-0.607056	
1404	1.000022	-0.000042	-1.403076	0.000042	1.000022	-0.170685	
1405	1.000057	-0.000052	-3.503418	0.000052	1.000057	-0.442719	
1406	1.000011	-0.000024	-1.848267	0.000024	1.000011	-0.328094	
1407	1.000151	-0.000091	-4.375183	0.000091	1.000151	-0.312103	
1408	1.000047	0.000036	-2.586121	-0.000036	1.000047	-0.072205	
1409	1.000124	-0.000065	-5.783386	0.000065	1.000124	-0.084503	
1410	1.000170	-0.000023	-3.183411	0.000023	1.000170	-0.110382	
1411	1.000073	-0.000154	-6.678955	0.000154	1.000073	-0.278137	
1412	1.000109	-0.000054	-3.121765	0.000054	1.000109	-0.072632	
1413	1.000041	0.000052	-5.379517	-0.000052	1.000041	0.000519	
1414	1.000091	-0.000005	-2.607605	0.000005	1.000091	-0.013611	
1415	1.000023	-0.000104	-5.887878	0.000104	1.000023	-0.205109	
1416	1.000041	0.000005	-3.101135	-0.000005	1.000041	-0.161621	
1417	1.000058	-0.000038	-6.138489	0.000038	1.000058	-0.099426	
1418	0.999972	0.000032	-2.604736	-0.000032	0.999972	0.218201	
1419	1.000050	-0.000113	-5.120850	0.000113	1.000050	-0.001404	
1420	1.000031	0.000065	-2.427490	-0.000065	1.000031	0.295624	
1421	1.000073	0.000014	-4.611023	-0.000014	1.000073	0.046265	
1422	1.000089	-0.000057	-2.365112	0.000057	1.000089	0.089996	
1423	1.000036	-0.000051	-4.475159	0.000051	1.000036	0.000977	
1424	1.000037	0.000014	-2.022888	-0.000014	1.000037	0.007690	
1425	1.000113	0.000032	-4.101257	-0.000032	1.000113	0.042877	
1426	1.000057	0.000133	-1.868652	-0.000133	1.000057	0.255951	
1427	1.000086	-0.000086	-3.999512	0.000086	1.000086	-0.037781	
1428	1.000075	0.000118	-1.609192	-0.000118	1.000075	0.200531	
1429	1.000098	-0.000080	-3.210999	0.000080	1.000098	0.016632	
1430	0.999959	0.000069	-1.437561	-0.000069	0.999959	0.150848	
1431	1.000031	-0.000030	-2.727783	0.000030	1.000031	0.085388	
1432	0.999967	0.000006	-1.181763	-0.000006	0.999967	0.128174	
1433	1.000050	0.000044	-2.817871	-0.000044	1.000050	0.068298	
1434	0.999990	0.000102	-1.053467	-0.000102	0.999990	-0.037842	
1435	1.000155	0.000026	-2.072876	-0.000026	1.000155	-0.025330	
1436	1.000084	0.000024	-1.397766	-0.000024	1.000084	-0.111237	
1437	1.000033	-0.000025	-2.935303	0.000025	1.000033	-0.130066	
1438	0.999998	0.000007	-1.248352	-0.000007	0.999998	-0.016602	
1439	1.000003	0.000038	-2.820984	-0.000038	1.000003	-0.167969	
1440	0.999998	-0.000072	-1.552429	0.000072	0.999998	-0.232117	
1441	1.000090	-0.000050	-3.116089	0.000050	1.000090	-0.332642	
1442	1.000062	0.000041	-1.823181	-0.000041	1.000062	-0.133240	
1443	1.000028	-0.000086	-3.469238	0.000086	1.000028	-0.253021	
1444	1.000072	-0.000081	-1.759949	0.000081	1.000072	-0.234833	
1445	1.000148	0.000060	-3.514832	-0.000060	1.000148	-0.124329	
1446	0.999956	-0.000054	-1.646057	0.000054	0.999956	-0.036133	
1447	1.000074	-0.000063	-3.617493	0.000063	1.000074	0.197876	
1448	0.999882	0.000006	-1.603882	-0.000006	0.999882	0.226044	
1449	1.000028	-0.000025	-3.224426	0.000025	1.000028	0.039520	
1450	0.999978	0.000015	-1.260498	-0.000015	0.999978	0.037323	
1451	0.999995	0.000015	-2.699097	-0.000015	0.999995	0.019043	
1452	1.000061	0.000030	-1.043945	-0.000030	1.000061	0.238770	
1453	0.999963	-0.000032	-2.121765	0.000032	0.999963	0.206879	
1454	0.999832	-0.000032	-0.917480	0.000032	0.999832	0.057587	
1455	1.000001	0.000016	-1.840515	-0.000016	1.000001	0.123810	
1456	0.999956	0.000033	-0.700012	-0.000033	0.999956	0.189362	
1457	0.999958	0.000112	-1.398438	-0.000112	0.999958	0.278625	
1458	0.999955	-0.000143	-0.644043	0.000143	0.999955	-0.039764	
1459	0.999999	0.000099	-1.484497	-0.000099	0.999999	-0.122620	
1460	0.999986	-0.000047	-0.272278	0.000047	0.999986	-0.113708	
1461	0.999965	-0.000004	-0.589539	0.000004	0.999965	-0.147491	
1462	1.000037	-0.000020	-0.704651	0.000020	1.000037	0.102356	
1463	1.000007	-0.000023	-1.016541	0.000023	1.000007	-0.078827	
1464	1.000021	-0.000027	-0.286438	0.000027	1.000021	-0.003296	
1465	0.999987	-0.000002	-0.266052	0.000002	0.999987	-0.226898	
1466	0.999987	0.000055	-0.271362	-0.000055	0.999987	0.156281	
1467	0.999848	-0.000032	-0.234192	0.000032	0.999848	-0.199280	
1468	0.999902	0.000044	-0.173889	-0.000044	0.999902	0.073578	
1469	0.999983	0.000021	-0.384766	-0.000021	0.999983	0.117371	
1470	0.999970	0.000030	-0.165283	-0.000030	0.999970	0.120667	
1471	0.999957	-0.000059	-0.203857	0.000059	0.999957	-0.025696	
1472	0.999936	-0.000009	-0.024841	0.000009	0.999936	-0.004669	
1473	0.999960	0.000010	-0.311340	-0.000010	0.999960	0.182281	
1474	0.999980	0.000007	-0.122314	-0.000007	0.999980	0.049377	
1475	0.999952	-0.000037	-0.368347	0.000037	0.999952	0.127106	
1476	0.999932	-0.000022	0.093018	0.000022	0.999932	0.030090	
1477	0.999967	-0.000128	-0.143677	0.000128	0.999967	0.015533	
1478	0.999908	-0.000144	0.276184	0.000144	0.999908	-0.051361	
1479	0.999969	0.000156	0.132019	-0.000156	0.999969	0.118713	
1480	0.999975	-0.000048	0.124023	0.000048	0.999975	-0.050140	
1481	1.000004	-0.000147	0.073486	0.000147	1.000004	-0.136261	
1482	0.999968	-0.000138	0.194214	0.000138	0.999968	-0.109039	
