0	1.000000	0.000000	0.000000	0.000000	1.000000	0.000000	
1	1.000178	-0.000004	-0.557312	0.000004	1.000178	0.759583	
2	0.999589	-0.000036	0.237976	0.000036	0.999589	0.376465	
3	0.999118	0.000016	0.910767	-0.000016	0.999118	0.328979	
4	0.998777	0.000067	1.315002	-0.000067	0.998777	0.170105	
5	0.998280	0.000152	1.706482	-0.000152	0.998280	0.326477	
6	0.997871	0.000075	1.990967	-0.000075	0.997871	0.197021	
7	0.997530	0.000263	2.285828	-0.000263	0.997530	0.520203	
8	0.997213	-0.000162	2.831055	0.000162	0.997213	0.143555	
9	0.996743	0.000277	2.886536	-0.000277	0.996743	0.566956	
10	0.996591	0.000153	3.064575	-0.000153	0.996591	0.114502	
11	0.996681	0.000030	3.264893	-0.000030	0.996681	-0.035278	
12	0.996428	0.000410	3.414795	-0.000410	0.996428	0.333160	
13	0.993021	0.000042	7.099304	-0.000042	0.993021	0.232971	
14	0.996204	0.000182	4.064697	-0.000182	0.996204	-0.040466	
15	0.996082	0.000000	4.444153	-0.000000	0.996082	0.073547	
16	0.995778	-0.000003	4.575806	0.000003	0.995778	0.000916	
17	0.995908	0.000125	4.500305	-0.000125	0.995908	-0.054810	
18	0.991520	-0.000080	9.990356	0.000080	0.991520	0.609802	
19	0.995361	0.000281	5.020752	-0.000281	0.995361	0.949219	
20	0.995277	0.000170	5.288818	-0.000170	0.995277	1.210205	
21	0.995214	0.000309	5.274780	-0.000309	0.995214	1.729370	
22	0.995071	0.000194	5.643372	-0.000194	0.995071	1.928955	
23	0.990622	0.000416	11.600952	-0.000416	0.990622	3.003418	
24	0.995780	0.000479	5.022400	-0.000479	0.995780	2.557831	
25	0.995417	0.000415	5.702332	-0.000415	0.995417	2.441162	
26	0.995711	0.000200	5.520630	-0.000200	0.995711	2.164337	
27	0.995619	-0.000032	5.491638	0.000032	0.995619	2.340607	
28	0.991712	-0.000082	10.069885	0.000082	0.991712	4.053131	
29	0.995080	0.000098	5.655518	-0.000098	0.995080	2.959778	
30	0.995777	0.000005	5.201538	-0.000005	0.995777	2.165771	
31	0.995552	-0.000250	5.611328	0.000250	0.995552	2.617889	
32	0.995317	-0.000455	5.959473	0.000455	0.995317	2.284546	
33	0.989752	0.000016	12.537476	-0.000016	0.989752	6.293915	
34	0.995237	-0.000090	5.398315	0.000090	0.995237	2.718719	
35	0.995392	-0.000114	5.148804	0.000114	0.995392	2.282257	
36	0.995691	-0.000183	4.664551	0.000183	0.995691	2.101807	
37	0.995638	-0.000229	4.736938	0.000229	0.995638	2.419922	
38	0.991901	-0.000843	7.939270	0.000843	0.991901	4.470856	
39	0.995352	-0.000507	4.340759	0.000507	0.995352	2.497711	
40	0.996114	-0.000255	3.335754	0.000255	0.996114	1.903381	
41	0.995846	0.000139	3.253784	-0.000139	0.995846	2.793610	
42	0.995826	-0.000025	3.338989	0.000025	0.995826	2.363098	
43	0.992823	0.000082	5.737732	-0.000082	0.992823	4.695984	
44	0.995437	-0.000195	3.765808	0.000195	0.995437	2.560974	
45	0.995733	0.000235	3.539429	-0.000235	0.995733	2.820892	
46	0.995482	0.000063	3.992676	-0.000063	0.995482	2.885254	
47	0.995396	-0.000091	4.286865	0.000091	0.995396	2.648438	
48	0.991093	-0.000314	8.419006	0.000314	0.991093	4.878540	
49	0.995902	0.000289	3.732178	-0.000289	0.995902	2.468842	
50	0.996124	0.000157	3.530151	-0.000157	0.996124	2.178497	
51	0.995718	0.000161	4.126343	-0.000161	0.995718	3.111725	
52	0.995707	0.000057	4.500977	-0.000057	0.995707	2.979797	
53	0.992030	-0.000640	8.594910	0.000640	0.992030	4.387558	
54	0.996437	0.000202	3.521729	-0.000202	0.996437	2.585083	
55	0.996122	0.000126	3.807617	-0.000126	0.996122	2.629456	
56	0.996263	0.000119	3.687134	-0.000119	0.996263	2.538940	
57	0.996094	0.000019	3.974976	-0.000019	0.996094	2.399719	
58	0.992375	-0.000278	7.965149	0.000278	0.992375	3.769958	
59	0.996467	0.000069	3.536255	-0.000069	0.996467	2.009094	
60	0.996321	0.000036	3.793823	-0.000036	0.996321	2.137329	
61	0.996113	-0.000175	4.101562	0.000175	0.996113	1.854431	
62	0.996340	0.000136	3.769165	-0.000136	0.996340	1.991516	
63	0.992361	0.000158	7.794800	-0.000158	0.992361	4.855316	
64	0.996226	-0.000039	3.690430	0.000039	0.996226	2.260590	
65	0.995985	0.000351	3.711182	-0.000351	0.995985	2.767914	
66	0.996615	0.000039	3.140381	-0.000039	0.996615	1.990967	
67	0.996400	0.000194	3.464722	-0.000194	0.996400	2.387115	
68	0.994153	0.000037	5.365601	-0.000037	0.994153	4.065369	
69	0.996799	0.000097	2.801880	-0.000097	0.996799	2.372314	
70	0.996497	0.000248	3.138916	-0.000248	0.996497	2.490631	
71	0.996812	0.000150	2.733521	-0.000150	0.996812	2.355560	
72	0.996659	0.000154	2.949463	-0.000154	0.996659	2.390411	
73	0.996521	0.000421	3.231079	-0.000421	0.996521	2.906738	
74	0.991697	-0.000580	8.235168	0.000580	0.991697	5.493103	
75	0.996975	-0.000040	3.440796	0.000040	0.996975	2.527832	
76	0.996710	0.001099	3.274414	-0.001099	0.996710	4.274353	
77	0.996778	0.000158	3.129517	-0.000158	0.996778	2.560150	
78	0.997166	0.000299	2.977051	-0.000299	0.997166	2.562164	
79	0.994623	0.000312	5.273193	-0.000312	0.994623	4.797394	
80	0.997512	-0.000134	2.515625	0.000134	0.997512	2.279480	
81	0.997721	0.000254	2.258057	-0.000254	0.997721	2.736328	
82	0.997842	-0.000377	2.332947	0.000377	0.997842	1.542847	
83	0.998413	-0.000025	1.503418	0.000025	0.998413	1.797119	
84	0.996875	-0.000004	2.906250	0.000004	0.996875	3.082275	
85	0.998377	0.000082	1.391113	-0.000082	0.998377	1.872131	
86	0.998321	-0.000067	1.687378	0.000067	0.998321	1.810730	
87	0.998478	0.000021	1.321655	-0.000021	0.998478	2.102783	
88	0.997815	-0.001627	2.772156	0.001627	0.997815	1.336487	
89	0.997674	-0.000191	2.366577	0.000191	0.997674	2.992493	
90	0.998633	0.000042	1.404541	-0.000042	0.998633	2.048462	
91	0.998648	-0.000149	1.405640	0.000149	0.998648	2.335876	
92	0.998898	0.000004	0.982544	-0.000004	0.998898	2.309204	
93	0.998618	-0.000060	1.206238	0.000060	0.998618	2.336029	
94	0.998959	0.000019	0.508423	-0.000019	0.998959	3.046631	
95	0.999711	0.000062	-0.414062	-0.000062	0.999711	1.412720	
96	0.999444	0.000064	-0.170532	-0.000064	0.999444	1.513611	
97	0.999391	0.000133	-0.356445	-0.000133	0.999391	1.935059	
98	0.999316	0.000202	-0.293091	-0.000202	0.999316	2.034760	
99	0.998785	-0.000131	-1.148071	0.000131	0.998785	3.008423	
100	0.998996	-0.000670	-0.018738	0.000670	0.998996	1.578369	
101	0.999346	-0.000020	-0.769409	0.000020	0.999346	1.564789	
102	0.999193	0.000019	-0.399658	-0.000019	0.999193	1.959076	
103	0.999064	0.000177	-0.261475	-0.000177	0.999064	2.120667	
104	0.997854	0.000837	0.363037	-0.000837	0.997854	4.106995	
105	0.999645	0.000057	-0.320801	-0.000057	0.999645	1.196991	
106	0.999624	-0.000062	-0.171509	0.000062	0.999624	0.808441	
107	0.999883	-0.000167	-0.348511	0.000167	0.999883	0.144989	
108	1.000074	-0.000173	-0.301514	0.000173	1.000074	-0.264526	
109	1.000413	-0.000390	-0.765259	0.000390	1.000413	-1.544647	
110	1.000590	-0.000339	-0.525024	0.000339	1.000590	-1.951599	
111	1.001033	-0.000485	-0.800781	0.000485	1.001033	-2.574921	
112	1.001147	-0.000708	-0.756104	0.000708	1.001147	-3.256348	
113	1.001616	-0.000628	-1.344116	0.000628	1.001616	-3.776398	
114	0.996204	0.006332	4.646729	-0.006332	0.996204	-0.163204	
115	1.001974	-0.001574	-1.047729	0.001574	1.001974	-5.639801	
116	1.002183	-0.001503	-1.071045	0.001503	1.002183	-5.505341	
117	1.001787	-0.000439	-0.504883	0.000439	1.001787	-3.616913	
118	1.002480	-0.000157	-0.852661	0.000157	1.002480	-4.042084	
119	1.004776	-0.000853	-0.775757	0.000853	1.004776	-8.635132	
120	1.001930	0.000273	0.386353	-0.000273	1.001930	-3.166626	
121	1.002822	0.000087	-0.408203	-0.000087	1.002822	-4.240997	
122	1.002780	-0.001022	-0.158325	0.001022	1.002780	-5.089111	
123	1.003252	0.001354	-0.743042	-0.001354	1.003252	-2.391418	
124	1.004472	-0.000238	-0.081909	0.000238	1.004472	-5.873413	
125	1.002164	-0.000048	-0.282715	0.000048	1.002164	-2.844604	
126	1.002951	-0.000811	-0.900391	0.000811	1.002951	-4.879791	
127	1.002671	-0.000906	-0.677124	0.000906	1.002671	-4.035522	
128	1.002239	-0.000333	-0.488525	0.000333	1.002239	-2.957062	
129	1.005044	-0.001142	-1.985962	0.001142	1.005044	-6.666016	
130	1.009326	-0.000141	-14.160278	0.000141	1.009326	-7.558960	
131	1.002808	-0.000868	-1.292725	0.000868	1.002808	-4.014191	
132	1.002678	-0.000631	-1.182617	0.000631	1.002678	-3.472198	
133	1.002720	-0.001321	-1.025024	0.001321	1.002720	-4.479858	
134	1.004861	-0.000529	-2.354858	0.000529	1.004861	-5.141357	
135	1.002937	-0.000429	-1.630432	0.000429	1.002937	-2.911987	
136	1.002695	-0.000046	-1.501221	0.000046	1.002695	-2.923615	
137	1.002103	-0.000514	-0.614502	0.000514	1.002103	-3.649384	
138	1.001649	0.001131	-0.469666	-0.001131	1.001649	-2.390320	
139	1.007134	0.000930	-4.992554	-0.000930	1.007134	-4.972717	
140	1.003409	-0.000463	-2.108887	0.000463	1.003409	-3.109497	
141	1.003187	-0.000454	-1.986938	0.000454	1.003187	-3.005707	
142	1.003164	-0.000345	-1.930786	0.000345	1.003164	-3.279877	
143	1.003589	-0.000574	-2.422729	0.000574	1.003589	-3.709045	
144	1.010305	0.001332	-8.096802	-0.001332	1.010305	-4.891647	
145	1.003159	-0.000201	-2.218994	0.000201	1.003159	-2.753632	
146	1.003289	-0.000123	-2.406006	0.000123	1.003289	-2.784607	
147	1.003552	0.000027	-2.603149	-0.000027	1.003552	-2.555695	
148	1.003164	-0.000433	-2.152588	0.000433	1.003164	-2.779480	
149	1.006596	-0.000337	-4.106445	0.000337	1.006596	-4.228424	
150	1.003184	-0.000679	-2.023193	0.000679	1.003184	-2.992798	
151	1.003181	-0.000904	-1.859985	0.000904	1.003181	-3.344238	
152	1.003124	-0.000561	-1.996094	0.000561	1.003124	-2.645355	
153	1.003080	-0.000472	-1.785889	0.000472	1.003080	-2.586945	
154	1.006322	-0.000237	-3.525269	0.000237	1.006322	-4.455109	
155	1.003384	-0.000300	-2.044800	0.000300	1.003384	-2.922913	
156	1.003777	0.000698	-2.762390	-0.000698	1.003777	-1.448975	
157	1.003314	-0.000165	-2.187256	0.000165	1.003314	-1.977417	
158	1.003703	-0.000201	-2.494324	0.000201	1.003703	-2.009735	
159	1.006766	-0.000375	-4.142273	0.000375	1.006766	-4.072266	
160	1.003028	0.000132	-1.820496	-0.000132	1.003028	-1.372284	
161	1.003652	-0.000275	-2.552979	0.000275	1.003652	-2.115906	
162	1.002830	0.000254	-2.297241	-0.000254	1.002830	-0.990540	
163	1.003531	-0.000661	-2.818359	0.000661	1.003531	-2.384644	
164	1.006595	-0.000724	-6.422852	0.000724	1.006595	-4.141602	
165	1.002099	-0.000569	-2.633545	0.000569	1.002099	-2.205750	
166	1.002579	-0.000662	-3.633789	0.000662	1.002579	-2.547089	
167	1.002125	-0.000803	-3.470459	0.000803	1.002125	-2.220917	
168	1.002071	-0.000789	-3.851318	0.000789	1.002071	-2.444458	
169	1.004958	-0.001725	-8.914917	0.001725	1.004958	-4.295654	
170	1.002065	-0.000816	-4.033447	0.000816	1.002065	-2.449478	
171	1.002213	-0.000949	-3.993774	0.000949	1.002213	-2.613297	
172	1.002032	-0.000904	-3.604980	0.000904	1.002032	-2.768097	
173	1.002211	-0.000596	-3.581665	0.000596	1.002211	-1.888718	
174	1.003968	-0.000737	-5.339844	0.000737	1.003968	-3.276810	
175	1.002138	-0.000492	-2.775024	0.000492	1.002138	-2.109222	
176	1.002591	-0.000341	-3.558960	0.000341	1.002591	-2.397873	
177	1.002533	-0.000457	-3.729614	0.000457	1.002533	-2.065216	
178	1.002203	-0.000754	-3.285645	0.000754	1.002203	-1.952728	
179	1.004454	-0.001336	-6.947632	0.001336	1.004454	-4.236679	
180	1.002602	-0.000282	-4.355713	0.000282	1.002602	-1.745834	
181	1.002587	-0.000181	-4.440063	0.000181	1.002587	-1.545319	
182	1.002561	-0.000198	-4.464844	0.000198	1.002561	-1.471893	
183	1.002720	0.000036	-4.570190	-0.000036	1.002720	-1.193512	
184	1.005637	-0.000441	-9.306335	0.000441	1.005637	-2.791565	
185	1.002306	0.000134	-4.550537	-0.000134	1.002306	-0.666077	
186	1.002220	-0.000199	-4.261475	0.000199	1.002220	-1.066528	
187	1.002554	-0.000109	-4.720215	0.000109	1.002554	-1.019897	
188	1.002585	-0.000156	-4.557129	0.000156	1.002585	-0.977234	
189	1.004870	-0.000176	-8.485962	0.000176	1.004870	-2.086670	
190	1.002427	-0.000381	-4.507568	0.000381	1.002427	-1.379822	
191	1.002469	-0.000311	-4.807007	0.000311	1.002469	-1.783722	
192	1.002696	-0.000225	-4.778076	0.000225	1.002696	-1.611938	
193	1.002404	-0.000330	-4.701294	0.000330	1.002404	-1.916077	
194	1.002462	0.000111	-7.445801	-0.000111	1.002462	-1.089050	
195	1.002458	-0.000289	-5.485107	0.000289	1.002458	-1.385986	
196	1.002089	0.000493	-5.604736	-0.000493	1.002089	-0.214111	
197	1.002976	-0.000162	-5.884155	0.000162	1.002976	-1.319153	
198	1.002070	-0.000505	-5.214600	0.000505	1.002070	-1.852905	
199	1.006657	-0.000768	-12.148254	0.000768	1.006657	-3.826233	
200	1.002955	-0.000208	-6.127319	0.000208	1.002955	-1.278442	
201	1.003107	-0.000383	-5.839294	0.000383	1.003107	-1.518280	
202	1.002233	-0.000376	-5.059631	0.000376	1.002233	-0.823578	
203	1.002365	-0.000505	-4.521973	0.000505	1.002365	-1.025574	
204	1.002841	0.000974	-6.827148	-0.000974	1.002841	1.081604	
205	1.001721	-0.000013	-2.563354	0.000013	1.001721	-0.228455	
206	1.001324	-0.000210	-2.169434	0.000210	1.001324	-0.494202	
207	1.001572	0.000017	-2.120911	-0.000017	1.001572	-0.206970	
208	1.000800	0.000079	-0.975708	-0.000079	1.000800	0.112549	
209	1.002919	-0.000306	-2.646851	0.000306	1.002919	-0.382050	
210	1.001220	0.000005	-0.973755	-0.000005	1.001220	0.078064	
211	1.001201	-0.000013	-0.862915	0.000013	1.001201	0.120300	
212	1.001003	-0.000082	-0.509766	0.000082	1.001003	0.185913	
213	1.000914	-0.000052	-0.488037	0.000052	1.000914	0.366821	
214	1.001934	-0.000485	-1.293823	0.000485	1.001934	-0.207825	
215	1.000677	0.000025	-0.486938	-0.000025	1.000677	0.230957	
216	1.000621	-0.000080	-0.266357	0.000080	1.000621	-0.049011	
217	1.000479	-0.000025	-0.257202	0.000025	1.000479	-0.373596	
218	1.000337	0.000031	-0.227661	-0.000031	1.000337	-0.319397	
219	1.000064	0.000040	-0.096436	-0.000040	1.000064	-0.772949	
220	0.999654	-0.000028	0.080994	0.000028	0.999654	-0.672119	
221	0.999703	0.000188	-0.078125	-0.000188	0.999703	-0.450989	
222	0.999535	0.000036	0.154053	-0.000036	0.999535	-0.512573	
223	0.999384	0.000211	0.199219	-0.000211	0.999384	-0.304749	
224	0.999232	0.001664	-1.450317	-0.001664	0.999232	1.450928	
225	0.998590	0.000159	1.013550	-0.000159	0.998590	0.124634	
226	0.998684	-0.000767	1.836853	0.000767	0.998684	-0.345825	
227	0.998314	0.000298	1.294189	-0.000298	0.998314	0.658630	
228	0.998149	0.000031	2.038208	-0.000031	0.998149	0.494507	
229	0.996777	0.000168	3.644409	-0.000168	0.996777	1.827698	
230	0.997304	-0.000037	3.137146	0.000037	0.997304	1.362366	
231	0.997006	0.000869	3.056885	-0.000869	0.997006	2.480469	
232	0.997632	-0.000145	3.920837	0.000145	0.997632	1.246155	
233	0.997091	0.000288	3.410034	-0.000288	0.997091	2.009644	
234	0.994429	0.000107	7.487915	-0.000107	0.994429	4.543335	
235	0.996308	0.000417	4.133118	-0.000417	0.996308	2.886536	
236	0.996757	0.000619	4.242188	-0.000619	0.996757	3.018402	
237	0.996688	0.000623	4.551880	-0.000623	0.996688	2.732513	
238	0.997073	0.000525	4.551697	-0.000525	0.997073	3.016968	
239	0.997051	0.000406	4.333801	-0.000406	0.997051	3.079926	
240	0.993624	0.000715	8.664734	-0.000715	0.993624	6.842651	
241	0.996875	0.000040	4.192993	-0.000040	0.996875	3.069183	
242	0.997507	0.000404	3.318237	-0.000404	0.997507	3.113617	
243	0.997192	0.000123	3.214783	-0.000123	0.997192	3.224579	
244	0.997233	0.000883	2.854858	-0.000883	0.997233	4.422272	
245	0.993600	-0.000404	6.839905	0.000404	0.993600	7.189667	
246	0.997116	-0.000046	3.231995	0.000046	0.997116	3.102295	
247	0.997579	0.000137	2.339539	-0.000137	0.997579	3.015381	
248	0.997439	0.000267	2.075867	-0.000267	0.997439	3.096436	
249	0.997254	0.000187	2.265686	-0.000187	0.997254	3.246490	
250	0.993075	-0.000234	5.999329	0.000234	0.993075	7.161011	
251	0.996924	0.000033	2.616821	-0.000033	0.996924	3.897095	
252	0.996885	-0.000042	2.624695	0.000042	0.996885	3.659485	
253	0.996857	-0.000004	2.776184	0.000004	0.996857	3.615479	
254	0.996618	0.000376	2.760864	-0.000376	0.996618	4.529053	
255	0.991944	-0.000866	6.932190	0.000866	0.991944	7.580841	
256	0.996444	0.000073	3.196167	-0.000073	0.996444	4.822083	
257	0.994798	-0.000525	4.687683	0.000525	0.994798	5.793823	
258	0.997055	-0.000011	2.407043	0.000011	0.997055	3.491577	
259	0.996983	0.000060	2.309631	-0.000060	0.996983	3.524780	
260	0.990452	-0.000122	6.457275	0.000122	0.990452	9.496033	
261	0.995383	0.000006	3.050903	-0.000006	0.995383	4.626282	
262	0.996166	-0.000161	2.697327	0.000161	0.996166	4.189697	
263	0.996357	-0.000115	2.555298	0.000115	0.996357	4.142273	
264	0.996223	-0.000201	2.654907	0.000201	0.996223	4.137390	
265	0.995018	0.000169	3.305908	-0.000169	0.995018	6.049194	
266	0.996099	0.000031	2.505737	-0.000031	0.996099	4.187042	
267	0.995878	-0.000096	2.687805	0.000096	0.995878	4.229492	
268	0.996454	0.000101	2.369141	-0.000101	0.996454	3.790833	
269	0.996934	0.000135	2.166931	-0.000135	0.996934	3.392090	
270	0.992282	-0.000481	5.768372	0.000481	0.992282	7.005859	
271	0.995735	-0.000181	3.330017	0.000181	0.995735	3.971375	
272	0.996056	-0.000088	3.621460	0.000088	0.996056	3.821533	
273	0.995835	0.000351	4.340210	-0.000351	0.995835	4.381256	
274	0.997104	0.000079	3.724121	-0.000079	0.997104	3.067749	
275	0.990954	-0.000888	9.913879	0.000888	0.990954	7.798889	
276	0.996635	-0.000028	4.167603	0.000028	0.996635	3.686371	
277	0.997172	0.000081	3.556702	-0.000081	0.997172	3.498901	
278	0.996747	0.000335	3.907104	-0.000335	0.996747	4.692810	
279	0.996092	-0.000684	4.279236	0.000684	0.996092	3.707855	
280	0.993449	-0.001107	7.447205	0.001107	0.993449	6.792053	
281	0.996978	0.000373	3.770630	-0.000373	0.996978	4.543503	
282	0.996929	-0.000351	3.958313	0.000351	0.996929	3.505066	
283	0.997330	-0.000449	3.639648	0.000449	0.997330	2.530914	
284	0.999112	0.000098	1.845947	-0.000098	0.999112	1.098511	
285	0.997070	0.000002	4.887817	-0.000002	0.997070	3.630920	
286	0.998354	-0.000121	2.770386	0.000121	0.998354	1.825409	
287	0.998816	0.000059	2.150024	-0.000059	0.998816	1.550964	
288	0.998928	0.000031	2.028076	-0.000031	0.998928	1.379150	
289	0.998857	-0.000104	2.118286	0.000104	0.998857	1.272583	
290	0.998221	-0.000103	3.069946	0.000103	0.998221	1.798462	
291	0.998797	-0.000217	1.826660	0.000217	0.998797	0.280823	
292	0.999172	0.000087	1.086426	-0.000087	0.999172	0.126160	
293	0.999150	0.000044	1.163574	-0.000044	0.999150	-0.003845	
294	0.999630	-0.000120	0.593750	0.000120	0.999630	-0.884155	
295	1.000159	-0.000404	0.396729	0.000404	1.000159	-2.581146	
296	1.000759	-0.000515	-0.420776	0.000515	1.000759	-2.849976	
297	1.001637	-0.000218	-1.340942	0.000218	1.001637	-2.879944	
298	1.001645	-0.000153	-1.541504	0.000153	1.001645	-2.795166	
299	1.002582	-0.000250	-2.205200	0.000250	1.002582	-3.835083	
300	1.003840	-0.000317	-3.215637	0.000317	1.003840	-5.555481	
301	1.004464	0.000436	-3.695618	-0.000436	1.004464	-4.119324	
302	1.004193	0.000200	-3.279663	-0.000200	1.004193	-3.948730	
303	1.004366	0.000077	-3.416565	-0.000077	1.004366	-4.270081	
304	1.004882	0.000237	-3.965332	-0.000237	1.004882	-4.504913	
305	1.009837	0.000023	-8.568298	-0.000023	1.009837	-9.738159	
306	1.005059	0.000045	-4.237488	-0.000045	1.005059	-4.956543	
307	1.006168	-0.000115	-5.212158	0.000115	1.006168	-5.252533	
308	1.005364	0.000407	-3.607239	-0.000407	1.005364	-3.781494	
309	1.005748	-0.000325	-3.488770	0.000325	1.005748	-4.577606	
310	1.007562	-0.001750	0.850220	0.001750	1.007562	-6.339905	
311	1.004884	0.000024	-0.391907	-0.000024	1.004884	-3.480225	
312	1.004588	-0.000025	0.265320	0.000025	1.004588	-3.075928	
313	1.004339	0.000152	0.921509	-0.000152	1.004339	-2.688843	
314	1.005531	0.000125	-0.060669	-0.000125	1.005531	-3.520081	
315	1.009907	0.000807	0.474060	-0.000807	1.009907	-6.485779	
316	1.005094	0.000190	-0.313049	-0.000190	1.005094	-3.016541	
317	1.005101	-0.000184	-0.161072	0.000184	1.005101	-2.849487	
318	1.006024	-0.000294	-0.564209	0.000294	1.006024	-3.488647	
319	1.004700	-0.000248	-0.481262	0.000248	1.004700	-2.517151	
320	1.007875	-0.000079	-2.920898	0.000079	1.007875	-4.917419	
321	1.005940	-0.000088	-3.758606	0.000088	1.005940	-3.242310	
322	1.004327	-0.000094	-2.906128	0.000094	1.004327	-2.049744	
323	1.004195	-0.000241	-2.866516	0.000241	1.004195	-2.368774	
324	1.004661	-0.000062	-3.668945	0.000062	1.004661	-2.512085	
325	1.008823	-0.000058	-7.296936	0.000058	1.008823	-5.654419	
326	1.004509	0.000014	-4.109924	-0.000014	1.004509	-2.729126	
327	1.004810	-0.000132	-4.460693	0.000132	1.004810	-3.174713	
328	1.004566	0.000003	-4.103394	-0.000003	1.004566	-2.847534	
329	1.004600	-0.000118	-4.476929	0.000118	1.004600	-3.075439	
330	1.008247	0.000129	-8.681152	-0.000129	1.008247	-5.626953	
331	1.005072	0.000453	-5.716248	-0.000453	1.005072	-2.940369	
332	1.006006	0.000463	-6.644592	-0.000463	1.006006	-3.440857	
333	1.005994	-0.000177	-6.830811	0.000177	1.005994	-3.507721	
334	1.004924	0.000318	-6.310364	-0.000318	1.004924	-2.741882	
335	1.010384	0.000536	-13.649292	-0.000536	1.010384	-6.021790	
336	1.005278	0.000368	-7.381104	-0.000368	1.005278	-3.011475	
337	1.004751	0.000139	-6.623657	-0.000139	1.004751	-2.731873	
338	1.004588	0.000204	-6.160522	-0.000204	1.004588	-2.430298	
339	1.004989	0.000061	-6.130676	-0.000061	1.004989	-2.802368	
340	1.010160	0.000720	-11.315613	-0.000720	1.010160	-5.883972	
341	1.005253	-0.000101	-5.494873	0.000101	1.005253	-3.297913	
342	1.005083	0.000007	-4.917114	-0.000007	1.005083	-2.846558	
343	1.005058	-0.000027	-4.594971	0.000027	1.005058	-2.988831	
344	1.005613	0.000175	-4.677429	-0.000175	1.005613	-3.311401	
345	1.013710	0.003601	-12.979187	-0.003601	1.013710	-7.130005	
346	1.004366	0.000208	-3.812744	-0.000208	1.004366	-1.728333	
347	1.005065	-0.000234	-3.779785	0.000234	1.005065	-2.926086	
348	1.005370	-0.000353	-3.984070	0.000353	1.005370	-2.949768	
349	1.005487	-0.000401	-4.651978	0.000401	1.005487	-3.022339	
350	1.008210	0.000343	-9.764893	-0.000343	1.008210	-3.863159	
351	1.004205	0.000157	-5.150574	-0.000157	1.004205	-1.788147	
352	1.003985	-0.000013	-4.784851	0.000013	1.003985	-1.597961	
353	1.003879	-0.000013	-4.916077	0.000013	1.003879	-1.818237	
354	1.003633	-0.000084	-4.975769	0.000084	1.003633	-1.804199	
355	1.007152	-0.000094	-10.458923	0.000094	1.007152	-3.185791	
356	1.003663	-0.000164	-5.469360	0.000164	1.003663	-1.973389	
357	1.003536	-0.000129	-5.816223	0.000129	1.003536	-1.921692	
358	1.003269	-0.000065	-5.704102	0.000065	1.003269	-1.516418	
359	1.002966	-0.000148	-5.475342	0.000148	1.002966	-1.188049	
360	1.004324	-0.000060	-10.663147	0.000060	1.004324	-1.423035	
361	1.001977	0.000031	-4.873474	-0.000031	1.001977	-0.594757	
362	1.001724	0.000038	-4.296204	-0.000038	1.001724	-0.719635	
363	1.001636	0.000169	-3.965942	-0.000169	1.001636	-0.216858	
364	1.000151	0.000161	-1.647095	-0.000161	1.000151	0.469421	
365	1.001581	0.000331	-3.687439	-0.000331	1.001581	-1.158264	
366	1.000305	0.000029	-0.769531	-0.000029	1.000305	-0.773926	
367	1.000119	0.000073	-0.167847	-0.000073	1.000119	-1.109802	
368	0.999965	0.000177	0.098999	-0.000177	0.999965	-0.669434	
369	0.999614	0.000083	0.714111	-0.000083	0.999614	-0.324341	
370	0.998034	0.000110	2.673218	-0.000110	0.998034	0.084412	
371	0.998655	-0.000010	1.704834	0.000010	0.998655	0.068298	
372	0.998231	0.000174	1.946777	-0.000174	0.998231	0.586670	
373	0.998122	0.000062	2.024780	-0.000062	0.998122	0.489502	
374	0.997981	0.000230	1.899048	-0.000230	0.997981	0.357727	
375	0.995245	0.000210	4.469360	-0.000210	0.995245	0.366394	
376	0.997468	0.000073	2.228638	-0.000073	0.997468	-0.297150	
377	0.997629	0.000288	1.937988	-0.000288	0.997629	0.009247	
378	0.997131	-0.000118	2.792603	0.000118	0.997131	-0.068390	
379	0.997047	-0.000054	2.694092	0.000054	0.997047	-0.198181	
380	0.992718	-0.000057	6.756836	0.000057	0.992718	0.542435	
381	0.996606	0.000291	2.783447	-0.000291	0.996606	1.097351	
382	0.996870	-0.000021	2.673950	0.000021	0.996870	0.647278	
383	0.996870	-0.000021	2.673950	0.000021	0.996870	0.647278	
384	0.996109	0.000294	3.077271	-0.000294	0.996109	1.192017	
385	0.992156	0.000681	5.857178	-0.000681	0.992156	3.025909	
386	0.995707	0.000375	3.346252	-0.000375	0.995707	1.708191	
387	0.995375	0.000533	3.618774	-0.000533	0.995375	2.188171	
388	0.994971	0.000356	4.671448	-0.000356	0.994971	2.123016	
389	0.995331	0.000292	4.628906	-0.000292	0.995331	1.904541	
390	0.991825	0.000636	8.166260	-0.000636	0.991825	3.800720	
391	0.995530	0.000400	4.516479	-0.000400	0.995530	2.604828	
392	0.995365	0.000463	4.931641	-0.000463	0.995365	2.718445	
393	0.995813	0.000277	5.067627	-0.000277	0.995813	2.415833	
394	0.995256	0.000454	5.470337	-0.000454	0.995256	3.026489	
395	0.991200	0.000501	10.377319	-0.000501	0.991200	5.474884	
396	0.995156	0.000199	5.596191	-0.000199	0.995156	2.824219	
397	0.994960	0.000266	5.799927	-0.000266	0.994960	2.665009	
398	0.995497	0.000039	5.261597	-0.000039	0.995497	2.121216	
399	0.995598	0.000082	4.724243	-0.000082	0.995598	2.382263	
400	0.987852	0.000455	12.934570	-0.000455	0.987852	6.096085	
401	0.995198	-0.000079	4.945923	0.000079	0.995198	2.223450	
402	0.995143	0.000158	4.613525	-0.000158	0.995143	2.570374	
403	0.995201	0.000001	4.511353	-0.000001	0.995201	2.493256	
404	0.995448	0.000027	3.768311	-0.000027	0.995448	2.380615	
405	0.995597	-0.000134	3.535461	0.000134	0.995597	2.193268	
406	0.992339	0.000257	6.260071	-0.000257	0.992339	3.883118	
407	0.995239	0.000195	3.803284	-0.000195	0.995239	2.756561	
408	0.995236	0.000230	3.931519	-0.000230	0.995236	2.942047	
409	0.994797	0.000247	4.304138	-0.000247	0.994797	3.035156	
410	0.995457	0.000390	3.843384	-0.000390	0.995457	2.668427	
411	0.990052	0.001353	8.773865	-0.001353	0.990052	7.219482	
412	0.994797	0.000374	5.779358	-0.000374	0.994797	3.111664	
413	0.995396	0.000184	5.399658	-0.000184	0.995396	2.927216	
414	0.995523	0.000404	5.207764	-0.000404	0.995523	3.169464	
415	0.995279	0.000310	5.307739	-0.000310	0.995279	2.994263	
416	0.990962	-0.000014	11.288513	0.000014	0.990962	5.854172	
417	0.995733	0.000130	5.779907	-0.000130	0.995733	3.201569	
418	0.995228	0.000077	6.372925	-0.000077	0.995228	3.322327	
419	0.995532	0.000164	5.726929	-0.000164	0.995532	3.209747	
420	0.995250	0.000057	6.121094	-0.000057	0.995250	3.209564	
421	0.991091	0.000756	11.154541	-0.000756	0.991091	6.499237	
422	0.995769	0.000198	5.356567	-0.000198	0.995769	3.036530	
423	0.995675	0.000143	4.781250	-0.000143	0.995675	3.126373	
424	0.995631	0.000198	4.913696	-0.000198	0.995631	3.389038	
425	0.995547	0.000186	4.712402	-0.000186	0.995547	3.632202	
426	0.992416	0.001195	7.102661	-0.001195	0.992416	7.907089	
427	0.995925	0.000182	3.469360	-0.000182	0.995925	3.585007	
428	0.996358	0.000038	2.865601	-0.000038	0.996358	3.066101	
429	0.996353	0.000171	2.826660	-0.000171	0.996353	3.364655	
430	0.996445	0.000080	2.806519	-0.000080	0.996445	3.041412	
431	0.992625	-0.000157	5.554749	0.000157	0.992625	6.373352	
432	0.996043	-0.000092	3.096436	0.000092	0.996043	3.444458	
433	0.995556	-0.000095	3.513245	0.000095	0.995556	3.951904	
434	0.995830	0.000057	3.364502	-0.000057	0.995830	3.764130	
435	0.996433	0.000069	2.878296	-0.000069	0.996433	3.462067	
436	0.992174	-0.000449	5.927917	0.000449	0.992174	6.961975	
437	0.996544	0.000048	2.538574	-0.000048	0.996544	3.670319	
438	0.996468	0.000048	2.668762	-0.000048	0.996468	3.747467	
439	0.996405	-0.000134	2.708679	0.000134	0.996405	3.696259	
440	0.996884	-0.000213	2.481812	0.000213	0.996884	3.148438	
441	0.994266	0.001332	4.308716	-0.001332	0.994266	8.376801	
442	0.997525	-0.000088	1.842896	0.000088	0.997525	2.686035	
443	0.997628	-0.000378	1.747925	0.000378	0.997628	2.380981	
444	0.998185	-0.000152	1.265259	0.000152	0.998185	2.124146	
445	0.998124	0.000064	1.329468	-0.000064	0.998124	2.604156	
446	0.997526	0.000007	1.471924	-0.000007	0.997526	3.029541	
447	0.998473	0.000122	1.053101	-0.000122	0.998473	2.175537	
448	0.998699	-0.000110	0.981079	0.000110	0.998699	1.241028	
449	0.999265	-0.000087	0.355347	0.000087	0.999265	0.623627	
450	0.999644	-0.000085	-0.042236	0.000085	0.999644	0.217438	
451	0.999929	-0.000241	-0.705811	0.000241	0.999929	-1.106995	
452	1.000449	-0.000150	-0.894043	0.000150	1.000449	-1.434082	
453	1.000851	-0.000106	-1.289185	0.000106	1.000851	-1.879852	
454	1.001553	0.000104	-2.085449	-0.000104	1.001553	-2.414368	
455	1.002068	0.000300	-2.797424	-0.000300	1.002068	-2.750275	
456	1.004450	0.000834	-6.252319	-0.000834	1.004450	-5.228271	
457	1.001956	-0.000278	-3.059326	0.000278	1.001956	-3.305603	
458	1.001624	-0.000056	-2.713501	0.000056	1.001624	-2.658691	
459	1.003237	0.000440	-3.863953	-0.000440	1.003237	-3.504547	
460	1.002832	-0.000042	-3.334717	0.000042	1.002832	-3.715332	
461	1.008069	0.000956	-8.514648	-0.000956	1.008069	-7.729492	
462	1.003079	-0.000261	-3.223022	0.000261	1.003079	-3.782074	
463	1.004157	-0.000023	-4.217102	0.000023	1.004157	-4.347900	
464	1.004143	0.000121	-4.265747	-0.000121	1.004143	-4.058563	
465	1.003480	-0.000107	-3.860168	0.000107	1.003480	-3.517212	
466	1.009120	-0.000014	-9.303589	0.000014	1.009120	-7.642395	
467	1.004594	0.000157	-5.203735	-0.000157	1.004594	-3.512390	
468	1.003420	-0.000264	-4.324219	0.000264	1.003420	-3.290100	
469	1.004426	0.000074	-5.177185	-0.000074	1.004426	-3.454712	
470	1.004115	-0.000038	-4.814148	0.000038	1.004115	-3.402649	
471	1.006613	0.000166	-7.407959	-0.000166	1.006613	-5.674072	
472	1.004694	0.000111	-4.812439	-0.000111	1.004694	-3.731689	
473	1.004689	0.000434	-4.393127	-0.000434	1.004689	-3.098938	
474	1.003916	-0.000227	-3.229614	0.000227	1.003916	-2.735291	
475	1.004642	-0.000146	-3.791138	0.000146	1.004642	-3.462158	
476	1.009825	0.000935	-8.875549	-0.000935	1.009825	-6.107483	
477	1.005071	-0.000192	-4.764526	0.000192	1.005071	-3.796692	
478	1.004971	-0.000017	-4.641235	0.000017	1.004971	-3.703308	
479	1.005239	0.000003	-5.059143	-0.000003	1.005239	-3.871002	
480	1.005455	0.000572	-5.174438	-0.000572	1.005455	-3.336060	
481	1.008082	-0.000157	-6.871216	0.000157	1.008082	-4.656006	
482	1.004578	-0.000060	-3.647766	0.000060	1.004578	-2.586060	
483	1.004777	-0.000015	-3.773560	0.000015	1.004777	-2.742737	
484	1.004781	0.000040	-3.603821	-0.000040	1.004781	-3.001892	
485	1.004607	-0.000029	-3.358337	0.000029	1.004607	-2.953674	
486	1.008113	-0.000055	-5.210266	0.000055	1.008113	-4.456238	
487	1.004973	0.000065	-3.112732	-0.000065	1.004973	-2.975891	
488	1.005731	-0.000061	-3.868042	0.000061	1.005731	-3.249451	
489	1.005343	0.000090	-3.899597	-0.000090	1.005343	-2.463074	
490	1.006938	-0.002740	-2.530151	0.002740	1.006938	-5.457092	
491	1.010408	-0.000211	-7.331787	0.000211	1.010408	-5.995300	
492	1.005984	0.000184	-4.826111	-0.000184	1.005984	-3.032532	
493	1.004439	0.000074	-3.547729	-0.000074	1.004439	-1.356750	
494	1.004761	-0.000008	-3.973511	0.000008	1.004761	-2.117737	
495	1.005000	-0.000007	-3.977600	0.000007	1.005000	-2.224487	
496	1.010182	-0.000138	-8.100159	0.000138	1.010182	-5.475830	
497	1.005527	0.000332	-4.647278	-0.000332	1.005527	-2.807861	
498	1.005213	0.000025	-4.474487	-0.000025	1.005213	-2.796082	
499	1.005618	0.000564	-4.794556	-0.000564	1.005618	-2.604004	
500	1.005624	-0.000064	-4.410400	0.000064	1.005624	-3.269958	
501	1.016330	-0.003887	-8.788391	0.003887	1.016330	-11.839661	
502	0.995474	0.002190	-1.474731	-0.002190	0.995474	5.742737	
503	1.008090	-0.002280	-4.468750	0.002280	1.008090	-6.127014	
504	1.007802	-0.002106	-4.324158	0.002106	1.007802	-5.558716	
505	1.006947	-0.000857	-5.037170	0.000857	1.006947	-4.432922	
506	1.004361	0.001715	-7.869690	-0.001715	1.004361	1.146606	
507	1.004785	0.000031	-4.363953	-0.000031	1.004785	-1.593628	
508	1.006140	-0.000027	-5.075012	0.000027	1.006140	-2.725403	
509	1.004767	-0.000190	-4.084961	0.000190	1.004767	-2.176025	
510	1.004303	0.000163	-4.218506	-0.000163	1.004303	-1.374451	
511	1.008893	-0.000088	-8.177734	0.000088	1.008893	-3.506104	
512	1.004816	-0.000117	-4.089172	0.000117	1.004816	-2.141174	
513	1.004488	0.000118	-4.072021	-0.000118	1.004488	-1.854309	
514	1.005538	-0.000274	-4.445190	0.000274	1.005538	-3.422791	
515	1.004879	0.000101	-4.461975	-0.000101	1.004879	-2.092407	
516	1.008858	-0.000188	-7.750061	0.000188	1.008858	-3.441650	
517	1.004471	0.000016	-4.112366	-0.000016	1.004471	-1.994141	
518	1.004643	-0.000049	-4.128113	0.000049	1.004643	-2.211243	
519	1.004760	0.000056	-4.566406	-0.000056	1.004760	-2.372742	
520	1.004562	0.000194	-4.772339	-0.000194	1.004562	-1.001160	
521	1.009214	-0.007308	-3.911652	0.007308	1.009214	-6.222656	
522	1.004002	0.000127	-4.825745	-0.000127	1.004002	-0.879700	
523	1.003959	0.000129	-4.901062	-0.000129	1.003959	-0.989014	
524	1.003897	0.000066	-4.955872	-0.000066	1.003897	-0.934631	
525	1.003480	0.000145	-4.512573	-0.000145	1.003480	-0.605408	
526	1.006240	0.000117	-8.379517	-0.000117	1.006240	-1.141174	
527	1.003179	-0.000231	-3.961487	0.000231	1.003179	-1.154663	
528	1.002783	0.000015	-3.921631	-0.000015	1.002783	-0.597961	
529	1.002534	-0.000214	-3.387268	0.000214	1.002534	-0.651306	
530	1.002907	-0.000193	-3.794434	0.000193	1.002907	-1.070923	
531	1.004467	0.000022	-6.306885	-0.000022	1.004467	-1.087402	
532	1.002124	0.000102	-2.606689	-0.000102	1.002124	-0.553162	
533	1.002246	0.000000	-2.394836	-0.000000	1.002246	-0.744507	
534	1.001896	-0.000025	-2.064819	0.000025	1.001896	-0.431641	
535	1.001763	0.000011	-1.875183	-0.000011	1.001763	-0.430725	
536	1.001763	0.000011	-1.875183	-0.000011	1.001763	-0.430725	
537	1.001134	-0.000039	-0.977661	0.000039	1.001134	-0.709961	
538	1.000944	-0.000118	-0.669678	0.000118	1.000944	-0.762512	
539	1.000809	-0.000228	-0.526489	0.000228	1.000809	-0.917969	
540	1.000508	-0.000222	-0.105469	0.000222	1.000508	-1.101013	
541	1.000710	-0.000031	-0.717224	0.000031	1.000710	-1.986877	
542	1.000049	0.000112	-0.197144	-0.000112	1.000049	-0.479248	
543	0.999797	-0.000151	0.308472	0.000151	0.999797	-0.799561	
544	0.999681	0.000013	0.389282	-0.000013	0.999681	-0.807434	
545	0.998981	-0.003384	3.533325	0.003384	0.998981	-2.761536	
546	0.998505	-0.000140	1.736206	0.000140	0.998505	-1.641785	
547	0.999203	0.002941	-1.502808	-0.002941	0.999203	4.114136	
548	0.999579	0.000214	1.014191	-0.000214	0.999579	-1.046326	
549	0.998611	-0.000152	1.434692	0.000152	0.998611	-0.731812	
550	0.998104	0.000111	2.095215	-0.000111	0.998104	0.179688	
551	0.995508	-0.000173	5.631226	0.000173	0.995508	0.330505	
552	0.997232	0.000069	3.508179	-0.000069	0.997232	0.891418	
553	0.997726	-0.000347	2.778442	0.000347	0.997726	-0.118103	
554	0.996664	0.000141	4.256836	-0.000141	0.996664	1.298950	
555	0.995095	0.002701	4.880005	-0.002701	0.995095	6.585144	
556	0.993496	0.000099	9.340576	-0.000099	0.993496	2.283997	
557	0.996499	-0.000230	4.995850	0.000230	0.996499	0.831787	
558	0.997411	-0.001137	4.417847	0.001137	0.997411	-1.148132	
559	0.997411	-0.001137	4.417847	0.001137	0.997411	-1.148132	
560	0.995218	0.000047	6.824585	-0.000047	0.995218	1.690979	
561	0.995218	0.000047	6.824585	-0.000047	0.995218	1.690979	
562	0.992233	0.000855	9.721619	-0.000855	0.992233	4.432190	
563	0.995665	-0.000135	7.836304	0.000135	0.995665	1.136841	
564	0.995591	-0.000286	8.763062	0.000286	0.995591	1.031799	
565	1.005156	-0.001855	-4.012695	0.001855	1.005156	-7.926392	
566	1.005156	-0.001855	-4.012695	0.001855	1.005156	-7.926392	
567	0.996507	-0.000248	6.985962	0.000248	0.996507	1.235596	
568	0.996691	-0.000332	6.465332	0.000332	0.996691	1.039246	
569	0.995661	-0.000003	7.331299	0.000003	0.995661	2.489441	
570	0.995661	-0.000003	7.331299	0.000003	0.995661	2.489441	
571	0.994590	-0.000133	7.793335	0.000133	0.994590	2.794739	
572	0.994590	-0.000133	7.793335	0.000133	0.994590	2.794739	
573	0.993498	-0.000055	6.554382	0.000055	0.993498	4.080750	
574	0.994319	-0.000119	6.267761	0.000119	0.994319	3.383240	
575	0.993288	-0.000148	6.744934	0.000148	0.993288	4.097229	
576	0.992535	-0.000249	7.030701	0.000249	0.992535	4.799927	
577	0.985954	-0.000868	13.468323	0.000868	0.985954	8.080750	
578	0.994044	-0.000100	5.815369	0.000100	0.994044	3.540588	
579	0.993940	-0.000096	5.795410	0.000096	0.993940	3.582214	
580	0.993247	-0.000166	6.084412	0.000166	0.993247	4.272705	
581	0.994029	0.000102	5.392700	-0.000102	0.994029	3.944519	
582	0.988635	0.000109	10.492615	-0.000109	0.988635	7.088928	
583	0.993328	0.000070	5.853333	-0.000070	0.993328	4.464600	
584	0.994320	0.000096	5.080444	-0.000096	0.994320	3.602295	
585	0.993304	0.000016	5.952026	-0.000016	0.993304	4.146240	
586	0.993984	0.000238	5.344299	-0.000238	0.993984	3.995361	
587	0.985608	-0.000636	12.494385	0.000636	0.985608	8.156677	
588	0.992617	-0.000517	6.801575	0.000517	0.992617	4.411011	
589	0.993448	-0.000094	6.175781	0.000094	0.993448	4.052673	
590	0.993127	-0.000282	6.382202	0.000282	0.993127	4.236389	
591	0.993718	-0.000195	5.920898	0.000195	0.993718	3.730530	
592	0.987779	0.001499	11.530518	-0.001499	0.987779	9.940186	
593	0.992393	0.000487	7.536743	-0.000487	0.992393	5.950150	
594	0.993345	-0.000093	6.862915	0.000093	0.993345	4.380127	
595	0.993428	0.000008	6.688110	-0.000008	0.993428	4.593628	
596	0.992883	0.000199	7.261230	-0.000199	0.992883	4.912689	
597	0.986183	0.000570	14.009888	-0.000570	0.986183	9.601776	
598	0.993828	-0.000162	6.022949	0.000162	0.993828	4.032959	
599	0.993473	-0.000611	6.180359	0.000611	0.993473	3.692871	
600	0.994325	-0.000038	5.207031	0.000038	0.994325	3.648071	
601	0.994199	0.000346	5.139526	-0.000346	0.994199	4.151367	
602	0.988719	-0.000651	10.095276	0.000651	0.988719	7.107513	
603	0.994352	0.000150	5.301514	-0.000150	0.994352	4.266449	
604	0.994097	-0.000286	5.405701	0.000286	0.994097	4.159363	
605	0.994535	0.000095	4.906738	-0.000095	0.994535	4.290100	
606	0.994177	0.000066	5.040039	-0.000066	0.994177	5.010376	
607	0.989885	-0.000594	9.587341	0.000594	0.989885	8.373413	
608	0.994579	-0.000232	4.893555	0.000232	0.994579	5.122894	
609	0.994656	0.000343	4.651001	-0.000343	0.994656	6.285583	
610	0.994699	-0.000359	4.695618	0.000359	0.994699	5.324158	
611	0.994912	-0.000372	4.119263	0.000372	0.994912	5.678955	
612	0.992979	-0.000487	3.370178	0.000487	0.992979	8.425049	
613	0.995186	-0.001378	2.441711	0.001378	0.995186	4.953186	
614	0.995299	-0.002045	2.129395	0.002045	0.995299	4.974518	
615	0.995149	-0.001386	1.591797	0.001386	0.995149	5.038147	
616	0.994469	0.000329	2.369141	-0.000329	0.994469	6.602112	
617	0.990895	-0.000768	1.330017	0.000768	0.990895	10.655212	
618	0.995801	-0.001408	1.671204	0.001408	0.995801	3.754883	
619	0.997259	0.000303	-0.074829	-0.000303	0.997259	3.845520	
620	0.997276	0.000157	0.535767	-0.000157	0.997276	3.827698	
621	0.996198	-0.001521	2.668213	0.001521	0.996198	3.381042	
622	0.995470	0.000085	1.364624	-0.000085	0.995470	6.346008	
623	0.996106	0.000877	2.912476	-0.000877	0.996106	5.463623	
624	0.996538	0.000808	2.730225	-0.000808	0.996538	4.809204	
625	0.996949	0.000899	2.138550	-0.000899	0.996949	4.670715	
626	0.998436	0.000010	0.789062	-0.000010	0.998436	2.108398	
627	0.997454	0.000214	1.694458	-0.000214	0.997454	3.482666	
628	0.998099	0.000456	1.650635	-0.000456	0.998099	2.571533	
629	0.998583	-0.000256	1.432251	0.000256	0.998583	1.252563	
630	0.998695	-0.000137	1.349731	0.000137	0.998695	1.069855	
631	0.999186	-0.000060	1.062622	0.000060	0.999186	0.645416	
632	0.998973	-0.000174	1.951904	0.000174	0.998973	0.227509	
633	0.999874	-0.000257	0.787720	0.000257	0.999874	-0.617676	
634	1.000031	-0.000184	0.455811	0.000184	1.000031	-0.703339	
635	1.000175	-0.000247	0.429321	0.000247	1.000175	-0.788025	
636	1.000300	-0.000170	0.282959	0.000170	1.000300	-0.871490	
637	1.001658	-0.000045	-0.830444	0.000045	1.001658	-2.369720	
638	1.000760	0.000135	-0.518311	-0.000135	1.000760	-1.261963	
639	1.001230	-0.000075	-0.762817	0.000075	1.001230	-1.986328	
640	1.001510	-0.000132	-0.943970	0.000132	1.001510	-2.431580	
641	1.002065	0.000070	-1.734985	-0.000070	1.002065	-2.684326	
642	1.003155	-0.000121	-3.088013	0.000121	1.003155	-5.084717	
643	1.002661	-0.000100	-3.044067	0.000100	1.002661	-3.482727	
644	1.002407	-0.000066	-2.806091	0.000066	1.002407	-3.165649	
645	1.002218	-0.000031	-2.716614	0.000031	1.002218	-3.050354	
646	1.003440	0.000128	-3.999573	-0.000128	1.003440	-3.913696	
647	1.005023	-0.000179	-5.617737	0.000179	1.005023	-5.434509	
648	1.003690	0.000090	-4.079956	-0.000090	1.003690	-3.728088	
649	1.004309	0.000388	-4.509705	-0.000388	1.004309	-3.718811	
650	1.004520	0.000221	-4.275330	-0.000221	1.004520	-3.944702	
651	1.004111	0.000134	-3.623047	-0.000134	1.004111	-3.578247	
652	1.007590	0.000061	-5.907104	-0.000061	1.007590	-6.554321	
653	1.003365	-0.000083	-2.063782	0.000083	1.003365	-3.150208	
654	1.003260	-0.000087	-2.132202	0.000087	1.003260	-2.944458	
655	1.003296	0.000084	-2.238892	-0.000084	1.003296	-2.820068	
656	1.004614	-0.000085	-3.433044	0.000085	1.004614	-4.186157	
657	1.006981	-0.000068	-5.078674	0.000068	1.006981	-5.880066	
658	1.004383	-0.000084	-3.301331	0.000084	1.004383	-3.729004	
659	1.004892	0.000018	-3.636169	-0.000018	1.004892	-3.710205	
660	1.004757	-0.000037	-3.549988	0.000037	1.004757	-3.581726	
661	1.006167	0.000441	-4.570923	-0.000441	1.006167	-4.094116	
662	1.010761	-0.000143	-7.414734	0.000143	1.010761	-7.446411	
663	1.005458	0.000030	-3.832642	-0.000030	1.005458	-3.610962	
664	1.004400	-0.000097	-3.400024	0.000097	1.004400	-3.186707	
665	1.006166	0.000375	-4.859863	-0.000375	1.006166	-3.772095	
666	1.004495	0.000009	-3.675476	-0.000009	1.004495	-2.687683	
667	1.007749	-0.000106	-7.151123	0.000106	1.007749	-4.999939	
668	1.003925	-0.000092	-3.600769	0.000092	1.003925	-2.138367	
669	1.004730	-0.000054	-4.876038	0.000054	1.004730	-3.096130	
670	1.005758	0.000527	-5.932251	-0.000527	1.005758	-3.219025	
671	1.004905	-0.000159	-5.070129	0.000159	1.004905	-3.564148	
672	1.008138	0.000184	-9.923340	-0.000184	1.008138	-5.505737	
673	1.005153	0.000160	-6.061157	-0.000160	1.005153	-3.195557	
674	1.007297	0.000048	-8.402100	-0.000048	1.007297	-4.290253	
675	1.007311	0.000321	-8.349976	-0.000321	1.007311	-4.033234	
676	1.004207	-0.000157	-4.466614	0.000157	1.004207	-3.701111	
677	1.008260	0.000060	-8.773987	-0.000060	1.008260	-6.342651	
678	1.005333	0.000470	-5.542480	-0.000470	1.005333	-3.712524	
679	1.005405	-0.000492	-5.800049	0.000492	1.005405	-4.557678	
680	1.004323	0.000396	-4.682556	-0.000396	1.004323	-3.141632	
681	1.004722	-0.000217	-5.021851	0.000217	1.004722	-4.401672	
682	1.006616	0.000099	-7.184143	-0.000099	1.006616	-5.740662	
683	1.004645	0.000387	-4.911072	-0.000387	1.004645	-3.648468	
684	1.004415	0.000465	-4.849365	-0.000465	1.004415	-3.254547	
685	1.004108	0.000176	-4.424988	-0.000176	1.004108	-3.320740	
686	1.003777	0.000146	-4.213318	-0.000146	1.003777	-3.134918	
687	1.009141	0.002037	-10.300659	-0.002037	1.009141	-6.109436	
688	1.002816	0.000038	-3.266052	-0.000038	1.002816	-3.074982	
689	1.002032	0.000378	-2.809814	-0.000378	1.002032	-0.996277	
690	1.002068	0.000001	-2.426270	-0.000001	1.002068	-1.484772	
691	1.001976	0.000030	-2.415527	-0.000030	1.001976	-1.897400	
692	1.003011	0.000205	-3.558228	-0.000205	1.003011	-2.725403	
693	1.001207	0.000049	-1.246704	-0.000049	1.001207	-1.438843	
694	1.000964	0.000045	-0.946655	-0.000045	1.000964	-1.377808	
695	1.000526	0.000076	-0.424500	-0.000076	1.000526	-1.171143	
696	1.000414	0.000064	-0.220886	-0.000064	1.000414	-0.880676	
697	0.999653	0.000129	0.411682	-0.000129	0.999653	-0.857727	
698	0.999237	-0.000117	1.008728	0.000117	0.999237	-0.511414	
699	0.998936	0.000009	1.179810	-0.000009	0.998936	-0.233093	
700	0.998674	0.000046	1.348816	-0.000046	0.998674	-0.142090	
701	0.998587	0.000052	1.494629	-0.000052	0.998587	-0.221863	
702	0.996268	0.000181	3.684509	-0.000181	0.996268	0.204468	
703	0.997856	-0.000086	2.323853	0.000086	0.997856	0.259277	
704	0.997636	0.000002	2.530151	-0.000002	0.997636	0.488159	
705	0.997618	0.000045	2.398682	-0.000045	0.997618	0.722656	
706	0.997458	-0.000028	2.680481	0.000028	0.997458	0.657715	
707	0.994693	0.000308	5.539856	-0.000308	0.994693	1.948914	
708	0.997401	0.000188	2.748169	-0.000188	0.997401	1.033112	
709	0.997065	0.000228	3.181763	-0.000228	0.997065	1.373993	
710	0.997085	0.000070	3.368652	-0.000070	0.997085	1.293732	
711	0.996975	0.000001	3.411682	-0.000001	0.996975	1.175903	
712	0.993738	0.000062	6.517944	-0.000062	0.993738	2.546265	
713	0.996718	-0.000105	3.465210	0.000105	0.996718	1.375946	
714	0.996445	-0.000157	3.681824	0.000157	0.996445	1.569458	
715	0.996779	-0.000121	3.420532	0.000121	0.996779	1.017731	
716	0.996602	0.000140	3.389526	-0.000140	0.996602	1.532715	
717	0.992299	-0.000323	7.781799	0.000323	0.992299	3.076996	
718	0.996450	0.000023	3.649780	-0.000023	0.996450	1.556091	
719	0.995750	-0.000214	4.095276	0.000214	0.995750	1.837814	
720	0.995903	-0.000048	3.963745	0.000048	0.995903	1.981750	
721	0.995840	0.000031	4.130249	-0.000031	0.995840	1.996765	
722	0.991518	-0.000062	7.670532	0.000062	0.991518	3.576111	
723	0.996310	0.000157	3.305176	-0.000157	0.996310	1.697937	
724	0.996105	0.000142	3.587036	-0.000142	0.996105	2.011932	
725	0.995951	0.000155	3.767578	-0.000155	0.995951	2.408478	
726	0.994968	-0.000051	4.845154	0.000051	0.994968	2.645355	
727	0.991395	0.000736	8.435547	-0.000736	0.991395	5.570282	
728	0.995163	0.000252	5.585510	-0.000252	0.995163	3.321899	
729	0.995223	0.000133	6.020569	-0.000133	0.995223	2.597565	
730	0.995735	0.000284	5.577454	-0.000284	0.995735	2.774139	
731	0.995343	0.000160	6.035461	-0.000160	0.995343	3.131653	
732	0.990656	0.000068	11.908386	-0.000068	0.990656	6.532471	
733	0.995262	-0.000114	6.343140	0.000114	0.995262	2.920349	
734	0.996025	0.000026	4.937866	-0.000026	0.996025	2.702515	
735	0.995973	0.000198	4.888062	-0.000198	0.995973	3.133392	
736	0.995662	0.000092	5.013306	-0.000092	0.995662	3.457764	
737	0.995607	0.000009	5.114868	-0.000009	0.995607	3.771637	
738	0.991359	0.000472	9.485107	-0.000472	0.991359	8.391968	
739	0.995942	0.000389	4.260620	-0.000389	0.995942	4.591583	
740	0.996136	0.000093	4.113647	-0.000093	0.996136	4.098877	
741	0.996868	0.000166	3.223999	-0.000166	0.996868	3.777954	
742	0.996792	0.000322	3.203491	-0.000322	0.996792	4.238220	
743	0.993750	-0.000134	6.259155	0.000134	0.993750	7.420471	
744	0.997025	0.000191	2.697266	-0.000191	0.997025	3.721832	
745	0.997554	-0.000037	2.177856	0.000037	0.997554	3.077667	
746	0.997609	-0.000095	1.880249	0.000095	0.997609	3.251465	
747	0.998244	-0.000915	1.422119	0.000915	0.998244	2.827209	
748	0.995642	-0.001236	3.462952	0.001236	0.995642	6.091705	
749	0.998213	-0.000196	0.997925	0.000196	0.998213	3.016235	
750	0.997943	-0.001134	1.315430	0.001134	0.997943	2.713959	
751	0.998103	-0.000789	1.194153	0.000789	0.998103	2.288269	
752	0.998206	0.000625	0.888672	-0.000625	0.998206	3.429504	
753	0.999651	-0.000025	-0.665466	0.000025	0.999651	1.514282	
754	0.999697	-0.000008	-0.233032	0.000008	0.999697	0.083618	
755	0.999619	-0.000208	0.077393	0.000208	0.999619	-0.945007	
756	1.000467	-0.000007	-1.295288	0.000007	1.000467	-1.613892	
757	1.001017	0.000164	-2.190979	-0.000164	1.001017	-2.666718	
758	1.001583	-0.003096	-2.095703	0.003096	1.001583	-10.685669	
759	1.002155	-0.000057	-3.441650	0.000057	1.002155	-4.982880	
760	1.002556	0.000434	-3.812805	-0.000434	1.002556	-5.605438	
761	1.003196	-0.000714	-3.957886	0.000714	1.003196	-6.361633	
762	1.002378	-0.000226	-2.478516	0.000226	1.002378	-6.950195	
763	1.005931	-0.000005	-5.612671	0.000005	1.005931	-13.305054	
764	1.004851	0.000673	-4.844971	-0.000673	1.004851	-5.629517	
765	1.003448	0.000230	-3.463623	-0.000230	1.003448	-4.907532	
766	1.003508	0.000137	-3.492798	-0.000137	1.003508	-4.932922	
767	1.004242	0.000596	-4.156494	-0.000596	1.004242	-5.199127	
768	1.009783	0.001598	-8.049622	-0.001598	1.009783	-8.642944	
769	1.004129	-0.000017	-3.063110	0.000017	1.004129	-3.873657	
770	1.005077	-0.000245	-3.838745	0.000245	1.005077	-4.959900	
771	1.004388	0.000026	-3.450806	-0.000026	1.004388	-3.720215	
772	1.005583	0.000343	-4.523376	-0.000343	1.005583	-4.313293	
773	1.008873	0.000044	-7.061279	-0.000044	1.008873	-5.888428	
774	1.005307	0.000027	-4.220703	-0.000027	1.005307	-3.122589	
775	1.005217	-0.000121	-4.340149	0.000121	1.005217	-3.142181	
776	1.005623	-0.000108	-4.654114	0.000108	1.005623	-3.193024	
777	1.005715	-0.000055	-4.804443	0.000055	1.005715	-3.288757	
778	1.009756	-0.000130	-8.775696	0.000130	1.009756	-5.211060	
779	1.005420	-0.000047	-5.053101	0.000047	1.005420	-2.846771	
780	1.005621	0.000072	-5.331543	-0.000072	1.005621	-2.709625	
781	1.005687	0.000014	-5.411133	-0.000014	1.005687	-2.746704	
782	1.005640	-0.000071	-5.378296	0.000071	1.005640	-2.691040	
783	1.009975	0.000184	-10.071655	-0.000184	1.009975	-4.250122	
784	1.005545	-0.000034	-5.604004	0.000034	1.005545	-2.855408	
785	1.005618	0.000086	-5.814941	-0.000086	1.005618	-2.043152	
786	1.004821	-0.000099	-4.788574	0.000099	1.004821	-1.778992	
787	1.005247	-0.000125	-5.044739	0.000125	1.005247	-2.252075	
788	1.009202	-0.000113	-8.926025	0.000113	1.009202	-3.418762	
789	1.005191	-0.000028	-4.976990	0.000028	1.005191	-2.273071	
790	1.005255	0.000057	-5.113525	-0.000057	1.005255	-2.127380	
791	1.005215	0.000010	-5.087585	-0.000010	1.005215	-2.416504	
792	1.005756	0.000084	-5.752197	-0.000084	1.005756	-2.970673	
793	1.010357	0.000017	-10.342651	-0.000017	1.010357	-3.838409	
794	1.004820	0.000051	-4.797119	-0.000051	1.004820	-2.310181	
795	1.004917	0.000271	-4.994385	-0.000271	1.004917	-2.265564	
796	1.004358	0.000102	-4.304871	-0.000102	1.004358	-2.074036	
797	1.004137	-0.000023	-3.760193	0.000023	1.004137	-1.674988	
798	1.006834	0.000128	-6.430298	-0.000128	1.006834	-2.809204	
799	1.003454	0.000010	-2.840515	-0.000010	1.003454	-1.063965	
800	1.003083	-0.000155	-2.396790	0.000155	1.003083	-1.274658	
801	1.002889	-0.000246	-2.068726	0.000246	1.002889	-0.880920	
802	1.002192	-0.000308	-1.392395	0.000308	1.002192	-0.586182	
803	1.003545	-0.000084	-2.658752	0.000084	1.003545	-1.495117	
804	1.001296	-0.000031	-0.992676	0.000031	1.001296	-1.621277	
805	1.001073	0.000052	-0.741638	-0.000052	1.001073	-1.313843	
806	1.000363	-0.000015	0.055725	0.000015	1.000363	-0.944824	
807	0.999690	-0.000013	0.727783	0.000013	0.999690	-1.059509	
808	0.998357	0.000147	2.363831	-0.000147	0.998357	-2.260193	
809	0.998795	-0.000057	2.136963	0.000057	0.998795	-0.597412	
810	0.997941	0.000390	2.777344	-0.000390	0.997941	0.632751	
811	0.997400	0.000036	4.019653	-0.000036	0.997400	0.506104	
812	0.997191	0.000238	4.278137	-0.000238	0.997191	0.529114	
813	0.992317	0.000605	9.729309	-0.000605	0.992317	3.387878	
814	0.996099	0.000228	5.122192	-0.000228	0.996099	1.516052	
815	0.995697	0.000297	5.656616	-0.000297	0.995697	2.359985	
816	0.995607	-0.000100	6.436096	0.000100	0.995607	1.284912	
817	0.995765	0.000415	6.120605	-0.000415	0.995765	1.930481	
818	0.989496	0.000069	14.424255	-0.000069	0.989496	4.165222	
819	0.995242	0.000508	6.325928	-0.000508	0.995242	1.805969	
820	0.994924	0.000648	6.469604	-0.000648	0.994924	2.679413	
821	0.994706	0.000337	6.884644	-0.000337	0.994706	2.860687	
822	0.995327	-0.000062	6.724365	0.000062	0.995327	1.378235	
823	0.990295	0.000363	12.585510	-0.000363	0.990295	4.805450	
824	0.994163	0.000019	6.776978	-0.000019	0.994163	3.290894	
825	0.994350	-0.000251	6.494141	0.000251	0.994350	3.618561	
826	0.993122	-0.000245	7.705200	0.000245	0.993122	3.900482	
827	0.993072	0.001318	7.025146	-0.001318	0.993072	5.762192	
828	0.989634	0.000213	9.972778	-0.000213	0.989634	5.206665	
829	0.993660	0.000192	5.669312	-0.000192	0.993660	4.008392	
830	0.994040	0.000946	5.202637	-0.000946	0.994040	4.876831	
831	0.993637	-0.000085	5.658875	0.000085	0.993637	3.673676	
832	0.993809	-0.000027	5.560547	0.000027	0.993809	4.121857	
833	0.987504	-0.000457	10.835999	0.000457	0.987504	8.183258	
834	0.991720	-0.000519	7.637024	0.000519	0.991720	4.394073	
835	0.992872	-0.000374	6.471802	0.000374	0.992872	3.951935	
836	0.993313	-0.000024	5.778198	0.000024	0.993313	4.631653	
837	0.992851	-0.000306	6.344604	0.000306	0.992851	4.707367	
838	0.987346	0.000058	11.409546	-0.000058	0.987346	9.027222	
839	0.993857	0.000205	5.599976	-0.000205	0.993857	5.289276	
840	0.993607	-0.000213	5.925293	0.000213	0.993607	5.247986	
841	0.993621	-0.001001	5.819336	0.001001	0.993621	4.491089	
842	0.993784	0.000191	5.237549	-0.000191	0.993784	5.567627	
843	0.986426	-0.000916	11.725403	0.000916	0.986426	11.056274	
844	0.993738	-0.000184	5.609131	0.000184	0.993738	5.789429	
845	0.992847	0.000214	6.594116	-0.000214	0.992847	7.143051	
846	0.993580	-0.000373	5.296448	0.000373	0.993580	6.530762	
847	0.993088	0.000748	5.924438	-0.000748	0.993088	8.272125	
848	0.987851	0.000720	9.750488	-0.000720	0.987851	14.561035	
849	0.994102	-0.000122	4.734985	0.000122	0.994102	7.705688	
850	0.995284	-0.000126	3.619141	0.000126	0.995284	5.142517	
851	0.994458	-0.000384	4.635742	0.000384	0.994458	5.945374	
852	0.994823	0.000537	4.056641	-0.000537	0.994823	7.086273	
853	0.989988	-0.002395	8.771301	0.002395	0.989988	10.401520	
854	0.994966	-0.000758	4.429565	0.000758	0.994966	5.522552	
855	0.995243	-0.000507	4.158325	0.000507	0.995243	5.498932	
856	0.996034	0.001229	2.840454	-0.001229	0.996034	7.149750	
857	0.996482	0.000077	2.939331	-0.000077	0.996482	4.834839	
858	0.992322	-0.001504	6.788879	0.001504	0.992322	8.666077	
859	0.996985	-0.000041	2.562134	0.000041	0.996985	3.620911	
860	0.996556	0.000997	2.367432	-0.000997	0.996556	4.071228	
861	0.997786	0.000088	2.048950	-0.000088	0.997786	2.826050	
862	0.998387	-0.000051	1.524658	0.000051	0.998387	2.244873	
863	0.996711	0.000829	3.158691	-0.000829	0.996711	5.507874	
864	0.998084	0.000731	2.088379	-0.000731	0.998084	3.578857	
865	0.997983	0.001205	2.269287	-0.001205	0.997983	4.232086	
866	0.998230	0.000842	2.278442	-0.000842	0.998230	3.080582	
867	0.998937	0.000248	1.670898	-0.000248	0.998937	0.964569	
868	0.999844	0.000220	1.460571	-0.000220	0.999844	-0.987823	
869	1.000793	0.000303	-0.077515	-0.000303	1.000793	-1.668274	
870	1.001520	-0.000320	-0.701904	0.000320	1.001520	-3.301971	
871	1.002242	-0.001292	-1.655762	0.001292	1.002242	-5.565918	
872	1.002419	-0.001314	-1.731689	0.001314	1.002419	-5.815689	
873	1.002946	0.000186	-2.105469	-0.000186	1.002946	-4.517761	
874	1.003976	0.000514	-3.113647	-0.000514	1.003976	-4.444580	
875	1.002604	-0.000097	-2.086060	0.000097	1.002604	-4.150208	
876	1.002684	-0.000227	-2.328125	0.000227	1.002684	-4.399414	
877	1.003019	-0.000276	-2.412231	0.000276	1.003019	-5.080322	
878	1.008691	0.000833	-7.256653	-0.000833	1.008691	-10.114471	
879	1.004698	-0.002608	-3.903076	0.002608	1.004698	-9.882355	
880	1.002829	0.000248	-3.330322	-0.000248	1.002829	-3.853333	
881	1.005559	0.000409	-6.192017	-0.000409	1.005559	-6.377686	
882	1.006907	-0.000078	-7.893311	0.000078	1.006907	-7.355011	
883	1.006783	0.000578	-10.304321	-0.000578	1.006783	-8.251038	
884	1.006355	0.000796	-7.786438	-0.000796	1.006355	-6.243500	
885	1.005069	-0.000702	-6.453491	0.000702	1.005069	-6.819275	
886	1.004436	-0.000170	-5.764648	0.000170	1.004436	-5.404297	
887	1.004873	0.000104	-6.073120	-0.000104	1.004873	-5.270508	
888	1.013982	0.000832	-15.573242	-0.000832	1.013982	-12.504211	
889	1.006223	-0.000348	-7.284302	0.000348	1.006223	-5.664551	
890	1.006655	0.000239	-6.933655	-0.000239	1.006655	-4.615936	
891	1.006564	-0.001000	-6.574951	0.001000	1.006564	-5.624451	
892	1.007153	-0.000105	-7.261353	0.000105	1.007153	-4.765656	
893	1.014008	0.001469	-16.058716	-0.001469	1.014008	-6.468079	
894	1.006572	0.000228	-6.076172	-0.000228	1.006572	-3.337463	
895	1.006481	-0.000123	-5.491394	0.000123	1.006481	-3.672363	
896	1.006256	-0.000212	-5.376892	0.000212	1.006256	-3.685913	
897	1.005530	-0.000201	-4.442078	0.000201	1.005530	-3.275574	
898	1.009908	-0.000167	-7.471252	0.000167	1.009908	-5.277344	
899	1.005839	-0.000040	-4.713379	0.000040	1.005839	-3.054993	
900	1.006041	-0.000177	-4.755615	0.000177	1.006041	-3.311707	
901	1.006227	-0.000177	-4.764343	0.000177	1.006227	-3.374084	
902	1.007224	-0.000120	-5.692749	0.000120	1.007224	-3.089722	
903	1.006397	-0.002453	-4.453674	0.002453	1.006397	-4.597015	
904	1.010556	-0.000456	-8.455505	0.000456	1.010556	-4.849182	
905	1.005510	-0.000085	-5.005920	0.000085	1.005510	-2.051758	
906	1.005623	-0.000125	-4.870911	0.000125	1.005623	-1.389801	
907	1.004807	-0.000378	-4.006592	0.000378	1.004807	-1.352325	
908	1.004871	-0.000385	-4.148132	0.000385	1.004871	-1.644836	
909	1.021826	-0.000190	-23.741089	0.000190	1.021826	-12.311890	
910	1.005322	-0.000330	-5.622559	0.000330	1.005322	-2.589996	
911	1.005856	-0.000396	-6.151611	0.000396	1.005856	-2.693115	
912	1.005566	-0.000383	-5.844604	0.000383	1.005566	-2.449158	
913	1.005451	-0.000289	-5.958008	0.000289	1.005451	-2.176849	
914	1.014629	-0.000247	-16.561646	0.000247	1.014629	-4.299522	
915	1.006591	-0.000176	-7.671265	0.000176	1.006591	-2.472198	
916	1.005614	-0.000256	-6.254028	0.000256	1.005614	-2.722870	
917	1.006426	-0.000443	-7.245728	0.000443	1.006426	-3.155899	
918	1.004851	0.000005	-5.391113	-0.000005	1.004851	-1.439880	
919	1.009437	0.000028	-9.841553	-0.000028	1.009437	-3.803894	
920	1.004431	-0.000360	-4.223389	0.000360	1.004431	-2.046173	
921	1.004829	-0.000354	-4.914062	0.000354	1.004829	-2.408569	
922	1.004567	-0.000295	-4.400024	0.000295	1.004567	-2.176819	
923	1.004480	-0.000243	-4.558594	0.000243	1.004480	-2.087189	
924	1.009545	-0.000524	-9.441528	0.000524	1.009545	-4.616638	
925	1.004312	-0.000183	-4.259399	0.000183	1.004312	-1.828217	
926	1.004535	-0.000597	-4.447754	0.000597	1.004535	-2.313110	
927	1.004172	-0.000176	-4.369141	0.000176	1.004172	-1.709625	
928	1.003600	-0.000192	-3.472900	0.000192	1.003600	-1.544281	
929	1.006233	-0.000635	-5.835083	0.000635	1.006233	-2.399551	
930	1.001879	-0.000412	-1.293091	0.000412	1.001879	-0.565765	
931	1.001577	-0.000205	-1.238770	0.000205	1.001577	-0.389374	
932	1.000694	-0.000191	-0.313354	0.000191	1.000694	-0.165710	
933	0.999712	-0.000335	0.677368	0.000335	0.999712	-0.346588	
934	0.998144	-0.000066	1.793457	0.000066	0.998144	-3.189621	
935	0.998174	-0.000215	1.582031	0.000215	0.998174	-2.150986	
936	0.998216	-0.000107	1.624390	0.000107	0.998216	-2.837585	
937	0.997937	-0.000097	1.925476	0.000097	0.997937	-2.494843	
938	0.996804	0.000508	3.005066	-0.000508	0.996804	-1.802826	
939	0.985607	-0.000475	14.846191	0.000475	0.985607	-3.655121	
940	0.991236	-0.000064	8.994751	0.000064	0.991236	-1.172318	
941	0.990630	-0.000054	9.555908	0.000054	0.990630	-0.179756	
942	0.989046	0.000406	10.332275	-0.000406	0.989046	2.282822	
943	0.992407	0.000823	6.894409	-0.000823	0.992407	2.805664	
944	0.983141	0.000891	17.170532	-0.000891	0.983141	9.297485	
945	0.991058	0.000846	9.527344	-0.000846	0.991058	5.456116	
946	0.991557	0.000214	9.694458	-0.000214	0.991557	4.955292	
947	0.990673	0.003443	10.073730	-0.003443	0.990673	9.736710	
948	0.990574	0.000504	10.294800	-0.000504	0.990574	5.813431	
949	0.979464	0.002139	22.478333	-0.002139	0.979464	14.326302	
950	0.988183	-0.000206	13.351379	0.000206	0.988183	7.119125	
951	0.987710	-0.000452	13.416809	0.000452	0.987710	7.515015	
952	0.989020	-0.000254	11.728638	0.000254	0.989020	6.860748	
953	0.988277	0.000486	12.181763	-0.000486	0.988277	7.234528	
954	0.979863	-0.000118	20.932373	0.000118	0.979863	12.736435	
955	0.989722	0.000546	10.237915	-0.000546	0.989722	7.484741	
956	0.989767	0.000896	9.651428	-0.000896	0.989767	7.579437	
957	0.990237	0.000911	9.043335	-0.000911	0.990237	8.026245	
958	0.989517	0.000112	9.570435	-0.000112	0.989517	8.012085	
959	0.981135	0.001010	17.081726	-0.001010	0.981135	14.643555	
960	0.990145	0.000161	9.030151	-0.000161	0.990145	6.787415	
961	0.991697	0.000205	7.585815	-0.000205	0.991697	6.075012	
962	0.991654	0.000018	7.867859	-0.000018	0.991654	5.925232	
963	0.991888	0.000058	7.781555	-0.000058	0.991888	6.437866	
964	0.985975	-0.000429	13.771729	0.000429	0.985975	11.218079	
965	0.992184	-0.000303	7.296692	0.000303	0.992184	5.733795	
966	0.993613	0.000380	5.745605	-0.000380	0.993613	5.703796	
967	0.994181	0.000061	5.250732	-0.000061	0.994181	5.332642	
968	0.993852	-0.000052	5.879761	0.000052	0.993852	5.461914	
969	0.984969	-0.001558	15.046143	0.001558	0.984969	9.894714	
970	0.993346	-0.000086	6.440979	0.000086	0.993346	5.424194	
971	0.994020	0.000223	5.739624	-0.000223	0.994020	5.192688	
972	0.994501	0.000173	4.969360	-0.000173	0.994501	5.021851	
973	0.994320	0.000033	5.129761	-0.000033	0.994320	4.811951	
974	0.988358	-0.002096	10.290833	0.002096	0.988358	9.165588	
975	0.994597	0.000005	5.013794	-0.000005	0.994597	5.313477	
976	0.988143	0.001947	13.820801	-0.001947	0.988143	12.641846	
977	0.996080	0.000270	3.135864	-0.000270	0.996080	4.523804	
978	0.998243	-0.006556	6.389709	0.006556	0.998243	-1.432190	
979	0.994418	-0.000219	4.392578	0.000219	0.994418	5.344666	
980	0.997430	0.000800	1.799438	-0.000800	0.997430	4.096741	
981	0.997318	0.001090	2.107788	-0.001090	0.997318	4.484802	
982	0.998394	0.000199	0.991089	-0.000199	0.998394	2.117798	
983	0.998832	0.000200	0.596069	-0.000200	0.998832	1.455933	
984	0.998619	0.000114	0.506958	-0.000114	0.998619	0.648743	
985	0.999951	-0.000169	-0.305908	0.000169	0.999951	-0.627838	
986	1.000001	-0.000137	-0.023560	0.000137	1.000001	-1.049469	
987	1.000946	-0.000226	-0.994263	0.000226	1.000946	-2.534607	
988	1.001267	-0.000515	-1.315796	0.000515	1.001267	-3.590546	
989	1.002868	0.000028	-3.348755	-0.000028	1.002868	-5.851318	
990	1.002046	-0.000220	-2.107544	0.000220	1.002046	-4.151062	
991	1.002157	0.000267	-2.180176	-0.000267	1.002157	-3.687622	
992	1.004598	-0.000779	-3.424988	0.000779	1.004598	-5.923096	
993	1.004401	-0.001723	-3.854858	0.001723	1.004401	-8.465546	
994	1.012008	0.003132	-11.008423	-0.003132	1.012008	-12.216644	
995	1.006062	0.001792	-5.663147	-0.001792	1.006062	-6.210388	
996	1.005776	0.001152	-5.289856	-0.001152	1.005776	-6.949036	
997	1.006784	-0.001998	-5.978027	0.001998	1.006784	-10.643509	
998	1.006311	0.001422	-5.776428	-0.001422	1.006311	-6.471100	
999	1.011218	-0.000388	-10.359131	0.000388	1.011218	-13.909180	
1000	1.005519	-0.000966	-5.457886	0.000966	1.005519	-7.603729	
1001	1.006508	-0.001051	-6.611938	0.001051	1.006508	-7.431030	
1002	1.005338	0.000041	-5.523193	-0.000041	1.005338	-4.874451	
1003	1.006345	0.000072	-6.519287	-0.000072	1.006345	-6.041687	
1004	1.018345	0.004867	-18.443176	-0.004867	1.018345	-10.561798	
1005	1.006756	0.000783	-6.583557	-0.000783	1.006756	-4.171112	
1006	1.005660	-0.000120	-5.446411	0.000120	1.005660	-4.289368	
1007	1.006773	0.000105	-7.114746	-0.000105	1.006773	-4.713013	
1008	1.008195	0.000084	-8.498169	-0.000084	1.008195	-5.448059	
1009	1.012377	0.000270	-12.751099	-0.000270	1.012377	-7.729980	
1010	1.007501	0.000124	-7.457397	-0.000124	1.007501	-5.184814	
1011	1.009662	-0.002620	-9.685913	0.002620	1.009662	-9.735413	
1012	1.010458	0.000272	-10.910034	-0.000272	1.010458	-4.700783	
1013	1.006904	-0.000242	-6.267944	0.000242	1.006904	-4.103149	
1014	1.016671	-0.001320	-15.500732	0.001320	1.016671	-10.082642	
1015	1.008309	-0.000084	-7.675049	0.000084	1.008309	-4.082031	
1016	1.009732	0.000077	-8.791504	-0.000077	1.009732	-3.712082	
1017	1.006823	-0.000079	-6.007446	0.000079	1.006823	-3.192444	
1018	1.008104	-0.000086	-7.045166	0.000086	1.008104	-3.815552	
1019	1.008104	-0.000086	-7.045166	0.000086	1.008104	-3.815552	
1020	1.008363	0.000052	-7.287415	-0.000052	1.008363	-2.920441	
1021	1.006499	-0.000145	-5.818848	0.000145	1.006499	-1.823303	
1022	1.007153	-0.000563	-6.208984	0.000563	1.007153	-2.744141	
1023	1.007051	-0.000423	-6.342346	0.000423	1.007051	-2.152924	
1024	1.014080	-0.000746	-13.687317	0.000746	1.014080	-4.146149	
1025	1.007367	-0.000237	-7.538757	0.000237	1.007367	-2.425079	
1026	1.006950	-0.000105	-7.667542	0.000105	1.006950	-2.319427	
1027	1.007090	-0.000163	-8.141968	0.000163	1.007090	-2.453217	
1028	1.006869	-0.000103	-8.473083	0.000103	1.006869	-2.299316	
1029	1.013284	0.000003	-17.242920	-0.000003	1.013284	-3.846313	
1030	1.005892	-0.000283	-7.932251	0.000283	1.005892	-1.457062	
1031	1.005676	-0.000720	-7.371399	0.000720	1.005676	-1.878387	
1032	1.008136	-0.000499	-10.453735	0.000499	1.008136	-2.515991	
1033	1.005829	-0.000339	-7.770142	0.000339	1.005829	-1.558075	
1034	1.010438	-0.000637	-14.364136	0.000637	1.010438	-4.279343	
1035	1.004037	0.000106	-5.965576	-0.000106	1.004037	-0.288361	
1036	1.003603	-0.000153	-5.666138	0.000153	1.003603	-0.671387	
1037	1.003177	0.000106	-5.395874	-0.000106	1.003177	-0.180542	
1038	1.002626	-0.000070	-4.992676	0.000070	1.002626	-0.250702	
1039	1.003595	0.000067	-8.513428	-0.000067	1.003595	0.067810	
1040	1.001201	0.000224	-3.587524	-0.000224	1.001201	0.026245	
1041	1.000938	0.000369	-3.011475	-0.000369	1.000938	0.065430	
1042	1.000239	0.000169	-1.601196	-0.000169	1.000239	-0.241150	
1043	1.000063	0.000057	-1.286072	-0.000057	1.000063	-0.774445	
1044	0.999519	0.001373	-1.997803	-0.001373	0.999519	-0.319427	
1045	0.998640	0.000389	0.567627	-0.000389	0.998640	-0.289734	
1046	0.998551	0.000240	1.105652	-0.000240	0.998551	-1.384766	
1047	0.998623	-0.000206	1.890686	0.000206	0.998623	-1.561340	
1048	0.998059	-0.000307	2.842407	0.000307	0.998059	-1.144531	
1049	0.995463	0.000819	5.312988	-0.000819	0.995463	-0.113525	
1050	0.996668	0.000099	3.455322	-0.000099	0.996668	0.363983	
1051	0.996426	-0.000036	3.577576	0.000036	0.996426	0.154602	
1052	0.996261	0.000264	3.283203	-0.000264	0.996261	1.018860	
1053	0.995474	0.000156	3.662415	-0.000156	0.995474	1.260620	
1054	0.991380	0.000552	7.191528	-0.000552	0.991380	1.880493	
1055	0.994834	0.000038	4.364075	-0.000038	0.994834	1.518646	
1056	0.994978	0.000174	4.316589	-0.000174	0.994978	1.833374	
1057	0.992825	-0.000050	6.534180	0.000050	0.992825	2.607803	
1058	0.994333	0.000046	4.511108	-0.000046	0.994333	3.108215	
1059	0.984870	0.000863	13.191895	-0.000863	0.984870	6.514526	
1060	0.994200	0.000161	4.910339	-0.000161	0.994200	2.939758	
1061	0.992243	-0.000199	6.958984	0.000199	0.992243	2.735046	
1062	0.993878	-0.000055	5.176575	0.000055	0.993878	3.013733	
1063	0.993719	0.000077	5.542542	-0.000077	0.993719	3.336395	
1064	0.987049	0.001328	12.366150	-0.001328	0.987049	7.661636	
1065	0.993423	0.000362	5.822815	-0.000362	0.993423	4.035767	
1066	0.993242	-0.000003	6.308594	0.000003	0.993242	3.762085	
1067	0.992967	-0.000305	6.810181	0.000305	0.992967	3.345978	
1068	0.993404	-0.000685	6.334717	0.000685	0.993404	2.940979	
1069	0.982226	0.000391	16.641357	-0.000391	0.982226	8.474121	
1070	0.991055	-0.000106	8.683167	0.000106	0.991055	3.436035	
1071	0.992537	0.000140	7.143738	-0.000140	0.992537	4.615021	
1072	0.992472	-0.000775	7.679382	0.000775	0.992472	3.147400	
1073	0.993273	0.000040	6.684814	-0.000040	0.993273	3.927368	
1074	0.991833	-0.000356	8.158508	0.000356	0.991833	4.855621	
1075	0.983045	0.000304	17.176025	-0.000304	0.983045	9.192383	
1076	0.992434	0.000662	7.697144	-0.000662	0.992434	4.972137	
1077	0.993211	0.000299	7.095093	-0.000299	0.993211	4.063446	
1078	0.992735	0.000362	7.762451	-0.000362	0.992735	4.480865	
1079	0.992399	0.000475	8.226685	-0.000475	0.992399	5.307404	
1080	0.979699	-0.001756	22.259033	0.001756	0.979699	9.388687	
1081	0.992640	0.000028	8.283630	-0.000028	0.992640	5.742554	
1082	0.990887	0.000936	9.405396	-0.000936	0.990887	7.732147	
1083	0.992400	0.000546	7.791504	-0.000546	0.992400	5.824951	
1084	0.992782	-0.000121	7.095215	0.000121	0.992782	4.700165	
1085	0.987382	-0.000204	12.379761	0.000204	0.987382	8.898438	
1086	0.993337	0.000377	6.737305	-0.000377	0.993337	5.997925	
1087	0.992037	-0.000112	8.028503	0.000112	0.992037	6.568939	
1088	0.994865	0.000089	5.106323	-0.000089	0.994865	4.088440	
1089	0.996493	-0.001492	4.731018	0.001492	0.996493	2.340332	
1090	0.996493	-0.001492	4.731018	0.001492	0.996493	2.340332	
1091	0.996419	-0.000127	3.942993	0.000127	0.996419	3.616272	
1092	0.996503	-0.000002	3.618164	0.000002	0.996503	3.380798	
1093	0.996683	0.000121	3.178223	-0.000121	0.996683	3.271729	
1094	0.997672	0.000143	2.511230	-0.000143	0.997672	2.377930	
1095	0.997391	-0.000044	3.198853	0.000044	0.997391	1.987366	
1096	0.998534	-0.000060	2.027344	0.000060	0.998534	1.093933	
1097	0.999153	-0.000189	1.632568	0.000189	0.999153	-0.008698	
1098	1.000306	-0.000219	0.391846	0.000219	1.000306	-1.128723	
1099	1.000004	-0.000704	1.285645	0.000704	1.000004	-2.250305	
1100	1.004194	-0.001642	-3.335205	0.001642	1.004194	-7.170959	
1101	1.002376	-0.000112	-2.109497	0.000112	1.002376	-2.892700	
1102	1.002538	-0.000158	-2.091064	0.000158	1.002538	-3.325989	
1103	1.003116	-0.000137	-2.537354	0.000137	1.003116	-3.871704	
1104	1.003484	0.000004	-3.317505	-0.000004	1.003484	-3.679871	
1105	1.007199	-0.000137	-5.956665	0.000137	1.007199	-8.009766	
1106	1.004174	0.000124	-3.818115	-0.000124	1.004174	-4.235352	
1107	1.005603	-0.001533	-4.945923	0.001533	1.005603	-7.873810	
1108	1.004944	0.000100	-4.540161	-0.000100	1.004944	-5.182251	
1109	1.007085	-0.002884	-6.139771	0.002884	1.007085	-11.530029	
1110	1.010161	0.000080	-8.727661	-0.000080	1.010161	-9.877319	
1111	1.006612	-0.000363	-5.880127	0.000363	1.006612	-6.043762	
1112	1.008079	0.000389	-6.133545	-0.000389	1.008079	-5.350952	
1113	1.006382	-0.000013	-4.703247	0.000013	1.006382	-4.263123	
1114	1.006835	0.000218	-5.489990	-0.000218	1.006835	-4.459900	
1115	1.013242	-0.000428	-9.230835	0.000428	1.013242	-8.344360	
1116	1.007649	-0.000522	-5.484741	0.000522	1.007649	-5.172607	
1117	1.007024	-0.000333	-5.283508	0.000333	1.007024	-4.241150	
1118	1.006154	0.000124	-5.360596	-0.000124	1.006154	-3.066528	
1119	1.006311	-0.000031	-5.429016	0.000031	1.006311	-3.016602	
1120	1.013072	-0.000145	-11.225037	0.000145	1.013072	-6.154480	
1121	1.007533	0.000064	-6.947144	-0.000064	1.007533	-3.511292	
1122	1.008435	-0.000336	-7.356812	0.000336	1.008435	-4.122040	
1123	1.009859	0.000114	-8.409180	-0.000114	1.009859	-3.632614	
1124	1.007032	-0.000326	-5.970093	0.000326	1.007032	-3.634033	
1125	1.015269	-0.000535	-11.857178	0.000535	1.015269	-7.295959	
1126	1.007320	0.000078	-6.345032	-0.000078	1.007320	-3.254456	
1127	1.008874	-0.000616	-7.415771	0.000616	1.008874	-4.746826	
1128	1.008229	-0.000366	-6.229431	0.000366	1.008229	-3.843933	
1129	1.007556	-0.000007	-5.728821	0.000007	1.007556	-3.030945	
1130	1.013665	-0.000171	-10.606323	0.000171	1.013665	-5.363281	
1131	1.007350	-0.000947	-4.896484	0.000947	1.007350	-4.182281	
1132	1.007187	-0.000483	-4.827148	0.000483	1.007187	-3.462952	
1133	1.008153	-0.000627	-5.255005	0.000627	1.008153	-4.186707	
1134	1.006982	-0.000238	-5.324036	0.000238	1.006982	-3.513306	
1135	1.010608	0.000377	-11.235168	-0.000377	1.010608	-4.359558	
1136	1.014397	-0.004859	-9.577026	0.004859	1.014397	-11.780212	
1137	1.007573	-0.001240	-9.478333	0.001240	1.007573	-4.407776	
1138	1.007401	-0.002122	-10.010803	0.002122	1.007401	-4.015808	
1139	1.003675	-0.003821	-8.000000	0.003821	1.003675	-5.550674	
1140	1.010601	-0.007817	-25.645020	0.007817	1.010601	-11.858170	
1141	1.010807	0.001624	-20.073792	-0.001624	1.010807	-6.141357	
1142	1.010707	-0.000683	-18.589478	0.000683	1.010707	-7.404053	
1143	1.008091	0.004684	-20.967773	-0.004684	1.008091	-3.656250	
1144	1.008091	0.004684	-20.967773	-0.004684	1.008091	-3.656250	
1145	1.008091	0.004684	-20.967773	-0.004684	1.008091	-3.656250	
1146	1.008091	0.004684	-20.967773	-0.004684	1.008091	-3.656250	
1147	0.997599	0.000341	-1.951904	-0.000341	0.997599	-0.158997	
1148	1.000075	-0.001074	-1.680969	0.001074	1.000075	-3.533600	
1149	1.001876	0.006218	-6.656860	-0.006218	1.001876	-1.756409	
1150	0.995567	-0.000003	2.452332	0.000003	0.995567	-2.630127	
1151	0.997142	-0.000178	2.675293	0.000178	0.997142	-0.998291	
1152	0.995836	-0.000047	3.807434	0.000047	0.995836	0.106812	
1153	0.996639	-0.000291	4.073975	0.000291	0.996639	-0.292480	
1154	0.994962	0.000112	5.144775	-0.000112	0.994962	1.199707	
1155	1.006667	0.000769	4.272400	-0.000769	1.006667	-9.354980	
1156	0.993986	-0.001120	9.128296	0.001120	0.993986	0.419189	
1157	0.994378	0.000020	7.164612	-0.000020	0.994378	1.769043	
1158	0.996254	0.001451	5.589722	-0.001451	0.996254	1.295288	
1159	0.991938	-0.001304	10.970825	0.001304	0.991938	1.402985	
1160	0.984949	-0.001284	20.616943	0.001284	0.984949	3.402847	
1161	0.992777	-0.000569	10.261475	0.000569	0.992777	2.986450	
1162	0.992318	-0.000149	10.607910	0.000149	0.992318	2.950043	
1163	0.993935	-0.000205	8.684998	0.000205	0.993935	2.866211	
1164	0.993272	-0.001231	9.353333	0.001231	0.993272	2.341492	
1165	0.986087	-0.000581	19.485840	0.000581	0.986087	5.709473	
1166	0.992874	-0.000002	9.889526	0.000002	0.992874	3.990417	
1167	0.992034	-0.000109	11.520630	0.000109	0.992034	4.294922	
1168	0.991187	-0.000584	11.803040	0.000584	0.991187	5.099365	
1169	0.991932	-0.000154	10.361938	0.000154	0.991932	4.922180	
1170	0.986666	-0.000235	16.281677	0.000235	0.986666	7.662476	
1171	0.990562	0.000155	11.226013	-0.000155	0.990562	5.581055	
1172	0.991663	-0.000255	10.263672	0.000255	0.991663	4.613953	
1173	0.992265	0.000107	9.059143	-0.000107	0.992265	5.160828	
1174	0.991427	0.000186	10.089539	-0.000186	0.991427	5.772461	
1175	0.986351	0.000086	15.259705	-0.000086	0.986351	9.674377	
1176	0.991666	0.000023	9.155823	-0.000023	0.991666	5.791565	
1177	0.988843	-0.001587	12.578491	0.001587	0.988843	7.195618	
1178	0.991526	-0.000256	8.769470	0.000256	0.991526	6.048645	
1179	0.992565	0.000121	7.726562	-0.000121	0.992565	5.738892	
1180	0.980944	0.000874	18.006409	-0.000874	0.980944	15.692810	
1181	0.993336	-0.000510	6.303711	0.000510	0.993336	5.438171	
1182	0.992256	-0.000645	7.226074	0.000645	0.992256	6.272156	
1183	0.993612	-0.000321	5.865723	0.000321	0.993612	5.509766	
1184	0.993087	0.000016	6.086487	-0.000016	0.993087	6.485046	
1185	0.985802	-0.000848	12.705078	0.000848	0.985802	13.506897	
1186	0.995426	0.000303	3.812744	-0.000303	0.995426	5.598083	
1187	0.994976	-0.000157	4.019958	0.000157	0.994976	5.597046	
1188	0.995177	0.000302	3.450500	-0.000302	0.995177	5.680908	
1189	0.995282	-0.001611	4.525818	0.001611	0.995282	4.485901	
1190	0.995851	-0.000401	2.528748	0.000401	0.995851	6.669250	
1191	0.995966	-0.001206	2.677429	0.001206	0.995966	3.825256	
1192	0.997654	0.000500	-0.130188	-0.000500	0.997654	3.644836	
1193	0.997199	0.000854	-0.879211	-0.000854	0.997199	4.351685	
1194	0.997892	0.000146	-1.140259	-0.000146	0.997892	3.130310	
1195	0.996943	0.000455	-4.932861	-0.000455	0.996943	4.341858	
1196	0.998522	-0.000900	-2.774109	0.000900	0.998522	0.808777	
1197	0.999786	-0.000199	-4.786804	0.000199	0.999786	0.004211	
1198	1.000060	-0.000166	-4.952271	0.000166	1.000060	-0.365814	
1199	0.999422	-0.000134	-3.942139	0.000134	0.999422	-0.784729	
1200	1.003081	0.000142	-8.465942	-0.000142	1.003081	-5.542664	
1201	1.006305	-0.000482	-6.278320	0.000482	1.006305	-7.683594	
1202	1.013813	0.000345	-15.101746	-0.000345	1.013813	-15.824402	
