0	1.000000	0.000000	0.000000	0.000000	1.000000	0.000000	
1	0.999969	0.000045	0.082642	-0.000045	0.999969	0.057556	
2	0.999540	0.002095	-0.552734	-0.002095	0.999540	1.000885	
3	1.000004	-0.000021	-0.048645	0.000021	1.000004	0.022125	
4	1.000797	0.001508	-1.702881	-0.001508	1.000797	2.550323	
5	0.998483	-0.004412	3.836609	0.004412	0.998483	-1.887238	
6	0.999969	-0.000053	-0.020569	0.000053	0.999969	0.016693	
7	1.000006	0.000001	-0.013550	-0.000001	1.000006	0.001862	
8	0.999744	-0.000245	0.415894	0.000245	0.999744	0.098877	
9	0.999994	0.000010	-0.002869	-0.000010	0.999994	0.059326	
10	0.999977	0.000094	-0.041504	-0.000094	0.999977	0.197388	
11	0.999992	0.000051	0.046265	-0.000051	0.999992	0.029083	
12	0.999474	0.004100	-1.413513	-0.004100	0.999474	2.010498	
13	1.000006	0.000020	-0.012573	-0.000020	1.000006	0.042755	
14	1.000049	-0.000063	-0.059204	0.000063	1.000049	0.088654	
15	1.000049	-0.000063	-0.059204	0.000063	1.000049	0.088654	
16	1.000121	0.000034	-0.126221	-0.000034	1.000121	0.099670	
17	1.000005	-0.000034	-0.002625	0.000034	1.000005	-0.213959	
18	1.000007	-0.000045	-0.044800	0.000045	1.000007	-0.300232	
19	1.000101	-0.000067	-0.030396	0.000067	1.000101	0.070190	
20	1.000005	0.000156	-0.047852	-0.000156	1.000005	0.212097	
21	0.999941	0.000034	0.096741	-0.000034	0.999941	-0.009644	
22	0.998876	-0.002441	2.079102	0.002441	0.998876	-4.382904	
23	0.998399	-0.000768	1.492554	0.000768	0.998399	-3.287598	
24	1.000373	-0.001534	0.333862	0.001534	1.000373	-0.471222	
25	1.000508	-0.000517	-0.815796	0.000517	1.000508	-0.890076	
26	1.000044	-0.000032	-0.049561	0.000032	1.000044	-0.082184	
27	1.001032	-0.000128	-0.666809	0.000128	1.001032	-1.149780	
28	1.000264	0.000058	-0.168335	-0.000058	1.000264	-0.021759	
29	0.999999	0.000058	0.034973	-0.000058	0.999999	0.068085	
30	0.999901	0.000354	-0.103577	-0.000354	0.999901	0.034180	
31	1.000063	0.000387	-0.060791	-0.000387	1.000063	0.150848	
32	0.999999	0.000018	0.019409	-0.000018	0.999999	-0.053650	
33	0.999244	0.001791	-0.338348	-0.001791	0.999244	0.599976	
34	1.006487	0.000433	-7.940918	-0.000433	1.006487	2.998718	
35	0.999990	0.000023	0.051636	-0.000023	0.999990	-0.043030	
36	1.000142	0.000013	-0.039673	-0.000013	1.000142	-0.124023	
37	0.999943	-0.000071	0.103760	0.000071	0.999943	-0.034515	
38	1.000027	0.000029	0.040344	-0.000029	1.000027	0.038330	
39	0.999991	0.000026	0.105347	-0.000026	0.999991	-0.084106	
40	1.000069	-0.000043	-0.043823	0.000043	1.000069	-0.196594	
41	1.000127	-0.000133	0.136292	0.000133	1.000127	-0.196411	
42	0.999912	-0.000236	0.158936	0.000236	0.999912	-0.202698	
43	1.000038	-0.000118	0.094360	0.000118	1.000038	-0.114197	
44	1.000059	-0.000059	0.084229	0.000059	1.000059	-0.229797	
45	1.000038	-0.000005	0.076965	0.000005	1.000038	-0.110901	
46	1.000001	0.000068	-0.023865	-0.000068	1.000001	-0.064514	
47	1.000056	0.000076	0.006226	-0.000076	1.000056	-0.060547	
48	1.000002	0.000097	0.005188	-0.000097	1.000002	-0.132812	
49	1.000008	0.000067	0.014954	-0.000067	1.000008	0.032715	
50	1.000085	0.000577	-0.439880	-0.000577	1.000085	-0.002319	
51	1.000023	0.000106	-0.054504	-0.000106	1.000023	0.000366	
52	1.000089	0.000218	-0.088562	-0.000218	1.000089	-0.084717	
53	1.000057	0.000086	-0.049622	-0.000086	1.000057	-0.118896	
54	0.999968	0.000134	-0.049988	-0.000134	0.999968	-0.064697	
55	1.000959	0.000885	-1.617737	-0.000885	1.000959	-0.144470	
56	0.999975	0.000156	0.050415	-0.000156	0.999975	-0.073853	
57	1.000001	0.000003	0.013489	-0.000003	1.000001	-0.071838	
58	0.999970	0.000058	-0.055908	-0.000058	0.999970	-0.106384	
59	0.999953	-0.000015	0.053223	0.000015	0.999953	-0.060486	
60	0.999967	0.000095	-0.054199	-0.000095	0.999967	-0.087708	
61	0.999997	0.000033	-0.071411	-0.000033	0.999997	-0.058472	
62	0.999962	0.000061	-0.055908	-0.000061	0.999962	-0.088257	
63	0.999985	0.000013	-0.014099	-0.000013	0.999985	-0.088379	
64	0.999960	0.000044	0.009521	-0.000044	0.999960	-0.088806	
65	1.000003	0.000029	-0.094543	-0.000029	1.000003	-0.081055	
66	0.999970	0.000058	-0.025146	-0.000058	0.999970	-0.110291	
67	1.000011	0.000024	-0.051331	-0.000024	1.000011	-0.111084	
68	1.000008	0.000365	-0.245972	-0.000365	1.000008	0.035706	
69	1.000072	0.000009	-0.056702	-0.000009	1.000072	-0.127502	
70	1.000208	0.000140	-0.216736	-0.000140	1.000208	-0.206421	
71	1.000160	-0.000020	-0.164795	0.000020	1.000160	-0.123413	
72	1.000048	-0.000054	-0.095764	0.000054	1.000048	-0.011047	
73	1.000007	-0.000044	-0.023804	0.000044	1.000007	-0.092651	
74	1.000217	0.000017	-0.275146	-0.000017	1.000217	-0.376526	
75	0.999990	0.000019	0.035828	-0.000019	0.999990	0.018372	
76	0.999957	-0.000008	0.027649	0.000008	0.999957	0.083008	
77	1.000022	0.000020	-0.001160	-0.000020	1.000022	0.064514	
78	0.999950	0.000003	0.106750	-0.000003	0.999950	0.148132	
79	0.999978	-0.000051	0.010315	0.000051	0.999978	-0.058105	
80	1.000098	0.000013	-0.069092	-0.000013	1.000098	-0.000916	
81	1.000098	0.000013	-0.069092	-0.000013	1.000098	-0.000916	
82	1.000098	0.000013	-0.069092	-0.000013	1.000098	-0.000916	
83	1.000098	0.000013	-0.069092	-0.000013	1.000098	-0.000916	
84	1.001143	0.000831	-0.392517	-0.000831	1.001143	-0.156097	
85	0.999958	-0.000015	0.056274	0.000015	0.999958	-0.009552	
86	0.999958	-0.000015	0.056274	0.000015	0.999958	-0.009552	
87	0.999958	-0.000015	0.056274	0.000015	0.999958	-0.009552	
88	0.999981	-0.000079	-0.014526	0.000079	0.999981	-0.032196	
89	1.000036	-0.000021	-0.040955	0.000021	1.000036	-0.014343	
90	1.000036	-0.000021	-0.040955	0.000021	1.000036	-0.014343	
91	1.000036	-0.000021	-0.040955	0.000021	1.000036	-0.014343	
92	0.999977	0.000044	0.025269	-0.000044	0.999977	0.013947	
93	0.999977	0.000044	0.025269	-0.000044	0.999977	0.013947	
94	0.999962	-0.000020	0.060974	0.000020	0.999962	0.004486	
95	0.999962	-0.000020	0.060974	0.000020	0.999962	0.004486	
96	0.999992	0.000033	0.014221	-0.000033	0.999992	0.042053	
97	0.999992	0.000033	0.014221	-0.000033	0.999992	0.042053	
98	1.000342	0.000598	-0.267456	-0.000598	1.000342	0.004028	
99	1.000019	-0.000015	-0.080505	0.000015	1.000019	-0.040161	
100	1.004027	0.003304	-5.126038	-0.003304	1.004027	-2.088684	
101	0.999979	-0.000091	0.010803	0.000091	0.999979	-0.102173	
102	0.999968	-0.000111	-0.018005	0.000111	0.999968	-0.160370	
103	0.999968	-0.000111	-0.018005	0.000111	0.999968	-0.160370	
104	1.000193	-0.000284	-0.095276	0.000284	1.000193	-0.060028	
105	1.000193	-0.000284	-0.095276	0.000284	1.000193	-0.060028	
106	1.000193	-0.000284	-0.095276	0.000284	1.000193	-0.060028	
107	1.000079	0.000010	-0.048340	-0.000010	1.000079	0.028015	
108	0.999975	0.000086	0.050110	-0.000086	0.999975	0.035278	
109	0.999978	0.000061	0.036255	-0.000061	0.999978	0.025085	
110	1.000013	0.000130	0.033142	-0.000130	1.000013	0.126282	
111	1.000013	0.000130	0.033142	-0.000130	1.000013	0.126282	
112	0.999898	0.000168	-0.036804	-0.000168	0.999898	0.038940	
113	0.999898	0.000168	-0.036804	-0.000168	0.999898	0.038940	
114	0.999898	0.000168	-0.036804	-0.000168	0.999898	0.038940	
115	1.000150	-0.000012	-0.117004	0.000012	1.000150	0.005859	
116	1.000067	0.000053	-0.048035	-0.000053	1.000067	0.013153	
117	1.000067	0.000053	-0.048035	-0.000053	1.000067	0.013153	
118	1.000067	0.000053	-0.048035	-0.000053	1.000067	0.013153	
119	0.999968	0.000009	0.024475	-0.000009	0.999968	0.012848	
120	0.999968	0.000009	0.024475	-0.000009	0.999968	0.012848	
121	0.999968	0.000009	0.024475	-0.000009	0.999968	0.012848	
122	1.000011	0.000062	0.018433	-0.000062	1.000011	0.019684	
123	0.999947	-0.000028	0.065735	0.000028	0.999947	-0.011871	
124	0.999947	-0.000028	0.065735	0.000028	0.999947	-0.011871	
125	0.999944	0.000007	0.101685	-0.000007	0.999944	0.036392	
126	0.999944	0.000007	0.101685	-0.000007	0.999944	0.036392	
127	0.999935	0.000025	0.107971	-0.000025	0.999935	0.107819	
128	0.999935	0.000025	0.107971	-0.000025	0.999935	0.107819	
129	0.999935	0.000025	0.107971	-0.000025	0.999935	0.107819	
130	0.999935	0.000025	0.107971	-0.000025	0.999935	0.107819	
131	0.998894	-0.000067	1.045105	0.000067	0.998894	0.599152	
132	0.999524	0.000034	0.549194	-0.000034	0.999524	0.238922	
133	0.999524	0.000034	0.549194	-0.000034	0.999524	0.238922	
134	0.999562	-0.000004	0.580139	0.000004	0.999562	0.203827	
135	0.999562	-0.000004	0.580139	0.000004	0.999562	0.203827	
136	0.999562	-0.000004	0.580139	0.000004	0.999562	0.203827	
137	0.999197	0.000126	0.919922	-0.000126	0.999197	0.566589	
138	0.999197	0.000126	0.919922	-0.000126	0.999197	0.566589	
139	0.999197	0.000126	0.919922	-0.000126	0.999197	0.566589	
140	0.999563	0.000003	0.455444	-0.000003	0.999563	0.297272	
141	0.998910	-0.000136	0.989502	0.000136	0.998910	0.448059	
142	0.998910	-0.000136	0.989502	0.000136	0.998910	0.448059	
143	0.999192	0.000124	0.906128	-0.000124	0.999192	0.581635	
144	0.999192	0.000124	0.906128	-0.000124	0.999192	0.581635	
145	0.999192	0.000124	0.906128	-0.000124	0.999192	0.581635	
146	0.999192	0.000124	0.906128	-0.000124	0.999192	0.581635	
147	0.999192	0.000124	0.906128	-0.000124	0.999192	0.581635	
148	0.999192	0.000124	0.906128	-0.000124	0.999192	0.581635	
149	0.999192	0.000124	0.906128	-0.000124	0.999192	0.581635	
150	0.999631	0.000060	0.481384	-0.000060	0.999631	0.332428	
151	0.999631	0.000060	0.481384	-0.000060	0.999631	0.332428	
152	0.999631	0.000060	0.481384	-0.000060	0.999631	0.332428	
153	0.999631	0.000060	0.481384	-0.000060	0.999631	0.332428	
154	0.999560	0.000103	0.492310	-0.000103	0.999560	0.306732	
155	0.999560	0.000103	0.492310	-0.000103	0.999560	0.306732	
156	0.999560	0.000103	0.492310	-0.000103	0.999560	0.306732	
157	0.999560	0.000103	0.492310	-0.000103	0.999560	0.306732	
158	0.997974	-0.001176	0.935120	0.001176	0.997974	0.353516	
159	0.997974	-0.001176	0.935120	0.001176	0.997974	0.353516	
160	0.997974	-0.001176	0.935120	0.001176	0.997974	0.353516	
161	0.997974	-0.001176	0.935120	0.001176	0.997974	0.353516	
162	0.999545	-0.000031	0.497070	0.000031	0.999545	0.174072	
163	0.999545	-0.000031	0.497070	0.000031	0.999545	0.174072	
164	0.997614	-0.007031	2.221313	0.007031	0.997614	-7.416138	
165	0.994595	-0.000372	-1.338684	0.000372	0.994595	8.428497	
166	1.000992	-0.004915	-0.557129	0.004915	1.000992	-1.675507	
167	1.000992	-0.004915	-0.557129	0.004915	1.000992	-1.675507	
168	0.999484	0.000075	0.558533	-0.000075	0.999484	0.330261	
169	0.999185	0.000066	0.874207	-0.000066	0.999185	0.522491	
170	0.999441	-0.000137	0.595459	0.000137	0.999441	0.263184	
171	0.999441	-0.000137	0.595459	0.000137	0.999441	0.263184	
172	1.000309	-0.001200	-0.368774	0.001200	1.000309	-2.059631	
173	1.000309	-0.001200	-0.368774	0.001200	1.000309	-2.059631	
174	1.004565	-0.002944	-2.968933	0.002944	1.004565	-2.195557	
175	1.004565	-0.002944	-2.968933	0.002944	1.004565	-2.195557	
176	1.000466	-0.000522	-0.931519	0.000522	1.000466	-0.795471	
177	0.998888	0.000036	1.123779	-0.000036	0.998888	0.645416	
178	0.997433	0.000968	0.915466	-0.000968	0.997433	0.718414	
179	0.997433	0.000968	0.915466	-0.000968	0.997433	0.718414	
180	0.998932	-0.000215	0.661255	0.000215	0.998932	0.582581	
181	0.999077	0.000054	0.980652	-0.000054	0.999077	0.501495	
182	0.999545	0.000039	0.453613	-0.000039	0.999545	0.261932	
183	0.997530	0.000253	1.326111	-0.000253	0.997530	0.800568	
184	1.001659	0.005393	-4.295288	-0.005393	1.001659	3.824799	
185	0.999276	0.000150	0.839844	-0.000150	0.999276	0.553680	
186	0.999276	0.000150	0.839844	-0.000150	0.999276	0.553680	
187	0.999276	0.000150	0.839844	-0.000150	0.999276	0.553680	
188	0.999654	0.000097	0.421509	-0.000097	0.999654	0.268951	
189	0.999190	0.000034	0.921936	-0.000034	0.999190	0.530151	
190	0.999470	0.000053	0.587830	-0.000053	0.999470	0.377106	
191	0.998522	-0.000064	1.276611	0.000064	0.998522	0.675720	
192	0.999515	0.000002	0.564270	-0.000002	0.999515	0.264008	
193	0.999515	0.000002	0.564270	-0.000002	0.999515	0.264008	
194	0.999637	0.000008	0.324829	-0.000008	0.999637	0.171051	
195	0.999637	0.000008	0.324829	-0.000008	0.999637	0.171051	
196	0.999637	0.000008	0.324829	-0.000008	0.999637	0.171051	
197	0.998900	0.000025	1.052429	-0.000025	0.998900	0.582336	
198	0.999482	0.000097	0.543823	-0.000097	0.999482	0.358215	
199	0.999187	0.000136	1.001770	-0.000136	0.999187	0.641632	
200	0.999505	-0.000055	0.617615	0.000055	0.999505	0.292297	
201	0.999505	-0.000055	0.617615	0.000055	0.999505	0.292297	
202	0.999970	-0.000480	-0.572815	0.000480	0.999970	-3.419250	
203	0.999090	0.000139	1.047058	-0.000139	0.999090	0.693420	
204	1.000992	0.000990	-2.014099	-0.000990	1.000992	1.718170	
205	0.999247	0.000105	0.847961	-0.000105	0.999247	0.512482	
206	0.998986	-0.001973	1.800964	0.001973	0.998986	-3.275970	
207	0.998986	-0.001973	1.800964	0.001973	0.998986	-3.275970	
208	1.000060	0.001067	-0.162415	-0.001067	1.000060	0.006287	
209	0.999278	0.000119	0.891541	-0.000119	0.999278	0.564728	
210	0.999634	-0.001523	0.789734	0.001523	0.999634	-0.090637	
211	0.999634	-0.001523	0.789734	0.001523	0.999634	-0.090637	
212	1.000919	0.000298	-0.836914	-0.000298	1.000919	-2.690430	
213	1.000919	0.000298	-0.836914	-0.000298	1.000919	-2.690430	
214	0.999514	-0.000090	0.502075	0.000090	0.999514	0.196259	
215	0.999514	-0.000090	0.502075	0.000090	0.999514	0.196259	
216	0.999526	-0.000023	0.557495	0.000023	0.999526	0.336670	
217	0.999526	-0.000023	0.557495	0.000023	0.999526	0.336670	
218	0.999442	0.000087	0.566956	-0.000087	0.999442	0.110016	
219	0.999129	0.000087	0.984619	-0.000087	0.999129	0.640839	
220	0.999845	0.002045	-0.329468	-0.002045	0.999845	3.466705	
221	0.999134	0.000074	0.936829	-0.000074	0.999134	0.490356	
222	0.998429	-0.000037	1.225403	0.000037	0.998429	-1.752075	
223	0.998429	-0.000037	1.225403	0.000037	0.998429	-1.752075	
224	0.999744	-0.001734	1.018372	0.001734	0.999744	0.155090	
225	0.997927	-0.002353	2.787720	0.002353	0.997927	6.055084	
226	0.999967	0.002125	-1.027954	-0.002125	0.999967	0.323273	
227	0.999967	0.002125	-1.027954	-0.002125	0.999967	0.323273	
228	0.999423	0.000110	0.669983	-0.000110	0.999423	0.349457	
229	0.999224	-0.000003	0.857483	0.000003	0.999224	0.481369	
230	0.999533	-0.000002	0.509094	0.000002	0.999533	0.216888	
231	0.999533	-0.000002	0.509094	0.000002	0.999533	0.216888	
232	0.999378	-0.000024	0.727783	0.000024	0.999378	0.370667	
233	0.999029	0.000092	0.998230	-0.000092	0.999029	0.583649	
234	1.000831	-0.002029	0.025024	0.002029	1.000831	-0.003021	
235	1.000831	-0.002029	0.025024	0.002029	1.000831	-0.003021	
236	1.000831	-0.002029	0.025024	0.002029	1.000831	-0.003021	
237	1.000242	-0.000490	0.515808	0.000490	1.000242	0.066681	
238	1.000242	-0.000490	0.515808	0.000490	1.000242	0.066681	
239	1.000242	-0.000490	0.515808	0.000490	1.000242	0.066681	
240	0.999034	0.000151	1.169434	-0.000151	0.999034	0.647446	
241	0.999034	0.000151	1.169434	-0.000151	0.999034	0.647446	
242	0.999069	0.000073	1.094238	-0.000073	0.999069	0.605316	
243	1.000316	-0.000004	-1.220764	0.000004	1.000316	0.059601	
244	1.000316	-0.000004	-1.220764	0.000004	1.000316	0.059601	
245	1.000316	-0.000004	-1.220764	0.000004	1.000316	0.059601	
246	1.000316	-0.000004	-1.220764	0.000004	1.000316	0.059601	
247	1.000316	-0.000004	-1.220764	0.000004	1.000316	0.059601	
248	1.000316	-0.000004	-1.220764	0.000004	1.000316	0.059601	
249	1.000316	-0.000004	-1.220764	0.000004	1.000316	0.059601	
250	0.997164	-0.000190	2.834900	0.000190	0.997164	1.443634	
251	0.997164	-0.000190	2.834900	0.000190	0.997164	1.443634	
252	0.996199	0.000148	3.150940	-0.000148	0.996199	2.198486	
253	0.996199	0.000148	3.150940	-0.000148	0.996199	2.198486	
254	0.996199	0.000148	3.150940	-0.000148	0.996199	2.198486	
255	0.998357	0.000338	1.074158	-0.000338	0.998357	1.745087	
256	0.998357	0.000338	1.074158	-0.000338	0.998357	1.745087	
257	0.998357	0.000338	1.074158	-0.000338	0.998357	1.745087	
258	0.998357	0.000338	1.074158	-0.000338	0.998357	1.745087	
259	0.998357	0.000338	1.074158	-0.000338	0.998357	1.745087	
260	0.999651	0.000018	0.624451	-0.000018	0.999651	0.209564	
261	1.000169	0.000149	-0.281555	-0.000149	1.000169	0.254929	
262	1.000169	0.000149	-0.281555	-0.000149	1.000169	0.254929	
263	1.001045	-0.000276	-1.462769	0.000276	1.001045	-0.915161	
264	1.001045	-0.000276	-1.462769	0.000276	1.001045	-0.915161	
265	1.001045	-0.000276	-1.462769	0.000276	1.001045	-0.915161	
266	0.999900	0.000032	0.270630	-0.000032	0.999900	0.004303	
267	0.999967	0.000124	0.111938	-0.000124	0.999967	0.119873	
268	0.999968	0.000033	0.119080	-0.000033	0.999968	-0.001312	
269	0.999994	-0.000029	0.003540	0.000029	0.999994	-0.061768	
270	0.999994	-0.000029	0.003540	0.000029	0.999994	-0.061768	
271	0.998917	0.000083	1.209106	-0.000083	0.998917	0.615265	
272	0.998917	0.000083	1.209106	-0.000083	0.998917	0.615265	
273	0.998917	0.000083	1.209106	-0.000083	0.998917	0.615265	
274	0.998917	0.000083	1.209106	-0.000083	0.998917	0.615265	
275	0.998917	0.000083	1.209106	-0.000083	0.998917	0.615265	
276	0.998917	0.000083	1.209106	-0.000083	0.998917	0.615265	
277	0.998917	0.000083	1.209106	-0.000083	0.998917	0.615265	
278	0.998917	0.000083	1.209106	-0.000083	0.998917	0.615265	
279	0.998917	0.000083	1.209106	-0.000083	0.998917	0.615265	
280	0.998917	0.000083	1.209106	-0.000083	0.998917	0.615265	
281	0.998917	0.000083	1.209106	-0.000083	0.998917	0.615265	
282	0.998917	0.000083	1.209106	-0.000083	0.998917	0.615265	
283	0.998917	0.000083	1.209106	-0.000083	0.998917	0.615265	
284	0.998917	0.000083	1.209106	-0.000083	0.998917	0.615265	
285	0.998917	0.000083	1.209106	-0.000083	0.998917	0.615265	
286	0.998917	0.000083	1.209106	-0.000083	0.998917	0.615265	
287	0.998917	0.000083	1.209106	-0.000083	0.998917	0.615265	
288	0.998917	0.000083	1.209106	-0.000083	0.998917	0.615265	
289	0.998917	0.000083	1.209106	-0.000083	0.998917	0.615265	
290	0.978445	0.000100	20.068420	-0.000100	0.978445	11.304199	
291	0.978445	0.000100	20.068420	-0.000100	0.978445	11.304199	
292	0.978445	0.000100	20.068420	-0.000100	0.978445	11.304199	
293	0.987614	0.000028	11.611084	-0.000028	0.987614	6.474731	
294	0.987614	0.000028	11.611084	-0.000028	0.987614	6.474731	
295	0.987614	0.000028	11.611084	-0.000028	0.987614	6.474731	
296	0.987614	0.000028	11.611084	-0.000028	0.987614	6.474731	
297	0.994186	0.000093	5.403931	-0.000093	0.994186	3.091034	
298	0.993694	0.000118	5.837769	-0.000118	0.993694	3.622711	
299	0.993694	0.000118	5.837769	-0.000118	0.993694	3.622711	
300	1.000039	0.000049	-0.209961	-0.000049	1.000039	0.081329	
301	1.000583	0.000830	-0.343323	-0.000830	1.000583	0.019287	
302	1.000583	0.000830	-0.343323	-0.000830	1.000583	0.019287	
303	1.000033	0.000090	-0.086670	-0.000090	1.000033	0.099243	
304	1.000044	-0.000007	-0.060059	0.000007	1.000044	0.033081	
305	1.000058	-0.000016	-0.123962	0.000016	1.000058	0.000031	
306	0.999973	0.000009	-0.081848	-0.000009	0.999973	0.013641	
307	0.999980	-0.000046	-0.021423	0.000046	0.999980	-0.070282	
308	1.000001	-0.000033	-0.044067	0.000033	1.000001	-0.068924	
309	1.000001	-0.000033	-0.044067	0.000033	1.000001	-0.068924	
310	1.000042	-0.000094	-0.103699	0.000094	1.000042	-0.145813	
311	0.999984	-0.000011	0.012817	0.000011	0.999984	-0.023163	
312	1.000019	0.000105	0.001221	-0.000105	1.000019	0.140289	
313	0.998869	-0.000255	0.235596	0.000255	0.998869	0.292206	
314	0.999831	0.000387	0.214478	-0.000387	0.999831	0.603867	
315	0.999831	0.000387	0.214478	-0.000387	0.999831	0.603867	
316	1.000097	-0.000268	-0.131775	0.000268	1.000097	-0.112885	
317	1.000022	0.000026	-0.071472	-0.000026	1.000022	0.048157	
318	1.000027	0.000055	0.012634	-0.000055	1.000027	0.061066	
319	1.000048	0.000004	-0.054260	-0.000004	1.000048	-0.011108	
320	1.000044	0.000038	0.019043	-0.000038	1.000044	0.036377	
321	1.000831	0.000035	0.007385	-0.000035	1.000831	-0.302338	
322	1.000015	0.000021	0.003113	-0.000021	1.000015	-0.019348	
323	0.999611	-0.000199	0.145813	0.000199	0.999611	0.033752	
324	1.000000	-0.000018	0.023010	0.000018	1.000000	-0.040176	
325	1.000010	-0.000032	-0.017883	0.000032	1.000010	-0.042938	
326	1.000010	-0.000032	-0.017883	0.000032	1.000010	-0.042938	
327	1.000010	-0.000032	-0.017883	0.000032	1.000010	-0.042938	
328	1.000000	0.000046	0.005859	-0.000046	1.000000	0.017273	
329	1.000000	0.000046	0.005859	-0.000046	1.000000	0.017273	
330	1.000000	0.000046	0.005859	-0.000046	1.000000	0.017273	
331	1.000002	0.000006	0.000000	-0.000006	1.000002	0.035828	
332	1.000078	0.000017	-0.149536	-0.000017	1.000078	0.070770	
333	0.999994	0.000066	0.012573	-0.000066	0.999994	0.066742	
334	1.000049	-0.000051	-0.032349	0.000051	1.000049	-0.088104	
335	1.000679	0.000937	-1.468018	-0.000937	1.000679	1.805725	
336	1.000054	-0.000076	-0.007080	0.000076	1.000054	-0.116333	
337	1.000052	-0.000050	-0.045105	0.000050	1.000052	-0.012665	
338	1.000753	-0.000453	0.020782	0.000453	1.000753	-0.455872	
339	1.000047	-0.000049	-0.022766	0.000049	1.000047	-0.020905	
340	1.000045	0.000078	-0.076965	-0.000078	1.000045	0.062622	
341	1.000104	0.000061	-0.172852	-0.000061	1.000104	0.078979	
342	1.000053	0.000099	-0.200378	-0.000099	1.000053	0.168976	
343	0.999982	0.000075	-0.029602	-0.000075	0.999982	0.168488	
344	0.999952	-0.000004	-0.069702	0.000004	0.999952	0.017151	
345	1.000057	-0.000077	-0.041382	0.000077	1.000057	-0.076874	
346	0.999998	-0.000095	0.019165	0.000095	0.999998	-0.138885	
347	0.999980	-0.000026	0.016113	0.000026	0.999980	0.014435	
348	0.999980	-0.000026	0.016113	0.000026	0.999980	0.014435	
349	1.000059	-0.000028	-0.062012	0.000028	1.000059	-0.010590	
350	1.000011	0.000022	0.021179	-0.000022	1.000011	0.029144	
351	0.999980	-0.000013	0.032471	0.000013	0.999980	-0.009521	
352	1.000009	0.000035	-0.004761	-0.000035	1.000009	0.022614	
353	0.999994	-0.000004	-0.018921	0.000004	0.999994	-0.005615	
354	1.000010	0.000034	-0.112854	-0.000034	1.000010	0.057220	
355	1.000010	0.000034	-0.112854	-0.000034	1.000010	0.057220	
356	1.000010	0.000034	-0.112854	-0.000034	1.000010	0.057220	
357	0.999173	-0.000075	0.099792	0.000075	0.999173	0.224030	
358	1.000027	-0.000110	-0.163452	0.000110	1.000027	-0.163666	
359	1.000027	-0.000110	-0.163452	0.000110	1.000027	-0.163666	
360	1.000027	-0.000073	-0.052002	0.000073	1.000027	-0.073181	
361	1.000005	-0.000034	-0.022522	0.000034	1.000005	-0.008423	
362	0.999986	0.000002	-0.001404	-0.000002	0.999986	0.011719	
363	0.999846	0.000888	-0.206177	-0.000888	0.999846	0.201447	
364	0.999951	0.000030	0.112610	-0.000030	0.999951	0.029053	
365	0.999985	0.000032	0.041626	-0.000032	0.999985	0.030823	
366	0.999967	0.000034	0.054321	-0.000034	0.999967	0.021240	
367	0.999539	-0.000329	0.223816	0.000329	0.999539	0.067352	
368	0.999959	0.000041	0.095886	-0.000041	0.999959	0.055176	
369	1.000054	0.000105	0.088318	-0.000105	1.000054	0.114990	
370	0.999996	-0.000011	0.068542	0.000011	0.999996	-0.013763	
371	1.000042	-0.000058	-0.047302	0.000058	1.000042	-0.041931	
372	0.999981	-0.000053	0.015869	0.000053	0.999981	-0.045807	
373	0.999985	-0.000044	0.002319	0.000044	0.999985	-0.054108	
374	0.999901	-0.000061	0.227386	0.000061	0.999901	-0.014587	
375	0.999969	-0.000066	0.060913	0.000066	0.999969	-0.068115	
376	0.999969	-0.000066	0.060913	0.000066	0.999969	-0.068115	
377	1.000014	-0.000053	-0.058533	0.000053	1.000014	-0.032318	
378	0.999973	-0.000014	-0.026489	0.000014	0.999973	0.030914	
379	0.999988	-0.000052	-0.039795	0.000052	0.999988	-0.023834	
380	1.000035	0.000014	-0.025208	-0.000014	1.000035	0.013214	
381	1.000048	0.000059	-0.003784	-0.000059	1.000048	0.057098	
382	1.000048	0.000059	-0.003784	-0.000059	1.000048	0.057098	
383	0.999964	0.000013	0.053162	-0.000013	0.999964	0.008636	
384	1.000018	0.000023	-0.009949	-0.000023	1.000018	0.017639	
385	0.999928	-0.000036	0.040039	0.000036	0.999928	-0.062103	
386	0.999928	-0.000036	0.040039	0.000036	0.999928	-0.062103	
387	0.999996	-0.000049	-0.087830	0.000049	0.999996	-0.047913	
388	0.999994	-0.000034	-0.049683	0.000034	0.999994	-0.042908	
389	0.999988	-0.000028	-0.039062	0.000028	0.999988	-0.011383	
390	1.000018	0.000064	-0.259460	-0.000064	1.000018	0.165558	
391	0.999984	-0.000057	-0.135864	0.000057	0.999984	-0.029755	
392	0.999941	-0.000034	-0.017700	0.000034	0.999941	-0.049896	
393	0.999972	-0.000006	0.006409	0.000006	0.999972	-0.011200	
394	0.999963	0.000018	0.007812	-0.000018	0.999963	0.052460	
395	0.999841	-0.000297	0.056763	0.000297	0.999841	-0.018494	
396	0.999996	-0.000062	0.004089	0.000062	0.999996	-0.108368	
397	0.998327	-0.000140	0.301270	0.000140	0.998327	0.343567	
398	1.000013	-0.000079	-0.012878	0.000079	1.000013	-0.104279	
399	1.000248	-0.000398	-0.392456	0.000398	1.000248	-0.746490	
400	1.000248	-0.000398	-0.392456	0.000398	1.000248	-0.746490	
401	1.000241	0.000069	-0.031372	-0.000069	1.000241	-0.018341	
402	0.999982	0.000009	0.048889	-0.000009	0.999982	-0.016327	
403	1.000055	-0.000022	-0.008118	0.000022	1.000055	-0.040619	
404	0.999999	-0.000022	0.031433	0.000022	0.999999	-0.088959	
405	1.000050	-0.000008	-0.015198	0.000008	1.000050	0.001587	
406	1.000060	-0.000028	-0.056763	0.000028	1.000060	0.002197	
407	0.999953	-0.000006	0.045044	0.000006	0.999953	-0.057434	
408	1.000027	-0.000084	-0.087952	0.000084	1.000027	-0.074341	
409	0.999946	-0.000096	-0.054077	0.000096	0.999946	-0.116791	
410	1.000008	0.000018	-0.016479	-0.000018	1.000008	0.066071	
411	0.999984	-0.000036	-0.006287	0.000036	0.999984	-0.007324	
412	0.999993	-0.000040	-0.026917	0.000040	0.999993	-0.020386	
413	1.002393	-0.002376	-4.081299	0.002376	1.002393	-4.603271	
414	0.999989	-0.000042	0.053101	0.000042	0.999989	-0.055878	
415	0.999976	-0.000027	0.014404	0.000027	0.999976	-0.002716	
416	1.000002	0.000001	0.067017	-0.000001	1.000002	0.021912	
417	0.999999	-0.000016	-0.034546	0.000016	0.999999	0.003143	
418	1.000012	-0.000009	-0.052612	0.000009	1.000012	-0.084564	
419	1.000042	0.000027	0.015503	-0.000027	1.000042	-0.046021	
420	1.000302	0.000506	-0.169739	-0.000506	1.000302	0.014618	
421	0.999996	0.000074	0.059631	-0.000074	0.999996	0.003601	
422	0.999781	0.000235	0.393921	-0.000235	0.999781	0.347107	
423	1.000820	0.000079	-0.108826	-0.000079	1.000820	-0.215240	
424	1.000820	0.000079	-0.108826	-0.000079	1.000820	-0.215240	
425	1.000011	-0.000068	0.020020	0.000068	1.000011	0.041534	
426	1.000070	-0.000029	-0.022461	0.000029	1.000070	0.038177	
427	1.000018	-0.000054	-0.017151	0.000054	1.000018	-0.051361	
428	0.999997	-0.000101	-0.021118	0.000101	0.999997	-0.049835	
429	1.000752	0.000137	-1.388794	-0.000137	1.000752	-0.136383	
430	0.999992	-0.000001	0.008911	0.000001	0.999992	-0.021210	
431	0.999937	0.000025	0.077026	-0.000025	0.999937	0.010681	
432	1.000018	-0.000053	-0.033142	0.000053	1.000018	-0.040314	
433	0.999241	-0.000906	0.297791	0.000906	0.999241	0.087097	
434	0.999241	-0.000906	0.297791	0.000906	0.999241	0.087097	
435	1.000050	0.000071	0.000305	-0.000071	1.000050	0.125031	
436	0.999966	0.000136	0.018433	-0.000136	0.999966	0.032318	
437	1.000037	0.000046	-0.009277	-0.000046	1.000037	0.083679	
438	1.000037	0.000046	-0.009277	-0.000046	1.000037	0.083679	
439	1.003095	0.004471	-6.029541	-0.004471	1.003095	7.635971	
440	1.003095	0.004471	-6.029541	-0.004471	1.003095	7.635971	
441	1.003095	0.004471	-6.029541	-0.004471	1.003095	7.635971	
442	0.999997	-0.000013	0.010620	0.000013	0.999997	-0.031281	
443	0.999997	-0.000013	0.010620	0.000013	0.999997	-0.031281	
444	0.999997	-0.000013	0.010620	0.000013	0.999997	-0.031281	
445	1.001059	-0.000151	-1.292908	0.000151	1.001059	-0.783081	
446	1.001059	-0.000151	-1.292908	0.000151	1.001059	-0.783081	
447	1.001416	-0.000104	-1.356750	0.000104	1.001416	-0.972778	
448	1.001841	-0.000361	-2.721069	0.000361	1.001841	-1.393616	
449	1.001557	-0.000043	-1.471558	0.000043	1.001557	-0.897583	
450	1.003356	-0.000113	-3.026428	0.000113	1.003356	-1.796509	
451	1.001575	-0.000028	-1.459229	0.000028	1.001575	-0.884827	
452	1.003811	0.000182	-3.185974	-0.000182	1.003811	-1.903564	
453	1.001672	0.000038	-1.458984	-0.000038	1.001672	-0.882996	
454	1.003191	-0.000080	-2.963379	0.000080	1.003191	-1.760223	
455	1.001435	-0.000109	-1.351746	0.000109	1.001435	-0.855347	
456	1.004352	0.000080	-3.118805	-0.000080	1.004352	-1.983826	
457	1.001454	-0.000047	-1.361694	0.000047	1.001454	-0.813782	
458	1.003165	-0.000175	-2.918518	0.000175	1.003165	-1.909698	
459	1.001383	-0.000008	-1.352539	0.000008	1.001383	-0.728210	
460	1.001383	-0.000008	-1.352539	0.000008	1.001383	-0.728210	
461	1.001392	0.000023	-1.378235	-0.000023	1.001392	-0.713440	
462	1.001392	0.000023	-1.378235	-0.000023	1.001392	-0.713440	
463	1.001441	-0.000017	-1.410034	0.000017	1.001441	-0.811279	
464	1.003171	-0.000412	-2.939819	0.000412	1.003171	-2.135498	
465	0.999443	0.000542	0.824951	-0.000542	0.999443	1.658691	
466	0.999443	0.000542	0.824951	-0.000542	0.999443	1.658691	
467	1.000913	-0.000149	-1.189453	0.000149	1.000913	-0.725067	
468	1.000913	-0.000149	-1.189453	0.000149	1.000913	-0.725067	
469	1.001475	-0.000097	-1.403137	0.000097	1.001475	-0.914581	
470	1.001475	-0.000097	-1.403137	0.000097	1.001475	-0.914581	
471	1.001538	-0.000082	-1.369080	0.000082	1.001538	-0.696442	
472	1.001538	-0.000082	-1.369080	0.000082	1.001538	-0.696442	
473	1.001403	-0.000077	-1.334412	0.000077	1.001403	-0.774963	
474	1.001403	-0.000077	-1.334412	0.000077	1.001403	-0.774963	
475	1.001537	0.000053	-1.366211	-0.000053	1.001537	-0.678986	
476	1.003082	-0.000090	-2.862183	0.000090	1.003082	-1.629608	
477	1.003927	-0.001141	-3.170288	0.001141	1.003927	-4.001892	
478	1.002941	-0.000047	-2.787231	0.000047	1.002941	-1.516327	
479	1.002941	-0.000047	-2.787231	0.000047	1.002941	-1.516327	
480	1.004576	0.001056	-3.222137	-0.001056	1.004576	-1.925018	
481	1.003350	0.002478	-5.424438	-0.002478	1.003350	3.637375	
482	1.003350	0.002478	-5.424438	-0.002478	1.003350	3.637375	
483	1.000051	-0.000001	-0.082642	0.000001	1.000051	-0.002167	
484	0.999996	0.000004	-0.023621	-0.000004	0.999996	0.000275	
485	1.000048	0.000024	-0.084290	-0.000024	1.000048	0.021118	
486	0.999984	0.000024	-0.065674	-0.000024	0.999984	0.003510	
487	0.999977	0.000014	-0.001526	-0.000014	0.999977	0.020020	
488	0.999971	-0.000013	-0.012024	0.000013	0.999971	-0.032379	
489	0.999990	-0.000058	-0.054993	0.000058	0.999990	-0.021881	
490	1.000032	-0.000096	-0.097351	0.000096	1.000032	-0.045074	
491	0.999987	-0.000081	-0.054260	0.000081	0.999987	-0.091370	
492	0.999987	-0.000081	-0.054260	0.000081	0.999987	-0.091370	
493	0.999997	0.000011	0.029907	-0.000011	0.999997	0.038757	
494	0.999980	0.000025	0.037964	-0.000025	0.999980	0.039154	
495	0.999970	-0.000026	0.009766	0.000026	0.999970	0.000885	
496	0.999985	-0.000049	-0.002563	0.000049	0.999985	-0.030792	
497	0.999998	0.000065	0.096802	-0.000065	0.999998	0.089752	
498	0.999981	0.000033	0.015442	-0.000033	0.999981	0.012543	
499	1.002198	-0.003014	-0.224854	0.003014	1.002198	-5.678589	
500	1.002198	-0.003014	-0.224854	0.003014	1.002198	-5.678589	
501	1.000527	0.000795	-0.341614	-0.000795	1.000527	-0.134796	
502	1.000004	-0.000050	-0.055481	0.000050	1.000004	-0.176208	
503	0.999929	0.000031	0.067993	-0.000031	0.999929	-0.061859	
504	0.999963	-0.000010	-0.001526	0.000010	0.999963	-0.092834	
505	0.999845	0.000033	0.078369	-0.000033	0.999845	-0.038055	
506	0.999954	-0.000056	-0.008362	0.000056	0.999954	-0.098206	
507	0.999979	0.000070	0.075623	-0.000070	0.999979	-0.055756	
508	0.999997	-0.000039	0.030701	0.000039	0.999997	-0.108032	
509	0.999972	-0.000088	0.030945	0.000088	0.999972	-0.097412	
510	1.000051	-0.000092	-0.031433	0.000092	1.000051	-0.169189	
511	1.000006	-0.000049	-0.012207	0.000049	1.000006	-0.149902	
512	1.000006	-0.000049	-0.012207	0.000049	1.000006	-0.149902	
513	1.000006	-0.000049	-0.012207	0.000049	1.000006	-0.149902	
514	0.999994	0.000009	-0.029358	-0.000009	0.999994	-0.004379	
515	1.000006	0.000012	-0.025085	-0.000012	1.000006	0.031769	
516	1.000021	0.000087	-0.054382	-0.000087	1.000021	0.209564	
517	1.000021	0.000087	-0.054382	-0.000087	1.000021	0.209564	
518	0.999975	0.000042	0.007690	-0.000042	0.999975	0.034637	
519	0.999965	0.000009	0.001038	-0.000009	0.999965	-0.003143	
520	0.999965	0.000009	0.001038	-0.000009	0.999965	-0.003143	
521	0.999981	-0.000063	-0.053711	0.000063	0.999981	-0.014893	
522	1.000008	0.000036	-0.142090	-0.000036	1.000008	0.096588	
523	0.999930	0.000046	0.056030	-0.000046	0.999930	0.024902	
524	0.999930	0.000046	0.056030	-0.000046	0.999930	0.024902	
525	1.000004	-0.000022	0.010437	0.000022	1.000004	-0.076996	
526	1.000013	0.000018	-0.027161	-0.000018	1.000013	0.053070	
527	1.000013	0.000019	-0.023865	-0.000019	1.000013	0.059875	
528	1.000042	-0.000065	-0.069214	0.000065	1.000042	-0.054260	
529	1.000003	-0.000043	-0.038147	0.000043	1.000003	-0.069641	
530	0.999996	0.000063	0.022156	-0.000063	0.999996	0.049255	
531	0.999966	0.000015	0.010498	-0.000015	0.999966	-0.008362	
532	0.999994	-0.000007	0.019043	0.000007	0.999994	-0.009125	
533	1.000035	-0.000002	-0.102539	0.000002	1.000035	-0.008545	
534	1.000035	-0.000002	-0.102539	0.000002	1.000035	-0.008545	
535	1.001411	0.000451	-0.282990	-0.000451	1.001411	-0.271576	
536	1.000026	0.000030	-0.034546	-0.000030	1.000026	0.100952	
537	1.000015	-0.000020	-0.076477	0.000020	1.000015	0.066406	
538	1.000487	0.000317	-0.927734	-0.000317	1.000487	-0.271667	
539	0.999905	-0.000045	0.050171	0.000045	0.999905	-0.071259	
540	0.999951	-0.000009	-0.004822	0.000009	0.999951	-0.036407	
541	0.999967	-0.000028	0.006226	0.000028	0.999967	-0.019196	
542	1.000044	0.000077	-0.062317	-0.000077	1.000044	-0.015747	
543	0.999959	0.000033	0.004761	-0.000033	0.999959	-0.015778	
544	1.000014	0.000058	0.041138	-0.000058	1.000014	0.044067	
545	0.995504	0.001738	3.898926	-0.001738	0.995504	5.657715	
546	0.995504	0.001738	3.898926	-0.001738	0.995504	5.657715	
547	1.000017	-0.000102	-0.028198	0.000102	1.000017	-0.076447	
548	1.000110	-0.000415	-0.143921	0.000415	1.000110	-0.710815	
549	0.999925	-0.000050	0.055054	0.000050	0.999925	-0.078278	
550	1.000492	-0.000210	-0.040680	0.000210	1.000492	-0.122925	
551	0.999891	-0.000030	0.039978	0.000030	0.999891	-0.083527	
552	0.999971	-0.000040	-0.001892	0.000040	0.999971	-0.072998	
553	1.000196	-0.000253	0.190308	0.000253	1.000196	-0.348816	
554	1.000067	-0.000024	-0.109009	0.000024	1.000067	0.027618	
555	1.000043	0.000034	-0.027161	-0.000034	1.000043	0.043793	
556	1.000044	0.000017	-0.052979	-0.000017	1.000044	-0.014343	
557	1.000044	0.000017	-0.052979	-0.000017	1.000044	-0.014343	
558	0.999993	-0.000099	-0.042480	0.000099	0.999993	-0.239807	
559	0.999959	-0.000020	0.057007	0.000020	0.999959	-0.114136	
560	0.999991	0.000020	-0.000549	-0.000020	0.999991	0.017731	
561	1.000028	-0.000074	-0.092529	0.000074	1.000028	-0.031250	
562	0.999999	0.000013	0.017639	-0.000013	0.999999	0.008423	
563	1.000037	0.000065	-0.012878	-0.000065	1.000037	0.049713	
564	1.000007	-0.000130	-0.030151	0.000130	1.000007	-0.169952	
565	1.000080	-0.000050	-0.074890	0.000050	1.000080	-0.002594	
566	1.000080	-0.000050	-0.074890	0.000050	1.000080	-0.002594	
567	1.000049	0.000013	-0.023376	-0.000013	1.000049	-0.007751	
568	1.000018	0.000105	0.063660	-0.000105	1.000018	0.130585	
569	1.000423	0.000339	-0.121094	-0.000339	1.000423	-0.128235	
570	0.999991	0.000064	0.032654	-0.000064	0.999991	-0.002045	
571	1.000802	-0.000126	-1.336304	0.000126	1.000802	-0.274841	
572	1.000003	0.000003	0.013977	-0.000003	1.000003	-0.008209	
573	0.999983	0.000059	0.002258	-0.000059	0.999983	0.119934	
574	0.999977	-0.000020	-0.017334	0.000020	0.999977	-0.003326	
575	0.999935	-0.000146	0.068359	0.000146	0.999935	-0.141602	
576	1.000002	-0.000099	-0.019714	0.000099	1.000002	-0.081543	
577	1.000032	-0.000004	0.003967	0.000004	1.000032	0.014954	
578	1.000008	0.000076	0.015747	-0.000076	1.000008	0.112000	
579	0.999996	0.000051	0.053833	-0.000051	0.999996	-0.022278	
580	1.000008	0.000040	0.038391	-0.000040	1.000008	-0.031921	
581	0.999958	-0.000033	0.063293	0.000033	0.999958	-0.172760	
582	0.999959	0.000053	0.046570	-0.000053	0.999959	-0.043854	
583	0.999932	-0.000035	-0.025635	0.000035	0.999932	-0.114655	
584	1.000035	0.000004	-0.058411	-0.000004	1.000035	0.108185	
585	1.000725	-0.001281	-0.089600	0.001281	1.000725	-0.318878	
586	1.000050	-0.000070	-0.100281	0.000070	1.000050	-0.023712	
587	1.000050	-0.000070	-0.100281	0.000070	1.000050	-0.023712	
588	0.999982	0.000026	0.011597	-0.000026	0.999982	0.023438	
589	0.999890	0.000076	0.024902	-0.000076	0.999890	0.033234	
590	1.000074	0.000052	0.002625	-0.000052	1.000074	0.033112	
591	1.000063	0.000050	-0.002991	-0.000050	1.000063	0.038818	
592	0.999776	0.000109	-0.038391	-0.000109	0.999776	0.027710	
593	0.999972	0.000017	-0.028198	-0.000017	0.999972	-0.050140	
594	0.999983	-0.000079	-0.016052	0.000079	0.999983	-0.029449	
595	1.000047	-0.000050	-0.015930	0.000050	1.000047	0.011292	
596	0.999982	0.000038	-0.008728	-0.000038	0.999982	0.116333	
597	0.999952	0.000087	0.029541	-0.000087	0.999952	0.161865	
598	0.999954	0.000087	0.075195	-0.000087	0.999954	0.115753	
599	0.999954	0.000087	0.075195	-0.000087	0.999954	0.115753	
600	0.999929	0.000032	0.108398	-0.000032	0.999929	-0.022400	
601	0.999965	-0.000011	0.051086	0.000011	0.999965	-0.010742	
602	0.999996	-0.000011	0.011169	0.000011	0.999996	-0.016891	
603	0.999996	-0.000011	0.011169	0.000011	0.999996	-0.016891	
604	0.999993	-0.000044	0.013367	0.000044	0.999993	-0.073608	
605	0.999963	-0.000063	0.031158	0.000063	0.999963	-0.148087	
606	0.998561	0.000129	1.594788	-0.000129	0.998561	0.883011	
607	0.998561	0.000129	1.594788	-0.000129	0.998561	0.883011	
608	0.998415	0.000047	1.527954	-0.000047	0.998415	0.915039	
609	0.996176	-0.000235	3.359222	0.000235	0.996176	2.004425	
610	0.996176	-0.000235	3.359222	0.000235	0.996176	2.004425	
611	0.996176	-0.000235	3.359222	0.000235	0.996176	2.004425	
612	0.998844	-0.000077	1.665314	0.000077	0.998844	0.880035	
613	0.996500	0.000168	3.369141	-0.000168	0.996500	1.886078	
614	0.998335	0.000087	1.584534	-0.000087	0.998335	1.020203	
615	0.998335	0.000087	1.584534	-0.000087	0.998335	1.020203	
616	0.997338	0.000524	1.694885	-0.000524	0.997338	1.276337	
617	0.997338	0.000524	1.694885	-0.000524	0.997338	1.276337	
618	0.998348	0.000126	1.543579	-0.000126	0.998348	1.090790	
619	0.998348	0.000126	1.543579	-0.000126	0.998348	1.090790	
620	0.998728	0.000154	1.540466	-0.000154	0.998728	0.896576	
621	0.996390	0.000041	3.518372	-0.000041	0.996390	1.953247	
622	0.996390	0.000041	3.518372	-0.000041	0.996390	1.953247	
623	0.996390	0.000041	3.518372	-0.000041	0.996390	1.953247	
624	0.998463	0.000157	1.640930	-0.000157	0.998463	1.042984	
625	0.998463	0.000157	1.640930	-0.000157	0.998463	1.042984	
626	0.998591	-0.000196	1.422852	0.000196	0.998591	0.444916	
627	0.996673	0.000399	3.401733	-0.000399	0.996673	2.143158	
628	0.997961	-0.000243	1.835449	0.000243	0.997961	0.925781	
629	0.996362	0.000125	3.481323	-0.000125	0.996362	2.073364	
630	0.998191	-0.000120	1.707153	0.000120	0.998191	1.001648	
631	0.998191	-0.000120	1.707153	0.000120	0.998191	1.001648	
632	0.998191	-0.000120	1.707153	0.000120	0.998191	1.001648	
633	0.998191	-0.000120	1.707153	0.000120	0.998191	1.001648	
634	0.998484	0.000092	1.566345	-0.000092	0.998484	0.996292	
635	0.996320	0.000141	3.519348	-0.000141	0.996320	2.124451	
636	0.998192	-0.000080	1.707275	0.000080	0.998192	0.919281	
637	0.996376	-0.000613	3.760147	0.000613	0.996376	2.024567	
638	0.998270	0.000008	1.664062	-0.000008	0.998270	0.951813	
639	0.998431	0.000030	1.661682	-0.000030	0.998431	0.900116	
640	1.000004	-0.000006	-0.072327	0.000006	1.000004	0.007812	
641	0.999989	0.000040	-0.091370	-0.000040	0.999989	0.059601	
642	1.000013	-0.000015	0.003357	0.000015	1.000013	-0.031464	
643	1.000072	-0.000042	-0.042358	0.000042	1.000072	-0.059509	
644	0.999887	0.001187	0.065063	-0.001187	0.999887	2.108078	
645	1.000006	-0.000051	-0.025696	0.000051	1.000006	-0.081177	
646	0.999989	-0.000050	-0.011963	0.000050	0.999989	-0.065552	
647	1.000038	-0.000034	-0.054504	0.000034	1.000038	-0.044678	
648	1.000047	-0.000007	-0.073486	0.000007	1.000047	-0.007843	
649	1.000068	-0.000075	-0.073425	0.000075	1.000068	-0.072632	
650	0.999949	-0.000120	0.064575	0.000120	0.999949	-0.152283	
651	0.999949	-0.000120	0.064575	0.000120	0.999949	-0.152283	
652	1.000000	-0.000005	-0.012512	0.000005	1.000000	-0.000458	
653	1.000003	0.000019	0.008667	-0.000019	1.000003	0.034836	
654	1.000003	-0.000003	-0.021118	0.000003	1.000003	0.011292	
655	1.000000	0.000029	0.009460	-0.000029	1.000000	0.057922	
656	1.000051	0.000027	-0.066345	-0.000027	1.000051	0.073700	
657	1.000050	-0.000017	-0.092896	0.000017	1.000050	0.012665	
658	1.000050	-0.000962	0.259338	0.000962	1.000050	-1.008850	
659	1.000013	0.000022	-0.032166	-0.000022	1.000013	0.047638	
660	1.000005	0.000019	-0.013062	-0.000019	1.000005	0.008270	
661	0.999977	-0.000003	0.046875	0.000003	0.999977	-0.019928	
662	0.999952	-0.000043	0.080750	0.000043	0.999952	-0.092804	
663	0.999985	-0.000014	0.030762	0.000014	0.999985	-0.026581	
664	1.000007	-0.000036	-0.023560	0.000036	1.000007	-0.045929	
665	0.999992	0.000077	0.005798	-0.000077	0.999992	0.120361	
666	0.999970	0.000073	0.079773	-0.000073	0.999970	0.078308	
667	1.000009	-0.000024	-0.024536	0.000024	1.000009	-0.031189	
668	1.000022	-0.000002	-0.044800	0.000002	1.000022	-0.009277	
669	0.999995	-0.000001	0.003174	0.000001	0.999995	-0.011902	
670	0.999932	-0.000023	0.085815	0.000023	0.999932	-0.050995	
671	1.000000	-0.000034	-0.012085	0.000034	1.000000	-0.057983	
672	0.997885	-0.002684	4.083496	0.002684	0.997885	-4.567719	
673	1.000004	-0.000009	-0.011292	0.000009	1.000004	-0.008850	
674	1.000012	-0.000021	-0.003235	0.000021	1.000012	-0.023224	
675	1.000008	-0.000023	0.031799	0.000023	1.000008	-0.045578	
676	1.000003	0.000007	0.009155	-0.000007	1.000003	0.010223	
677	0.999998	-0.000001	0.011719	0.000001	0.999998	-0.001358	
678	0.999976	0.000014	0.036133	-0.000014	0.999976	0.029236	
679	0.999976	0.000014	0.036133	-0.000014	0.999976	0.029236	
680	0.999988	0.000019	0.025574	-0.000019	0.999988	0.023743	
681	0.999981	-0.000025	0.035950	0.000025	0.999981	-0.037231	
682	0.999961	-0.000037	0.039185	0.000037	0.999961	-0.055115	
683	0.999961	-0.000037	0.039185	0.000037	0.999961	-0.055115	
684	0.997946	-0.001766	3.847717	0.001766	0.997946	-2.910736	
685	0.999988	-0.000053	0.036133	0.000053	0.999988	-0.097916	
686	0.999958	-0.000011	0.076355	0.000011	0.999958	-0.037170	
687	1.000716	0.000471	-1.286621	-0.000471	1.000716	0.710266	
688	1.000000	0.000063	-0.001831	-0.000063	1.000000	0.120026	
689	0.999978	0.000001	0.067017	-0.000001	0.999978	-0.002106	
690	0.999258	0.000408	1.140991	-0.000408	0.999258	0.813171	
691	1.000006	-0.000018	-0.016479	0.000018	1.000006	-0.040710	
692	1.000011	0.000020	-0.026306	-0.000020	1.000011	0.022552	
693	1.000018	0.000006	-0.027344	-0.000006	1.000018	0.016724	
694	0.992644	0.002403	3.072662	-0.002403	0.992644	7.130310	
695	0.992644	0.002403	3.072662	-0.002403	0.992644	7.130310	
696	1.000026	-0.000051	-0.028748	0.000051	1.000026	-0.071930	
697	1.000020	-0.000049	0.001160	0.000049	1.000020	-0.076202	
698	1.000031	-0.000002	-0.041504	0.000002	1.000031	0.010986	
699	1.000016	-0.000003	-0.033325	0.000003	1.000016	-0.000885	
700	0.999990	-0.000015	0.020325	0.000015	0.999990	-0.037476	
701	0.999980	-0.000044	0.024963	0.000044	0.999980	-0.087555	
702	0.999968	0.000018	0.058044	-0.000018	0.999968	-0.005066	
703	0.999977	-0.000005	0.035706	0.000005	0.999977	-0.020874	
704	0.999960	-0.000007	0.059875	0.000007	0.999960	-0.035400	
705	0.999954	0.000009	0.076843	-0.000009	0.999954	-0.020081	
706	1.000003	-0.000028	-0.005066	0.000028	1.000003	-0.011536	
707	0.999997	0.000043	0.021423	-0.000043	0.999997	0.043335	
708	0.999992	0.000013	0.029358	-0.000013	0.999992	0.011169	
709	1.000084	-0.000173	-0.023590	0.000173	1.000084	-0.073547	
710	1.000015	-0.000004	0.052490	0.000004	1.000015	-0.026489	
711	0.999987	0.000037	0.028687	-0.000037	0.999987	0.042328	
712	0.999999	0.000006	0.026550	-0.000006	0.999999	0.010223	
713	0.999997	-0.000005	0.026245	0.000005	0.999997	-0.000870	
714	0.995917	0.005678	6.659546	-0.005678	0.995917	10.617111	
715	0.995917	0.005678	6.659546	-0.005678	0.995917	10.617111	
716	1.000002	-0.000009	0.038635	0.000009	1.000002	-0.058533	
717	1.000002	-0.000009	0.038635	0.000009	1.000002	-0.058533	
718	0.999983	0.000025	0.024536	-0.000025	0.999983	0.018860	
719	1.000008	-0.000034	-0.018066	0.000034	1.000008	-0.078720	
720	0.999998	-0.000005	-0.000793	0.000005	0.999998	-0.011353	
721	0.999998	-0.000005	-0.000793	0.000005	0.999998	-0.011353	
722	0.999987	0.000031	0.022156	-0.000031	0.999987	0.018768	
723	0.999990	0.000028	0.009766	-0.000028	0.999990	0.024292	
724	1.000000	0.000029	0.002625	-0.000029	1.000000	0.056976	
725	0.999998	0.000067	0.006287	-0.000067	0.999998	0.104980	
726	0.999970	0.000054	0.094116	-0.000054	0.999970	0.048218	
727	0.999999	0.000017	0.027893	-0.000017	0.999999	0.018585	
728	0.999984	0.000058	0.110535	-0.000058	0.999984	0.072388	
729	1.000000	0.000058	0.039978	-0.000058	1.000000	0.084869	
730	0.998702	-0.001885	2.589722	0.001885	0.998702	-3.213608	
731	0.998702	-0.001885	2.589722	0.001885	0.998702	-3.213608	
732	0.999988	0.000019	0.110901	-0.000019	0.999988	0.019379	
733	0.999988	0.000019	0.110901	-0.000019	0.999988	0.019379	
734	0.999951	0.000608	-0.155869	-0.000608	0.999951	0.161011	
735	0.999990	0.000015	0.042725	-0.000015	0.999990	0.029663	
736	0.999990	0.000015	0.042725	-0.000015	0.999990	0.029663	
737	1.000007	0.000030	0.006836	-0.000030	1.000007	0.045639	
738	1.000001	-0.000002	0.011902	0.000002	1.000001	-0.014435	
739	1.000004	0.000007	0.015686	-0.000007	1.000004	-0.004150	
740	0.999983	0.000042	0.032532	-0.000042	0.999983	0.007965	
741	0.999983	0.000042	0.032532	-0.000042	0.999983	0.007965	
742	1.000020	-0.000007	0.014771	0.000007	1.000020	0.013794	
743	1.000049	-0.000020	-0.023560	0.000020	1.000049	-0.025848	
744	1.000009	0.000011	-0.005920	-0.000011	1.000009	0.034210	
745	1.000009	0.000011	-0.005920	-0.000011	1.000009	0.034210	
746	1.000000	-0.000029	-0.021423	0.000029	1.000000	-0.039215	
747	1.000035	0.000635	-0.133942	-0.000635	1.000035	0.113510	
748	1.000032	-0.000027	-0.049622	0.000027	1.000032	-0.004852	
749	1.000003	0.000019	-0.002502	-0.000019	1.000003	0.013855	
750	0.999981	0.000004	-0.003479	-0.000004	0.999981	-0.006134	
751	1.000003	0.000020	-0.019165	-0.000020	1.000003	0.011185	
752	0.999999	-0.000033	0.007202	0.000033	0.999999	-0.056854	
753	0.999987	-0.000076	0.039734	0.000076	0.999987	-0.132416	
754	1.002605	0.003701	-5.047485	-0.003701	1.002605	6.344849	
755	0.999990	0.000017	0.028564	-0.000017	0.999990	0.029236	
756	1.000019	-0.000017	0.038513	0.000017	1.000019	-0.048340	
757	1.000019	-0.000017	0.038513	0.000017	1.000019	-0.048340	
758	1.000018	0.000002	-0.009888	-0.000002	1.000018	0.006454	
759	1.000008	-0.000011	-0.004395	0.000011	1.000008	-0.016464	
760	1.000024	-0.000027	-0.046753	0.000027	1.000024	-0.017914	
761	1.000008	-0.000030	-0.019775	0.000030	1.000008	-0.017395	
762	1.000016	-0.000015	-0.030090	0.000015	1.000016	-0.008026	
763	0.999997	-0.000003	-0.034790	0.000003	0.999997	-0.014984	
764	0.999960	0.001737	-0.131836	-0.001737	0.999960	3.046310	
765	1.000027	-0.000023	-0.052917	0.000023	1.000027	-0.046021	
766	1.000001	-0.000002	-0.022705	0.000002	1.000001	0.051239	
767	0.999980	0.000041	-0.021790	-0.000041	0.999980	0.070145	
768	1.000007	0.000045	-0.033203	-0.000045	1.000007	0.075592	
769	1.000007	0.000045	-0.033203	-0.000045	1.000007	0.075592	
770	0.999394	0.001430	0.889282	-0.001430	0.999394	2.512177	
771	0.999394	0.001430	0.889282	-0.001430	0.999394	2.512177	
772	1.000003	0.000004	0.041382	-0.000004	1.000003	-0.014954	
773	0.999993	0.000019	0.047363	-0.000019	0.999993	0.002502	
774	1.000885	-0.000560	0.014069	0.000560	1.000885	-0.313629	
775	0.999962	0.000062	0.112549	-0.000062	0.999962	0.085297	
776	0.999939	-0.000718	0.243225	0.000718	0.999939	-0.124207	
777	0.999990	0.000033	0.030762	-0.000033	0.999990	0.073944	
778	0.999999	0.000011	-0.001892	-0.000011	0.999999	0.032013	
779	0.999997	0.000011	0.002136	-0.000011	0.999997	0.033142	
780	1.001941	-0.001232	-3.311523	0.001232	1.001941	-2.420654	
781	0.999992	0.000003	0.000244	-0.000003	0.999992	0.032654	
782	0.998764	0.001190	-0.184723	-0.001190	0.998764	0.538147	
783	1.000002	0.000034	-0.004211	-0.000034	1.000002	0.065857	
784	1.000029	0.000019	-0.053040	-0.000019	1.000029	0.048431	
785	0.999822	-0.000098	0.062805	0.000098	0.999822	0.002045	
786	0.999973	-0.000024	0.028503	0.000024	0.999973	-0.080750	
787	0.999988	-0.000030	0.041382	0.000030	0.999988	-0.067078	
788	0.999994	-0.000005	0.014221	0.000005	0.999994	-0.004379	
789	0.999983	0.000009	0.033875	-0.000009	0.999983	0.007935	
790	0.999999	0.000006	0.010254	-0.000006	0.999999	-0.017700	
791	1.000011	0.000006	-0.003113	-0.000006	1.000011	0.004364	
792	1.001504	0.001227	-0.558075	-0.001227	1.001504	-0.229340	
793	1.000003	-0.000002	-0.000916	0.000002	1.000003	0.006088	
794	0.999999	-0.000002	-0.002930	0.000002	0.999999	0.004395	
795	0.999999	-0.000002	-0.002930	0.000002	0.999999	0.004395	
796	0.999979	0.000005	0.015625	-0.000005	0.999979	-0.010803	
797	0.999982	-0.000075	0.042236	0.000075	0.999982	-0.134735	
798	0.999999	0.000007	0.000061	-0.000007	0.999999	0.010880	
799	0.999999	0.000007	0.000061	-0.000007	0.999999	0.010880	
800	0.999984	-0.000011	0.006592	0.000011	0.999984	-0.012070	
801	1.000001	-0.000017	0.008972	0.000017	1.000001	0.001923	
802	1.001767	0.000682	-3.180786	-0.000682	1.001767	1.019196	
803	1.000003	0.000002	0.004700	-0.000002	1.000003	0.003555	
804	1.000003	0.000002	0.004700	-0.000002	1.000003	0.003555	
805	1.000003	0.000002	0.004700	-0.000002	1.000003	0.003555	
806	1.000880	-0.000030	-0.111145	0.000030	1.000880	-0.239227	
807	1.000006	-0.000027	-0.007874	0.000027	1.000006	-0.075653	
808	1.000002	-0.000099	0.010620	0.000099	1.000002	-0.168335	
809	1.000002	-0.000099	0.010620	0.000099	1.000002	-0.168335	
810	0.999998	-0.000003	-0.004028	0.000003	0.999998	-0.008881	
811	0.999998	-0.000003	-0.004028	0.000003	0.999998	-0.008881	
812	0.999998	-0.000003	-0.004028	0.000003	0.999998	-0.008881	
813	0.999995	-0.000058	0.015686	0.000058	0.999995	-0.098526	
814	0.997968	0.003184	3.296021	-0.003184	0.997968	5.923874	
815	1.000047	0.000010	-0.013855	-0.000010	1.000047	-0.011627	
816	0.999992	0.000004	0.021301	-0.000004	0.999992	-0.031235	
817	1.000025	-0.000041	0.026123	0.000041	1.000025	-0.122345	
818	0.999997	0.000018	0.013977	-0.000018	0.999997	-0.047974	
819	1.000061	0.000002	-0.052856	-0.000002	1.000061	-0.064636	
820	1.000061	0.000002	-0.052856	-0.000002	1.000061	-0.064636	
821	1.000028	0.000038	-0.007446	-0.000038	1.000028	0.075333	
822	1.000024	0.000012	-0.017090	-0.000012	1.000024	0.036423	
823	1.000024	0.000012	-0.017090	-0.000012	1.000024	0.036423	
824	0.999987	0.000002	-0.019531	-0.000002	0.999987	0.049042	
825	0.999987	0.000002	-0.019531	-0.000002	0.999987	0.049042	
826	0.998991	-0.002455	1.269897	0.002455	0.998991	10.410614	
827	0.998991	-0.002455	1.269897	0.002455	0.998991	10.410614	
828	0.998991	-0.002455	1.269897	0.002455	0.998991	10.410614	
829	0.999916	0.001294	-0.340454	-0.001294	0.999916	0.107666	
830	0.999916	0.001294	-0.340454	-0.001294	0.999916	0.107666	
831	0.999916	0.001294	-0.340454	-0.001294	0.999916	0.107666	
832	0.999916	0.001294	-0.340454	-0.001294	0.999916	0.107666	
833	0.999961	0.000010	0.060486	-0.000010	0.999961	0.035645	
834	1.000032	0.000016	-0.009827	-0.000016	1.000032	0.045288	
835	1.000032	0.000016	-0.009827	-0.000016	1.000032	0.045288	
836	0.999990	0.000001	0.023743	-0.000001	0.999990	-0.009369	
837	0.999983	-0.000004	0.042725	0.000004	0.999983	-0.028473	
838	1.000030	-0.000024	-0.052307	0.000024	1.000030	0.016083	
839	1.000030	-0.000024	-0.052307	0.000024	1.000030	0.016083	
840	1.000030	-0.000024	-0.052307	0.000024	1.000030	0.016083	
841	1.000006	-0.000004	-0.001038	0.000004	1.000006	-0.007233	
842	1.000205	0.001547	-0.432098	-0.001547	1.000205	0.156006	
843	0.999947	-0.000003	0.073853	0.000003	0.999947	0.026077	
844	0.998236	-0.001108	0.528503	0.001108	0.998236	0.100433	
845	0.998236	-0.001108	0.528503	0.001108	0.998236	0.100433	
846	1.000023	0.000020	-0.000366	-0.000020	1.000023	-0.007385	
847	1.001489	0.000578	-0.342102	-0.000578	1.001489	-0.313293	
848	1.000116	0.000799	-0.252441	-0.000799	1.000116	1.356262	
849	1.000005	0.000011	-0.005859	-0.000011	1.000005	0.015381	
850	0.999995	-0.000008	0.029968	0.000008	0.999995	-0.013733	
851	0.999925	0.000204	0.159302	-0.000204	0.999925	0.342468	
852	1.000026	0.000048	-0.023010	-0.000048	1.000026	0.081635	
853	1.000026	0.000048	-0.023010	-0.000048	1.000026	0.081635	
854	1.000002	-0.000006	0.049438	0.000006	1.000002	-0.007141	
855	1.000002	-0.000006	0.049438	0.000006	1.000002	-0.007141	
856	0.999963	-0.000032	-0.004089	0.000032	0.999963	-0.062134	
857	0.999994	0.000035	-0.006531	-0.000035	0.999994	0.020081	
858	0.999965	-0.000038	0.066833	0.000038	0.999965	-0.078094	
859	0.999970	-0.000007	0.066589	0.000007	0.999970	-0.045166	
860	0.999965	0.000035	0.041504	-0.000035	0.999965	0.022369	
861	0.999988	0.000002	0.005737	-0.000002	0.999988	-0.018982	
862	1.000140	-0.000319	0.028992	0.000319	1.000140	-0.142334	
863	0.999997	0.000000	0.000427	-0.000000	0.999997	-0.022690	
864	1.000019	0.000015	-0.043152	-0.000015	1.000019	0.108826	
865	1.000059	-0.000016	-0.073303	0.000016	1.000059	0.044678	
866	0.999949	-0.000074	0.053284	0.000074	0.999949	0.063446	
867	0.999968	0.000000	0.017090	-0.000000	0.999968	-0.004028	
868	0.999953	-0.000019	0.059937	0.000019	0.999953	-0.032440	
869	0.999953	-0.000019	0.059937	0.000019	0.999953	-0.032440	
870	0.999971	0.000001	-0.005981	-0.000001	0.999971	0.044708	
871	1.000022	0.000022	-0.000793	-0.000022	1.000022	0.024658	
872	1.000047	-0.000021	-0.016602	0.000021	1.000047	-0.063049	
873	1.000029	0.000000	-0.018616	-0.000000	1.000029	0.022430	
874	1.000013	0.000027	-0.023376	-0.000027	1.000013	0.068970	
875	1.000036	0.000058	-0.038025	-0.000058	1.000036	0.136566	
876	0.999996	0.000007	-0.002075	-0.000007	0.999996	0.066925	
877	0.999996	0.000007	-0.002075	-0.000007	0.999996	0.066925	
878	0.999984	-0.000017	-0.009766	0.000017	0.999984	-0.015137	
879	0.999907	-0.000117	0.034180	0.000117	0.999907	0.009155	
880	1.000003	-0.000025	-0.016296	0.000025	1.000003	-0.024078	
881	1.000006	0.000004	0.003540	-0.000004	1.000006	0.008682	
882	0.999999	-0.000004	0.005005	0.000004	0.999999	-0.005173	
883	0.999999	-0.000004	0.005005	0.000004	0.999999	-0.005173	
884	0.999992	-0.000011	0.046448	0.000011	0.999992	-0.010849	
885	0.999992	-0.000011	0.046448	0.000011	0.999992	-0.010849	
886	1.000003	-0.000010	-0.004150	0.000010	1.000003	-0.006256	
887	0.999999	-0.000027	-0.002258	0.000027	0.999999	-0.024567	
888	0.999999	-0.000027	-0.002258	0.000027	0.999999	-0.024567	
889	0.999956	-0.000047	0.024292	0.000047	0.999956	-0.041565	
890	0.999956	-0.000047	0.024292	0.000047	0.999956	-0.041565	
891	0.999990	-0.000008	0.009766	0.000008	0.999990	-0.024963	
892	0.999990	-0.000008	0.009766	0.000008	0.999990	-0.024963	
893	1.000001	-0.000034	-0.004028	0.000034	1.000001	-0.039032	
894	1.000018	-0.000047	-0.005249	0.000047	1.000018	-0.045654	
895	1.000002	-0.000059	0.000244	0.000059	1.000002	-0.082489	
896	0.999902	-0.000033	0.161133	0.000033	0.999902	-0.072632	
897	0.999902	-0.000033	0.161133	0.000033	0.999902	-0.072632	
898	0.999990	-0.000032	0.013733	0.000032	0.999990	-0.040588	
899	0.999985	-0.000038	0.044556	0.000038	0.999985	-0.084976	
900	1.001609	-0.000036	-1.516785	0.000036	1.001609	-0.972565	
901	1.001609	-0.000036	-1.516785	0.000036	1.001609	-0.972565	
902	1.001609	-0.000036	-1.516785	0.000036	1.001609	-0.972565	
903	1.001609	-0.000036	-1.516785	0.000036	1.001609	-0.972565	
904	1.004870	0.000744	-3.678452	-0.000744	1.004870	-2.123840	
905	1.001579	-0.000110	-1.548889	0.000110	1.001579	-1.078186	
906	1.003380	0.000262	-3.258881	-0.000262	1.003380	-1.902100	
907	1.001270	-0.000094	-1.401550	0.000094	1.001270	-0.864563	
908	1.002541	-0.000297	-2.992493	0.000297	1.002541	-1.669800	
909	1.001556	-0.000130	-1.461914	0.000130	1.001556	-1.004364	
910	1.003445	-0.000155	-3.173950	0.000155	1.003445	-2.025848	
911	1.001516	-0.000121	-1.515015	0.000121	1.001516	-0.957703	
912	1.001940	-0.000281	-2.897217	0.000281	1.001940	-1.371780	
913	1.001491	-0.000082	-1.451904	0.000082	1.001491	-0.898132	
914	1.001491	-0.000082	-1.451904	0.000082	1.001491	-0.898132	
915	1.001563	0.000001	-1.521240	-0.000001	1.001563	-0.702881	
916	1.003367	-0.000173	-3.202515	0.000173	1.003367	-1.981659	
917	1.001846	-0.000096	-1.467468	0.000096	1.001846	-1.039856	
918	1.003402	0.000058	-3.226807	-0.000058	1.003402	-1.595764	
919	1.001532	-0.000025	-1.443481	0.000025	1.001532	-0.801025	
920	1.003343	-0.000100	-3.126343	0.000100	1.003343	-1.895416	
921	1.001581	-0.000043	-1.498962	0.000043	1.001581	-0.960999	
922	1.003259	-0.000046	-3.160217	0.000046	1.003259	-1.776367	
923	1.001486	-0.000054	-1.457458	0.000054	1.001486	-0.881622	
924	1.000783	0.001104	-3.030884	-0.001104	1.000783	-1.152802	
925	1.001543	-0.000077	-1.480408	0.000077	1.001543	-0.881897	
926	1.003219	-0.000039	-3.012085	0.000039	1.003219	-1.786377	
927	1.001344	-0.000178	-1.416992	0.000178	1.001344	-0.954620	
928	1.003533	0.000224	-3.181519	-0.000224	1.003533	-1.754669	
929	1.001577	0.000023	-1.428833	-0.000023	1.001577	-0.771790	
930	1.001577	0.000023	-1.428833	-0.000023	1.001577	-0.771790	
931	1.001422	0.000022	-1.442993	-0.000022	1.001422	-0.755493	
932	1.003242	-0.000103	-3.014648	0.000103	1.003242	-1.830597	
933	1.001143	-0.000086	-1.384216	0.000086	1.001143	-0.658783	
934	1.002899	-0.000108	-2.907715	0.000108	1.002899	-1.712524	
935	1.001111	-0.000239	-1.393372	0.000239	1.001111	-0.791016	
936	1.001430	-0.000011	-1.398804	0.000011	1.001430	-0.853149	
937	0.999977	0.000060	0.014343	-0.000060	0.999977	0.032288	
938	0.999977	0.000060	0.014343	-0.000060	0.999977	0.032288	
939	1.000024	0.000007	-0.008240	-0.000007	1.000024	-0.035004	
940	0.999679	-0.000239	0.149017	0.000239	0.999679	0.066711	
941	0.999965	0.000087	0.166138	-0.000087	0.999965	0.089966	
942	0.999991	0.000011	0.024048	-0.000011	0.999991	0.009430	
943	1.000083	0.000027	-0.014648	-0.000027	1.000083	0.122589	
944	1.000019	-0.000030	-0.025085	0.000030	1.000019	-0.018005	
945	1.000043	-0.000057	-0.068970	0.000057	1.000043	-0.038055	
946	0.999991	0.000010	0.001160	-0.000010	0.999991	-0.014740	
947	0.999982	0.000026	0.007080	-0.000026	0.999982	0.020508	
948	1.000008	0.000020	-0.016846	-0.000020	1.000008	0.033463	
949	1.000007	0.000008	-0.006348	-0.000008	1.000007	0.009552	
950	0.999395	-0.000538	0.175873	0.000538	0.999395	-0.035812	
951	0.999395	-0.000538	0.175873	0.000538	0.999395	-0.035812	
952	1.000009	0.000062	0.041748	-0.000062	1.000009	0.023804	
953	0.999979	-0.000035	0.031372	0.000035	0.999979	-0.070190	
954	0.999979	-0.000035	0.031372	0.000035	0.999979	-0.070190	
955	0.999988	-0.000019	0.029358	0.000019	0.999988	-0.015869	
956	0.999994	-0.000058	0.045044	0.000058	0.999994	-0.092438	
957	0.999987	0.000091	0.083069	-0.000091	0.999987	0.006195	
958	1.000051	0.000035	-0.013184	-0.000035	1.000051	0.045135	
959	1.000019	0.000001	-0.026428	-0.000001	1.000019	0.010559	
960	0.999955	-0.000083	0.079590	0.000083	0.999955	-0.108337	
961	0.999388	-0.000210	1.081177	0.000210	0.999388	-0.342102	
962	1.000031	-0.000026	0.010193	0.000026	1.000031	-0.094543	
963	1.000045	0.000090	-0.008911	-0.000090	1.000045	0.102905	
964	1.000021	0.000023	-0.033752	-0.000023	1.000021	0.057281	
965	0.999989	0.000006	0.014648	-0.000006	0.999989	0.049042	
966	1.000021	0.000062	0.008118	-0.000062	1.000021	0.090240	
967	0.999981	0.000096	0.062378	-0.000096	0.999981	0.062042	
968	0.999973	0.000063	0.002747	-0.000063	0.999973	0.116394	
969	1.000075	0.000065	-0.059875	-0.000065	1.000075	0.130890	
970	1.000075	0.000065	-0.059875	-0.000065	1.000075	0.130890	
971	0.999955	0.000004	-0.028198	-0.000004	0.999955	0.032898	
972	0.999959	-0.000042	0.071045	0.000042	0.999959	-0.103577	
973	1.000431	-0.000332	-0.705566	0.000332	1.000431	-0.639771	
974	1.000003	0.000003	0.019775	-0.000003	1.000003	0.015778	
975	0.999715	-0.001222	0.324463	0.001222	0.999715	-0.127228	
976	0.999715	-0.001222	0.324463	0.001222	0.999715	-0.127228	
977	0.999986	-0.000014	0.035522	0.000014	0.999986	-0.020782	
978	0.999004	0.000701	0.038696	-0.000701	0.999004	0.387665	
979	0.999983	0.000004	0.037659	-0.000004	0.999983	-0.010803	
980	0.999996	0.000394	-0.066223	-0.000394	0.999996	0.091675	
981	0.999988	0.000124	0.074951	-0.000124	0.999988	0.126648	
982	0.998843	0.000424	0.090637	-0.000424	0.998843	0.342834	
983	1.000062	0.000018	0.010681	-0.000018	1.000062	-0.001984	
984	1.000006	0.000011	0.000183	-0.000011	1.000006	0.030731	
985	1.000058	0.000009	-0.043640	-0.000009	1.000058	0.028351	
986	1.000024	-0.000065	-0.066833	0.000065	1.000024	-0.050293	
987	1.000025	-0.000020	-0.011841	0.000020	1.000025	-0.052368	
988	1.000000	-0.000055	0.009705	0.000055	1.000000	-0.110077	
989	1.000018	0.000037	0.012146	-0.000037	1.000018	0.015808	
990	1.000026	-0.000029	-0.028015	0.000029	1.000026	-0.028046	
991	1.000031	0.000030	0.017029	-0.000030	1.000031	-0.016022	
992	1.000019	-0.000021	-0.067139	0.000021	1.000019	-0.037170	
993	0.999969	-0.000039	-0.059204	0.000039	0.999969	-0.046814	
994	1.000034	-0.000009	-0.046509	0.000009	1.000034	-0.038086	
995	1.000014	-0.000005	-0.015869	0.000005	1.000014	-0.019379	
996	0.999998	-0.000005	-0.001953	0.000005	0.999998	-0.014038	
997	0.999998	-0.000005	-0.001953	0.000005	0.999998	-0.014038	
998	0.999990	-0.000006	0.022949	0.000006	0.999990	-0.008850	
999	0.999995	-0.000005	0.011353	0.000005	0.999995	0.000336	
1000	0.999996	-0.000025	0.055908	0.000025	0.999996	-0.058472	
1001	0.999998	-0.000007	0.061096	0.000007	0.999998	-0.063782	
1002	1.000006	-0.000025	0.047791	0.000025	1.000006	-0.042084	
1003	0.999997	0.000008	0.010132	-0.000008	0.999997	0.013916	
1004	0.999988	-0.000039	0.055054	0.000039	0.999988	-0.150620	
1005	1.000000	-0.000049	0.036011	0.000049	1.000000	-0.162170	
1006	1.000005	-0.000042	0.020264	0.000042	1.000005	-0.068604	
1007	0.999995	0.000025	0.003357	-0.000025	0.999995	0.019928	
1008	0.999999	0.000028	-0.000488	-0.000028	0.999999	0.021545	
1009	0.999999	0.000028	-0.000488	-0.000028	0.999999	0.021545	
1010	0.999999	0.000028	-0.000488	-0.000028	0.999999	0.021545	
1011	1.000010	0.000021	0.000854	-0.000021	1.000010	0.003357	
1012	1.000010	-0.000007	-0.008606	0.000007	1.000010	-0.019989	
1013	1.000010	-0.000007	-0.008606	0.000007	1.000010	-0.019989	
1014	1.000024	0.000052	-0.076721	-0.000052	1.000024	0.073212	
1015	1.000049	0.000048	-0.026978	-0.000048	1.000049	0.048309	
1016	0.999724	0.000063	0.421753	-0.000063	0.999724	0.098495	
1017	1.000026	0.000052	-0.004700	-0.000052	1.000026	0.058014	
1018	1.000059	0.000025	-0.060120	-0.000025	1.000059	0.092529	
1019	0.999994	0.000033	-0.008179	-0.000033	0.999994	0.064880	
1020	0.999993	0.000055	0.006958	-0.000055	0.999993	0.093414	
1021	0.999964	0.000029	0.024841	-0.000029	0.999964	0.034058	
1022	0.999964	0.000029	0.024841	-0.000029	0.999964	0.034058	
1023	0.999964	0.000029	0.024841	-0.000029	0.999964	0.034058	
1024	0.999977	-0.000007	0.052551	0.000007	0.999977	0.018906	
1025	0.999977	-0.000007	0.052551	0.000007	0.999977	0.018906	
1026	0.999986	0.000014	0.027344	-0.000014	0.999986	-0.004898	
1027	1.000036	-0.000013	-0.015137	0.000013	1.000036	-0.004791	
1028	1.000036	-0.000013	-0.015137	0.000013	1.000036	-0.004791	
1029	1.000005	0.000010	-0.033386	-0.000010	1.000005	0.005127	
1030	1.000005	0.000010	-0.033386	-0.000010	1.000005	0.005127	
1031	0.999972	-0.000022	0.016602	0.000022	0.999972	-0.055695	
1032	0.999412	-0.000073	0.084534	0.000073	0.999412	0.102051	
1033	1.000022	0.000009	-0.012878	-0.000009	1.000022	-0.001892	
1034	1.000022	0.000009	-0.012878	-0.000009	1.000022	-0.001892	
1035	1.000022	0.000009	-0.012878	-0.000009	1.000022	-0.001892	
1036	1.000001	0.000015	-0.023438	-0.000015	1.000001	0.024353	
1037	1.000017	-0.000010	-0.026123	0.000010	1.000017	-0.004608	
1038	1.000007	0.000022	-0.000977	-0.000022	1.000007	0.025330	
1039	0.999998	0.000009	-0.003052	-0.000009	0.999998	0.033112	
1040	0.999987	0.000012	0.042725	-0.000012	0.999987	0.024353	
1041	0.999987	0.000012	0.042725	-0.000012	0.999987	0.024353	
1042	0.999987	0.000012	0.042725	-0.000012	0.999987	0.024353	
1043	1.000004	-0.000001	0.030396	0.000001	1.000004	0.010803	
1044	0.999997	0.000000	0.080444	-0.000000	0.999997	-0.002426	
1045	0.999997	0.000000	0.080444	-0.000000	0.999997	-0.002426	
1046	1.000002	-0.000006	-0.000305	0.000006	1.000002	-0.005539	
1047	1.000002	0.000003	0.002930	-0.000003	1.000002	-0.002441	
1048	0.999990	0.000014	0.021484	-0.000014	0.999990	-0.008545	
1049	0.999990	0.000014	0.021484	-0.000014	0.999990	-0.008545	
1050	1.000001	-0.000014	0.009155	0.000014	1.000001	-0.027069	
1051	1.000001	-0.000014	0.009155	0.000014	1.000001	-0.027069	
1052	0.999993	-0.000015	0.012573	0.000015	0.999993	-0.035446	
1053	0.999992	0.000006	0.014526	-0.000006	0.999992	-0.008270	
1054	1.000001	-0.000002	0.004028	0.000002	1.000001	-0.015076	
1055	1.000022	-0.000025	-0.036438	0.000025	1.000022	-0.015076	
1056	0.999199	-0.000131	0.143433	0.000131	0.999199	0.125763	
1057	1.001797	-0.000061	-0.243988	0.000061	1.001797	-0.395721	
1058	1.000003	-0.000001	-0.051636	0.000001	1.000003	-0.002411	
1059	1.000013	-0.000083	-0.001465	0.000083	1.000013	-0.180542	
1060	1.000010	-0.000134	0.030640	0.000134	1.000010	-0.354660	
1061	1.000010	-0.000134	0.030640	0.000134	1.000010	-0.354660	
1062	0.999996	0.000018	-0.019287	-0.000018	0.999996	0.029861	
1063	1.001912	-0.001202	0.111328	0.001202	1.001912	-0.636658	
1064	1.001912	-0.001202	0.111328	0.001202	1.001912	-0.636658	
1065	0.999359	0.001050	1.031372	-0.001050	0.999359	1.837982	
1066	1.000013	-0.000025	-0.000244	0.000025	1.000013	-0.045456	
1067	1.000027	0.000019	0.005859	-0.000019	1.000027	-0.021454	
1068	1.000027	0.000019	0.005859	-0.000019	1.000027	-0.021454	
1069	0.999975	0.000073	0.007996	-0.000073	0.999975	0.115356	
1070	0.999962	0.000076	0.039307	-0.000076	0.999962	0.087006	
1071	0.999989	-0.000022	-0.001465	0.000022	0.999989	-0.017273	
1072	1.000676	0.000610	-0.174164	-0.000610	1.000676	0.014053	
1073	1.000676	0.000610	-0.174164	-0.000610	1.000676	0.014053	
1074	0.999981	0.000016	0.084167	-0.000016	0.999981	0.047943	
1075	0.999981	0.000016	0.084167	-0.000016	0.999981	0.047943	
1076	0.999916	0.000153	0.198120	-0.000153	0.999916	0.276306	
1077	1.000040	-0.000039	-0.046936	0.000039	1.000040	-0.017548	
1078	1.000095	0.000011	-0.023315	-0.000011	1.000095	0.062958	
1079	1.000037	0.000071	0.038818	-0.000071	1.000037	0.058258	
1080	1.000104	-0.000046	-0.079895	0.000046	1.000104	0.029877	
1081	0.999949	-0.000003	-0.013367	0.000003	0.999949	-0.056091	
1082	0.999976	-0.000028	0.022705	0.000028	0.999976	-0.057678	
1083	0.996893	0.003175	-1.146851	-0.003175	0.996893	1.349670	
1084	0.996893	0.003175	-1.146851	-0.003175	0.996893	1.349670	
1085	0.996893	0.003175	-1.146851	-0.003175	0.996893	1.349670	
1086	1.000012	0.000021	-0.010254	-0.000021	1.000012	0.042328	
1087	1.001127	0.000367	-1.958130	-0.000367	1.001127	0.575226	
1088	1.001127	0.000367	-1.958130	-0.000367	1.001127	0.575226	
1089	1.000000	0.000045	-0.011475	-0.000045	1.000000	0.063110	
1090	1.000000	0.000045	-0.011475	-0.000045	1.000000	0.063110	
1091	1.000200	-0.000065	-0.071472	0.000065	1.000200	0.119751	
1092	1.000200	-0.000065	-0.071472	0.000065	1.000200	0.119751	
1093	1.000016	0.000021	0.073486	-0.000021	1.000016	-0.040070	
1094	1.000016	0.000021	0.073486	-0.000021	1.000016	-0.040070	
1095	0.999987	0.000061	0.054871	-0.000061	0.999987	0.045532	
1096	0.999987	0.000061	0.054871	-0.000061	0.999987	0.045532	
1097	1.000022	0.000045	0.051697	-0.000045	1.000022	0.031006	
1098	1.000022	0.000045	0.051697	-0.000045	1.000022	0.031006	
1099	1.000067	0.000060	0.005432	-0.000060	1.000067	0.043121	
1100	1.000078	-0.000014	-0.071655	0.000014	1.000078	0.037170	
1101	1.000001	0.000003	0.014587	-0.000003	1.000001	0.005005	
1102	1.000032	-0.000056	-0.043884	0.000056	1.000032	-0.032623	
1103	0.999951	-0.000078	0.018738	0.000078	0.999951	-0.155396	
1104	0.999946	-0.000010	0.073792	0.000010	0.999946	-0.066620	
1105	0.999708	-0.001065	0.260864	0.001065	0.999708	-1.060913	
1106	1.000004	-0.000047	-0.042664	0.000047	1.000004	-0.069580	
1107	1.000008	-0.000038	-0.095581	0.000038	1.000008	-0.030701	
1108	0.998528	0.001002	-0.022644	-0.001002	0.998528	0.458466	
1109	1.000013	0.000002	-0.031921	-0.000002	1.000013	-0.037292	
1110	1.000070	-0.000031	-0.071350	0.000031	1.000070	0.016968	
1111	0.999976	0.000055	0.127136	-0.000055	0.999976	0.008942	
1112	1.000035	0.000049	0.031555	-0.000049	1.000035	0.046021	
1113	1.002214	0.000367	-0.337830	-0.000367	1.002214	-0.392517	
1114	1.000008	0.000027	0.042175	-0.000027	1.000008	-0.003784	
1115	1.002506	-0.000617	-0.097168	0.000617	1.002506	-0.786926	
1116	1.000031	0.000020	0.071960	-0.000020	1.000031	-0.002899	
1117	1.000038	0.000015	0.013550	-0.000015	1.000038	-0.009888	
1118	1.000038	0.000015	0.013550	-0.000015	1.000038	-0.009888	
1119	0.999998	-0.000043	-0.016418	0.000043	0.999998	-0.017426	
1120	0.999998	-0.000043	-0.016418	0.000043	0.999998	-0.017426	
1121	0.999999	-0.000769	0.046997	0.000769	0.999999	-1.349243	
1122	0.999863	0.000265	0.031677	-0.000265	0.999863	0.007568	
1123	0.999976	-0.000066	-0.029358	0.000066	0.999976	-0.048706	
1124	0.999976	-0.000066	-0.029358	0.000066	0.999976	-0.048706	
1125	1.000031	0.000042	-0.027771	-0.000042	1.000031	0.067993	
1126	1.000031	0.000042	-0.027771	-0.000042	1.000031	0.067993	
1127	1.000003	-0.000077	-0.048584	0.000077	1.000003	-0.041077	
1128	1.000015	-0.000004	-0.031799	0.000004	1.000015	-0.016602	
1129	1.000015	-0.000004	-0.031799	0.000004	1.000015	-0.016602	
1130	1.000015	-0.000004	-0.031799	0.000004	1.000015	-0.016602	
1131	0.999992	-0.000056	0.016724	0.000056	0.999992	-0.079681	
1132	0.999634	0.000729	0.632080	-0.000729	0.999634	1.307861	
1133	1.000022	-0.000061	-0.052612	0.000061	1.000022	-0.084900	
1134	0.999997	-0.000001	0.027344	0.000001	0.999997	0.004211	
1135	1.000057	0.000040	0.026062	-0.000040	1.000057	0.072845	
1136	1.000027	-0.000008	-0.008972	0.000008	1.000027	0.017975	
1137	0.999568	0.000309	0.821045	-0.000309	0.999568	0.571960	
1138	0.999568	0.000309	0.821045	-0.000309	0.999568	0.571960	
1139	1.000032	0.000097	0.036255	-0.000097	1.000032	0.154175	
1140	1.001383	0.002544	-0.711578	-0.002544	1.001383	0.127319	
1141	0.999973	0.000040	0.049255	-0.000040	0.999973	0.000916	
1142	0.999987	-0.000076	-0.048279	0.000076	0.999987	-0.032745	
1143	0.998872	0.000595	0.123657	-0.000595	0.998872	0.387451	
1144	0.998872	0.000595	0.123657	-0.000595	0.998872	0.387451	
1145	1.000012	-0.000073	-0.093628	0.000073	1.000012	-0.031891	
1146	1.000031	-0.000046	-0.059692	0.000046	1.000031	-0.002014	
1147	1.000010	-0.000058	-0.104492	0.000058	1.000010	-0.010040	
1148	0.999856	-0.000470	0.072876	0.000470	0.999856	-0.127289	
1149	0.999971	-0.000000	-0.005127	0.000000	0.999971	-0.107117	
1150	1.000074	0.000000	-0.042053	-0.000000	1.000074	-0.002106	
1151	1.000037	0.000015	0.003845	-0.000015	1.000037	-0.034302	
1152	0.998833	0.000287	2.039062	-0.000287	0.998833	0.577026	
1153	1.000003	0.000024	0.060913	-0.000024	1.000003	-0.017151	
1154	1.000003	0.000024	0.060913	-0.000024	1.000003	-0.017151	
1155	1.002677	-0.000370	-0.188477	0.000370	1.002677	-0.669434	
1156	0.999991	0.000053	-0.002991	-0.000053	0.999991	0.106110	
1157	1.002178	-0.004841	2.219482	0.004841	1.002178	-5.844849	
1158	1.000121	-0.000464	0.068115	0.000464	1.000121	-0.139862	
1159	1.000013	-0.000039	0.030029	0.000039	1.000013	-0.043060	
1160	0.999992	-0.000045	0.032837	0.000045	0.999992	-0.058105	
1161	1.000020	-0.000023	0.047424	0.000023	1.000020	-0.021332	
1162	1.000019	-0.000002	0.006409	0.000002	1.000019	-0.061096	
1163	0.997724	-0.000022	0.302063	0.000022	0.997724	0.369690	
1164	0.997724	-0.000022	0.302063	0.000022	0.997724	0.369690	
1165	0.999968	-0.000058	-0.022644	0.000058	0.999968	-0.042786	
1166	0.999990	-0.000028	0.011780	0.000028	0.999990	-0.057800	
1167	1.000826	0.000030	-1.467651	-0.000030	1.000826	-0.078796	
1168	1.000044	-0.000028	-0.022034	0.000028	1.000044	-0.044922	
1169	1.000025	-0.000023	-0.034851	0.000023	1.000025	-0.019836	
1170	1.000028	-0.000074	0.005615	0.000074	1.000028	-0.183716	
1171	1.000014	-0.000118	0.006470	0.000118	1.000014	-0.245850	
1172	1.000014	-0.000118	0.006470	0.000118	1.000014	-0.245850	
1173	1.000030	0.000020	-0.048157	-0.000020	1.000030	0.057434	
1174	1.000030	0.000020	-0.048157	-0.000020	1.000030	0.057434	
1175	1.000010	-0.000001	-0.008179	0.000001	1.000010	0.015930	
1176	0.999988	0.000017	0.017334	-0.000017	0.999988	0.040405	
1177	0.999988	0.000017	0.017334	-0.000017	0.999988	0.040405	
1178	1.000045	0.000057	-0.030518	-0.000057	1.000045	0.141907	
1179	1.000087	0.000025	-0.071167	-0.000025	1.000087	0.132812	
1180	1.000087	0.000025	-0.071167	-0.000025	1.000087	0.132812	
1181	1.000022	0.000023	-0.005005	-0.000023	1.000022	-0.000854	
1182	1.000021	0.000046	0.016174	-0.000046	1.000021	0.046051	
1183	1.000040	0.000015	-0.009399	-0.000015	1.000040	0.042664	
1184	1.000027	0.000067	-0.009338	-0.000067	1.000027	0.104553	
1185	1.000030	0.000040	-0.000793	-0.000040	1.000030	0.044586	
1186	1.000005	0.000002	-0.006470	-0.000002	1.000005	0.015533	
1187	1.000341	0.000567	-0.190491	-0.000567	1.000341	0.039154	
1188	1.000018	-0.000325	-0.069946	0.000325	1.000018	-0.484497	
1189	1.000025	0.000031	-0.041077	-0.000031	1.000025	0.044586	
1190	1.000064	0.000042	-0.089905	-0.000042	1.000064	0.084503	
1191	0.999968	0.000029	-0.015564	-0.000029	0.999968	0.016693	
1192	0.999989	-0.000023	-0.046997	0.000023	0.999989	-0.007767	
1193	0.999979	-0.000008	0.004211	0.000008	0.999979	-0.012909	
1194	1.000011	0.000029	-0.003235	-0.000029	1.000011	0.048157	
1195	0.998900	-0.000004	0.181885	0.000004	0.998900	0.246460	
1196	0.998900	-0.000004	0.181885	0.000004	0.998900	0.246460	
1197	1.000046	-0.000045	-0.034546	0.000045	1.000046	-0.007385	
1198	1.000046	-0.000045	-0.034546	0.000045	1.000046	-0.007385	
1199	0.999955	-0.000011	0.026611	0.000011	0.999955	-0.029083	
1200	1.000003	0.000016	0.028992	-0.000016	1.000003	0.033539	
1201	1.000001	0.000012	0.013184	-0.000012	1.000001	0.004089	
1202	0.999992	-0.000041	0.000793	0.000041	0.999992	-0.030090	
1203	0.999971	-0.000077	0.005066	0.000077	0.999971	-0.096405	
1204	0.999989	-0.000035	0.031738	0.000035	0.999989	-0.049255	
1205	0.999989	-0.000035	0.031738	0.000035	0.999989	-0.049255	
1206	0.999988	0.000005	0.022095	-0.000005	0.999988	-0.007111	
1207	0.999985	0.000001	0.020569	-0.000001	0.999985	0.015533	
1208	0.999981	0.000023	0.016235	-0.000023	0.999981	0.012573	
1209	0.999961	0.000034	0.075195	-0.000034	0.999961	0.009155	
1210	0.999961	0.000034	0.075195	-0.000034	0.999961	0.009155	
1211	0.999968	0.000009	0.039062	-0.000009	0.999968	-0.021118	
1212	0.999968	0.000009	0.039062	-0.000009	0.999968	-0.021118	
1213	0.997820	0.000247	0.272705	-0.000247	0.997820	0.441772	
1214	0.999990	-0.000010	0.017761	0.000010	0.999990	-0.043457	
1215	1.000651	-0.000144	-1.084473	0.000144	1.000651	-0.294754	
1216	1.000651	-0.000144	-1.084473	0.000144	1.000651	-0.294754	
1217	1.000008	0.000067	0.013367	-0.000067	1.000008	0.050385	
1218	1.000008	0.000067	0.013367	-0.000067	1.000008	0.050385	
1219	1.000364	0.000395	-0.125488	-0.000395	1.000364	-0.077759	
1220	0.999967	-0.000032	0.031250	0.000032	0.999967	-0.121414	
1221	0.999950	-0.000034	-0.008057	0.000034	0.999950	-0.121948	
1222	0.999994	0.000006	0.020569	-0.000006	0.999994	-0.025986	
1223	0.999975	-0.000062	0.026367	0.000062	0.999975	-0.152161	
1224	1.000058	-0.000029	-0.009399	0.000029	1.000058	-0.133179	
1225	1.000008	0.000001	0.018738	-0.000001	1.000008	-0.016479	
1226	0.999948	-0.000179	0.245239	0.000179	0.999948	-0.380844	
1227	0.999892	-0.000396	0.228638	0.000396	0.999892	-0.703156	
1228	1.000000	0.000054	0.026306	-0.000054	1.000000	0.068680	
1229	0.999096	0.000083	0.157135	-0.000083	0.999096	0.326813	
1230	0.999096	0.000083	0.157135	-0.000083	0.999096	0.326813	
1231	0.999974	0.000006	0.033081	-0.000006	0.999974	0.006165	
1232	0.999625	-0.000293	0.624512	0.000293	0.999625	-0.443405	
1233	0.999625	-0.000293	0.624512	0.000293	0.999625	-0.443405	
1234	0.998879	0.000238	0.161926	-0.000238	0.998879	0.427704	
1235	0.999992	0.000021	-0.020081	-0.000021	0.999992	0.080002	
1236	1.000000	0.000031	0.002747	-0.000031	1.000000	0.079010	
1237	0.998577	-0.000918	0.382599	0.000918	0.998577	0.089386	
1238	1.000019	-0.000052	-0.030579	0.000052	1.000019	-0.033722	
1239	1.000004	-0.000019	-0.027405	0.000019	1.000004	-0.010284	
1240	0.999995	-0.000041	-0.025757	0.000041	0.999995	-0.059082	
1241	1.000001	-0.000017	-0.001526	0.000017	1.000001	-0.026871	
1242	0.997894	-0.000614	0.381500	0.000614	0.997894	0.395416	
1243	0.999844	0.000204	-0.013672	-0.000204	0.999844	0.066467	
1244	0.999844	0.000204	-0.013672	-0.000204	0.999844	0.066467	
1245	0.999998	-0.000041	0.011475	0.000041	0.999998	-0.060028	
1246	0.999980	-0.000075	-0.051392	0.000075	0.999980	-0.004425	
1247	0.999980	-0.000075	-0.051392	0.000075	0.999980	-0.004425	
1248	0.999964	-0.000017	0.022400	0.000017	0.999964	-0.055450	
1249	1.000029	-0.000032	-0.035645	0.000032	1.000029	-0.042587	
1250	1.000016	0.000050	-0.061096	-0.000050	1.000016	0.144333	
1251	1.000003	0.000082	-0.023193	-0.000082	1.000003	0.174118	
1252	1.000001	-0.003059	0.264038	0.003059	1.000001	-5.505722	
1253	1.000001	-0.003059	0.264038	0.003059	1.000001	-5.505722	
1254	1.000002	-0.000003	-0.002563	0.000003	1.000002	0.002304	
1255	1.000002	-0.000003	-0.002563	0.000003	1.000002	0.002304	
1256	1.000002	-0.000003	-0.002563	0.000003	1.000002	0.002304	
1257	0.999995	-0.000023	-0.007141	0.000023	0.999995	-0.026123	
1258	0.999975	-0.000025	-0.049377	0.000025	0.999975	-0.037689	
1259	0.999975	-0.000025	-0.049377	0.000025	0.999975	-0.037689	
1260	1.000083	-0.000009	-0.065735	0.000009	1.000083	-0.008804	
1261	1.000001	0.000012	0.054260	-0.000012	1.000001	-0.012787	
1262	1.000031	0.000012	-0.026367	-0.000012	1.000031	0.069153	
1263	1.000031	0.000012	-0.026367	-0.000012	1.000031	0.069153	
1264	1.000031	0.000012	-0.026367	-0.000012	1.000031	0.069153	
1265	1.000002	0.000085	-0.011230	-0.000085	1.000002	0.155167	
1266	0.999839	0.000381	0.126709	-0.000381	0.999839	0.615356	
1267	0.999975	0.000017	0.028809	-0.000017	0.999975	0.003906	
1268	0.999320	-0.002934	1.491943	0.002934	0.999320	-5.212219	
1269	0.999320	-0.002934	1.491943	0.002934	0.999320	-5.212219	
1270	0.999992	0.000018	0.000000	-0.000018	0.999992	0.040619	
1271	0.999992	0.000018	0.000000	-0.000018	0.999992	0.040619	
1272	0.999970	-0.000140	-0.058960	0.000140	0.999970	-0.267395	
1273	0.999993	0.000003	-0.007263	-0.000003	0.999993	-0.000137	
1274	0.999993	0.000003	-0.007263	-0.000003	0.999993	-0.000137	
1275	1.000035	0.000001	-0.002136	-0.000001	1.000035	-0.000504	
1276	1.000035	0.000001	-0.002136	-0.000001	1.000035	-0.000504	
1277	0.999968	-0.000070	0.009583	0.000070	0.999968	-0.136612	
1278	1.000002	0.000012	0.042297	-0.000012	1.000002	-0.041748	
1279	0.999999	-0.000004	0.016968	0.000004	0.999999	-0.039001	
1280	1.000004	0.000010	0.001404	-0.000010	1.000004	0.007736	
1281	1.000004	0.000010	0.001404	-0.000010	1.000004	0.007736	
1282	0.999985	-0.000004	-0.002808	0.000004	0.999985	-0.039490	
1283	0.999998	-0.000004	0.000916	0.000004	0.999998	0.002533	
1284	1.000008	0.000021	0.008545	-0.000021	1.000008	0.003632	
1285	1.000008	0.000021	0.008545	-0.000021	1.000008	0.003632	
1286	1.003678	-0.002359	-0.439575	0.002359	1.003678	-2.633850	
1287	0.999969	-0.000020	0.015137	0.000020	0.999969	-0.014587	
1288	0.999999	-0.000003	0.036865	0.000003	0.999999	0.035400	
1289	0.999999	0.000005	0.019104	-0.000005	0.999999	-0.007904	
1290	0.999945	0.000001	0.054626	-0.000001	0.999945	-0.054504	
1291	0.999999	0.000023	0.019470	-0.000023	0.999999	0.019104	
1292	0.999980	0.000013	0.013794	-0.000013	0.999980	0.006531	
1293	0.999994	0.000021	0.012878	-0.000021	0.999994	0.006454	
1294	0.999969	-0.000001	0.012512	0.000001	0.999969	-0.020081	
1295	1.000275	-0.000402	-0.453735	0.000402	1.000275	-0.657257	
1296	1.000068	0.000077	-0.037231	-0.000077	1.000068	0.163055	
1297	1.000068	0.000077	-0.037231	-0.000077	1.000068	0.163055	
1298	0.999998	-0.000004	0.008606	0.000004	0.999998	-0.004028	
1299	1.000060	0.000125	-0.008728	-0.000125	1.000060	0.069885	
1300	1.000012	0.000035	0.006897	-0.000035	1.000012	0.022705	
1301	1.000012	0.000028	-0.008301	-0.000028	1.000012	0.032181	
1302	1.000030	0.000034	-0.014343	-0.000034	1.000030	0.033875	
1303	1.000028	0.000022	-0.015015	-0.000022	1.000028	0.037949	
1304	1.000002	0.000019	0.001831	-0.000019	1.000002	0.010162	
1305	1.000507	-0.000812	-0.811035	0.000812	1.000507	-1.452484	
1306	0.999977	0.000017	0.031555	-0.000017	0.999977	0.025299	
1307	0.999976	0.000033	-0.004761	-0.000033	0.999976	0.104797	
1308	1.000029	0.000065	-0.004272	-0.000065	1.000029	0.068481	
1309	0.999974	0.000026	0.041809	-0.000026	0.999974	0.000580	
1310	1.000049	-0.000157	-0.077881	0.000157	1.000049	-0.323975	
1311	0.999983	-0.000006	0.021179	0.000006	0.999983	0.014252	
1312	1.000029	-0.000054	-0.056580	0.000054	1.000029	0.014160	
1313	1.000096	0.000323	-0.139404	-0.000323	1.000096	0.608856	
1314	1.000040	0.000059	-0.007874	-0.000059	1.000040	0.112061	
1315	0.997594	0.000239	2.292480	-0.000239	0.997594	1.404755	
1316	0.998909	0.000050	1.151184	-0.000050	0.998909	0.736542	
1317	0.997222	0.000274	2.422119	-0.000274	0.997222	1.510498	
1318	0.998807	0.000106	1.132019	-0.000106	0.998807	0.684967	
1319	0.997451	0.000019	2.338074	-0.000019	0.997451	1.341003	
1320	0.999024	0.000600	1.013702	-0.000600	0.999024	0.755676	
1321	0.997510	0.000028	2.397400	-0.000028	0.997510	1.224426	
1322	0.998804	0.000146	1.144165	-0.000146	0.998804	0.740234	
1323	0.997568	0.000065	2.415039	-0.000065	0.997568	1.363861	
1324	0.998794	-0.000009	1.126160	0.000009	0.998794	0.612732	
1325	0.997542	0.000163	2.304993	-0.000163	0.997542	1.522491	
1326	0.998847	0.000047	1.103943	-0.000047	0.998847	0.618469	
1327	0.997476	-0.000088	2.381348	0.000088	0.997476	1.151855	
1328	0.998840	0.000023	1.090454	-0.000023	0.998840	0.563721	
1329	0.997393	0.000142	2.300598	-0.000142	0.997393	1.497253	
1330	0.998739	0.000012	1.114319	-0.000012	0.998739	0.545441	
1331	0.997485	0.000096	2.361816	-0.000096	0.997485	1.384613	
1332	0.998897	0.000106	1.211670	-0.000106	0.998897	0.735718	
1333	0.997564	0.000119	2.369263	-0.000119	0.997564	1.434448	
1334	0.998702	-0.000056	1.160706	0.000056	0.998702	0.581390	
1335	0.997436	-0.000086	2.373413	0.000086	0.997436	1.329193	
1336	0.998877	-0.000033	1.197327	0.000033	0.998877	0.614838	
1337	0.997504	0.000085	2.334473	-0.000085	0.997504	1.419006	
1338	0.998870	0.000053	1.110840	-0.000053	0.998870	0.673218	
1339	0.998389	0.000156	2.220917	-0.000156	0.998389	1.094086	
1340	0.998798	0.000023	1.121155	-0.000023	0.998798	0.712585	
1341	0.997416	0.000169	2.385864	-0.000169	0.997416	1.569611	
1342	0.998805	0.000037	1.154419	-0.000037	0.998805	0.741455	
1343	1.000488	0.001381	-1.541504	-0.001381	1.000488	3.014709	
1344	0.998816	0.000130	1.210144	-0.000130	0.998816	0.819183	
1345	0.998153	0.000135	2.176697	-0.000135	0.998153	1.236694	
1346	1.000845	-0.003473	2.311981	0.003473	1.000845	-0.409393	
1347	0.997354	0.000136	2.466309	-0.000136	0.997354	1.610504	
1348	0.998894	0.000090	1.286865	-0.000090	0.998894	0.683228	
1349	0.999681	0.000124	2.299988	-0.000124	0.999681	0.810974	
1350	0.998207	-0.000219	2.532593	0.000219	0.998207	0.510315	
1351	0.999758	0.000385	2.153351	-0.000385	0.999758	0.889191	
1352	1.000086	0.000081	1.089844	-0.000081	1.000086	0.482666	
1353	0.997389	-0.000034	2.500488	0.000034	0.997389	1.421051	
1354	0.998817	0.000067	1.181519	-0.000067	0.998817	0.784149	
1355	0.997383	0.000082	2.521729	-0.000082	0.997383	1.496094	
1356	0.999046	-0.000194	1.305115	0.000194	0.999046	0.575012	
1357	0.998200	0.000239	2.257507	-0.000239	0.998200	1.274231	
1358	0.996138	-0.000415	5.772949	0.000415	0.996138	0.358765	
1359	0.998402	0.000302	2.194336	-0.000302	0.998402	1.226593	
1360	0.999007	0.000228	1.480408	-0.000228	0.999007	0.633240	
1361	0.999007	0.000228	1.480408	-0.000228	0.999007	0.633240	
1362	0.999967	0.000031	0.045959	-0.000031	0.999967	0.006470	
1363	0.999967	0.000031	0.045959	-0.000031	0.999967	0.006470	
1364	0.999988	0.000022	0.027039	-0.000022	0.999988	-0.013916	
1365	1.000023	0.000002	-0.008118	-0.000002	1.000023	-0.006165	
1366	1.000026	0.000017	-0.008240	-0.000017	1.000026	-0.024506	
1367	1.000026	0.000017	-0.008240	-0.000017	1.000026	-0.024506	
1368	1.000014	0.000053	0.033386	-0.000053	1.000014	0.014771	
1369	1.000096	0.000084	-0.152893	-0.000084	1.000096	0.092194	
1370	1.000096	0.000084	-0.152893	-0.000084	1.000096	0.092194	
1371	1.000096	0.000084	-0.152893	-0.000084	1.000096	0.092194	
1372	0.999977	-0.000048	0.070435	0.000048	0.999977	-0.085754	
1373	0.999977	-0.000048	0.070435	0.000048	0.999977	-0.085754	
1374	1.000045	-0.000101	-0.185303	0.000101	1.000045	0.021118	
1375	1.000098	0.000009	-0.123352	-0.000009	1.000098	0.082031	
1376	1.000022	-0.000083	-0.104675	0.000083	1.000022	-0.076385	
1377	0.999985	-0.000028	-0.001038	0.000028	0.999985	0.002533	
1378	1.001905	-0.003171	-3.048218	0.003171	1.001905	-5.937317	
1379	0.999929	0.000042	0.081970	-0.000042	0.999929	0.036865	
1380	1.000007	0.000006	0.033569	-0.000006	1.000007	-0.005341	
1381	1.000007	0.000006	0.033569	-0.000006	1.000007	-0.005341	
1382	0.999928	-0.000055	0.095947	0.000055	0.999928	-0.112213	
1383	0.999989	-0.000099	0.023254	0.000099	0.999989	-0.160187	
1384	0.999985	0.000006	0.013123	-0.000006	0.999985	0.039703	
1385	0.999963	0.000010	0.017334	-0.000010	0.999963	0.017334	
1386	0.999177	-0.000033	0.158997	0.000033	0.999177	0.236755	
1387	1.000625	-0.000074	-1.056519	0.000074	1.000625	-0.176010	
1388	0.999968	-0.000054	-0.020569	0.000054	0.999968	0.007996	
1389	1.000012	-0.000010	-0.015015	0.000010	1.000012	0.035889	
1390	0.999971	-0.000012	0.007935	0.000012	0.999971	0.004761	
1391	0.999994	-0.000007	-0.016785	0.000007	0.999994	0.011688	
1392	0.999994	-0.000007	-0.016785	0.000007	0.999994	0.011688	
1393	0.999992	-0.000006	-0.019287	0.000006	0.999992	-0.010712	
1394	0.999683	-0.000885	0.319733	0.000885	0.999683	-0.063660	
1395	0.999683	-0.000885	0.319733	0.000885	0.999683	-0.063660	
1396	1.000004	-0.000027	-0.010559	0.000027	1.000004	-0.022583	
1397	0.999563	-0.000598	0.789062	0.000598	0.999563	-0.980835	
1398	0.999969	-0.000103	0.017334	0.000103	0.999969	-0.132874	
1399	0.999969	-0.000103	0.017334	0.000103	0.999969	-0.132874	
1400	0.999978	-0.000073	0.021484	0.000073	0.999978	-0.061310	
1401	1.000010	-0.000003	0.005432	0.000003	1.000010	0.013672	
1402	0.997036	-0.001486	0.781067	0.001486	0.997036	0.639069	
1403	0.999921	0.000092	0.017456	-0.000092	0.999921	0.125641	
1404	0.999893	0.000005	0.024231	-0.000005	0.999893	0.062347	
1405	0.999981	0.000019	0.054749	-0.000019	0.999981	0.049683	
1406	1.000001	0.000009	-0.006104	-0.000009	1.000001	0.032959	
1407	1.000014	0.000136	0.036926	-0.000136	1.000014	0.198944	
1408	0.999969	0.000054	0.065186	-0.000054	0.999969	0.094177	
1409	0.999980	0.000015	0.074402	-0.000015	0.999980	0.053680	
1410	0.999980	0.000015	0.074402	-0.000015	0.999980	0.053680	
1411	1.000024	-0.000029	0.019104	0.000029	1.000024	-0.014709	
1412	1.000032	-0.000032	-0.006287	0.000032	1.000032	-0.102966	
1413	1.000032	-0.000032	-0.006287	0.000032	1.000032	-0.102966	
1414	1.000035	-0.000012	-0.042114	0.000012	1.000035	-0.004242	
1415	1.000007	-0.000071	-0.006714	0.000071	1.000007	-0.097046	
1416	0.999992	-0.000003	0.001892	0.000003	0.999992	0.023499	
1417	0.999992	-0.000003	0.001892	0.000003	0.999992	0.023499	
1418	1.000023	0.000034	0.005981	-0.000034	1.000023	-0.001038	
1419	1.000013	-0.000000	-0.035217	0.000000	1.000013	-0.044434	
1420	1.000024	-0.000097	-0.010864	0.000097	1.000024	-0.150299	
1421	1.000036	0.000022	-0.072021	-0.000022	1.000036	-0.024200	
1422	1.000028	0.000005	-0.059692	-0.000005	1.000028	-0.023407	
1423	1.000042	0.000060	-0.066223	-0.000060	1.000042	0.035217	
1424	0.999561	0.001030	-0.000488	-0.001030	0.999561	1.958191	
1425	1.000453	0.000092	-0.127991	-0.000092	1.000453	-0.014954	
1426	1.000117	0.000338	-0.059143	-0.000338	1.000117	0.233948	
1427	1.000008	-0.000052	0.004395	0.000052	1.000008	-0.049713	
1428	0.999985	-0.000004	-0.017395	0.000004	0.999985	-0.002899	
1429	0.999990	0.000018	0.011963	-0.000018	0.999990	0.004517	
1430	1.000032	0.000012	-0.032837	-0.000012	1.000032	0.009125	
1431	0.999630	-0.000113	0.106018	0.000113	0.999630	0.033936	
1432	0.999630	-0.000113	0.106018	0.000113	0.999630	0.033936	
1433	0.999993	-0.000044	-0.026489	0.000044	0.999993	0.005920	
1434	1.000049	0.000009	-0.083862	-0.000009	1.000049	0.060089	
1435	1.000053	-0.000031	-0.009705	0.000031	1.000053	0.004272	
1436	0.998262	-0.000240	-1.132202	0.000240	0.998262	2.495483	
1437	1.000432	-0.000422	0.012695	0.000422	1.000432	-0.196045	
1438	0.999934	0.000023	-0.057190	-0.000023	0.999934	0.020966	
1439	0.999999	-0.000042	-0.018982	0.000042	0.999999	-0.044403	
1440	0.999957	-0.000044	0.034485	0.000044	0.999957	-0.128632	
1441	1.000263	0.000037	-0.041870	-0.000037	1.000263	-0.062439	
1442	0.999944	-0.000032	0.035400	0.000032	0.999944	-0.047363	
1443	1.000710	-0.000808	0.105194	0.000808	1.000710	-0.348877	
1444	1.000037	-0.000020	-0.053162	0.000020	1.000037	0.035400	
1445	0.999974	-0.000018	0.008423	0.000018	0.999974	0.078857	
1446	0.999990	-0.000113	-0.073975	0.000113	0.999990	0.008240	
1447	0.999990	-0.000113	-0.073975	0.000113	0.999990	0.008240	
1448	0.999990	-0.000113	-0.073975	0.000113	0.999990	0.008240	
1449	0.999990	-0.000113	-0.073975	0.000113	0.999990	0.008240	
1450	0.999591	0.000058	0.418518	-0.000058	0.999591	0.143219	
1451	0.999111	0.000019	0.968872	-0.000019	0.999111	0.542358	
1452	0.999499	0.000015	0.613708	-0.000015	0.999499	0.182465	
1453	0.998771	0.000266	1.204773	-0.000266	0.998771	0.874573	
1454	0.999374	0.000030	0.707092	-0.000030	0.999374	0.320038	
1455	0.998393	0.000055	1.565918	-0.000055	0.998393	0.893646	
1456	0.998984	0.000069	1.036072	-0.000069	0.998984	0.663910	
1457	0.998408	0.000707	1.435303	-0.000707	0.998408	2.000153	
1458	0.998830	0.000019	1.057190	-0.000019	0.998830	0.578827	
1459	0.997862	0.000175	2.163940	-0.000175	0.997862	1.381866	
1460	0.998803	0.000043	1.240417	-0.000043	0.998803	0.477478	
1461	0.997480	0.000596	2.569824	-0.000596	0.997480	2.162231	
1462	0.999191	-0.000028	0.864197	0.000028	0.999191	0.247711	
1463	0.998063	0.000019	1.860046	-0.000019	0.998063	1.012909	
1464	0.997604	0.001570	0.684875	-0.001570	0.997604	1.034943	
1465	0.998712	0.000102	1.348816	-0.000102	0.998712	0.860535	
1466	0.999247	0.000302	0.491821	-0.000302	0.999247	0.369751	
1467	0.999611	0.000041	0.385803	-0.000041	0.999611	0.271271	
1468	0.999243	0.000040	0.749268	-0.000040	0.999243	0.429596	
1469	0.998983	0.000029	1.127502	-0.000029	0.998983	0.528107	
1470	0.998983	0.000029	1.127502	-0.000029	0.998983	0.528107	
1471	0.999009	0.000074	1.058716	-0.000074	0.999009	0.621063	
1472	0.999009	0.000074	1.058716	-0.000074	0.999009	0.621063	
1473	0.999009	0.000074	1.058716	-0.000074	0.999009	0.621063	
1474	0.999974	-0.000108	-0.052856	0.000108	0.999974	-0.047150	
1475	1.000021	-0.000015	-0.056580	0.000015	1.000021	0.058868	
1476	1.000342	0.000654	-0.253448	-0.000654	1.000342	0.041565	
1477	1.000058	0.000049	-0.020996	-0.000049	1.000058	0.059601	
1478	1.000039	-0.000015	0.036743	0.000015	1.000039	0.029785	
1479	1.001159	-0.000240	-0.119537	0.000240	1.001159	-0.255829	
1480	0.999904	-0.000052	0.102112	0.000052	0.999904	-0.004578	
1481	0.999903	-0.000044	0.008362	0.000044	0.999903	-0.032959	
1482	0.999955	-0.000063	0.023193	0.000063	0.999955	-0.039032	
1483	1.000003	0.000006	-0.062683	-0.000006	1.000003	0.084198	
1484	1.000822	0.000408	-1.462402	-0.000408	1.000822	0.679718	
1485	1.000822	0.000408	-1.462402	-0.000408	1.000822	0.679718	
1486	0.999947	-0.000004	0.005005	0.000004	0.999947	-0.023956	
1487	1.000010	-0.000022	-0.036255	0.000022	1.000010	-0.052734	
1488	1.000003	-0.000017	0.007019	0.000017	1.000003	-0.067078	
1489	1.000043	-0.000080	-0.014832	0.000080	1.000043	-0.212616	
1490	0.999931	0.000033	0.078247	-0.000033	0.999931	0.076355	
1491	0.999904	-0.000006	0.014709	0.000006	0.999904	0.026367	
1492	0.999983	-0.000072	-0.013611	0.000072	0.999983	-0.004639	
1493	0.999983	-0.000072	-0.013611	0.000072	0.999983	-0.004639	
1494	1.000010	-0.000054	-0.015015	0.000054	1.000010	-0.080109	
1495	0.999990	0.000114	-0.083923	-0.000114	0.999990	0.277832	
1496	0.999990	0.000114	-0.083923	-0.000114	0.999990	0.277832	
1497	1.000004	-0.000019	0.017334	0.000019	1.000004	-0.010651	
1498	0.999983	0.000050	0.056824	-0.000050	0.999983	0.030243	
1499	1.000041	0.000048	0.004822	-0.000048	1.000041	0.044342	
1500	0.999047	0.001721	0.066284	-0.001721	0.999047	0.783508	
1501	1.000032	0.000004	-0.008179	-0.000004	1.000032	0.006287	
1502	1.000011	0.000007	0.008545	-0.000007	1.000011	-0.009399	
1503	1.000009	0.000012	0.017639	-0.000012	1.000009	0.006287	
1504	1.000891	-0.000262	-0.036102	0.000262	1.000891	-0.274597	
1505	1.000018	-0.000002	0.011841	0.000002	1.000018	0.001312	
1506	1.000046	-0.000028	-0.049805	0.000028	1.000046	0.002716	
1507	1.001005	0.000619	-0.324051	-0.000619	1.001005	-0.119873	
1508	1.001005	0.000619	-0.324051	-0.000619	1.001005	-0.119873	
1509	0.999991	0.000030	0.032349	-0.000030	0.999991	0.046188	
1510	0.999972	0.000010	0.037109	-0.000010	0.999972	0.016129	
1511	0.999972	0.000010	0.037109	-0.000010	0.999972	0.016129	
1512	0.998957	-0.000012	0.196716	0.000012	0.998957	0.327057	
1513	0.998957	-0.000012	0.196716	0.000012	0.998957	0.327057	
1514	0.999998	-0.000029	0.006531	0.000029	0.999998	-0.037811	
1515	1.000017	-0.000009	-0.010071	0.000009	1.000017	-0.010513	
1516	1.000004	-0.000011	-0.010132	0.000011	1.000004	0.013153	
1517	1.000007	0.000006	-0.017334	-0.000006	1.000007	0.020111	
1518	0.999993	-0.000029	0.017029	0.000029	0.999993	-0.022095	
1519	1.000057	0.000095	-0.126770	-0.000095	1.000057	0.156067	
1520	0.999996	0.000005	-0.002930	-0.000005	0.999996	-0.000946	
1521	1.000000	-0.000015	-0.001038	0.000015	1.000000	0.003006	
1522	0.997948	0.000813	3.556274	-0.000813	0.997948	1.711990	
1523	0.997948	0.000813	3.556274	-0.000813	0.997948	1.711990	
1524	0.997948	0.000813	3.556274	-0.000813	0.997948	1.711990	
1525	1.000010	-0.000012	-0.013855	0.000012	1.000010	0.009705	
1526	1.000034	-0.000001	-0.037720	0.000001	1.000034	0.024933	
1527	0.999966	0.000014	0.036316	-0.000014	0.999966	0.016815	
1528	0.999966	0.000014	0.036316	-0.000014	0.999966	0.016815	
1529	0.999966	0.000014	0.036316	-0.000014	0.999966	0.016815	
1530	0.999966	0.000014	0.036316	-0.000014	0.999966	0.016815	
1531	1.000476	0.000037	-0.831909	-0.000037	1.000476	0.011276	
1532	1.000011	-0.000005	-0.003967	0.000005	1.000011	0.006882	
1533	0.999991	0.000010	-0.005737	-0.000010	0.999991	0.013016	
1534	0.999991	0.000010	-0.005737	-0.000010	0.999991	0.013016	
1535	0.999991	0.000010	-0.005737	-0.000010	0.999991	0.013016	
1536	1.000075	-0.000015	-0.115540	0.000015	1.000075	0.003204	
1537	1.000060	0.000009	-0.118469	-0.000009	1.000060	0.007996	
1538	1.000038	0.000044	-0.057373	-0.000044	1.000038	-0.004944	
1539	1.000042	0.000042	-0.102234	-0.000042	1.000042	0.003632	
1540	1.000042	0.000042	-0.102234	-0.000042	1.000042	0.003632	
1541	1.000042	0.000042	-0.102234	-0.000042	1.000042	0.003632	
1542	1.000011	-0.000013	-0.065979	0.000013	1.000011	-0.017212	
1543	1.000049	-0.000088	-0.212036	0.000088	1.000049	-0.181519	
1544	1.000049	-0.000088	-0.212036	0.000088	1.000049	-0.181519	
1545	1.000021	0.000046	-0.124146	-0.000046	1.000021	0.067688	
1546	1.000016	0.000013	-0.064331	-0.000013	1.000016	0.029480	
1547	1.000043	-0.000013	-0.180725	0.000013	1.000043	-0.027985	
1548	1.000020	0.000012	-0.067871	-0.000012	1.000020	-0.009003	
1549	1.000020	0.000012	-0.067871	-0.000012	1.000020	-0.009003	
1550	0.999972	-0.000008	-0.020081	0.000008	0.999972	-0.010559	
1551	1.000020	-0.000004	-0.057861	0.000004	1.000020	-0.012604	
1552	0.998961	0.001381	1.664185	-0.001381	0.998961	2.531616	
1553	0.998961	0.001381	1.664185	-0.001381	0.998961	2.531616	
1554	1.000009	-0.000039	-0.016541	0.000039	1.000009	-0.023743	
1555	1.000009	-0.000039	-0.016541	0.000039	1.000009	-0.023743	
1556	0.999998	-0.000040	-0.044678	0.000040	0.999998	-0.034149	
1557	0.999263	-0.000192	0.209503	0.000192	0.999263	0.172577	
1558	1.000008	-0.000001	-0.019531	0.000001	1.000008	-0.031952	
1559	0.999650	0.000469	0.611694	-0.000469	0.999650	0.834625	
1560	1.000079	-0.000011	-0.123230	0.000011	1.000079	-0.018646	
1561	1.000029	-0.000068	-0.111328	0.000068	1.000029	-0.081726	
1562	0.999978	-0.000012	-0.037903	0.000012	0.999978	-0.066711	
1563	1.000039	0.000037	-0.010071	-0.000037	1.000039	0.029510	
1564	1.000063	-0.000009	-0.208740	0.000009	1.000063	-0.054108	
1565	1.000063	-0.000009	-0.208740	0.000009	1.000063	-0.054108	
1566	0.997085	-0.002305	1.216248	0.002305	0.997085	0.919220	
1567	1.000005	-0.000057	-0.074463	0.000057	1.000005	-0.025360	
1568	0.999963	0.000005	0.026245	-0.000005	0.999963	0.042725	
1569	1.000008	0.000074	-0.080261	-0.000074	1.000008	0.150208	
1570	0.999958	0.000044	-0.013977	-0.000044	0.999958	0.095215	
1571	0.999945	0.000008	0.009827	-0.000008	0.999945	0.001343	
1572	1.000001	-0.000031	-0.023499	0.000031	1.000001	-0.018036	
1573	0.999983	-0.000032	0.000122	0.000032	0.999983	-0.008575	
1574	0.999817	-0.000004	0.305542	0.000004	0.999817	0.010376	
1575	0.999246	0.000351	0.051666	-0.000351	0.999246	0.306824	
1576	1.007586	0.001123	-13.754150	-0.001123	1.007586	1.174026	
1577	1.000030	-0.000017	-0.031982	0.000017	1.000030	0.018219	
1578	1.000111	-0.000137	-0.228271	0.000137	1.000111	-0.229462	
1579	0.999940	-0.000009	0.017151	0.000009	0.999940	0.023560	
1580	1.000002	0.000010	-0.017334	-0.000010	1.000002	0.035461	
1581	0.999957	-0.000032	0.000427	0.000032	0.999957	-0.030609	
1582	0.999957	-0.000032	0.000427	0.000032	0.999957	-0.030609	
1583	0.999983	-0.000014	0.007019	0.000014	0.999983	-0.019165	
1584	1.000000	-0.000011	-0.007874	0.000011	1.000000	-0.013123	
1585	0.999976	-0.000012	0.023438	0.000012	0.999976	-0.010895	
1586	0.999982	0.000004	0.026672	-0.000004	0.999982	-0.006012	
1587	0.999986	0.000011	0.018188	-0.000011	0.999986	0.023895	
1588	0.999966	0.000006	0.019409	-0.000006	0.999966	0.001007	
1589	0.999946	-0.000040	0.036499	0.000040	0.999946	-0.057922	
1590	0.999975	0.000017	-0.000366	-0.000017	0.999975	-0.016571	
1591	0.999974	-0.000004	-0.013855	0.000004	0.999974	-0.020599	
1592	1.000015	0.000019	-0.077942	-0.000019	1.000015	0.023376	
1593	1.000002	0.000020	-0.021240	-0.000020	1.000002	0.008911	
1594	1.000024	0.000008	-0.073486	-0.000008	1.000024	-0.002747	
1595	1.000000	0.000028	-0.050964	-0.000028	1.000000	0.037720	
1596	1.000010	0.000053	-0.078308	-0.000053	1.000010	0.080963	
1597	0.999991	0.000024	-0.017334	-0.000024	0.999991	0.029785	
1598	1.000545	-0.000068	-1.096558	0.000068	1.000545	-0.155548	
1599	0.998912	-0.000533	1.897217	0.000533	0.998912	-0.796249	
1600	1.000032	-0.000026	-0.152344	0.000026	1.000032	-0.027405	
