0	1.000000	0.000000	0.000000	0.000000	1.000000	0.000000	
1	1.003008	-0.000236	-2.251343	0.000236	1.003008	-1.489258	
2	1.003172	0.000035	-2.607788	-0.000035	1.003172	-1.674835	
3	1.003362	-0.000104	-2.712036	0.000104	1.003362	-1.456329	
4	1.003082	0.000112	-2.595459	-0.000112	1.003082	-1.027588	
5	1.003173	0.000043	-2.740845	-0.000043	1.003173	-1.156250	
6	1.003045	-0.000029	-2.679199	0.000029	1.003045	-1.128235	
7	1.003057	-0.000014	-2.746704	0.000014	1.003057	-1.219360	
8	1.003007	0.000067	-2.673584	-0.000067	1.003007	-1.252258	
9	1.003363	-0.000052	-3.112183	0.000052	1.003363	-1.701599	
10	1.003288	-0.000036	-3.071533	0.000036	1.003288	-1.521606	
11	1.003354	0.000006	-3.132324	-0.000006	1.003354	-1.445343	
12	1.003383	0.000154	-3.227051	-0.000154	1.003383	-1.606689	
13	1.007823	-0.000061	-7.182373	0.000061	1.007823	-3.911285	
14	1.003835	-0.000077	-3.406250	0.000077	1.003835	-2.144836	
15	1.004285	0.000015	-3.828857	-0.000015	1.004285	-2.139709	
16	1.004024	-0.000000	-3.844482	0.000000	1.004024	-1.787445	
17	1.003786	0.000214	-3.695312	-0.000214	1.003786	-1.534271	
18	1.008186	0.000122	-7.327026	-0.000122	1.008186	-3.953979	
19	1.003947	-0.000062	-3.144653	0.000062	1.003947	-1.798828	
20	1.003667	-0.000062	-2.689087	0.000062	1.003667	-2.213928	
21	1.004015	0.000153	-3.008179	-0.000153	1.004015	-2.398712	
22	1.004114	0.000266	-2.729370	-0.000266	1.004114	-2.174866	
23	1.007441	0.000307	-3.451050	-0.000307	1.007441	-3.492462	
24	1.003832	0.000193	-1.951294	-0.000193	1.003832	-1.924957	
25	1.003835	0.000073	-2.274658	-0.000073	1.003835	-1.912781	
26	1.003804	0.000124	-2.453613	-0.000124	1.003804	-1.819611	
27	1.003934	-0.000030	-2.542725	0.000030	1.003934	-2.014343	
28	1.007475	0.000143	-5.097290	-0.000143	1.007475	-2.809631	
29	1.003851	-0.000007	-2.915039	0.000007	1.003851	-1.510864	
30	1.003670	0.000004	-2.958130	-0.000004	1.003670	-1.413147	
31	1.003617	0.000182	-3.096924	-0.000182	1.003617	-1.594177	
32	1.003555	-0.000016	-2.831055	0.000016	1.003555	-1.861847	
33	1.007202	-0.000268	-5.457764	0.000268	1.007202	-3.509399	
34	1.003470	0.000021	-3.098022	-0.000021	1.003470	-2.023499	
35	1.003519	0.000168	-3.452271	-0.000168	1.003519	-1.586517	
36	1.003143	0.000123	-3.067383	-0.000123	1.003143	-1.495667	
37	1.003250	0.000080	-3.179199	-0.000080	1.003250	-1.332642	
38	1.006047	0.000003	-5.851196	-0.000003	1.006047	-2.746643	
39	1.003312	-0.000038	-3.277832	0.000038	1.003312	-1.909973	
40	1.003386	-0.000121	-3.253418	0.000121	1.003386	-2.009521	
41	1.003242	-0.000157	-3.233521	0.000157	1.003242	-2.059631	
42	1.003288	0.000043	-3.466919	-0.000043	1.003288	-1.632751	
43	1.006323	0.000244	-7.032349	-0.000244	1.006323	-3.769836	
44	1.003149	0.000223	-3.584717	-0.000223	1.003149	-1.425476	
45	1.003243	0.000063	-3.654663	-0.000063	1.003243	-1.563538	
46	1.003365	0.000322	-3.819214	-0.000322	1.003365	-0.783875	
47	1.003564	0.000282	-3.978027	-0.000282	1.003564	-0.776672	
48	1.006987	0.000303	-7.594238	-0.000303	1.006987	-2.251740	
49	1.003702	-0.000011	-4.090088	0.000011	1.003702	-1.351105	
50	1.003824	0.000422	-4.239014	-0.000422	1.003824	-0.925842	
51	1.004035	0.000038	-4.418213	-0.000038	1.004035	-1.351868	
52	1.009592	-0.000099	-9.396973	0.000099	1.009592	-5.561157	
53	1.007435	0.000968	-7.958740	-0.000968	1.007435	-1.022736	
54	1.004198	0.000321	-4.263428	-0.000321	1.004198	-0.443481	
55	1.003493	0.000034	-3.164795	-0.000034	1.003493	-0.522400	
56	1.003831	-0.000481	-3.180786	0.000481	1.003831	-1.495728	
57	1.003783	0.000319	-3.412842	-0.000319	1.003783	-0.764984	
58	1.007753	0.000474	-6.631104	-0.000474	1.007753	-2.690063	
59	1.004515	0.000174	-3.363281	-0.000174	1.004515	-1.349518	
60	1.004034	-0.000041	-2.790649	0.000041	1.004034	-1.286652	
61	1.003916	0.000079	-2.538452	-0.000079	1.003916	-1.422668	
62	1.003955	0.000015	-2.600952	-0.000015	1.003955	-1.758057	
63	1.008491	0.000182	-6.352051	-0.000182	1.008491	-2.783325	
64	1.003643	-0.000068	-2.943115	0.000068	1.003643	-1.345856	
65	1.003804	0.000206	-3.619873	-0.000206	1.003804	-2.024841	
66	1.003942	0.000268	-3.538086	-0.000268	1.003942	-1.788757	
67	1.003854	0.000205	-3.239502	-0.000205	1.003854	-1.305573	
68	1.007607	0.000360	-6.024414	-0.000360	1.007607	-2.034851	
69	1.003622	0.000199	-2.961060	-0.000199	1.003622	-0.861145	
70	1.003496	0.000217	-3.140137	-0.000217	1.003496	-0.497192	
71	1.003497	0.000177	-3.258423	-0.000177	1.003497	-0.508667	
72	1.003220	0.000114	-2.995605	-0.000114	1.003220	-0.528442	
73	1.003591	0.000398	-3.648071	-0.000398	1.003591	-0.572021	
74	1.007333	0.000790	-7.296875	-0.000790	1.007333	-1.600403	
75	1.004636	-0.000031	-5.224365	0.000031	1.004636	-1.897827	
76	1.003317	0.000700	-3.404297	-0.000700	1.003317	-0.013733	
77	1.003896	0.000040	-4.245239	-0.000040	1.003896	-1.790894	
78	1.007590	0.001555	-9.956055	-0.001555	1.007590	-3.303040	
79	1.009470	0.000610	-10.932617	-0.000610	1.009470	-4.571045	
80	1.004466	0.000304	-5.139404	-0.000304	1.004466	-1.989746	
81	1.004880	0.000395	-5.731934	-0.000395	1.004880	-1.631714	
82	1.005220	0.004313	-8.097168	-0.004313	1.005220	5.606476	
83	1.004547	0.001749	-5.662720	-0.001749	1.004547	0.670593	
84	1.012801	0.001921	-14.246460	-0.001921	1.012801	-3.916321	
85	1.007661	0.000268	-7.583374	-0.000268	1.007661	-3.998413	
86	1.007252	0.001623	-7.286011	-0.001623	1.007252	-2.631470	
87	1.006026	0.001108	-5.399536	-0.001108	1.006026	-3.260376	
88	1.006294	-0.000953	-4.686035	0.000953	1.006294	-5.747681	
89	1.004549	0.014297	-6.395996	-0.014297	1.004549	9.845367	
90	1.006680	0.000387	-5.379517	-0.000387	1.006680	-5.806091	
91	1.006565	0.000614	-5.114624	-0.000614	1.006565	-5.268768	
92	1.005855	0.000667	-4.618042	-0.000667	1.005855	-5.126770	
93	1.004761	0.000050	-3.592163	-0.000050	1.004761	-2.208008	
94	1.008855	0.000165	-7.005493	-0.000165	1.008855	-4.665039	
95	1.006450	-0.002488	-3.427063	0.002488	1.006450	-6.738525	
96	1.008752	0.002829	-10.314697	-0.002829	1.008752	-3.070068	
97	1.004655	0.000350	-4.195923	-0.000350	1.004655	-1.603943	
98	1.004748	0.000247	-4.783569	-0.000247	1.004748	-1.475769	
99	1.008956	0.000794	-9.881836	-0.000794	1.008956	-2.100281	
100	1.004506	0.000329	-5.221313	-0.000329	1.004506	-1.341858	
101	1.004235	0.000320	-5.056396	-0.000320	1.004235	-1.137634	
102	1.005193	-0.002324	-3.932983	0.002324	1.005193	-4.541321	
103	1.008311	0.003724	-12.607178	-0.003724	1.008311	-0.870544	
104	1.008245	0.000812	-11.344727	-0.000812	1.008245	-1.335876	
105	1.004274	0.000459	-5.809204	-0.000459	1.004274	-0.875305	
106	0.995809	-0.006289	6.498535	0.006289	0.995809	-7.730927	
107	1.008463	-0.002296	-8.320557	0.002296	1.008463	-7.550842	
108	1.004429	0.000361	-5.927246	-0.000361	1.004429	-1.148743	
109	1.008787	0.000703	-12.064087	-0.000703	1.008787	-2.192627	
110	1.005139	0.000808	-7.916504	-0.000808	1.005139	-0.841675	
111	1.005072	0.000032	-7.440308	-0.000032	1.005072	-1.849304	
112	1.005566	0.000387	-8.496704	-0.000387	1.005566	-2.041016	
113	1.005633	0.000242	-8.656006	-0.000242	1.005633	-1.927551	
114	1.005633	0.000242	-8.656006	-0.000242	1.005633	-1.927551	
115	1.005633	0.000242	-8.656006	-0.000242	1.005633	-1.927551	
116	1.000033	0.002619	-5.454834	-0.002619	1.000033	5.314941	
117	1.011622	0.005471	-20.859619	-0.005471	1.011622	5.949036	
118	1.007459	-0.000033	-9.455872	0.000033	1.007459	-3.456848	
119	1.007459	-0.000033	-9.455872	0.000033	1.007459	-3.456848	
120	1.007459	-0.000033	-9.455872	0.000033	1.007459	-3.456848	
121	1.007459	-0.000033	-9.455872	0.000033	1.007459	-3.456848	
122	1.007459	-0.000033	-9.455872	0.000033	1.007459	-3.456848	
123	1.007459	-0.000033	-9.455872	0.000033	1.007459	-3.456848	
124	1.007459	-0.000033	-9.455872	0.000033	1.007459	-3.456848	
125	1.008821	-0.000225	-5.350708	0.000225	1.008821	-4.102661	
126	1.011311	-0.001031	-12.716797	0.001031	1.011311	-5.725830	
127	1.011192	0.000462	-11.858521	-0.000462	1.011192	-3.111145	
128	1.005730	-0.012891	2.187256	0.012891	1.005730	-13.806091	
129	1.013731	0.001127	-2.331055	-0.001127	1.013731	-2.546997	
130	1.005029	0.001648	-1.210693	-0.001648	1.005029	1.117798	
131	1.005572	0.001331	-2.636841	-0.001331	1.005572	0.097595	
132	1.006896	0.001056	-4.567505	-0.001056	1.006896	-1.293640	
133	1.005643	0.001496	-4.058594	-0.001496	1.005643	1.050659	
134	1.009157	0.002764	-6.544678	-0.002764	1.009157	3.398804	
135	1.004700	0.000975	-3.605469	-0.000975	1.004700	1.341492	
136	1.005412	-0.000292	-3.399292	0.000292	1.005412	-1.112061	
137	1.005513	0.001577	-5.705200	-0.001577	1.005513	1.409912	
138	1.004866	0.000109	-3.778687	-0.000109	1.004866	-0.241638	
139	1.008284	-0.000152	-5.174438	0.000152	1.008284	0.782471	
140	1.003267	-0.000347	-1.199585	0.000347	1.003267	0.668640	
141	1.003128	0.000208	-2.154663	-0.000208	1.003128	1.150085	
142	1.002115	0.000047	-0.996094	-0.000047	1.002115	1.614685	
143	1.002588	-0.000052	-0.975647	0.000052	1.002588	1.074219	
144	1.005558	0.000239	-2.750366	-0.000239	1.005558	2.188232	
145	1.002444	0.000531	-1.631836	-0.000531	1.002444	1.190857	
146	1.002084	0.000201	-1.163696	-0.000201	1.002084	1.132629	
147	1.002456	-0.000155	-1.150269	0.000155	1.002456	0.512451	
148	1.002410	0.000613	-1.818359	-0.000613	1.002410	1.400818	
149	1.004678	-0.002326	-0.312622	0.002326	1.004678	-1.149292	
150	1.001577	0.000511	-1.664917	-0.000511	1.001577	1.299011	
151	1.001209	0.000669	-1.140503	-0.000669	1.001209	1.160522	
152	1.001571	0.000283	-1.385132	-0.000283	1.001571	0.003601	
153	1.001481	0.000240	-1.341797	-0.000240	1.001481	-0.343262	
154	1.001899	-0.000004	-0.875183	0.000004	1.001899	-0.191650	
155	1.000507	0.001037	-0.722168	-0.001037	1.000507	0.926575	
156	1.000405	0.000421	-0.421021	-0.000421	1.000405	0.121582	
157	1.000617	-0.000033	-0.225952	0.000033	1.000617	-0.970093	
158	0.999512	0.000438	0.166138	-0.000438	0.999512	-0.156982	
159	1.001341	0.002474	-4.486328	-0.002474	1.001341	-1.754761	
160	0.999819	0.000035	-0.248962	-0.000035	0.999819	-2.309326	
161	1.000093	-0.000100	-0.238525	0.000100	1.000093	-2.903748	
162	0.999293	0.000019	0.205139	-0.000019	0.999293	-2.100708	
163	0.999263	-0.000208	0.655884	0.000208	0.999263	-2.192261	
164	0.997700	-0.001073	2.318848	0.001073	0.997700	-5.197449	
165	0.997711	-0.000004	2.023193	0.000004	0.997711	-1.064880	
166	0.997361	0.000201	1.434204	-0.000201	0.997361	-2.310974	
167	0.998017	0.000197	1.292297	-0.000197	0.998017	-1.900330	
168	0.998017	0.000197	1.292297	-0.000197	0.998017	-1.900330	
169	0.998017	0.000197	1.292297	-0.000197	0.998017	-1.900330	
170	0.998017	0.000197	1.292297	-0.000197	0.998017	-1.900330	
171	0.998017	0.000197	1.292297	-0.000197	0.998017	-1.900330	
172	0.998017	0.000197	1.292297	-0.000197	0.998017	-1.900330	
173	0.998017	0.000197	1.292297	-0.000197	0.998017	-1.900330	
174	0.998017	0.000197	1.292297	-0.000197	0.998017	-1.900330	
175	0.998017	0.000197	1.292297	-0.000197	0.998017	-1.900330	
176	0.998017	0.000197	1.292297	-0.000197	0.998017	-1.900330	
177	0.998017	0.000197	1.292297	-0.000197	0.998017	-1.900330	
178	0.998017	0.000197	1.292297	-0.000197	0.998017	-1.900330	
179	0.998017	0.000197	1.292297	-0.000197	0.998017	-1.900330	
180	0.998017	0.000197	1.292297	-0.000197	0.998017	-1.900330	
181	0.997674	-0.006565	7.168823	0.006565	0.997674	-10.966553	
182	0.993521	-0.003490	9.124329	0.003490	0.993521	-1.977234	
183	1.014609	0.006328	-8.193787	-0.006328	1.014609	-7.116150	
184	1.014609	0.006328	-8.193787	-0.006328	1.014609	-7.116150	
185	0.991476	0.003206	4.218506	-0.003206	0.991476	6.428101	
186	0.990855	-0.003294	7.986206	0.003294	0.990855	0.301453	
187	0.990855	-0.003294	7.986206	0.003294	0.990855	0.301453	
188	0.990855	-0.003294	7.986206	0.003294	0.990855	0.301453	
189	0.990855	-0.003294	7.986206	0.003294	0.990855	0.301453	
190	0.991259	-0.001588	11.046326	0.001588	0.991259	5.096008	
191	0.991259	-0.001588	11.046326	0.001588	0.991259	5.096008	
192	0.987027	0.001664	12.999756	-0.001664	0.987027	11.832153	
193	0.987027	0.001664	12.999756	-0.001664	0.987027	11.832153	
194	0.987027	0.001664	12.999756	-0.001664	0.987027	11.832153	
195	0.987027	0.001664	12.999756	-0.001664	0.987027	11.832153	
196	0.987027	0.001664	12.999756	-0.001664	0.987027	11.832153	
197	0.987027	0.001664	12.999756	-0.001664	0.987027	11.832153	
198	0.995228	-0.006901	11.588196	0.006901	0.995228	-8.107971	
199	0.985065	-0.001684	17.592041	0.001684	0.985065	6.037537	
200	0.985689	0.002825	10.566895	-0.002825	0.985689	11.805969	
201	0.991715	-0.003446	11.251404	0.003446	0.991715	1.246216	
202	0.990831	-0.000494	9.277527	0.000494	0.990831	5.675171	
203	0.986163	0.003388	9.096375	-0.003388	0.986163	13.586670	
204	0.970718	-0.002842	28.353088	0.002842	0.970718	21.991516	
205	0.993875	-0.001836	6.322754	0.001836	0.993875	1.455322	
206	0.989377	-0.001264	12.409607	0.001264	0.989377	6.448792	
207	0.993379	-0.000127	6.900269	0.000127	0.993379	4.097412	
208	0.984436	0.000969	16.491333	-0.000969	0.984436	12.825256	
209	0.986483	-0.001711	15.315430	0.001711	0.986483	4.673340	
210	0.994169	-0.001247	6.122681	0.001247	0.994169	1.244934	
211	0.988428	-0.000348	12.568726	0.000348	0.988428	7.686523	
212	0.988350	0.002290	8.016357	-0.002290	0.988350	10.245483	
213	0.994108	0.000099	5.935303	-0.000099	0.994108	4.042786	
214	0.986789	-0.002008	15.717285	0.002008	0.986789	5.395569	
215	0.991117	-0.001556	9.965210	0.001556	0.991117	6.175171	
216	0.994470	-0.000385	5.924438	0.000385	0.994470	3.859192	
217	0.994958	-0.000236	5.126709	0.000236	0.994958	3.613770	
218	0.990459	-0.000212	9.736877	0.000212	0.990459	8.213745	
219	0.993240	-0.000971	6.225098	0.000971	0.993240	4.215454	
220	0.994044	0.001377	4.253479	-0.001377	0.994044	6.711121	
221	0.996618	-0.000333	3.287476	0.000333	0.996618	2.001709	
222	0.997248	-0.000085	2.260620	0.000085	0.997248	1.279724	
223	0.997667	-0.000234	1.580078	0.000234	0.997667	-0.035339	
224	0.997076	-0.000335	0.688477	0.000335	0.997076	-1.255066	
225	0.998708	-0.001108	0.059937	0.001108	0.998708	-2.485046	
226	0.999127	-0.000381	0.263672	0.000381	0.999127	-2.529907	
227	1.004191	-0.000071	-4.638184	0.000071	1.004191	-7.440186	
228	1.001258	0.000163	-1.614990	-0.000163	1.001258	-3.201416	
229	1.004465	0.001589	-5.350342	-0.001589	1.004465	-5.791626	
230	1.006455	0.001194	-7.143555	-0.001194	1.006455	-6.668213	
231	1.001425	0.000169	-0.038452	-0.000169	1.001425	-3.310730	
232	1.010562	-0.003028	-7.194092	0.003028	1.010562	-13.396118	
233	1.011650	0.000390	-11.661682	-0.000390	1.011650	-10.816589	
234	1.029769	0.003371	-33.015869	-0.003371	1.029769	-24.167480	
235	1.006840	0.001428	-7.471802	-0.001428	1.006840	-3.521301	
236	1.020660	-0.004308	-17.639526	0.004308	1.020660	-22.029785	
237	1.009372	0.004387	-12.882690	-0.004387	1.009372	1.432922	
238	1.012786	-0.005475	-6.439331	0.005475	1.012786	-10.395264	
239	1.018303	-0.003377	-15.913696	0.003377	1.018303	-14.280945	
240	1.018303	-0.003377	-15.913696	0.003377	1.018303	-14.280945	
241	1.018303	-0.003377	-15.913696	0.003377	1.018303	-14.280945	
242	1.009822	0.000829	-12.078491	-0.000829	1.009822	-1.178955	
243	1.009822	0.000829	-12.078491	-0.000829	1.009822	-1.178955	
244	1.009822	0.000829	-12.078491	-0.000829	1.009822	-1.178955	
245	1.009822	0.000829	-12.078491	-0.000829	1.009822	-1.178955	
246	1.050264	0.003993	-49.967957	-0.003993	1.050264	-31.492798	
247	1.050264	0.003993	-49.967957	-0.003993	1.050264	-31.492798	
248	1.050264	0.003993	-49.967957	-0.003993	1.050264	-31.492798	
249	1.050264	0.003993	-49.967957	-0.003993	1.050264	-31.492798	
250	1.050264	0.003993	-49.967957	-0.003993	1.050264	-31.492798	
251	1.050264	0.003993	-49.967957	-0.003993	1.050264	-31.492798	
252	1.050264	0.003993	-49.967957	-0.003993	1.050264	-31.492798	
253	1.050264	0.003993	-49.967957	-0.003993	1.050264	-31.492798	
254	1.050264	0.003993	-49.967957	-0.003993	1.050264	-31.492798	
255	1.050264	0.003993	-49.967957	-0.003993	1.050264	-31.492798	
256	1.050264	0.003993	-49.967957	-0.003993	1.050264	-31.492798	
257	1.050264	0.003993	-49.967957	-0.003993	1.050264	-31.492798	
258	1.050264	0.003993	-49.967957	-0.003993	1.050264	-31.492798	
259	1.050264	0.003993	-49.967957	-0.003993	1.050264	-31.492798	
260	1.050264	0.003993	-49.967957	-0.003993	1.050264	-31.492798	
261	1.050264	0.003993	-49.967957	-0.003993	1.050264	-31.492798	
262	1.050264	0.003993	-49.967957	-0.003993	1.050264	-31.492798	
263	1.050264	0.003993	-49.967957	-0.003993	1.050264	-31.492798	
264	1.050264	0.003993	-49.967957	-0.003993	1.050264	-31.492798	
265	1.050264	0.003993	-49.967957	-0.003993	1.050264	-31.492798	
266	1.050264	0.003993	-49.967957	-0.003993	1.050264	-31.492798	
267	1.050264	0.003993	-49.967957	-0.003993	1.050264	-31.492798	
268	1.050264	0.003993	-49.967957	-0.003993	1.050264	-31.492798	
269	1.050264	0.003993	-49.967957	-0.003993	1.050264	-31.492798	
270	1.050264	0.003993	-49.967957	-0.003993	1.050264	-31.492798	
271	1.050264	0.003993	-49.967957	-0.003993	1.050264	-31.492798	
272	1.050264	0.003993	-49.967957	-0.003993	1.050264	-31.492798	
273	1.050264	0.003993	-49.967957	-0.003993	1.050264	-31.492798	
274	1.050264	0.003993	-49.967957	-0.003993	1.050264	-31.492798	
275	1.050264	0.003993	-49.967957	-0.003993	1.050264	-31.492798	
276	1.050264	0.003993	-49.967957	-0.003993	1.050264	-31.492798	
277	0.997583	-0.014509	6.954102	0.014509	0.997583	-5.916748	
278	0.996955	-0.012079	5.757996	0.012079	0.996955	-4.010803	
279	0.996498	-0.000829	-4.636353	0.000829	0.996498	5.023071	
280	0.996498	-0.000829	-4.636353	0.000829	0.996498	5.023071	
281	0.989363	-0.003302	8.261719	0.003302	0.989363	8.662720	
282	0.991191	-0.000071	5.703430	0.000071	0.991191	8.162781	
283	0.985715	-0.000302	10.877197	0.000302	0.985715	12.540283	
284	0.985709	-0.000795	12.888916	0.000795	0.985709	12.767029	
285	0.985709	-0.000795	12.888916	0.000795	0.985709	12.767029	
286	0.978642	0.003739	15.522888	-0.003739	0.978642	23.576782	
287	0.990836	0.000286	11.445557	-0.000286	0.990836	9.268738	
288	0.986025	0.004240	11.266541	-0.004240	0.986025	16.344299	
289	0.997906	0.007312	5.030090	-0.007312	0.997906	11.640991	
290	0.947835	0.002669	47.789490	-0.002669	0.947835	52.324036	
291	0.982655	0.000321	20.844849	-0.000321	0.982655	15.126343	
292	0.983748	-0.002271	23.511963	0.002271	0.983748	12.198975	
293	0.991970	-0.004155	18.420715	0.004155	0.991970	2.631226	
294	0.991380	0.000438	14.295288	-0.000438	0.991380	6.582458	
295	0.980199	0.000114	34.894531	-0.000114	0.980199	12.626099	
296	0.990456	0.000614	16.631470	-0.000614	0.990456	7.450317	
297	0.989723	0.004178	12.799561	-0.004178	0.989723	10.470398	
298	0.995237	-0.011228	12.614807	0.011228	0.995237	-8.343475	
299	0.992851	-0.005687	12.357056	0.005687	0.992851	-4.259552	
300	0.992851	-0.005687	12.357056	0.005687	0.992851	-4.259552	
301	0.974350	0.013813	13.833130	-0.013813	0.974350	31.925781	
302	1.019264	-0.022935	-8.594360	0.022935	1.019264	-25.109955	
303	0.988847	-0.000021	16.621948	0.000021	0.988847	6.118347	
304	1.008886	-0.010984	-3.257507	0.010984	1.008886	-12.053040	
305	1.008886	-0.010984	-3.257507	0.010984	1.008886	-12.053040	
306	0.996892	-0.005716	4.615601	0.005716	0.996892	-6.813293	
307	0.989091	-0.000056	16.062134	0.000056	0.989091	6.153198	
308	0.989091	-0.000056	16.062134	0.000056	0.989091	6.153198	
309	0.989091	-0.000056	16.062134	0.000056	0.989091	6.153198	
310	0.989091	-0.000056	16.062134	0.000056	0.989091	6.153198	
311	0.989091	-0.000056	16.062134	0.000056	0.989091	6.153198	
312	0.988629	0.001146	16.057739	-0.001146	0.988629	8.278198	
313	0.983019	0.001856	21.167542	-0.001856	0.983019	13.347534	
314	0.987376	0.001235	18.514282	-0.001235	0.987376	8.698425	
315	0.987376	0.001235	18.514282	-0.001235	0.987376	8.698425	
316	0.986324	0.001398	18.423767	-0.001398	0.986324	10.358398	
317	0.990156	-0.004469	21.120667	0.004469	0.990156	0.152466	
318	0.984948	0.000064	20.022278	-0.000064	0.984948	11.913269	
319	0.988431	0.000959	16.931946	-0.000959	0.988431	8.949646	
320	0.988431	0.000959	16.931946	-0.000959	0.988431	8.949646	
321	0.988431	0.000959	16.931946	-0.000959	0.988431	8.949646	
322	0.976430	0.015311	10.046143	-0.015311	0.976430	33.206848	
323	0.990075	-0.000696	10.427612	0.000696	0.990075	4.625427	
324	0.992182	-0.000715	8.031616	0.000715	0.992182	3.178009	
325	0.992182	-0.000715	8.031616	0.000715	0.992182	3.178009	
326	0.992873	-0.002315	4.708923	0.002315	0.992873	2.405018	
327	0.990603	0.001235	6.508362	-0.001235	0.990603	6.001038	
328	0.990204	0.000867	6.362488	-0.000867	0.990204	5.834183	
329	0.991281	0.003088	4.525940	-0.003088	0.991281	6.912842	
330	0.991281	0.003088	4.525940	-0.003088	0.991281	6.912842	
331	0.990789	-0.000822	9.307007	0.000822	0.990789	4.371307	
332	0.990789	-0.000822	9.307007	0.000822	0.990789	4.371307	
333	0.989908	-0.002509	10.810669	0.002509	0.989908	1.982399	
334	0.991858	-0.002051	9.581421	0.002051	0.991858	2.325218	
335	0.984513	-0.000038	20.177673	0.000038	0.984513	7.933708	
336	0.991713	-0.000170	11.330017	0.000170	0.991713	4.329102	
337	0.992154	0.000486	11.128662	-0.000486	0.992154	4.622620	
338	0.990835	0.000068	12.039734	-0.000068	0.990835	4.328857	
339	0.992094	0.000130	11.453125	-0.000130	0.992094	4.492447	
340	0.980078	0.001566	27.679321	-0.001566	0.980078	9.457649	
341	0.992428	0.000311	11.947021	-0.000311	0.992428	4.134506	
342	0.991836	0.000201	12.674316	-0.000201	0.991836	4.431412	
343	0.992064	-0.000098	12.424438	0.000098	0.992064	3.216034	
344	0.992921	0.000067	11.477783	-0.000067	0.992921	3.155426	
345	0.986961	-0.001339	22.043091	0.001339	0.986961	5.987602	
346	0.992556	0.001929	11.178345	-0.001929	0.992556	5.412750	
347	0.992814	0.000123	11.252686	-0.000123	0.992814	4.387848	
348	0.993065	-0.000022	10.974976	0.000022	0.993065	3.942780	
349	0.993032	0.000167	11.011108	-0.000167	0.993032	4.425964	
350	0.987224	0.000194	19.287720	-0.000194	0.987224	8.529190	
351	0.993760	0.000035	8.981201	-0.000035	0.993760	3.943268	
352	0.993788	-0.000179	8.937744	0.000179	0.993788	3.688019	
353	0.993692	-0.000325	8.642944	0.000325	0.993692	3.607300	
354	0.993754	0.000423	8.121094	-0.000423	0.993754	4.397202	
355	0.987476	0.000955	15.713562	-0.000955	0.987476	8.071732	
356	0.993776	-0.001918	7.835327	0.001918	0.993776	1.462372	
357	0.994689	-0.000363	6.782349	0.000363	0.994689	2.530273	
358	0.994609	-0.000042	6.958862	0.000042	0.994609	3.024658	
359	0.994943	0.000144	6.339722	-0.000144	0.994943	3.443787	
360	0.989423	-0.000337	13.192261	0.000337	0.989423	7.059799	
361	0.995058	0.000231	6.015747	-0.000231	0.995058	3.735977	
362	0.995097	0.000213	5.972778	-0.000213	0.995097	3.737137	
363	0.995177	0.000296	5.823120	-0.000296	0.995177	3.729004	
364	0.994982	0.000173	6.146973	-0.000173	0.994982	3.634888	
365	0.990650	0.000079	11.274048	-0.000079	0.990650	6.561279	
366	0.994154	-0.000163	6.838745	0.000163	0.994154	3.225311	
367	0.995051	-0.000351	5.743042	0.000351	0.995051	2.130341	
368	0.995086	-0.000021	5.609863	0.000021	0.995086	2.840637	
369	0.994742	-0.000131	5.916626	0.000131	0.994742	2.902832	
370	0.989854	0.000133	10.795654	-0.000133	0.989854	6.053497	
371	0.994758	0.000064	5.055542	-0.000064	0.994758	3.045563	
372	0.995901	0.000096	3.787720	-0.000096	0.995901	2.588074	
373	0.995999	0.000375	3.523438	-0.000375	0.995999	3.190277	
374	0.996006	-0.000073	3.752625	0.000073	0.996006	2.715881	
375	0.993259	-0.000386	6.293457	0.000386	0.993259	4.880524	
376	0.996520	-0.000053	3.074524	0.000053	0.996520	3.491150	
377	0.996176	0.000012	3.359619	-0.000012	0.996176	3.212830	
378	0.996606	-0.000059	2.547974	0.000059	0.996606	2.723267	
379	0.996620	-0.000151	1.858582	0.000151	0.996620	2.775482	
380	0.993337	-0.000500	2.739319	0.000500	0.993337	5.090561	
381	0.997137	0.000112	0.749451	-0.000112	0.997137	2.625244	
382	0.997158	0.000330	0.888062	-0.000330	0.997158	2.778809	
383	0.997435	-0.000037	1.152954	0.000037	0.997435	2.008850	
384	0.997752	-0.000182	1.066467	0.000182	0.997752	1.565704	
385	0.995802	-0.000998	1.776367	0.000998	0.995802	1.160721	
386	0.998234	-0.000522	-0.006592	0.000522	0.998234	-0.577179	
387	0.998260	0.000064	-0.283752	-0.000064	0.998260	-0.220459	
388	0.998504	-0.000365	-0.886902	0.000365	0.998504	-1.506866	
389	0.999743	-0.000335	-2.100281	0.000335	0.999743	-2.478378	
390	0.998757	0.000378	-2.379456	-0.000378	0.998757	-4.283356	
391	1.000245	-0.001013	-1.676819	0.001013	1.000245	-4.197693	
392	1.000600	-0.000794	-1.975586	0.000794	1.000600	-4.799934	
393	1.001483	-0.000346	-3.009583	0.000346	1.001483	-5.318840	
394	1.002188	0.001131	-3.438538	-0.001131	1.002188	-4.230576	
395	1.003954	-0.000925	-6.088257	0.000925	1.003954	-11.518524	
396	1.002843	-0.001035	-3.798462	0.001035	1.002843	-6.876068	
397	1.003199	0.000367	-4.232605	-0.000367	1.003199	-5.938309	
398	1.003553	-0.000856	-4.745483	0.000856	1.003553	-6.730331	
399	1.003856	-0.000340	-4.958069	0.000340	1.003856	-6.558411	
400	1.013489	-0.000420	-14.747192	0.000420	1.013489	-17.115753	
401	1.004505	-0.000712	-5.096191	0.000712	1.004505	-7.209427	
402	1.000237	0.000611	-1.791931	-0.000611	1.000237	-5.549294	
403	1.005363	-0.000727	-5.634155	0.000727	1.005363	-7.470016	
404	1.006026	0.000980	-6.140991	-0.000980	1.006026	-6.148071	
405	1.005551	-0.000350	-5.405212	0.000350	1.005551	-6.253769	
406	1.013049	-0.003842	-11.118347	0.003842	1.013049	-16.412323	
407	1.006573	-0.000022	-5.133423	0.000022	1.006573	-5.842834	
408	1.007235	0.000183	-5.506775	-0.000183	1.007235	-5.975555	
409	1.007198	0.000321	-5.477112	-0.000321	1.007198	-4.957550	
410	1.006702	0.000438	-5.222046	-0.000438	1.006702	-4.390839	
411	1.016045	0.001973	-12.734497	-0.001973	1.016045	-8.153625	
412	1.007709	0.000078	-5.924011	-0.000078	1.007709	-4.804535	
413	1.008280	0.000002	-6.385132	-0.000002	1.008280	-4.845505	
414	1.007368	-0.000310	-5.914917	0.000310	1.007368	-3.956390	
415	1.008129	0.000288	-6.415649	-0.000288	1.008129	-3.298859	
416	1.017476	0.000127	-14.473816	-0.000127	1.017476	-6.834229	
417	1.007624	-0.000049	-6.341553	0.000049	1.007624	-2.646301	
418	1.007903	0.000144	-6.535950	-0.000144	1.007903	-2.411392	
419	1.008336	-0.000139	-7.365295	0.000139	1.008336	-2.934662	
420	1.007281	-0.000091	-6.304504	0.000091	1.007281	-2.792938	
421	1.008348	-0.000817	-7.561340	0.000817	1.008348	-5.933331	
422	1.007890	0.001380	-7.674683	-0.001380	1.007890	-1.301544	
423	1.006165	0.000056	-5.893799	-0.000056	1.006165	-2.611877	
424	1.007030	0.000151	-6.295227	-0.000151	1.007030	-2.959778	
425	1.006822	0.000079	-6.072205	-0.000079	1.006822	-3.220459	
426	1.016069	-0.000633	-13.514587	0.000633	1.016069	-9.110352	
427	1.006296	0.000048	-5.568420	-0.000048	1.006296	-2.910522	
428	1.005515	-0.000052	-4.836121	0.000052	1.005515	-3.032196	
429	1.005622	-0.000086	-4.919556	0.000086	1.005622	-2.903046	
430	1.007102	0.000018	-6.109741	-0.000018	1.007102	-3.369171	
431	1.013304	0.001031	-11.730835	-0.001031	1.013304	-5.758453	
432	1.010176	-0.001062	-7.738770	0.001062	1.010176	-6.655273	
433	1.011365	-0.001177	-8.940918	0.001177	1.011365	-7.879700	
434	1.007533	0.001278	-7.316284	-0.001278	1.007533	-2.068176	
435	1.006975	-0.002403	-4.000366	0.002403	1.006975	-5.322998	
436	1.012407	-0.004435	-7.378845	0.004435	1.012407	-9.314209	
437	1.008018	-0.001000	-6.681885	0.001000	1.008018	-5.030457	
438	1.006289	-0.001120	-4.819336	0.001120	1.006289	-3.993958	
439	1.005504	0.000283	-5.391113	-0.000283	1.005504	-2.530945	
440	1.005474	0.000773	-5.371826	-0.000773	1.005474	-1.393860	
441	1.016227	-0.002580	-12.555542	0.002580	1.016227	-10.339539	
442	1.006772	-0.000617	-5.726257	0.000617	1.006772	-4.337891	
443	1.005729	-0.000488	-4.688782	0.000488	1.005729	-2.782043	
444	1.008060	-0.001486	-6.120972	0.001486	1.008060	-6.422607	
445	1.009439	-0.001269	-7.945435	0.001269	1.009439	-7.858398	
446	1.009857	0.000318	-10.061523	-0.000318	1.009857	-5.980347	
447	1.009040	-0.000316	-8.680908	0.000316	1.009040	-6.946411	
448	1.007425	0.000886	-7.981384	-0.000886	1.007425	-4.715149	
449	1.003991	0.000259	-3.610474	-0.000259	1.003991	-2.459412	
450	1.004556	-0.000112	-4.584473	0.000112	1.004556	-3.446716	
451	1.010643	-0.000691	-10.144775	0.000691	1.010643	-8.977539	
452	1.005030	-0.000073	-5.022217	0.000073	1.005030	-3.526794	
453	1.004923	-0.000189	-4.759766	0.000189	1.004923	-3.614197	
454	1.009143	-0.001286	-7.463013	0.001286	1.009143	-7.572998	
455	1.008192	-0.000190	-7.840698	0.000190	1.008192	-5.354248	
456	1.009848	0.001454	-11.840210	-0.001454	1.009848	-3.251465	
457	1.005314	-0.000486	-5.434814	0.000486	1.005314	-2.500183	
458	1.005826	0.003431	-8.469482	-0.003431	1.005826	3.553711	
459	1.009434	-0.000765	-8.369019	0.000765	1.009434	-5.001099	
460	1.004438	0.001358	-5.827148	-0.001358	1.004438	0.484558	
461	1.013885	0.000907	-14.819336	-0.000907	1.013885	-4.731262	
462	1.005477	0.003064	-8.589783	-0.003064	1.005477	1.768555	
463	1.012124	0.006668	-19.372437	-0.006668	1.012124	1.620300	
464	1.004849	-0.002783	-2.409302	0.002783	1.004849	-1.941040	
465	1.003195	0.001180	-4.272217	-0.001180	1.003195	1.978638	
466	1.003195	0.001180	-4.272217	-0.001180	1.003195	1.978638	
467	1.009434	0.000267	-9.557434	-0.000267	1.009434	-3.782410	
468	1.004995	-0.006632	1.251343	0.006632	1.004995	-7.807678	
469	0.993003	-0.015063	23.760132	0.015063	0.993003	-6.839417	
470	1.000523	0.000025	-0.573608	-0.000025	1.000523	0.435059	
471	1.000523	0.000025	-0.573608	-0.000025	1.000523	0.435059	
472	0.998462	-0.000714	2.347656	0.000714	0.998462	-1.050293	
473	0.997022	-0.001969	4.873047	0.001969	0.997022	-3.367981	
474	0.996271	-0.000613	3.744629	0.000613	0.996271	-1.817383	
475	0.995878	-0.001380	4.486084	0.001380	0.995878	-3.835815	
476	0.992421	0.000021	3.948120	-0.000021	0.992421	-5.451782	
477	0.993054	0.001599	3.841553	-0.001599	0.993054	2.746094	
478	0.986382	0.000715	14.127441	-0.000715	0.986382	8.349609	
479	0.986762	0.000755	13.502563	-0.000755	0.986762	8.220032	
480	0.989594	0.002690	7.236816	-0.002690	0.989594	8.668579	
481	0.989594	0.002690	7.236816	-0.002690	0.989594	8.668579	
482	0.993779	0.000924	4.284180	-0.000924	0.993779	3.503052	
483	0.995292	-0.000670	4.454712	0.000670	0.995292	1.230042	
484	0.995543	-0.000499	4.382202	0.000499	0.995543	1.627747	
485	0.994781	-0.000206	4.390259	0.000206	0.994781	2.606079	
486	0.994781	-0.000206	4.390259	0.000206	0.994781	2.606079	
487	0.993972	0.003509	1.347412	-0.003509	0.993972	6.754211	
488	0.989933	0.001353	7.512329	-0.001353	0.989933	8.029724	
489	0.992186	0.000940	5.704102	-0.000940	0.992186	5.840027	
490	0.990793	0.000991	7.070679	-0.000991	0.990793	7.289490	
491	0.991536	-0.000403	7.246826	0.000403	0.991536	5.496643	
492	0.980829	-0.009353	27.522461	0.009353	0.980829	5.828125	
493	0.990284	-0.000318	8.537598	0.000318	0.990284	6.847534	
494	0.990627	0.000337	7.508301	-0.000337	0.990627	7.142700	
495	0.990381	-0.002769	10.894897	0.002769	0.990381	3.065125	
496	0.990381	-0.002769	10.894897	0.002769	0.990381	3.065125	
497	0.992138	-0.000020	6.029602	0.000020	0.992138	5.995361	
498	0.991387	-0.000321	7.066650	0.000321	0.991387	6.914490	
499	0.996059	-0.000756	2.508057	0.000756	0.996059	3.143921	
500	0.995437	0.000266	3.682495	-0.000266	0.995437	4.740723	
501	0.991527	0.000665	6.151733	-0.000665	0.991527	9.547913	
502	0.996487	0.000441	2.365723	-0.000441	0.996487	5.512085	
503	0.992497	-0.001306	7.714966	0.001306	0.992497	8.364136	
504	0.996876	0.000975	2.043335	-0.000975	0.996876	7.172241	
505	0.996899	-0.000185	2.695312	0.000185	0.996899	5.918701	
506	0.996899	-0.000185	2.695312	0.000185	0.996899	5.918701	
507	0.996265	-0.000493	3.050415	0.000493	0.996265	4.959045	
508	0.996097	0.001182	2.885742	-0.001182	0.996097	5.911011	
509	0.995715	-0.001534	3.200195	0.001534	0.995715	3.809235	
510	0.996074	-0.000260	2.952026	0.000260	0.996074	4.816986	
511	0.992605	0.000357	5.739502	-0.000357	0.992605	10.083908	
512	0.996122	-0.000435	2.977356	0.000435	0.996122	4.869537	
513	0.996373	0.000722	2.760376	-0.000722	0.996373	5.249802	
514	0.996682	0.000255	2.650757	-0.000255	0.996682	4.907043	
515	0.996137	0.000451	3.552185	-0.000451	0.996137	4.880707	
516	0.996137	0.000451	3.552185	-0.000451	0.996137	4.880707	
517	0.996751	-0.000152	2.667175	0.000152	0.996751	2.095291	
518	0.997090	-0.000039	2.100586	0.000039	0.997090	1.437035	
519	0.996863	-0.000210	2.307129	0.000210	0.996863	-0.010254	
520	0.998028	-0.000327	0.928284	0.000327	0.998028	-1.235565	
521	0.998718	-0.001884	0.814819	0.001884	0.998718	-6.734360	
522	1.000071	-0.000433	-0.050659	0.000433	1.000071	-4.444061	
523	1.000689	-0.000081	-0.383118	0.000081	1.000689	-5.594330	
524	1.002101	-0.000751	-1.658508	0.000751	1.002101	-6.228310	
525	1.003984	-0.001272	-3.385132	0.001272	1.003984	-8.890900	
526	1.011878	0.006748	-10.225525	-0.006748	1.011878	-8.617729	
527	1.008248	0.000277	-6.860107	-0.000277	1.008248	-8.206146	
528	1.006200	0.000988	-4.793945	-0.000988	1.006200	-5.176147	
529	1.006896	-0.000411	-5.366943	0.000411	1.006896	-6.717804	
530	1.006632	0.001251	-4.752808	-0.001251	1.006632	-5.879990	
531	1.006632	0.001251	-4.752808	-0.001251	1.006632	-5.879990	
532	1.010351	0.001007	-6.888367	-0.001007	1.010351	-4.478424	
533	1.015084	-0.000802	-15.088989	0.000802	1.015084	-7.909515	
534	1.013689	0.000088	-12.252686	-0.000088	1.013689	-6.245117	
535	1.009514	0.002316	-6.159058	-0.002316	1.009514	-1.211487	
536	1.009514	0.002316	-6.159058	-0.002316	1.009514	-1.211487	
537	1.012306	0.001169	-8.524780	-0.001169	1.012306	-5.049927	
538	1.012306	0.001169	-8.524780	-0.001169	1.012306	-5.049927	
539	1.012306	0.001169	-8.524780	-0.001169	1.012306	-5.049927	
540	1.020331	0.000332	-16.000854	-0.000332	1.020331	-11.644043	
541	1.020331	0.000332	-16.000854	-0.000332	1.020331	-11.644043	
542	1.018943	0.000245	-15.566895	-0.000245	1.018943	-6.284973	
543	1.020247	-0.001911	-15.701904	0.001911	1.020247	-9.829285	
544	1.022823	0.000466	-21.397461	-0.000466	1.022823	-9.122498	
545	1.022883	0.003670	-25.427856	-0.003670	1.022883	-5.418152	
546	1.022883	0.003670	-25.427856	-0.003670	1.022883	-5.418152	
547	1.024386	0.002493	-26.156006	-0.002493	1.024386	-9.637085	
548	1.025260	0.000156	-24.481079	-0.000156	1.025260	-14.184814	
549	1.023152	0.003324	-24.179077	-0.003324	1.023152	-8.174500	
550	1.023152	0.003324	-24.179077	-0.003324	1.023152	-8.174500	
551	1.023152	0.003324	-24.179077	-0.003324	1.023152	-8.174500	
552	1.023152	0.003324	-24.179077	-0.003324	1.023152	-8.174500	
553	1.023152	0.003324	-24.179077	-0.003324	1.023152	-8.174500	
554	1.023152	0.003324	-24.179077	-0.003324	1.023152	-8.174500	
555	1.023152	0.003324	-24.179077	-0.003324	1.023152	-8.174500	
556	1.023152	0.003324	-24.179077	-0.003324	1.023152	-8.174500	
557	1.023152	0.003324	-24.179077	-0.003324	1.023152	-8.174500	
558	1.023152	0.003324	-24.179077	-0.003324	1.023152	-8.174500	
559	1.023152	0.003324	-24.179077	-0.003324	1.023152	-8.174500	
560	1.023152	0.003324	-24.179077	-0.003324	1.023152	-8.174500	
561	1.023152	0.003324	-24.179077	-0.003324	1.023152	-8.174500	
562	1.023152	0.003324	-24.179077	-0.003324	1.023152	-8.174500	
563	1.023152	0.003324	-24.179077	-0.003324	1.023152	-8.174500	
564	1.023152	0.003324	-24.179077	-0.003324	1.023152	-8.174500	
565	1.023152	0.003324	-24.179077	-0.003324	1.023152	-8.174500	
566	1.023152	0.003324	-24.179077	-0.003324	1.023152	-8.174500	
567	1.023152	0.003324	-24.179077	-0.003324	1.023152	-8.174500	
568	1.023152	0.003324	-24.179077	-0.003324	1.023152	-8.174500	
569	1.023152	0.003324	-24.179077	-0.003324	1.023152	-8.174500	
570	1.023152	0.003324	-24.179077	-0.003324	1.023152	-8.174500	
571	1.023152	0.003324	-24.179077	-0.003324	1.023152	-8.174500	
572	1.023152	0.003324	-24.179077	-0.003324	1.023152	-8.174500	
573	1.023152	0.003324	-24.179077	-0.003324	1.023152	-8.174500	
574	1.023152	0.003324	-24.179077	-0.003324	1.023152	-8.174500	
575	1.023152	0.003324	-24.179077	-0.003324	1.023152	-8.174500	
576	1.023152	0.003324	-24.179077	-0.003324	1.023152	-8.174500	
577	1.023152	0.003324	-24.179077	-0.003324	1.023152	-8.174500	
578	1.023152	0.003324	-24.179077	-0.003324	1.023152	-8.174500	
579	1.023152	0.003324	-24.179077	-0.003324	1.023152	-8.174500	
580	1.023152	0.003324	-24.179077	-0.003324	1.023152	-8.174500	
581	0.982419	-0.000863	17.646118	0.000863	0.982419	6.263550	
582	0.982419	-0.000863	17.646118	0.000863	0.982419	6.263550	
583	0.982419	-0.000863	17.646118	0.000863	0.982419	6.263550	
584	0.982419	-0.000863	17.646118	0.000863	0.982419	6.263550	
585	0.982419	-0.000863	17.646118	0.000863	0.982419	6.263550	
586	0.982419	-0.000863	17.646118	0.000863	0.982419	6.263550	
587	0.982419	-0.000863	17.646118	0.000863	0.982419	6.263550	
588	0.976321	-0.006267	27.777954	0.006267	0.976321	6.539124	
589	0.976321	-0.006267	27.777954	0.006267	0.976321	6.539124	
590	0.979733	-0.004471	20.480225	0.004471	0.979733	5.462708	
591	0.979733	-0.004471	20.480225	0.004471	0.979733	5.462708	
592	0.979733	-0.004471	20.480225	0.004471	0.979733	5.462708	
593	0.980921	0.000229	18.200012	-0.000229	0.980921	9.560669	
594	0.981359	-0.000170	18.030273	0.000170	0.981359	9.411255	
595	0.984764	-0.000325	14.312378	0.000325	0.984764	7.808472	
596	0.980800	0.000775	16.512207	-0.000775	0.980800	12.551636	
597	0.965282	-0.002251	31.854858	0.002251	0.965282	14.848511	
598	0.983141	-0.000291	14.869751	0.000291	0.983141	8.803528	
599	0.984715	-0.000002	13.378418	0.000002	0.984715	7.428131	
600	0.985972	0.000059	12.089539	-0.000059	0.985972	8.166870	
601	0.985967	-0.000782	13.318176	0.000782	0.985967	6.365051	
602	0.970757	-0.000486	27.203979	0.000486	0.970757	14.689575	
603	0.986549	-0.000097	12.537842	0.000097	0.986549	6.887268	
604	0.987030	0.000142	12.162720	-0.000142	0.987030	6.033051	
605	0.987604	-0.000426	11.461853	0.000426	0.987604	5.365158	
606	0.986910	-0.000332	11.945435	0.000332	0.986910	5.876038	
607	0.977768	-0.000831	19.259766	0.000831	0.977768	12.506195	
608	0.988696	-0.000057	9.919189	0.000057	0.988696	7.397644	
609	0.991617	0.000506	7.307983	-0.000506	0.991617	6.719025	
610	0.990916	0.000267	7.892212	-0.000267	0.990916	7.934448	
611	0.989426	-0.000602	9.338928	0.000602	0.989426	7.685303	
612	0.984673	-0.000145	12.133118	0.000145	0.984673	12.683502	
613	0.991274	-0.000171	6.453186	0.000171	0.991274	8.244446	
614	0.991661	-0.000446	6.018433	0.000446	0.991661	7.077240	
615	0.993686	0.000328	3.431885	-0.000328	0.993686	7.035767	
616	0.993029	0.000352	4.201538	-0.000352	0.993029	8.055573	
617	0.988799	0.000830	7.032654	-0.000830	0.988799	13.656311	
618	0.994187	0.000288	4.219421	-0.000288	0.994187	6.718506	
619	0.995693	0.000174	3.016296	-0.000174	0.995693	4.804504	
620	0.996520	-0.000015	2.613525	0.000015	0.996520	3.900635	
621	0.996520	-0.000015	2.613525	0.000015	0.996520	3.900635	
622	1.005300	-0.000906	-5.754150	0.000906	1.005300	-5.466003	
623	0.998686	0.000323	0.318848	-0.000323	0.998686	0.361511	
624	1.000977	-0.000485	-2.113403	0.000485	1.000977	-1.067139	
625	1.000489	0.000098	-1.559937	-0.000098	1.000489	-1.243439	
626	1.001435	0.000207	-2.449158	-0.000207	1.001435	-2.237244	
627	1.005133	-0.001273	-6.454224	0.001273	1.005133	-10.193207	
628	1.005078	0.000035	-5.783386	-0.000035	1.005078	-6.737335	
629	1.004648	0.000205	-5.148865	-0.000205	1.004648	-6.353043	
630	1.006037	0.001795	-6.022461	-0.001795	1.006037	-6.023209	
631	1.008212	-0.001982	-8.030273	0.001982	1.008212	-11.405884	
632	1.012914	-0.005145	-11.986084	0.005145	1.012914	-21.036591	
633	1.007051	0.000262	-5.838501	-0.000262	1.007051	-6.425323	
634	1.011170	-0.000433	-7.516235	0.000433	1.011170	-10.834351	
635	1.007723	0.002015	-4.965210	-0.002015	1.007723	-5.476624	
636	1.008271	0.001792	-4.705322	-0.001792	1.008271	-4.583923	
637	1.010325	0.007974	-6.529236	-0.007974	1.010325	2.882874	
638	1.010093	0.000636	-4.865295	-0.000636	1.010093	-6.599731	
639	1.013899	0.000505	-8.529236	-0.000505	1.013899	-9.249939	
640	1.007330	0.000812	-1.730896	-0.000812	1.007330	-4.849731	
641	1.010504	0.000518	-4.711243	-0.000518	1.010504	-6.911987	
642	1.010504	0.000518	-4.711243	-0.000518	1.010504	-6.911987	
643	1.019797	0.005446	-20.017822	-0.005446	1.019797	-7.842712	
644	1.011638	-0.003101	-6.590210	0.003101	1.011638	-7.756836	
645	1.013144	-0.002626	-8.563416	0.002626	1.013144	-8.451782	
646	1.017595	-0.002028	-14.076599	0.002028	1.017595	-10.888794	
647	1.017595	-0.002028	-14.076599	0.002028	1.017595	-10.888794	
648	1.010925	0.000294	-10.058899	-0.000294	1.010925	-4.191162	
649	1.010925	0.000294	-10.058899	-0.000294	1.010925	-4.191162	
650	1.011182	0.000293	-10.427856	-0.000293	1.011182	-4.021057	
651	1.011979	0.000292	-11.515381	-0.000292	1.011979	-4.995667	
652	1.022346	-0.000321	-22.682678	0.000321	1.022346	-10.903564	
653	1.014402	0.000386	-15.187622	-0.000386	1.014402	-4.854065	
654	1.013074	-0.000316	-13.260315	0.000316	1.013074	-4.606293	
655	1.012137	-0.000452	-11.999146	0.000452	1.012137	-3.588928	
656	1.012969	-0.000123	-12.621338	0.000123	1.012969	-3.654175	
657	1.018857	-0.005498	-18.105591	0.005498	1.018857	-10.477249	
658	1.011964	0.000196	-10.954407	-0.000196	1.011964	-3.214111	
659	1.012427	0.001596	-11.780762	-0.001596	1.012427	-0.968323	
660	1.012530	0.000108	-10.449585	-0.000108	1.012530	-3.201477	
661	1.013686	-0.000435	-11.014160	0.000435	1.013686	-5.462341	
662	1.013686	-0.000435	-11.014160	0.000435	1.013686	-5.462341	
663	1.013686	-0.000435	-11.014160	0.000435	1.013686	-5.462341	
664	1.013686	-0.000435	-11.014160	0.000435	1.013686	-5.462341	
665	1.013686	-0.000435	-11.014160	0.000435	1.013686	-5.462341	
666	1.013686	-0.000435	-11.014160	0.000435	1.013686	-5.462341	
667	1.013686	-0.000435	-11.014160	0.000435	1.013686	-5.462341	
668	1.013686	-0.000435	-11.014160	0.000435	1.013686	-5.462341	
669	1.013686	-0.000435	-11.014160	0.000435	1.013686	-5.462341	
670	1.009254	0.000931	-10.075684	-0.000931	1.009254	-1.269714	
671	1.009254	0.000931	-10.075684	-0.000931	1.009254	-1.269714	
672	1.009254	0.000931	-10.075684	-0.000931	1.009254	-1.269714	
673	1.009254	0.000931	-10.075684	-0.000931	1.009254	-1.269714	
674	1.009254	0.000931	-10.075684	-0.000931	1.009254	-1.269714	
675	1.006463	0.000071	-9.129517	-0.000071	1.006463	-3.111328	
676	1.005700	-0.000780	-7.363037	0.000780	1.005700	-3.894730	
677	1.005700	-0.000780	-7.363037	0.000780	1.005700	-3.894730	
678	1.005700	-0.000780	-7.363037	0.000780	1.005700	-3.894730	
679	0.996050	0.000410	10.333496	-0.000410	0.996050	2.242188	
680	1.004637	0.000081	-4.495972	-0.000081	1.004637	-1.683014	
681	1.003713	-0.000597	-3.376099	0.000597	1.003713	-2.347412	
682	1.003713	-0.000597	-3.376099	0.000597	1.003713	-2.347412	
683	1.003713	-0.000597	-3.376099	0.000597	1.003713	-2.347412	
684	0.994585	0.002806	11.709961	-0.002806	0.994585	6.965149	
685	0.994585	0.002806	11.709961	-0.002806	0.994585	6.965149	
686	1.003340	-0.000589	-3.155762	0.000589	1.003340	-2.168640	
687	1.003340	-0.000589	-3.155762	0.000589	1.003340	-2.168640	
688	1.003340	-0.000589	-3.155762	0.000589	1.003340	-2.168640	
689	1.003340	-0.000589	-3.155762	0.000589	1.003340	-2.168640	
690	1.021899	-0.014593	-16.474487	0.014593	1.021899	-33.558441	
691	1.021899	-0.014593	-16.474487	0.014593	1.021899	-33.558441	
692	1.021899	-0.014593	-16.474487	0.014593	1.021899	-33.558441	
693	1.021899	-0.014593	-16.474487	0.014593	1.021899	-33.558441	
694	1.021899	-0.014593	-16.474487	0.014593	1.021899	-33.558441	
695	1.021899	-0.014593	-16.474487	0.014593	1.021899	-33.558441	
696	1.021899	-0.014593	-16.474487	0.014593	1.021899	-33.558441	
697	1.021899	-0.014593	-16.474487	0.014593	1.021899	-33.558441	
698	0.998022	-0.000244	0.857056	0.000244	0.998022	-0.087753	
699	0.998022	-0.000244	0.857056	0.000244	0.998022	-0.087753	
700	0.998022	-0.000244	0.857056	0.000244	0.998022	-0.087753	
701	0.998022	-0.000244	0.857056	0.000244	0.998022	-0.087753	
702	0.998022	-0.000244	0.857056	0.000244	0.998022	-0.087753	
703	0.998022	-0.000244	0.857056	0.000244	0.998022	-0.087753	
704	0.998022	-0.000244	0.857056	0.000244	0.998022	-0.087753	
705	0.998022	-0.000244	0.857056	0.000244	0.998022	-0.087753	
706	0.998022	-0.000244	0.857056	0.000244	0.998022	-0.087753	
707	0.998022	-0.000244	0.857056	0.000244	0.998022	-0.087753	
708	0.998022	-0.000244	0.857056	0.000244	0.998022	-0.087753	
709	0.998022	-0.000244	0.857056	0.000244	0.998022	-0.087753	
710	0.998022	-0.000244	0.857056	0.000244	0.998022	-0.087753	
711	0.998022	-0.000244	0.857056	0.000244	0.998022	-0.087753	
712	0.998022	-0.000244	0.857056	0.000244	0.998022	-0.087753	
713	0.992784	0.000133	8.651245	-0.000133	0.992784	3.825336	
714	0.992784	0.000133	8.651245	-0.000133	0.992784	3.825336	
715	0.990570	0.000348	10.764709	-0.000348	0.990570	4.245995	
716	0.993144	0.000430	8.017822	-0.000430	0.993144	4.171158	
717	0.993144	0.000430	8.017822	-0.000430	0.993144	4.171158	
718	0.991109	0.000734	9.622314	-0.000734	0.991109	4.320721	
719	0.991555	-0.002760	9.264404	0.002760	0.991555	0.925377	
720	0.991555	-0.002760	9.264404	0.002760	0.991555	0.925377	
721	0.991555	-0.002760	9.264404	0.002760	0.991555	0.925377	
722	0.991555	-0.002760	9.264404	0.002760	0.991555	0.925377	
723	0.990463	0.000507	9.461853	-0.000507	0.990463	4.317078	
724	0.990272	-0.000114	11.092773	0.000114	0.990272	3.677551	
725	0.990499	0.002456	8.377686	-0.002456	0.990499	5.735107	
726	0.991726	0.000105	9.736267	-0.000105	0.991726	3.740997	
727	0.984850	0.000553	17.915039	-0.000553	0.984850	9.539459	
728	0.992248	0.001101	10.010132	-0.001101	0.992248	6.121155	
729	0.992936	0.000722	10.456726	-0.000722	0.992936	5.505463	
730	0.994423	0.000682	8.835327	-0.000682	0.994423	5.912292	
731	0.994666	0.002813	8.871582	-0.002813	0.994666	8.917618	
732	0.994666	0.002813	8.871582	-0.002813	0.994666	8.917618	
733	0.994666	0.002813	8.871582	-0.002813	0.994666	8.917618	
734	0.992689	0.001198	13.290527	-0.001198	0.992689	6.758057	
735	0.992470	0.000264	12.996826	-0.000264	0.992470	6.196289	
736	0.992470	0.000264	12.996826	-0.000264	0.992470	6.196289	
737	0.994053	0.000709	9.643555	-0.000709	0.994053	5.906845	
738	0.987936	0.000825	19.060303	-0.000825	0.987936	11.281738	
739	0.993025	0.000134	10.520508	-0.000134	0.993025	5.732254	
740	0.992791	0.000819	10.578613	-0.000819	0.992791	6.938293	
741	0.994878	0.000679	7.889404	-0.000679	0.994878	5.667953	
742	0.993177	0.000112	9.992798	-0.000112	0.993177	5.254822	
743	0.985361	0.002682	18.817200	-0.002682	0.985361	13.522614	
744	0.993238	0.000413	9.261963	-0.000413	0.993238	5.725464	
745	0.993221	0.000390	9.329712	-0.000390	0.993221	6.028503	
746	0.992726	0.000475	9.959351	-0.000475	0.992726	6.549011	
747	0.993303	-0.000456	9.328735	0.000456	0.993303	5.189453	
748	0.985230	0.000687	20.502441	-0.000687	0.985230	11.390472	
749	0.992663	-0.000462	10.125732	0.000462	0.992663	5.032806	
750	0.989370	0.003100	13.629639	-0.003100	0.989370	9.335159	
751	0.992534	0.000732	10.434082	-0.000732	0.992534	6.288544	
752	0.993622	0.000339	9.583984	-0.000339	0.993622	5.571716	
753	0.986667	0.002606	19.927368	-0.002606	0.986667	14.207489	
754	0.993703	0.000587	10.177124	-0.000587	0.993703	6.666382	
755	0.994498	0.000619	9.366821	-0.000619	0.994498	6.390594	
756	0.994525	0.000808	9.317627	-0.000808	0.994525	5.972412	
757	0.994164	-0.004724	14.088135	0.004724	0.994164	0.622559	
758	0.990613	0.001497	14.918213	-0.001497	0.990613	12.333069	
759	0.994313	-0.000416	8.634155	0.000416	0.994313	5.004974	
760	0.995391	0.000045	6.595337	-0.000045	0.995391	4.276733	
761	0.994239	-0.000346	7.967773	0.000346	0.994239	4.610535	
762	0.994414	-0.000608	7.513428	0.000608	0.994414	3.575989	
763	0.985722	-0.001892	19.790161	0.001892	0.985722	5.024689	
764	0.995538	-0.000241	6.083374	0.000241	0.995538	2.886375	
765	0.997802	-0.003547	4.432678	0.003547	0.997802	0.122375	
766	0.995322	-0.000252	6.039795	0.000252	0.995322	2.609848	
767	0.995248	0.000299	6.087158	-0.000299	0.995248	3.294350	
768	0.992013	-0.000074	10.151978	0.000074	0.992013	4.518303	
769	0.996367	-0.000442	4.456665	0.000442	0.996367	1.329987	
770	0.996718	-0.000365	3.795288	0.000365	0.996718	0.599731	
771	0.997411	-0.000131	2.557251	0.000131	0.997411	0.427765	
772	0.997700	0.000284	2.340088	-0.000284	0.997700	0.801666	
773	0.996894	-0.000348	2.676147	0.000348	0.996894	-0.922485	
774	0.999370	-0.000365	0.021240	0.000365	0.999370	-1.844971	
775	1.000080	-0.000196	-1.126709	0.000196	1.000080	-2.659637	
776	1.000403	0.000253	-1.285034	-0.000253	1.000403	-2.915253	
777	1.001057	-0.000219	-2.366821	0.000219	1.001057	-4.350662	
778	1.005137	-0.001872	-7.297607	0.001872	1.005137	-11.068207	
779	1.002934	-0.001150	-3.548828	0.001150	1.002934	-6.260223	
780	1.001897	0.001299	-3.897583	-0.001299	1.001897	-3.228729	
781	1.003040	0.004103	-5.046509	-0.004103	1.003040	-0.945129	
782	1.004483	-0.001302	-6.361084	0.001302	1.004483	-7.096619	
783	1.004483	-0.001302	-6.361084	0.001302	1.004483	-7.096619	
784	1.005405	-0.001099	-8.633301	0.001099	1.005405	-8.004166	
785	1.006014	0.000271	-9.435669	-0.000271	1.006014	-6.439209	
786	1.004560	0.002871	-7.111084	-0.002871	1.004560	-2.459717	
787	1.005527	0.001190	-7.544800	-0.001190	1.005527	-4.938751	
788	1.012702	0.000246	-16.860962	-0.000246	1.012702	-12.735352	
789	1.005787	0.000080	-7.639038	-0.000080	1.005787	-5.566711	
790	1.005955	-0.000224	-7.683105	0.000224	1.005955	-5.979950	
791	1.006125	0.000079	-7.597534	-0.000079	1.006125	-5.196716	
792	1.006111	0.000397	-7.351074	-0.000397	1.006111	-4.871979	
793	1.014816	-0.000434	-17.069519	0.000434	1.014816	-12.549988	
794	1.007048	-0.000447	-8.105896	0.000447	1.007048	-6.021423	
795	1.006829	-0.000273	-7.992432	0.000273	1.006829	-5.851074	
796	1.007183	-0.000217	-8.692749	0.000217	1.007183	-6.114288	
797	1.007813	-0.000203	-9.909302	0.000203	1.007813	-6.372284	
798	1.014316	0.000995	-18.731201	-0.000995	1.014316	-8.809952	
799	1.007392	-0.000741	-10.107788	0.000741	1.007392	-5.690521	
800	1.008179	-0.000592	-11.750610	0.000592	1.008179	-5.965210	
801	1.011239	0.002544	-17.843750	-0.002544	1.011239	-5.654480	
802	1.007138	-0.000718	-11.286499	0.000718	1.007138	-5.732025	
803	1.007138	-0.000718	-11.286499	0.000718	1.007138	-5.732025	
804	1.007882	-0.000540	-11.507751	0.000540	1.007882	-4.316681	
805	1.005521	-0.001283	-8.151245	0.001283	1.005521	-5.447861	
806	1.008009	-0.002368	-10.638428	0.002368	1.008009	-6.648392	
807	1.008687	-0.000589	-11.265320	0.000589	1.008687	-5.083801	
808	1.015832	0.002229	-20.016602	-0.002229	1.015832	-6.346329	
809	1.008192	0.000273	-9.585815	-0.000273	1.008192	-3.791687	
810	1.008646	-0.000145	-9.455322	0.000145	1.008646	-4.283783	
811	1.006808	-0.000543	-7.448486	0.000543	1.006808	-4.072998	
812	1.007338	-0.000045	-7.767334	0.000045	1.007338	-3.956467	
813	1.015288	0.000387	-15.764160	-0.000387	1.015288	-7.208591	
814	1.008911	0.000499	-9.136719	-0.000499	1.008911	-3.837204	
815	1.007296	-0.000758	-7.585571	0.000758	1.007296	-5.034088	
816	1.008288	0.000431	-8.590698	-0.000431	1.008288	-3.108337	
817	1.007723	-0.000119	-7.845215	0.000119	1.007723	-3.658249	
818	1.012679	-0.001509	-13.159790	0.001509	1.012679	-9.025764	
819	1.007320	0.000532	-7.755249	-0.000532	1.007320	-3.302094	
820	1.007320	0.000532	-7.755249	-0.000532	1.007320	-3.302094	
821	1.008922	-0.000425	-8.939331	0.000425	1.008922	-4.305542	
822	1.008922	-0.000425	-8.939331	0.000425	1.008922	-4.305542	
823	1.008922	-0.000425	-8.939331	0.000425	1.008922	-4.305542	
824	1.005814	-0.000461	-5.846069	0.000461	1.005814	-3.808426	
825	1.005814	-0.000461	-5.846069	0.000461	1.005814	-3.808426	
826	1.006608	0.000348	-6.964478	-0.000348	1.006608	-2.551826	
827	1.007697	-0.000288	-8.559692	0.000288	1.007697	-3.678375	
828	1.007697	-0.000288	-8.559692	0.000288	1.007697	-3.678375	
829	1.003839	-0.001414	-4.597168	0.001414	1.003839	-3.505219	
830	1.006430	-0.001162	-7.735840	0.001162	1.006430	-3.109451	
831	1.006361	-0.000089	-7.816040	0.000089	1.006361	-2.401802	
832	1.006361	-0.000089	-7.816040	0.000089	1.006361	-2.401802	
833	1.008979	0.001463	-11.907349	-0.001463	1.008979	-1.047344	
834	1.004263	-0.000153	-5.572021	0.000153	1.004263	-1.751007	
835	1.004122	-0.000001	-5.196777	0.000001	1.004122	-0.707687	
836	1.002876	0.000129	-3.550537	-0.000129	1.002876	-0.124374	
837	1.002884	-0.000058	-3.659668	0.000058	1.002884	-0.261673	
838	1.005288	-0.000113	-6.625732	0.000113	1.005288	-0.069962	
839	1.000308	0.000547	-0.761597	-0.000547	1.000308	0.668846	
840	0.999076	0.001154	0.650391	-0.001154	0.999076	1.459358	
841	1.000411	-0.000032	-0.933228	0.000032	1.000411	0.112350	
842	1.000786	-0.002440	-1.463928	0.002440	1.000786	-2.295967	
843	0.998098	0.000470	1.098877	-0.000470	0.998098	0.060738	
844	0.998546	0.000079	1.059814	-0.000079	0.998546	-1.366577	
845	0.998336	-0.000718	1.267212	0.000718	0.998336	-3.359184	
846	0.993838	-0.001248	5.743896	0.001248	0.993838	-4.155334	
847	0.992805	-0.001050	6.969116	0.001050	0.992805	-4.097656	
848	0.992805	-0.001050	6.969116	0.001050	0.992805	-4.097656	
849	0.991434	0.000545	6.280701	-0.000545	0.991434	-2.751892	
850	0.995073	0.000654	3.621582	-0.000654	0.995073	-0.799629	
851	0.995073	0.000654	3.621582	-0.000654	0.995073	-0.799629	
852	0.990372	-0.001919	9.181396	0.001919	0.990372	-3.621704	
853	0.990372	-0.001919	9.181396	0.001919	0.990372	-3.621704	
854	0.994047	-0.000624	5.219543	0.000624	0.994047	-0.897186	
855	0.990116	-0.000177	8.738647	0.000177	0.990116	-0.104614	
856	0.991825	-0.000455	7.444153	0.000455	0.991825	-0.154144	
857	0.991115	0.000985	6.576721	-0.000985	0.991115	1.740417	
858	0.991115	0.000985	6.576721	-0.000985	0.991115	1.740417	
859	0.990362	-0.002403	10.370972	0.002403	0.990362	-1.948853	
860	0.993487	-0.002115	7.752563	0.002115	0.993487	-1.724182	
861	0.990677	0.000748	6.826050	-0.000748	0.990677	2.439575	
862	0.988980	0.000970	8.578125	-0.000970	0.988980	4.355225	
863	0.988980	0.000970	8.578125	-0.000970	0.988980	4.355225	
864	0.990890	0.000390	7.713745	-0.000390	0.990890	3.419373	
865	0.991106	0.000855	7.104004	-0.000855	0.991106	4.566406	
866	0.993012	0.000079	6.619629	-0.000079	0.993012	2.730896	
867	0.993649	-0.000416	6.290771	0.000416	0.993649	2.102112	
868	0.985678	0.001270	13.551453	-0.001270	0.985678	7.245361	
869	0.990666	0.000578	8.440674	-0.000578	0.990666	5.861633	
870	0.993217	-0.000822	6.472168	0.000822	0.993217	2.421448	
871	0.993500	-0.000626	6.339478	0.000626	0.993500	2.989868	
872	0.993558	-0.000467	6.234497	0.000467	0.993558	3.663208	
873	0.988143	0.000661	11.209106	-0.000661	0.988143	9.340363	
874	0.994019	-0.000726	5.618286	0.000726	0.994019	4.128052	
875	0.993324	0.000696	6.017334	-0.000696	0.993324	6.609863	
876	0.993573	-0.000776	5.796387	0.000776	0.993573	4.980530	
877	0.994293	0.000406	4.968506	-0.000406	0.994293	5.800262	
878	0.988300	-0.000191	10.105103	0.000191	0.988300	11.203125	
879	0.993782	-0.000207	5.205322	0.000207	0.993782	5.810791	
880	0.992249	-0.005435	6.752075	0.005435	0.992249	1.075836	
881	0.994112	0.000098	4.717896	-0.000098	0.994112	6.430267	
882	0.993670	-0.000816	5.141357	0.000816	0.993670	5.312653	
883	0.993670	-0.000816	5.141357	0.000816	0.993670	5.312653	
884	0.993652	0.000084	5.591492	-0.000084	0.993652	6.350739	
885	0.993704	0.000922	5.559265	-0.000922	0.993704	6.885803	
886	0.993489	-0.000283	6.040894	0.000283	0.993489	5.992462	
887	0.994098	-0.000209	5.689331	0.000209	0.994098	5.908005	
888	0.988664	0.001438	11.346619	-0.001438	0.988664	13.883530	
889	0.994602	-0.000148	5.269897	0.000148	0.994602	5.751892	
890	0.994913	-0.000252	5.149353	0.000252	0.994913	5.487579	
891	0.995144	-0.000573	5.072449	0.000573	0.995144	5.248993	
892	0.995328	0.000225	4.959229	-0.000225	0.995328	5.877808	
893	0.990437	0.000048	10.392761	-0.000048	0.990437	10.376801	
894	0.995579	0.000429	4.593384	-0.000429	0.995579	5.402222	
895	0.995341	0.000278	5.182007	-0.000278	0.995341	5.611816	
896	0.994744	-0.000033	5.778076	0.000033	0.994744	5.972351	
897	0.994738	-0.000206	5.802185	0.000206	0.994738	5.444855	
898	0.991213	0.000557	9.744873	-0.000557	0.991213	10.521027	
899	0.994566	0.000153	6.324402	-0.000153	0.994566	6.131439	
900	0.995151	0.000086	5.683228	-0.000086	0.995151	5.294647	
901	0.994565	0.000159	6.492798	-0.000159	0.994565	5.746307	
902	0.994698	0.000381	6.686707	-0.000381	0.994698	5.596252	
903	0.995011	0.000252	6.427002	-0.000252	0.995011	4.720825	
904	0.990359	-0.000524	12.338379	0.000524	0.990359	8.320587	
905	0.995509	0.000925	5.628540	-0.000925	0.995509	5.387802	
906	0.996153	0.000174	4.818481	-0.000174	0.996153	4.303009	
907	0.996313	-0.000212	4.606812	0.000212	0.996313	3.526428	
908	0.996739	-0.000010	4.075562	0.000010	0.996739	3.249084	
909	0.993219	-0.000409	7.309570	0.000409	0.993219	5.721588	
910	0.997914	0.001112	2.209717	-0.001112	0.997914	3.289856	
911	0.997233	0.000276	2.300659	-0.000276	0.997233	2.411621	
912	0.997364	0.000409	2.430664	-0.000409	0.997364	2.469910	
913	0.998071	0.000387	1.376831	-0.000387	0.998071	2.270874	
914	0.994833	-0.000696	4.133057	0.000696	0.994833	4.406548	
915	0.997797	0.000557	1.960693	-0.000557	0.997797	2.220459	
916	0.998589	0.000519	1.586060	-0.000519	0.998589	1.190994	
917	0.998950	0.000453	1.464783	-0.000453	0.998950	0.448563	
918	0.999572	0.000102	1.378723	-0.000102	0.999572	-1.197464	
919	1.000460	0.001799	1.826538	-0.001799	1.000460	-4.104485	
920	1.001921	0.000700	-0.581116	-0.000700	1.001921	-4.260620	
921	1.002561	0.000173	-0.904907	-0.000173	1.002561	-5.783493	
922	1.002900	0.000409	-0.965088	-0.000409	1.002900	-5.903900	
923	1.001830	0.001560	-0.238770	-0.001560	1.001830	-4.231171	
924	1.010326	0.000177	-7.019043	-0.000177	1.010326	-16.656952	
925	1.004694	-0.000163	-3.028198	0.000163	1.004694	-6.590851	
926	1.004296	-0.000256	-2.739319	0.000256	1.004296	-5.923889	
927	1.005163	-0.000130	-3.625793	0.000130	1.005163	-5.895447	
928	1.005241	-0.000152	-3.781250	0.000152	1.005241	-5.446167	
929	1.010090	0.000203	-7.333191	-0.000203	1.010090	-8.077850	
930	1.006916	0.005444	-9.498962	-0.005444	1.006916	-2.087524	
931	1.005978	0.000347	-4.706726	-0.000347	1.005978	-3.576935	
932	1.004804	0.000599	-3.681213	-0.000599	1.004804	-1.866211	
933	1.004487	0.000110	-3.499878	-0.000110	1.004487	-2.285370	
934	1.008354	-0.001326	-6.992920	0.001326	1.008354	-5.523026	
935	1.004799	0.000320	-4.216370	-0.000320	1.004799	-1.124794	
936	1.005666	-0.005505	-5.276062	0.005505	1.005666	-6.916885	
937	1.004374	-0.000221	-4.422852	0.000221	1.004374	-1.135559	
938	1.004049	-0.000342	-3.810303	0.000342	1.004049	-1.265137	
939	1.008516	-0.000489	-9.010498	0.000489	1.008516	-3.206360	
940	1.005724	0.000246	-6.020325	-0.000246	1.005724	-1.239777	
941	1.005966	-0.000468	-6.544983	0.000468	1.005966	-2.527679	
942	1.006390	0.000125	-6.978699	-0.000125	1.006390	-2.105713	
943	1.006356	0.000249	-6.821045	-0.000249	1.006356	-1.947266	
944	1.013155	0.000350	-13.975464	-0.000350	1.013155	-4.364929	
945	1.006678	0.000471	-6.397644	-0.000471	1.006678	-1.851990	
946	1.006265	0.000598	-5.228821	-0.000598	1.006265	-1.116577	
947	1.005589	0.000563	-3.614014	-0.000563	1.005589	-1.034912	
948	1.006761	0.000290	-3.585999	-0.000290	1.006761	-1.481201	
949	1.009333	0.001284	-2.707825	-0.001284	1.009333	-1.613708	
950	1.005381	0.000516	-1.233215	-0.000516	1.005381	-1.416443	
951	1.004682	0.000627	-0.394409	-0.000627	1.004682	-0.888184	
952	1.004662	0.000271	-0.060181	-0.000271	1.004662	-1.669983	
953	1.005813	-0.000105	-0.278809	0.000105	1.005813	-2.981567	
954	1.012416	-0.000391	-2.391663	0.000391	1.012416	-7.162903	
955	1.005767	-0.000273	-1.651733	0.000273	1.005767	-3.678223	
956	1.005417	-0.000056	-2.209412	0.000056	1.005417	-3.574646	
957	1.005430	0.000358	-2.775635	-0.000358	1.005430	-3.305420	
958	1.005460	0.000324	-2.957947	-0.000324	1.005460	-3.309448	
959	1.011652	0.000189	-6.429443	-0.000189	1.011652	-8.017639	
960	1.005641	0.000301	-3.568115	-0.000301	1.005641	-2.986633	
961	1.005171	-0.000040	-3.178223	0.000040	1.005171	-3.257751	
962	1.005772	0.000183	-4.185730	-0.000183	1.005772	-3.293823	
963	1.005912	-0.000105	-4.692749	0.000105	1.005912	-2.977051	
964	1.010059	-0.000343	-10.218506	0.000343	1.010059	-5.488922	
965	1.005603	-0.000455	-6.600403	0.000455	1.005603	-2.648132	
966	1.004926	-0.000137	-6.610840	0.000137	1.004926	-1.986694	
967	1.005228	0.000048	-7.165283	-0.000048	1.005228	-2.406433	
968	1.005928	0.000092	-8.183228	-0.000092	1.005928	-2.999512	
969	1.008794	-0.001253	-13.078369	0.001253	1.008794	-6.514938	
970	1.004854	0.000701	-6.811890	-0.000701	1.004854	-2.389313	
971	1.004989	0.000183	-6.172852	-0.000183	1.004989	-3.344727	
972	1.006011	0.000169	-6.896484	-0.000169	1.006011	-4.038818	
973	1.006137	0.000043	-6.842773	-0.000043	1.006137	-3.947021	
974	1.010955	-0.000983	-12.302856	0.000983	1.010955	-9.179077	
975	1.005984	-0.000116	-6.765137	0.000116	1.005984	-4.321747	
976	1.005363	0.000289	-6.481079	-0.000289	1.005363	-3.695999	
977	1.005065	-0.000404	-5.832764	0.000404	1.005065	-4.129852	
978	1.005551	0.000043	-6.251709	-0.000043	1.005551	-3.697678	
979	1.011284	-0.000845	-11.447144	0.000845	1.011284	-8.044624	
980	1.007056	0.001628	-7.091797	-0.001628	1.007056	-1.022552	
981	1.005060	-0.000257	-4.791260	0.000257	1.005060	-3.429764	
982	1.005785	0.000296	-5.441467	-0.000296	1.005785	-2.683670	
983	1.006479	0.000289	-5.588013	-0.000289	1.006479	-2.570282	
984	1.007881	-0.001199	-5.564697	0.001199	1.007881	-5.901947	
985	1.005995	-0.000957	-4.805054	0.000957	1.005995	-3.563110	
986	1.006434	0.000890	-5.347046	-0.000890	1.006434	-1.756744	
987	1.006434	0.000890	-5.347046	-0.000890	1.006434	-1.756744	
988	1.004744	0.000210	-3.908691	-0.000210	1.004744	-2.080139	
989	1.010555	0.000994	-8.981689	-0.000994	1.010555	-4.548798	
990	1.004485	0.000109	-4.048279	-0.000109	1.004485	-2.829498	
991	1.004109	0.000229	-4.250854	-0.000229	1.004109	-2.963684	
992	1.003825	0.000153	-4.547058	-0.000153	1.003825	-3.269592	
993	1.002243	0.000794	-3.075806	-0.000794	1.002243	-1.875854	
994	1.002243	0.000794	-3.075806	-0.000794	1.002243	-1.875854	
995	1.003861	-0.001013	-3.647705	0.001013	1.003861	-7.584229	
996	1.002916	0.000469	-3.290527	-0.000469	1.002916	-4.335754	
997	1.001385	0.000404	-1.840088	-0.000404	1.001385	-3.352051	
998	1.001396	-0.000006	-1.655579	0.000006	1.001396	-4.193359	
999	0.999626	-0.000976	-0.200134	0.000976	0.999626	-4.660522	
1000	0.997970	0.000183	1.539185	-0.000183	0.997970	-1.633850	
1001	0.998846	0.000790	0.194885	-0.000790	0.998846	-1.510498	
1002	0.998195	0.000342	0.780334	-0.000342	0.998195	-0.601196	
1003	0.997819	0.000278	1.166077	-0.000278	0.997819	0.112915	
1004	0.993302	0.001429	3.008484	-0.001429	0.993302	2.841125	
1005	0.996463	-0.000289	2.501953	0.000289	0.996463	0.779907	
1006	0.995965	0.000217	2.271423	-0.000217	0.995965	2.153931	
1007	0.996542	-0.000109	2.399597	0.000109	0.996542	1.482300	
1008	0.995672	-0.000256	3.003235	0.000256	0.995672	1.583557	
1009	0.992102	-0.000710	5.558899	0.000710	0.992102	2.604889	
1010	0.993634	0.000841	3.508728	-0.000841	0.993634	4.387207	
1011	0.994542	0.000029	3.677734	-0.000029	0.994542	2.735840	
1012	0.994371	-0.000077	4.035461	0.000077	0.994371	3.053284	
1013	0.994403	-0.000339	4.317627	0.000339	0.994403	2.519043	
1014	0.987761	0.000690	8.203125	-0.000690	0.987761	8.009460	
1015	0.993412	0.000424	4.638062	-0.000424	0.993412	4.798096	
1016	0.995083	-0.000490	3.742737	0.000490	0.995083	2.473267	
1017	0.993580	0.000421	4.734253	-0.000421	0.993580	5.214355	
1018	0.993647	0.000360	4.865662	-0.000360	0.993647	5.141174	
1019	0.987426	0.001286	9.724121	-0.001286	0.987426	10.430176	
1020	0.993394	0.000651	5.312866	-0.000651	0.993394	5.480530	
1021	0.994583	0.000130	4.973022	-0.000130	0.994583	3.857117	
1022	0.994291	0.000021	5.235229	-0.000021	0.994291	4.124756	
1023	0.994461	0.000228	5.333130	-0.000228	0.994461	3.852051	
1024	0.987140	0.001750	11.278748	-0.001750	0.987140	10.327576	
1025	0.993939	0.000218	6.019897	-0.000218	0.993939	3.851135	
1026	0.993397	0.000295	6.619202	-0.000295	0.993397	3.955200	
1027	0.993310	0.000050	6.847107	-0.000050	0.993310	3.461853	
1028	0.993737	-0.000005	6.658875	0.000005	0.993737	3.192993	
1029	0.989111	0.000203	10.835083	-0.000203	0.989111	6.203644	
1030	0.994584	-0.000066	5.306763	0.000066	0.994584	3.142120	
1031	0.995026	-0.000075	4.786499	0.000075	0.995026	3.175201	
1032	0.994420	-0.000595	5.052979	0.000595	0.994420	2.988037	
1033	0.994634	-0.000863	4.942017	0.000863	0.994634	2.848267	
1034	0.990170	-0.000159	8.399841	0.000159	0.990170	7.507858	
1035	0.994470	-0.000942	4.511353	0.000942	0.994470	3.069305	
1036	0.994409	-0.000711	4.484253	0.000711	0.994409	3.093536	
1037	0.994953	-0.000471	3.738892	0.000471	0.994953	3.059753	
1038	0.993998	-0.000752	4.876099	0.000752	0.993998	2.914246	
1039	0.991610	0.000791	6.307983	-0.000791	0.991610	6.852264	
1040	0.994487	-0.000726	4.469116	0.000726	0.994487	2.609039	
1041	0.993364	-0.000628	5.433350	0.000628	0.993364	2.877838	
1042	0.995476	0.000594	3.285522	-0.000594	0.995476	3.613693	
1043	0.993859	-0.000313	5.025269	0.000313	0.993859	3.051376	
1044	0.989957	0.000232	8.237427	-0.000232	0.989957	6.129387	
1045	0.994592	-0.000068	4.781860	0.000068	0.994592	3.480057	
1046	0.994840	-0.001297	5.123779	0.001297	0.994840	1.890060	
1047	0.994782	-0.000290	5.030518	0.000290	0.994782	2.870087	
1048	0.995609	0.000278	4.447510	-0.000278	0.995609	3.585831	
1049	0.991101	-0.003810	10.706787	0.003810	0.991101	3.764511	
1050	0.995427	0.000461	5.791016	-0.000461	0.995427	3.735687	
1051	0.995521	0.000233	5.682190	-0.000233	0.995521	3.005066	
1052	0.995478	0.000230	5.849976	-0.000230	0.995478	3.111511	
1053	0.995725	0.000228	5.502686	-0.000228	0.995725	2.932434	
1054	0.990889	0.000329	11.926270	-0.000329	0.990889	6.521729	
1055	0.995311	0.000219	6.085205	-0.000219	0.995311	3.177979	
1056	0.995296	0.000024	6.128052	-0.000024	0.995296	3.040527	
1057	0.995157	0.000020	5.759888	-0.000020	0.995157	3.264771	
1058	0.995144	0.000109	5.800781	-0.000109	0.995144	3.488617	
1059	0.991059	0.000365	10.449097	-0.000365	0.991059	6.982605	
1060	0.994806	-0.000014	5.790894	0.000014	0.994806	3.744110	
1061	0.995560	0.000147	4.480957	-0.000147	0.995560	3.047272	
1062	0.995887	-0.000312	3.868164	0.000312	0.995887	2.495972	
1063	0.995665	-0.000127	3.592529	0.000127	0.995665	3.008453	
1064	0.992492	-0.000337	4.782227	0.000337	0.992492	5.695404	
1065	0.996451	-0.000129	2.134277	0.000129	0.996451	3.063721	
1066	0.996319	-0.000313	1.983643	0.000313	0.996319	3.102386	
1067	0.996435	-0.000321	1.805908	0.000321	0.996435	2.929932	
1068	0.996405	-0.000080	1.824097	0.000080	0.996405	3.104950	
1069	0.992856	-0.000355	3.563232	0.000355	0.992856	5.632660	
1070	0.996849	-0.000403	2.013428	0.000403	0.996849	1.973267	
1071	0.996737	-0.000046	2.163696	0.000046	0.996737	2.769989	
1072	0.996666	0.000198	2.228271	-0.000198	0.996666	3.028107	
1073	0.996889	0.000094	2.067383	-0.000094	0.996889	2.697510	
1074	0.996580	0.000019	2.365723	-0.000019	0.996580	2.781250	
1075	0.993444	-0.000117	4.333008	0.000117	0.993444	5.076416	
1076	0.996659	-0.000043	2.017639	0.000043	0.996659	2.729645	
1077	0.996675	-0.000109	1.872742	0.000109	0.996675	2.609222	
1078	0.996683	0.000003	2.005615	-0.000003	0.996683	2.867126	
1079	0.996690	0.000045	2.089722	-0.000045	0.996690	2.929443	
1080	0.995312	0.000371	2.269592	-0.000371	0.995312	6.127213	
1081	0.997009	-0.000234	2.090820	0.000234	0.997009	2.330612	
1082	0.997375	0.000021	1.744385	-0.000021	0.997375	2.617249	
1083	0.997208	-0.000147	1.896179	0.000147	0.997208	2.553558	
1084	0.997355	0.000013	1.728577	-0.000013	0.997355	2.822876	
1085	0.995583	0.000221	2.787231	-0.000221	0.995583	4.968155	
1086	0.997586	-0.000292	1.756165	0.000292	0.997586	2.290466	
1087	0.997751	-0.000178	1.376343	0.000178	0.997751	2.114563	
1088	0.997947	-0.000036	1.430420	0.000036	0.997947	1.988098	
1089	0.997751	0.000015	1.382080	-0.000015	0.997751	1.999664	
1090	0.996368	0.000559	2.157837	-0.000559	0.996368	3.105530	
1091	0.998296	0.000234	1.160278	-0.000234	0.998296	1.382568	
1092	0.998281	0.000062	1.478760	-0.000062	0.998281	1.087494	
1093	0.998503	-0.000028	1.427795	0.000028	0.998503	0.883911	
1094	0.998554	0.000151	1.248596	-0.000151	0.998554	1.116364	
1095	0.997294	0.000140	2.548340	-0.000140	0.997294	1.790802	
1096	0.998828	0.000129	1.295044	-0.000129	0.998828	0.545044	
1097	0.998881	0.000162	1.258362	-0.000162	0.998881	0.415710	
1098	0.999205	0.000237	0.962036	-0.000237	0.999205	0.256439	
1099	0.999449	0.000272	0.609009	-0.000272	0.999449	0.227570	
1100	0.999433	0.000488	0.311707	-0.000488	0.999433	0.114532	
1101	1.000008	0.000159	-0.235229	-0.000159	1.000008	-0.498291	
1102	1.000042	0.000185	-0.373657	-0.000185	1.000042	-0.600861	
1103	0.999749	-0.000034	0.034729	0.000034	0.999749	-1.272491	
1104	1.000649	-0.000724	-0.715210	0.000724	1.000649	-2.853409	
1105	1.001699	-0.000631	-2.247314	0.000631	1.001699	-3.745499	
1106	1.000613	-0.000235	-1.062134	0.000235	1.000613	-1.862823	
1107	1.000798	-0.000236	-1.470215	0.000236	1.000798	-2.064514	
1108	1.000903	-0.000096	-1.533569	0.000096	1.000903	-2.098846	
1109	1.001379	-0.000077	-2.029907	0.000077	1.001379	-2.614105	
1110	1.003815	-0.001076	-4.539551	0.001076	1.003815	-6.933701	
1111	1.001851	0.000227	-2.283081	-0.000227	1.001851	-2.828674	
1112	1.001673	-0.000151	-1.762817	0.000151	1.001673	-3.330933	
1113	1.002358	-0.000224	-2.098022	0.000224	1.002358	-3.747543	
1114	1.002196	-0.000547	-1.886597	0.000547	1.002196	-3.865631	
1115	1.006440	0.000051	-6.125977	-0.000051	1.006440	-8.449120	
1116	1.003164	-0.000558	-2.856445	0.000558	1.003164	-4.907791	
1117	1.004302	0.000280	-4.254944	-0.000280	1.004302	-4.656982	
1118	1.004286	0.000225	-3.854370	-0.000225	1.004286	-4.515228	
1119	1.004148	0.000252	-3.801880	-0.000252	1.004148	-4.348083	
1120	1.008805	0.000370	-7.929871	-0.000370	1.008805	-8.494843	
1121	1.005049	-0.000111	-4.555664	0.000111	1.005049	-4.254242	
1122	1.004700	-0.000095	-4.625488	0.000095	1.004700	-3.476135	
1123	1.004864	-0.000059	-4.803101	0.000059	1.004864	-3.188416	
1124	1.004866	-0.000009	-5.147949	0.000009	1.004866	-3.138031	
1125	1.010427	-0.000324	-11.749512	0.000324	1.010427	-6.685303	
1126	1.005203	-0.000293	-6.043213	0.000293	1.005203	-3.092987	
1127	1.004445	-0.001486	-5.619873	0.001486	1.004445	-4.116226	
1128	1.005052	-0.000546	-6.118164	0.000546	1.005052	-3.066315	
1129	1.006131	-0.001410	-7.597412	0.001410	1.006131	-4.194481	
1130	1.011492	-0.002004	-14.838989	0.002004	1.011492	-8.073372	
1131	1.006327	-0.000393	-8.390442	0.000393	1.006327	-3.494095	
1132	1.006580	-0.000607	-8.780518	0.000607	1.006580	-3.918198	
1133	1.006492	-0.000462	-9.044678	0.000462	1.006492	-4.133530	
1134	1.006714	-0.000119	-9.884644	0.000119	1.006714	-4.029617	
1135	1.012326	-0.001763	-18.110596	0.001763	1.012326	-9.845284	
1136	1.006809	-0.000192	-9.680176	0.000192	1.006809	-4.007507	
1137	1.006809	0.000140	-9.554932	-0.000140	1.006809	-3.278046	
1138	1.006849	-0.000146	-9.241760	0.000146	1.006849	-3.422028	
1139	1.006356	-0.000466	-8.505859	0.000466	1.006356	-3.785339	
1140	1.012097	-0.000451	-15.576294	0.000451	1.012097	-6.304550	
1141	1.005495	-0.000122	-6.923340	0.000122	1.005495	-2.894012	
1142	1.005525	-0.000306	-6.338867	0.000306	1.005525	-3.041565	
1143	1.005805	0.000010	-6.422119	-0.000010	1.005805	-2.510986	
1144	1.006482	0.000146	-6.868225	-0.000146	1.006482	-3.029083	
1145	1.011503	0.000169	-11.513428	-0.000169	1.011503	-5.626999	
1146	1.007401	-0.000203	-6.984192	0.000203	1.007401	-3.379639	
1147	1.004865	0.000402	-4.522278	-0.000402	1.004865	-3.002625	
1148	1.005459	-0.000147	-4.983032	0.000147	1.005459	-3.513336	
1149	1.005938	-0.000055	-5.407715	0.000055	1.005938	-3.728790	
1150	1.011613	0.001958	-10.161499	-0.001958	1.011613	-4.964561	
1151	1.006153	0.000187	-5.034180	-0.000187	1.006153	-3.137207	
1152	1.006724	0.000230	-5.679749	-0.000230	1.006724	-3.304596	
1153	1.006456	-0.000179	-5.343323	0.000179	1.006456	-3.460083	
1154	1.005219	-0.000350	-4.677063	0.000350	1.005219	-3.065430	
1155	1.010344	0.000304	-10.182373	-0.000304	1.010344	-6.299286	
1156	1.004839	-0.001380	-5.208069	0.001380	1.004839	-3.798897	
1157	1.005952	-0.000244	-6.421387	0.000244	1.005952	-3.254425	
1158	1.006118	-0.000342	-6.591431	0.000342	1.006118	-3.209503	
1159	1.006047	0.000282	-6.480957	-0.000282	1.006047	-2.623077	
1160	1.009277	0.000115	-10.080872	-0.000115	1.009277	-5.182487	
1161	1.005730	-0.000895	-6.172180	0.000895	1.005730	-3.851593	
1162	1.006284	-0.000032	-6.365234	0.000032	1.006284	-2.867981	
1163	1.005095	-0.000014	-5.544312	0.000014	1.005095	-2.633850	
1164	1.005165	-0.000378	-5.696289	0.000378	1.005165	-3.798431	
1165	1.011008	-0.000092	-11.820435	0.000092	1.011008	-7.688126	
1166	1.005891	-0.000007	-6.502197	0.000007	1.005891	-3.224274	
1167	1.005308	-0.000173	-5.596436	0.000173	1.005308	-3.061493	
1168	1.005778	0.000418	-5.792236	-0.000418	1.005778	-2.779816	
1169	1.009129	-0.000982	-7.872314	0.000982	1.009129	-7.062317	
1170	1.012653	-0.001896	-8.081238	0.001896	1.012653	-9.440002	
1171	1.008426	-0.001659	-4.019409	0.001659	1.008426	-6.772278	
1172	1.004825	0.000437	-2.541260	-0.000437	1.004825	-1.546692	
1173	1.003966	0.000371	-1.546875	-0.000371	1.003966	-1.686676	
1174	1.005199	-0.000324	-3.079834	0.000324	1.005199	-2.867218	
1175	1.005199	-0.000324	-3.079834	0.000324	1.005199	-2.867218	
1176	1.004555	-0.000319	-2.447998	0.000319	1.004555	-3.034546	
1177	1.004477	0.000283	-2.363892	-0.000283	1.004477	-2.558533	
1178	1.004684	-0.000050	-2.509033	0.000050	1.004684	-3.054565	
1179	1.006526	-0.000130	-4.885132	0.000130	1.006526	-2.377563	
1180	1.006526	-0.000130	-4.885132	0.000130	1.006526	-2.377563	
1181	1.003952	-0.000055	-2.522339	0.000055	1.003952	-2.199158	
1182	1.005383	0.000174	-4.373901	-0.000174	1.005383	-2.151031	
1183	1.002570	-0.000663	-1.395630	0.000663	1.002570	-3.176529	
1184	1.004393	0.000235	-3.689331	-0.000235	1.004393	-1.326538	
1185	1.005736	-0.000033	-4.476807	0.000033	1.005736	-1.432449	
1186	1.002980	0.001093	-2.311584	-0.001093	1.002980	0.928131	
1187	1.001622	-0.000615	-1.240723	0.000615	1.001622	-0.644836	
1188	1.001418	0.000048	-1.263062	-0.000048	1.001418	0.614197	
1189	1.004154	0.002309	-4.155640	-0.002309	1.004154	3.452850	
1190	1.001248	0.000660	-2.105835	-0.000660	1.001248	4.134888	
1191	1.001248	0.000660	-2.105835	-0.000660	1.001248	4.134888	
1192	0.998565	-0.002614	0.658203	0.002614	0.998565	-0.987923	
1193	0.998276	-0.000281	1.290527	0.000281	0.998276	0.907593	
1194	0.997055	-0.003168	2.313477	0.003168	0.997055	-2.239456	
1195	0.992347	-0.001082	6.772827	0.001082	0.992347	1.901009	
1196	0.994155	-0.004098	5.949341	0.004098	0.994155	-2.365173	
1197	0.993539	-0.000047	5.860474	0.000047	0.993539	2.503784	
1198	0.993803	-0.001602	5.542297	0.001602	0.993803	1.081909	
1199	0.993803	-0.001602	5.542297	0.001602	0.993803	1.081909	
1200	0.985591	0.000458	13.970825	-0.000458	0.985591	7.675140	
1201	0.992163	0.000353	8.262085	-0.000353	0.992163	3.807587	
1202	0.987131	0.000025	15.554260	-0.000025	0.987131	7.709618	
