0	1.000000	0.000000	0.000000	0.000000	1.000000	0.000000	
1	1.000026	0.000036	-0.496216	-0.000036	1.000026	0.128906	
2	0.999891	-0.000036	0.256104	0.000036	0.999891	0.125412	
3	1.000268	0.000053	-0.972961	-0.000053	1.000268	0.068802	
4	0.999761	0.000005	0.041382	-0.000005	0.999761	0.368347	
5	1.000026	0.000015	-1.001526	-0.000015	1.000026	-0.043777	
6	1.000160	-0.000034	-1.020874	0.000034	1.000160	-0.168228	
7	0.999721	0.000020	-1.656677	-0.000020	0.999721	-0.197113	
8	1.000151	0.000039	-5.364441	-0.000039	1.000151	0.030685	
9	0.999968	0.000005	-3.284241	-0.000005	0.999968	0.013123	
10	0.999985	0.000033	-5.141296	-0.000033	0.999985	0.021866	
11	1.000167	0.000039	-3.615723	-0.000039	1.000167	0.011734	
12	1.000089	0.000139	-3.565491	-0.000139	1.000089	-0.319778	
13	1.000101	-0.000114	-2.235779	0.000114	1.000101	0.095551	
14	1.000054	-0.000008	-2.744812	0.000008	1.000054	0.076309	
15	0.999948	0.000105	-1.152588	-0.000105	0.999948	-0.048187	
16	0.999986	-0.000038	-0.786133	0.000038	0.999986	0.510910	
17	0.999971	-0.000040	-0.414124	0.000040	0.999971	-0.103165	
18	1.000042	-0.000010	0.364685	0.000010	1.000042	0.441788	
19	1.000039	0.000032	0.028992	-0.000032	1.000039	-0.210510	
20	0.999910	0.000049	1.082275	-0.000049	0.999910	0.491470	
21	1.000022	-0.000042	-0.386841	0.000042	1.000022	-0.631760	
22	1.000100	-0.000022	0.254822	0.000022	1.000100	0.290421	
23	0.999891	0.000082	0.385315	-0.000082	0.999891	-0.248581	
24	0.999996	0.000010	-0.750427	-0.000010	0.999996	0.176224	
25	0.999881	-0.000039	0.243408	0.000039	0.999881	0.412918	
26	0.999948	0.000054	-0.487427	-0.000054	0.999948	-0.170609	
27	1.000177	-0.000040	-0.593384	0.000040	1.000177	0.069809	
28	0.999855	0.000079	-0.353271	-0.000079	0.999855	0.002121	
29	1.000057	0.000062	-0.630981	-0.000062	1.000057	-0.331680	
30	1.000018	-0.000066	-1.067444	0.000066	1.000018	0.155991	
31	0.999937	0.000023	-0.598022	-0.000023	0.999937	0.184601	
32	1.000077	-0.000081	0.163147	0.000081	1.000077	0.613419	
33	0.999920	0.000086	-0.024902	-0.000086	0.999920	-0.208160	
34	1.000011	-0.000052	0.040710	0.000052	1.000011	-0.131866	
35	1.000070	-0.000037	-0.244812	0.000037	1.000070	0.070709	
36	0.999923	-0.000199	-0.701660	0.000199	0.999923	-0.142548	
37	1.000039	0.000199	-0.735168	-0.000199	1.000039	-0.204453	
38	1.000063	0.000069	-0.913025	-0.000069	1.000063	-0.023651	
39	0.999813	-0.000109	-0.185486	0.000109	0.999813	0.015778	
40	1.000078	-0.000003	-1.174194	0.000003	1.000078	-0.034302	
41	0.999968	0.000011	-0.960876	-0.000011	0.999968	0.028656	
42	0.999949	0.000160	-2.380493	-0.000160	0.999949	0.008133	
43	1.000212	-0.000015	-2.184998	0.000015	1.000212	-0.072174	
44	0.999977	-0.000031	-2.641968	0.000031	0.999977	-0.057632	
45	1.000045	0.000025	-1.902954	-0.000025	1.000045	-0.035904	
46	0.999971	0.000090	-2.048767	-0.000090	0.999971	0.363358	
47	1.000009	0.000004	-1.159302	-0.000004	1.000009	-0.080307	
48	0.999979	0.000070	-1.439209	-0.000070	0.999979	0.446243	
49	0.999998	-0.000041	-0.785828	0.000041	0.999998	-0.281799	
50	0.999986	0.000109	-1.147339	-0.000109	0.999986	0.157242	
51	1.000165	-0.000093	-0.640991	0.000093	1.000165	-0.133972	
52	0.999880	0.000013	-1.319092	-0.000013	0.999880	0.079269	
53	1.000054	-0.000030	-0.565796	0.000030	1.000054	-0.390015	
54	1.000058	0.000138	-0.772156	-0.000138	1.000058	-0.002487	
55	0.999916	0.000018	-0.923828	-0.000018	0.999916	-0.385956	
56	0.999932	0.000002	-2.261597	-0.000002	0.999932	-0.004242	
57	1.000027	-0.000047	-1.396606	0.000047	1.000027	-0.015808	
58	1.000046	-0.000021	-3.107178	0.000021	1.000046	-0.125839	
59	1.000008	0.000011	-2.090698	-0.000011	1.000008	-0.299759	
60	1.000516	-0.000024	-3.639954	0.000024	1.000516	-0.269241	
61	1.001244	0.000062	-3.218872	-0.000062	1.001244	-0.710480	
62	1.003275	-0.000011	-5.393677	0.000011	1.003275	-1.649063	
63	1.002445	0.000064	-3.424133	-0.000064	1.002445	-1.388519	
64	1.004963	-0.000053	-6.234802	0.000053	1.004963	-2.816116	
65	1.004241	0.000008	-5.542297	-0.000008	1.004241	-2.707138	
66	1.006550	0.000073	-7.641846	-0.000073	1.006550	-3.775299	
67	1.004688	-0.000094	-5.704468	0.000094	1.004688	-2.543915	
68	1.006422	0.000041	-7.560303	-0.000041	1.006422	-3.459641	
69	1.004599	-0.000080	-5.129639	0.000080	1.004599	-2.332733	
70	1.006625	-0.000016	-6.739868	0.000016	1.006625	-3.617447	
71	1.004612	-0.000005	-4.420593	0.000005	1.004612	-2.423981	
72	1.006511	-0.000052	-6.424561	0.000052	1.006511	-3.606018	
73	1.004581	-0.000009	-4.720764	0.000009	1.004581	-2.161285	
74	1.006782	-0.000036	-6.504395	0.000036	1.006782	-3.639755	
75	1.004571	0.000033	-4.368896	-0.000033	1.004571	-2.620499	
76	1.006683	-0.000039	-6.529968	0.000039	1.006683	-3.799393	
77	1.004519	-0.000011	-4.229309	0.000011	1.004519	-2.376862	
78	1.006915	-0.000067	-6.750244	0.000067	1.006915	-4.088120	
79	1.004634	-0.000015	-4.487976	0.000015	1.004634	-2.578934	
80	1.006644	-0.000022	-6.048828	0.000022	1.006644	-4.013016	
81	1.004642	-0.000047	-4.499207	0.000047	1.004642	-2.959183	
82	1.006913	0.000006	-6.430786	-0.000006	1.006913	-4.157089	
83	1.004707	-0.000007	-4.329224	0.000007	1.004707	-3.119629	
84	1.006696	-0.000040	-5.786316	0.000040	1.006696	-4.625549	
85	1.004682	0.000027	-3.960815	-0.000027	1.004682	-3.374054	
86	1.007010	-0.000084	-5.214050	0.000084	1.007010	-5.651505	
87	1.004720	0.000003	-3.414490	-0.000003	1.004720	-3.634247	
88	1.006749	0.000104	-4.021423	-0.000104	1.006749	-5.916229	
89	1.004704	-0.000027	-0.293030	0.000027	1.004704	-5.338531	
90	1.006738	-0.000070	2.386353	0.000070	1.006738	-9.038925	
91	1.003851	-0.000009	1.940796	0.000009	1.003851	-6.348129	
92	1.004389	-0.000136	5.039795	0.000136	1.004389	-9.078384	
93	1.002554	-0.000056	2.296814	0.000056	1.002554	-4.656990	
94	1.002397	-0.000041	5.463806	0.000041	1.002397	-6.740402	
95	1.000893	-0.000057	4.051453	0.000057	1.000893	-3.412781	
96	1.000404	-0.000086	8.007690	0.000086	1.000404	-3.074249	
97	0.999975	0.000051	5.520752	-0.000051	0.999975	-1.825882	
98	1.000067	-0.000088	8.545105	0.000088	1.000067	-2.002556	
99	1.000066	-0.000027	6.546021	0.000027	1.000066	-1.208725	
100	0.999944	-0.000052	12.093750	0.000052	0.999944	-2.519547	
101	1.000221	-0.000102	5.196838	0.000102	1.000221	-1.763702	
102	1.000021	-0.000032	8.348389	0.000032	1.000021	-2.100967	
103	0.999990	-0.000016	7.164185	0.000016	0.999990	-1.453720	
104	1.000190	-0.000130	9.494873	0.000130	1.000190	-2.131310	
105	0.999964	0.000021	8.604370	-0.000021	0.999964	-1.000549	
106	1.000133	-0.000099	12.252808	0.000099	1.000133	-2.940353	
107	1.000253	-0.000027	6.081604	0.000027	1.000253	-1.231476	
108	0.999825	-0.000055	14.805847	0.000055	0.999825	-2.333015	
109	1.000203	-0.000243	8.315186	0.000243	1.000203	-2.026894	
110	1.000958	0.000119	9.968018	-0.000119	1.000958	-2.075729	
111	1.001434	-0.000134	6.452759	0.000134	1.001434	-2.619232	
112	1.002905	-0.000018	8.789368	0.000018	1.002905	-3.394051	
113	1.003056	-0.000140	5.490112	0.000140	1.003056	-3.357407	
114	1.005486	-0.000084	5.274231	0.000084	1.005486	-4.998627	
115	1.004241	-0.000123	3.811646	0.000123	1.004241	-3.783371	
116	1.006985	-0.000048	4.452515	0.000048	1.006985	-5.469116	
117	1.004774	-0.000039	4.960754	0.000039	1.004774	-4.267120	
118	1.007145	-0.000194	5.482178	0.000194	1.007145	-5.366104	
119	1.004822	-0.000043	2.399780	0.000043	1.004822	-3.822037	
120	1.006917	-0.000078	5.548706	0.000078	1.006917	-5.131897	
121	1.004215	-0.000231	3.840942	0.000231	1.004215	-3.607849	
122	1.005078	-0.000213	2.687317	0.000213	1.005078	-3.801147	
123	1.002612	0.000071	3.702026	-0.000071	1.002612	-1.548080	
124	1.002803	-0.000034	11.861572	0.000034	1.002803	-2.373749	
125	1.001225	-0.000094	6.049805	0.000094	1.001225	-1.166290	
126	1.000708	0.000039	7.005798	-0.000039	1.000708	-0.727097	
127	0.999923	-0.000008	4.912109	0.000008	0.999923	-1.093704	
128	0.999912	-0.000251	6.625793	0.000251	0.999912	-0.909058	
129	0.999860	-0.000086	2.461243	0.000086	0.999860	-0.877533	
130	1.000111	0.000027	2.679382	-0.000027	1.000111	-1.063660	
131	1.000165	0.000019	2.906555	-0.000019	1.000165	-0.590698	
132	0.999817	-0.000148	3.352966	0.000148	0.999817	-1.017151	
133	1.000061	0.000032	-0.528931	-0.000032	1.000061	-0.614975	
134	1.000010	0.000020	-0.068115	-0.000020	1.000010	0.015457	
135	0.999895	0.000079	-0.734741	-0.000079	0.999895	0.233627	
136	1.000117	0.000001	-0.757568	-0.000001	1.000117	-0.273560	
137	1.000117	0.000147	-1.358765	-0.000147	1.000117	0.063782	
138	0.999854	-0.000027	-0.529175	0.000027	0.999854	0.893875	
139	1.000631	0.000003	-1.165649	-0.000003	1.000631	-0.577911	
140	0.999677	0.000033	-1.181030	-0.000033	0.999677	0.590439	
141	1.000195	0.000037	-1.666504	-0.000037	1.000195	-0.032196	
142	1.000103	0.000032	-2.943237	-0.000032	1.000103	0.251007	
143	0.999661	-0.000054	-1.583374	0.000054	0.999661	0.009262	
144	1.000305	0.000003	-4.843140	-0.000003	1.000305	-0.040344	
145	0.999809	0.000113	-2.870728	-0.000113	0.999809	0.658768	
146	1.000005	-0.000041	-7.534790	0.000041	1.000005	-0.289444	
147	1.000335	0.000060	-7.353271	-0.000060	1.000335	0.414490	
148	0.999836	0.000213	-8.256348	-0.000213	0.999836	0.484970	
149	1.000257	0.000077	-4.108643	-0.000077	1.000257	-0.149323	
150	1.000057	0.000077	-5.564209	-0.000077	1.000057	0.021194	
151	0.999906	0.000019	-3.643188	-0.000019	0.999906	0.101654	
152	1.000002	0.000091	-4.866455	-0.000091	1.000002	0.148087	
153	0.999931	-0.000004	-3.149780	0.000004	0.999931	0.357239	
154	0.999994	0.000015	-5.378418	-0.000015	0.999994	0.091797	
155	1.000041	0.000061	-3.967529	-0.000061	1.000041	0.150986	
156	1.000032	0.000141	-5.548218	-0.000141	1.000032	0.401978	
157	0.999971	0.000067	-4.252319	-0.000067	0.999971	0.371902	
158	0.999796	-0.000053	-5.031738	0.000053	0.999796	-0.250458	
159	0.998126	0.000091	-2.200928	-0.000091	0.998126	1.163574	
160	0.996615	0.000012	-2.336548	-0.000012	0.996615	1.651398	
161	0.996663	0.000050	-0.194214	-0.000050	0.996663	2.329468	
162	0.994203	0.000034	0.910767	-0.000034	0.994203	2.609634	
163	0.995504	0.000047	1.390320	-0.000047	0.995504	3.079605	
164	0.992082	0.000019	3.711304	-0.000019	0.992082	4.029449	
165	0.993938	0.000011	3.729980	-0.000011	0.993938	3.362106	
166	0.990167	0.000030	8.034302	-0.000030	0.990167	5.414749	
167	0.993235	0.000063	4.729370	-0.000063	0.993235	3.584671	
168	0.989956	-0.000031	6.791809	0.000031	0.989956	5.495087	
169	0.993382	0.000032	5.917603	-0.000032	0.993382	3.519745	
170	0.989935	0.000052	8.663330	-0.000052	0.989935	5.903763	
171	0.993575	-0.000011	7.447754	0.000011	0.993575	3.748535	
172	0.989930	-0.000086	9.103210	0.000086	0.989930	5.135834	
173	0.993472	-0.000033	6.763062	0.000033	0.993472	3.912598	
174	0.990163	-0.000070	10.789551	0.000070	0.990163	4.770683	
175	0.993722	-0.000048	6.010193	0.000048	0.993722	3.445618	
176	0.992188	0.000076	7.672485	-0.000076	0.992188	4.187958	
177	0.995785	0.000008	4.342712	-0.000008	0.995785	2.308929	
178	0.995130	0.000001	5.043579	-0.000001	0.995130	2.667786	
179	0.998065	-0.000012	2.714844	0.000012	0.998065	1.005081	
180	0.998130	0.000014	2.844055	-0.000014	0.998130	0.790695	
181	0.999920	-0.000115	1.040771	0.000115	0.999920	-0.077621	
182	0.999881	-0.000036	1.403320	0.000036	0.999881	0.294434	
183	0.999798	0.000115	1.638855	-0.000115	0.999798	0.026154	
184	1.000310	-0.000114	2.172546	0.000114	1.000310	-0.043976	
185	0.999861	-0.000016	0.858154	0.000016	0.999861	0.142151	
186	0.999939	0.000022	1.205994	-0.000022	0.999939	0.017975	
187	1.000229	-0.000004	-0.253845	0.000004	1.000229	0.023987	
188	0.999974	-0.000103	0.419067	0.000103	0.999974	0.632797	
189	1.000093	0.000031	-0.661072	-0.000031	1.000093	-0.349319	
190	1.000010	0.000087	0.162903	-0.000087	1.000010	-0.057602	
191	0.999981	-0.000006	-0.694458	0.000006	0.999981	-0.502502	
192	1.000075	0.000035	0.007324	-0.000035	1.000075	-0.021240	
193	0.999926	-0.000003	-0.418030	0.000003	0.999926	0.025452	
194	0.999920	0.000046	-0.339233	-0.000046	0.999920	0.055588	
195	1.000221	-0.000031	0.136719	0.000031	1.000221	-0.035645	
196	0.999936	0.000030	-0.502319	-0.000030	0.999936	0.064308	
197	1.000032	-0.000004	-0.044067	0.000004	1.000032	0.012268	
198	1.000157	0.000057	-0.602661	-0.000057	1.000157	0.137344	
199	0.999873	0.000066	-0.238220	-0.000066	0.999873	0.336899	
200	0.999945	0.000101	-0.592957	-0.000101	0.999945	0.633469	
201	0.999797	-0.000046	0.002258	0.000046	0.999797	0.119812	
202	1.000136	-0.000009	-1.616882	0.000009	1.000136	0.600006	
203	0.999994	-0.000108	-2.073975	0.000108	0.999994	0.790619	
204	0.999962	0.000022	-1.069824	-0.000022	0.999962	-0.132599	
205	1.000070	-0.000082	-1.284302	0.000082	1.000070	0.353165	
206	1.000012	0.000052	-1.829834	-0.000052	1.000012	-0.295746	
207	0.999928	0.000028	-1.042297	-0.000028	0.999928	0.296844	
208	1.000172	-0.000069	-2.248596	0.000069	1.000172	-0.515198	
209	0.999864	0.000111	-1.789612	-0.000111	0.999864	0.442474	
210	0.999950	0.000033	-2.686218	-0.000033	0.999950	-0.452682	
211	1.000263	0.000030	-2.781250	-0.000030	1.000263	0.350967	
212	0.999864	0.000066	-2.248169	-0.000066	0.999864	-0.101913	
213	1.000046	-0.000056	-2.161682	0.000056	1.000046	-0.030334	
214	1.000137	0.000045	-4.063599	-0.000045	1.000137	0.301544	
215	0.999867	-0.000025	-2.315613	0.000025	0.999867	0.102249	
216	1.000047	0.000072	-4.118164	-0.000072	1.000047	0.132660	
217	0.999982	-0.000017	-3.093384	0.000017	0.999982	0.405853	
218	1.000098	0.000039	-5.395569	-0.000039	1.000098	-0.106476	
219	1.000003	0.000034	-3.022827	-0.000034	1.000003	0.011719	
220	0.999903	0.000006	-4.480164	-0.000006	0.999903	0.492935	
221	1.000040	0.000037	-1.609924	-0.000037	1.000040	-0.070923	
222	1.000169	0.000075	-1.747131	-0.000075	1.000169	-0.205887	
223	0.999790	-0.000012	-1.609497	0.000012	0.999790	0.460419	
224	1.000066	-0.000011	-3.078674	0.000011	1.000066	0.177582	
225	0.999991	0.000054	-2.738586	-0.000054	0.999991	-0.006012	
226	1.000006	0.000054	-3.783813	-0.000054	1.000006	-0.369888	
227	1.000046	0.000003	-3.205383	-0.000003	1.000046	0.432190	
228	0.999964	0.000017	-4.688232	-0.000017	0.999964	-0.016907	
229	1.000050	0.000051	-1.220215	-0.000051	1.000050	0.138733	
230	1.000093	-0.000011	-1.832336	0.000011	1.000093	-0.058197	
231	0.999915	0.000016	-1.231140	-0.000016	0.999915	0.019211	
232	1.000081	0.000025	-2.139404	-0.000025	1.000081	0.073349	
233	0.999820	0.000128	-1.819092	-0.000128	0.999820	0.460861	
234	0.999956	-0.000110	-2.223145	0.000110	0.999956	0.081467	
235	1.000223	0.000116	-1.850098	-0.000116	1.000223	0.229706	
236	0.999903	0.000079	-3.196472	-0.000079	0.999903	0.454056	
237	1.000010	-0.000042	-1.825745	0.000042	1.000010	0.306091	
238	1.000156	0.000003	-3.339661	-0.000003	1.000156	-0.150070	
239	0.999584	0.000159	-2.161011	-0.000159	0.999584	0.263260	
240	1.000342	0.000044	-3.623230	-0.000044	1.000342	0.062576	
241	0.999702	-0.000034	-1.087708	0.000034	0.999702	0.021286	
242	0.999330	0.000037	-4.502686	-0.000037	0.999330	0.169113	
243	0.999247	0.000025	-1.984924	-0.000025	0.999247	0.413452	
244	0.996627	0.000046	-1.060608	-0.000046	0.996627	1.755356	
245	0.997483	-0.000006	-0.578186	0.000006	0.997483	1.270660	
246	0.994927	0.000037	1.343567	-0.000037	0.994927	2.543564	
247	0.995404	0.000101	2.947205	-0.000101	0.995404	2.579865	
248	0.993593	-0.000034	0.596985	0.000034	0.993593	3.454330	
249	0.995375	0.000119	0.171204	-0.000119	0.995375	2.532822	
250	0.993288	0.000023	3.645142	-0.000023	0.993288	3.782532	
251	0.995734	-0.000039	1.272583	0.000039	0.995734	1.977600	
252	0.993282	0.000075	5.266113	-0.000075	0.993282	3.537430	
253	0.995542	-0.000056	3.643738	0.000056	0.995542	2.184906	
254	0.993447	0.000047	5.161560	-0.000047	0.993447	3.218475	
255	0.995270	0.000014	4.216064	-0.000014	0.995270	2.321671	
256	0.993608	-0.000001	5.343933	0.000001	0.993608	3.249084	
257	0.995390	0.000055	3.483154	-0.000055	0.995390	2.274521	
258	0.993360	0.000019	4.973816	-0.000019	0.993360	3.249130	
259	0.995924	0.000003	2.839417	-0.000003	0.995924	1.765640	
260	0.993240	-0.000079	3.733765	0.000079	0.993240	3.234314	
261	0.995652	0.000131	1.147400	-0.000131	0.995652	1.940628	
262	0.993522	0.000051	2.735596	-0.000051	0.993522	3.434753	
263	0.995359	-0.000042	1.980408	0.000042	0.995359	2.397751	
264	0.993583	0.000035	2.140625	-0.000035	0.993583	2.977081	
265	0.995682	0.000037	0.716858	-0.000037	0.995682	2.043884	
266	0.993435	0.000022	0.916687	-0.000022	0.993435	3.632050	
267	0.995845	-0.000107	0.022766	0.000107	0.995845	1.862442	
268	0.993725	0.000197	-2.804932	-0.000197	0.993725	3.291199	
269	0.996761	0.000068	-1.113770	-0.000068	0.996761	1.818253	
270	0.995856	-0.000048	-1.549255	0.000048	0.995856	2.656311	
271	0.997710	-0.000015	-1.036011	0.000015	0.997710	1.496613	
272	0.997930	0.000102	-1.286194	-0.000102	0.997930	1.476120	
273	0.999328	0.000015	-0.471558	-0.000015	0.999328	1.261902	
274	0.999346	0.000090	-1.539001	-0.000090	0.999346	1.626938	
275	1.000211	-0.000012	-1.092712	0.000012	1.000211	-0.377930	
276	0.999746	-0.000059	-3.368835	0.000059	0.999746	1.792328	
277	1.000078	0.000054	-3.857666	-0.000054	1.000078	1.148605	
278	1.000073	0.000041	-3.331055	-0.000041	1.000073	2.306976	
279	0.999820	-0.000014	-3.651428	0.000014	0.999820	3.323502	
280	1.000054	0.000117	-6.665283	-0.000117	1.000054	5.353943	
281	0.999804	0.000060	-4.033630	-0.000060	0.999804	5.056824	
282	0.999827	0.000097	-4.225037	-0.000097	0.999827	7.187637	
283	1.000175	0.000086	-4.700439	-0.000086	1.000175	3.839111	
284	0.999805	0.000093	-4.379578	-0.000093	0.999805	4.592255	
285	0.999955	-0.000002	-2.048096	0.000002	0.999955	1.202255	
286	1.000079	-0.000004	-6.716675	0.000004	1.000079	1.422012	
287	0.999840	0.000083	-4.232422	-0.000083	0.999840	-0.305389	
288	1.000012	-0.000020	-8.623657	0.000020	1.000012	-0.370575	
289	1.000144	0.000062	-6.276733	-0.000062	1.000144	0.033676	
290	0.999900	0.000150	-8.000977	-0.000150	0.999900	0.424194	
291	1.000137	-0.000021	-5.396667	0.000021	1.000137	0.013702	
292	0.999985	0.000032	-8.215942	-0.000032	0.999985	0.128250	
293	1.000220	0.000039	-4.175049	-0.000039	1.000220	-0.601883	
294	1.000022	0.000109	-4.165100	-0.000109	1.000022	1.441879	
295	1.000009	0.000037	-1.233521	-0.000037	1.000009	0.374298	
296	1.000038	0.000025	-2.014099	-0.000025	1.000038	1.124496	
297	0.999984	0.000056	-0.838196	-0.000056	0.999984	0.076508	
298	0.999981	0.000021	-0.807861	-0.000021	0.999981	-0.994781	
299	1.000291	0.000052	-0.515015	-0.000052	1.000291	-0.935471	
300	0.999763	0.000066	0.505310	-0.000066	0.999763	0.495331	
301	1.000106	-0.000001	0.062439	0.000001	1.000106	-0.497375	
302	0.999959	-0.000069	0.492859	0.000069	0.999959	0.662476	
303	0.999778	-0.000004	-0.088684	0.000004	0.999778	0.034607	
304	1.000191	0.000043	-0.497742	-0.000043	1.000191	-0.250839	
305	0.999896	-0.000057	0.338257	0.000057	0.999896	0.209320	
306	1.000009	0.000098	-0.381653	-0.000098	1.000009	0.672913	
307	1.000177	0.000092	0.624573	-0.000092	1.000177	-0.596146	
308	0.999883	-0.000072	-0.205505	0.000072	0.999883	-0.112213	
309	1.000060	0.000014	0.473572	-0.000014	1.000060	-0.307648	
310	1.000053	-0.000048	0.263000	0.000048	1.000053	-0.648148	
311	0.999910	-0.000046	0.271606	0.000046	0.999910	-0.181549	
312	1.000100	-0.000009	0.387451	0.000009	1.000100	-0.795105	
313	1.000026	-0.000011	0.009766	0.000011	1.000026	-0.044876	
314	0.999933	0.000015	0.920410	-0.000015	0.999933	-1.122238	
315	1.000175	0.000056	-0.063782	-0.000056	1.000175	-0.875626	
316	0.999955	-0.000121	0.758606	0.000121	0.999955	-0.385010	
317	1.000038	-0.000080	0.378479	0.000080	1.000038	-0.742264	
318	0.999990	-0.000005	0.035034	0.000005	0.999990	-0.111191	
319	0.999936	-0.000126	0.151184	0.000126	0.999936	-0.241150	
320	1.000044	0.000075	-0.040283	-0.000075	1.000044	-0.255646	
321	0.999967	0.000064	0.051208	-0.000064	0.999967	0.134720	
322	1.000012	-0.000069	0.493347	0.000069	1.000012	-0.153137	
323	1.000028	0.000033	0.052246	-0.000033	1.000028	0.236374	
324	0.999894	-0.000032	0.812378	0.000032	0.999894	0.042709	
325	1.000059	-0.000042	0.603577	0.000042	1.000059	-0.148468	
326	1.000014	-0.000032	1.358582	0.000032	1.000014	-0.047272	
327	0.999897	-0.000096	1.744995	0.000096	0.999897	-0.150009	
328	1.000073	0.000020	1.577820	-0.000020	1.000073	-0.718689	
329	0.999990	0.000007	1.098816	-0.000007	0.999990	0.135529	
330	0.999902	-0.000055	2.349182	0.000055	0.999902	-0.330704	
331	1.000091	-0.000032	0.470276	0.000032	1.000091	0.152435	
332	0.999975	0.000042	1.008179	-0.000042	0.999975	-0.126968	
333	0.999995	0.000043	0.257202	-0.000043	0.999995	-0.338699	
334	0.999997	-0.000046	-0.073059	0.000046	0.999997	0.009689	
335	1.000015	0.000008	0.033691	-0.000008	1.000015	-0.054916	
336	0.999999	0.000084	-0.048950	-0.000084	0.999999	-0.769119	
337	0.999983	-0.000026	0.066711	0.000026	0.999983	-0.069275	
338	1.000006	-0.000014	0.026184	0.000014	1.000006	-0.367676	
339	0.999991	0.000114	-0.009766	-0.000114	0.999991	-0.080948	
340	1.000038	-0.000043	0.205872	0.000043	1.000038	-0.566498	
341	1.000032	-0.000016	-0.129639	0.000016	1.000032	-0.396912	
342	1.000043	-0.000000	-0.160950	0.000000	1.000043	-0.595245	
343	0.999894	0.000009	-0.192810	-0.000009	0.999894	-0.068527	
344	1.000054	0.000040	-0.390747	-0.000040	1.000054	-0.224716	
345	1.000019	0.000022	-0.116821	-0.000022	1.000019	-0.154465	
346	0.999893	0.000007	-0.480164	-0.000007	0.999893	0.057327	
347	1.000020	-0.000021	-0.051880	0.000021	1.000020	-0.071381	
348	0.999969	-0.000013	0.116882	0.000013	0.999969	0.009109	
349	0.999986	-0.000012	-0.236877	0.000012	0.999986	-0.058594	
350	0.999956	-0.000040	0.219482	0.000040	0.999956	0.628647	
351	0.999993	-0.000003	0.115295	0.000003	0.999993	-0.012741	
352	0.999995	0.000006	-0.460938	-0.000006	0.999995	1.088135	
353	0.999995	-0.000105	0.625183	0.000105	0.999995	-0.010315	
354	0.999930	-0.000044	-0.451477	0.000044	0.999930	1.644913	
355	1.000025	-0.000022	0.965820	0.000022	1.000025	-0.353958	
356	0.999974	0.000005	2.529419	-0.000005	0.999974	0.489304	
357	0.999965	-0.000085	2.250671	0.000085	0.999965	-0.609329	
358	1.000095	-0.000000	2.396118	0.000000	1.000095	0.400635	
359	0.999690	-0.000060	1.977844	0.000060	0.999690	-0.339935	
360	1.000156	0.000133	3.004700	-0.000133	1.000156	-0.105713	
361	0.999900	-0.000014	1.635620	0.000014	0.999900	-0.484894	
362	0.999993	0.000021	4.211975	-0.000021	0.999993	-0.137024	
363	1.000093	-0.000099	5.004028	0.000099	1.000093	0.011765	
364	0.999839	0.000025	7.332153	-0.000025	0.999839	-0.195969	
365	1.000126	-0.000090	4.990173	0.000090	1.000126	-0.628784	
366	0.999938	-0.000095	4.674255	0.000095	0.999938	-0.192307	
367	0.999859	0.000035	3.044495	-0.000035	0.999859	-0.172714	
368	1.000173	-0.000001	3.385071	0.000001	1.000173	-0.323227	
369	0.999842	-0.000012	2.614990	0.000012	0.999842	0.092621	
370	1.000118	0.000097	2.095764	-0.000097	1.000118	-0.004425	
371	1.000041	-0.000055	0.953735	0.000055	1.000041	0.354370	
372	0.999838	0.000047	2.594727	-0.000047	0.999838	0.606369	
373	0.999487	-0.000093	2.406494	0.000093	0.999487	0.276627	
374	0.997563	-0.000036	4.653748	0.000036	0.997563	1.892700	
375	0.998004	-0.000017	3.314636	0.000017	0.998004	1.076782	
376	0.996433	0.000080	6.803345	-0.000080	0.996433	2.694595	
377	0.997821	-0.000090	5.323242	0.000090	0.997821	0.873734	
378	0.997048	-0.000005	6.367371	0.000005	0.997048	2.460022	
379	0.998611	-0.000098	3.822754	0.000098	0.998611	0.947189	
380	0.998300	-0.000064	2.767700	0.000064	0.998300	2.094345	
381	0.999253	0.000001	1.023254	-0.000001	0.999253	1.481003	
382	0.999297	0.000075	1.460815	-0.000075	0.999297	2.129883	
383	0.999508	-0.000064	0.329651	0.000064	0.999508	1.017868	
384	1.000008	0.000030	0.359863	-0.000030	1.000008	0.502975	
385	0.999858	-0.000006	0.267883	0.000006	0.999858	0.616699	
386	0.999880	0.000028	1.116333	-0.000028	0.999880	0.254166	
387	1.000312	0.000049	-0.790100	-0.000049	1.000312	-0.001587	
388	0.999788	-0.000031	0.565857	0.000031	0.999788	0.794052	
389	1.000058	0.000029	-0.557495	-0.000029	1.000058	-0.007690	
390	1.000045	0.000036	-0.606323	-0.000036	1.000045	0.047440	
391	1.000006	0.000004	-0.047302	-0.000004	1.000006	0.340317	
392	1.000065	0.000071	-0.617859	-0.000071	1.000065	0.013550	
393	1.000005	0.000075	0.315186	-0.000075	1.000005	0.050751	
394	1.000037	0.000013	-0.054382	-0.000013	1.000037	-0.459900	
395	1.000016	0.000011	0.009399	-0.000011	1.000016	0.047729	
396	0.999944	-0.000060	0.555725	0.000060	0.999944	0.300934	
397	1.000022	0.000004	0.159790	-0.000004	1.000022	0.549042	
398	0.999920	-0.000028	0.143860	0.000028	0.999920	-0.113647	
399	0.999961	-0.000026	-0.440308	0.000026	0.999961	-0.336868	
400	1.000066	-0.000033	-0.473267	0.000033	1.000066	0.503128	
401	0.999996	-0.000040	-0.068176	0.000040	0.999996	-0.159515	
402	0.999875	0.000069	0.627563	-0.000069	0.999875	0.381180	
403	1.000119	-0.000003	0.023132	0.000003	1.000119	-0.988235	
404	0.999883	0.000145	0.210693	-0.000145	0.999883	0.421112	
405	1.000053	-0.000123	0.040405	0.000123	1.000053	-0.012863	
406	1.000047	0.000176	0.581421	-0.000176	1.000047	0.110748	
407	0.999927	-0.000060	0.145203	0.000060	0.999927	-0.943329	
408	1.000046	-0.000142	0.351685	0.000142	1.000046	-0.009171	
409	0.999925	0.000036	0.771423	-0.000036	0.999925	-0.050568	
410	1.000042	-0.000013	0.786316	0.000013	1.000042	-0.455154	
411	1.000118	0.000061	1.192505	-0.000061	1.000118	0.153122	
412	0.999840	-0.000128	3.262695	0.000128	0.999840	-0.318558	
413	1.000053	-0.000166	2.117188	0.000166	1.000053	0.175537	
414	1.000026	0.000073	4.360291	-0.000073	1.000026	-0.471344	
415	0.999952	0.000010	2.416992	-0.000010	0.999952	-0.381546	
416	0.999971	-0.000030	2.617676	0.000030	0.999971	-0.885895	
417	0.999941	0.000119	0.961853	-0.000119	0.999941	-0.225098	
418	0.999916	0.000044	1.637085	-0.000044	0.999916	-1.041199	
419	1.000135	-0.000069	1.196533	0.000069	1.000135	-0.847366	
420	0.999960	-0.000083	0.983154	0.000083	0.999960	-0.863586	
421	1.000032	0.000022	0.422607	-0.000022	1.000032	-0.793442	
422	0.999979	0.000033	-0.071533	-0.000033	0.999979	-0.369598	
423	0.999976	0.000032	0.178406	-0.000032	0.999976	-0.573425	
424	1.000102	-0.000071	-0.061279	0.000071	1.000102	-0.698822	
425	0.999971	0.000017	-0.003540	-0.000017	0.999971	-0.023193	
426	0.999967	-0.000087	-0.027832	0.000087	0.999967	-0.258957	
427	0.999955	-0.000088	0.166077	0.000088	0.999955	-0.260696	
428	0.999961	0.000092	0.192505	-0.000092	0.999961	0.171265	
429	0.999973	-0.000022	0.114624	0.000022	0.999973	0.076263	
430	1.000022	-0.000072	0.407349	0.000072	1.000022	0.010223	
431	0.999897	-0.000112	0.401733	0.000112	0.999897	0.613937	
432	1.000225	0.000126	-0.090881	-0.000126	1.000225	-0.217728	
433	0.999980	-0.000087	0.639893	0.000087	0.999980	-0.008774	
434	0.999716	-0.000016	0.656860	0.000016	0.999716	0.079407	
435	1.000549	0.000005	-0.347717	-0.000005	1.000549	-0.354675	
436	0.999607	0.000062	0.986206	-0.000062	0.999607	0.087524	
437	1.000319	0.000015	0.339722	-0.000015	1.000319	-0.662170	
438	1.000067	0.000071	0.901917	-0.000071	1.000067	0.270950	
439	0.999698	0.000038	1.234375	-0.000038	0.999698	-0.236221	
440	1.000328	-0.000034	1.311584	0.000034	1.000328	-0.080765	
441	0.999729	0.000006	1.945740	-0.000006	0.999729	0.055405	
442	0.999962	-0.000027	3.349304	0.000027	0.999962	-0.052658	
443	1.000256	-0.000032	2.457947	0.000032	1.000256	-0.562225	
444	0.999759	-0.000010	5.007874	0.000010	0.999759	-0.286789	
445	1.000243	-0.000018	4.017578	0.000018	1.000243	-0.074448	
446	0.999802	-0.000052	5.818542	0.000052	0.999802	-0.095779	
447	0.999913	0.000000	3.964722	-0.000000	0.999913	-0.276917	
448	0.999909	-0.000051	6.053040	0.000051	0.999909	-0.401184	
449	0.999962	-0.000111	2.395264	0.000111	0.999962	-0.313873	
450	1.000013	0.000117	2.294983	-0.000117	1.000013	-0.042496	
451	0.999919	-0.000066	0.180542	0.000066	0.999919	-0.082977	
452	0.999984	-0.000057	-0.181641	0.000057	0.999984	0.509903	
453	1.000014	0.000045	-0.034851	-0.000045	1.000014	-0.427460	
454	0.999998	-0.000093	-0.255615	0.000093	0.999998	0.476242	
455	0.999937	-0.000171	-0.213013	0.000171	0.999937	0.283951	
456	0.999987	0.000146	-0.167236	-0.000146	0.999987	0.549118	
457	0.999987	-0.000016	-0.464172	0.000016	0.999987	0.053574	
458	1.000044	0.000199	-1.699707	-0.000199	1.000044	0.388733	
459	0.999877	-0.000124	-0.842834	0.000124	0.999877	0.490829	
460	1.000067	-0.000065	-3.441956	0.000065	1.000067	-0.084503	
461	0.999940	-0.000102	-2.606079	0.000102	0.999940	0.487869	
462	1.000036	-0.000009	-7.433899	0.000009	1.000036	-1.438965	
463	1.000020	0.000426	-4.902405	-0.000426	1.000020	0.681747	
464	1.000045	-0.000256	-5.781372	0.000256	1.000045	0.115768	
465	1.000047	0.000059	-3.358398	-0.000059	1.000047	0.665848	
466	1.000017	-0.000057	-3.362732	0.000057	1.000017	0.029266	
467	1.000005	0.000174	-3.079773	-0.000174	1.000005	0.289444	
468	1.000081	-0.000025	-4.574707	0.000025	1.000081	-0.211639	
469	1.000013	-0.000150	-2.703857	0.000150	1.000013	1.038208	
470	1.000030	0.000157	-3.831604	-0.000157	1.000030	-0.696823	
471	1.000033	-0.000111	-3.105408	0.000111	1.000033	0.247910	
472	1.000031	0.000049	-5.417175	-0.000049	1.000031	-0.429077	
473	1.000006	-0.000034	-4.980408	0.000034	1.000006	0.058655	
474	1.000000	-0.000109	-8.766479	0.000109	1.000000	1.449020	
475	1.000055	0.000147	-5.797913	-0.000147	1.000055	-0.144897	
476	1.000024	0.000239	-6.557983	-0.000239	1.000024	0.915009	
477	1.000137	0.000012	-4.499756	-0.000012	1.000137	-0.363373	
478	1.000088	-0.000025	-6.960754	0.000025	1.000088	1.003586	
479	0.999901	0.000117	-2.963013	-0.000117	0.999901	0.230652	
480	1.000106	0.000127	-3.241882	-0.000127	1.000106	1.181183	
481	1.000019	0.000020	-2.758911	-0.000020	1.000019	0.012939	
482	0.999932	0.000068	-3.294617	-0.000068	0.999932	0.566772	
483	1.000181	-0.000088	-3.143250	0.000088	1.000181	-0.263428	
484	0.999928	0.000213	-2.683838	-0.000213	0.999928	-0.120972	
485	1.000098	-0.000058	-0.324890	0.000058	1.000098	-0.805588	
486	1.000104	0.000023	0.032532	-0.000023	1.000104	0.626389	
487	0.999789	-0.000006	0.597229	0.000006	0.999789	-0.127335	
488	1.000179	-0.000064	0.236572	0.000064	1.000179	0.041931	
489	0.999975	0.000160	0.006226	-0.000160	0.999975	-0.309692	
490	0.999884	-0.000131	-0.395630	0.000131	0.999884	0.009628	
491	1.000254	-0.000044	-0.755188	0.000044	1.000254	-0.205963	
492	0.999854	0.000106	-0.142944	-0.000106	0.999854	-0.446533	
493	1.000028	0.000189	-0.520386	-0.000189	1.000028	-0.090286	
494	1.000102	-0.000303	0.896912	0.000303	1.000102	-0.808441	
495	0.999813	0.000269	0.017639	-0.000269	0.999813	0.526367	
496	1.000063	0.000029	0.532227	-0.000029	1.000063	-1.302963	
497	0.999923	-0.000112	-0.020081	0.000112	0.999923	0.651688	
498	0.999984	0.000148	-0.607727	-0.000148	0.999984	0.030853	
499	1.000005	-0.000019	0.578552	0.000019	1.000005	0.172623	
500	0.999953	-0.000024	-0.807434	0.000024	0.999953	0.582809	
501	1.000016	0.000208	0.018616	-0.000208	1.000016	-0.099884	
502	1.000094	-0.000015	-0.495728	0.000015	1.000094	0.597992	
503	0.999701	0.000015	0.354797	-0.000015	0.999701	0.232666	
504	1.000191	0.000164	-0.920837	-0.000164	1.000191	0.502853	
505	0.999870	0.000121	-0.308167	-0.000121	0.999870	0.675400	
506	0.999985	0.000061	-0.787048	-0.000061	0.999985	0.149841	
507	1.000063	0.000049	-1.688477	-0.000049	1.000063	0.575729	
508	1.000045	0.000073	-2.912598	-0.000073	1.000045	0.029495	
509	1.000114	0.000018	-1.696045	-0.000018	1.000114	0.334061	
510	1.002106	0.000002	-6.132324	-0.000002	1.002106	-0.921082	
511	1.001840	0.000077	-3.587219	-0.000077	1.001840	-0.829742	
512	1.004156	-0.000004	-6.672424	0.000004	1.004156	-2.052628	
513	1.003649	-0.000029	-5.266296	0.000029	1.003649	-1.559631	
514	1.007463	0.000021	-9.774170	-0.000021	1.007463	-3.494431	
515	1.006516	-0.000014	-7.599792	0.000014	1.006516	-3.054688	
516	1.011887	0.000007	-13.468018	-0.000007	1.011887	-5.211029	
517	1.008694	0.000026	-9.731750	-0.000026	1.008694	-4.280991	
518	1.013392	-0.000053	-13.996765	0.000053	1.013392	-6.943985	
519	1.008807	-0.000001	-10.007507	0.000001	1.008807	-3.820358	
520	1.013551	-0.000033	-13.632996	0.000033	1.013551	-7.524216	
521	1.008998	-0.000060	-8.651123	0.000060	1.008998	-4.347031	
522	1.013436	0.000002	-11.820251	-0.000002	1.013436	-6.672272	
523	1.009121	0.000043	-9.796936	-0.000043	1.009121	-4.710068	
524	1.013662	-0.000014	-12.889282	0.000014	1.013662	-6.377411	
525	1.009126	0.000001	-9.275635	-0.000001	1.009126	-4.565140	
526	1.013704	-0.000024	-13.504700	0.000024	1.013704	-6.608322	
527	1.009032	-0.000035	-9.409302	0.000035	1.009032	-4.555313	
528	1.012365	-0.000015	-16.314819	0.000015	1.012365	-5.729980	
529	1.007163	0.000039	-8.611145	-0.000039	1.007163	-3.869156	
530	1.009360	0.000064	-15.773438	-0.000064	1.009360	-4.583252	
531	1.005502	0.000078	-10.450317	-0.000078	1.005502	-2.643219	
532	1.006889	-0.000133	-14.139648	0.000133	1.006889	-3.911606	
533	1.003286	0.000100	-8.668518	-0.000100	1.003286	-1.592941	
534	1.003458	0.000080	-8.151917	-0.000080	1.003458	-1.855286	
535	1.001160	0.000061	-4.012878	-0.000061	1.001160	-0.911713	
536	1.000555	-0.000121	-2.941895	0.000121	1.000555	-0.153839	
537	0.999973	0.000035	-2.786621	-0.000035	0.999973	0.054703	
538	1.000057	0.000046	-4.869385	-0.000046	1.000057	0.000183	
539	0.999691	0.000051	-1.847595	-0.000051	0.999691	0.163513	
540	1.000121	-0.000157	-3.202393	0.000157	1.000121	-0.325073	
541	0.999896	0.000067	-1.595886	-0.000067	0.999896	0.048904	
542	0.999964	0.000098	-0.933228	-0.000098	0.999964	0.000107	
543	1.000053	-0.000078	0.135132	0.000078	1.000053	0.509705	
544	0.999971	0.000095	-1.154114	-0.000095	0.999971	0.076004	
545	0.999983	0.000024	-0.345703	-0.000024	0.999983	0.227249	
546	1.000039	0.000009	-2.209595	-0.000009	1.000039	-0.475494	
547	0.999813	0.000062	-1.839172	-0.000062	0.999813	0.225525	
548	1.000125	-0.000062	-2.467102	0.000062	1.000125	-0.110596	
549	1.000007	0.000049	-1.446594	-0.000049	1.000007	-0.481628	
550	0.999956	0.000051	-3.268494	-0.000051	0.999956	-0.419601	
551	1.000184	0.000119	-3.273682	-0.000119	1.000184	0.338074	
552	0.999855	-0.000102	-2.152771	0.000102	0.999855	0.022629	
553	0.999997	0.000189	-2.244202	-0.000189	0.999997	0.452927	
554	1.000026	-0.000093	-2.741638	0.000093	1.000026	-0.264786	
555	0.999904	-0.000056	-2.213928	0.000056	0.999904	0.606964	
556	1.000096	0.000008	-2.107117	-0.000008	1.000096	-0.566864	
557	0.999875	0.000017	-1.707825	-0.000017	0.999875	0.544006	
558	0.999984	0.000030	-2.886414	-0.000030	0.999984	-0.425171	
559	1.000079	0.000007	-1.329041	-0.000007	1.000079	1.006836	
560	0.999971	-0.000085	-2.419739	0.000085	0.999971	-0.173203	
561	0.999971	0.000068	-2.206055	-0.000068	0.999971	0.443695	
562	1.000093	0.000075	-2.759338	-0.000075	1.000093	-0.003006	
563	0.999869	-0.000003	-2.459290	0.000003	0.999869	0.041168	
564	1.000017	0.000030	-3.150024	-0.000030	1.000017	0.034668	
565	0.999963	0.000064	-2.018494	-0.000064	0.999963	0.125488	
566	0.999952	-0.000060	-2.554749	0.000060	0.999952	0.479065	
567	1.000203	-0.000044	-3.455078	0.000044	1.000203	0.254044	
568	0.999834	0.000123	-6.183472	-0.000123	0.999834	0.830414	
569	1.000047	-0.000062	-4.326050	0.000062	1.000047	0.442673	
570	0.999960	0.000092	-6.891113	-0.000092	0.999960	0.659714	
571	0.999871	0.000036	-4.931274	-0.000036	0.999871	0.130096	
572	1.000169	0.000068	-6.679871	-0.000068	1.000169	0.448761	
573	0.999920	-0.000081	-3.519470	0.000081	0.999920	0.346497	
574	0.999947	0.000023	-7.796265	-0.000023	0.999947	0.590210	
575	1.000299	0.000012	-4.473328	-0.000012	1.000299	-0.045975	
576	0.999845	-0.000040	-7.043823	0.000040	0.999845	0.078598	
577	1.000045	0.000023	-6.439087	-0.000023	1.000045	0.471664	
578	1.000018	0.000114	-6.329163	-0.000114	1.000018	0.560333	
579	0.999768	0.000014	-3.519226	-0.000014	0.999768	0.133652	
580	1.000173	0.000022	-4.760254	-0.000022	1.000173	0.523788	
581	0.999899	0.000013	-2.510742	-0.000013	0.999899	0.062317	
582	1.000065	0.000019	-2.266541	-0.000019	1.000065	0.619904	
583	1.000014	-0.000074	-0.206726	0.000074	1.000014	-0.742828	
584	0.999988	0.000058	0.612000	-0.000058	0.999988	-0.135269	
585	1.000015	-0.000087	0.858154	0.000087	1.000015	-0.385025	
586	1.000086	0.000056	0.736694	-0.000056	1.000086	-0.355469	
587	0.999951	0.000018	1.561157	-0.000018	0.999951	-0.199142	
588	1.000065	-0.000048	2.851013	0.000048	1.000065	-0.058609	
589	0.999943	-0.000039	2.206604	0.000039	0.999943	-0.072983	
590	1.000000	-0.000019	6.854919	0.000019	1.000000	-1.035507	
591	1.000139	-0.000069	2.730164	0.000069	1.000139	-0.050034	
592	0.999894	-0.000153	4.871887	0.000153	0.999894	-0.515442	
593	1.000137	-0.000017	2.465332	0.000017	1.000137	-0.330994	
594	0.999952	-0.000080	3.420532	0.000080	0.999952	-0.368835	
595	1.000043	0.000003	2.294067	-0.000003	1.000043	-0.052811	
596	1.000020	-0.000130	4.264404	0.000130	1.000020	0.092575	
597	0.999976	-0.000003	4.620911	0.000003	0.999976	-0.875931	
598	0.999929	-0.000036	4.397888	0.000036	0.999929	-0.153870	
599	1.000110	0.000107	2.734863	-0.000107	1.000110	-0.477036	
600	0.999965	-0.000144	5.723694	0.000144	0.999965	-0.459854	
601	1.000139	-0.000071	2.886658	0.000071	1.000139	-0.882584	
602	0.999913	0.000114	5.531555	-0.000114	0.999913	-0.176102	
603	1.000028	-0.000079	4.410400	0.000079	1.000028	-0.697449	
604	1.000098	-0.000109	6.618530	0.000109	1.000098	-0.922760	
605	0.999919	-0.000165	4.016113	0.000165	0.999919	-0.231140	
606	1.000080	-0.000003	4.618591	0.000003	1.000080	-0.976944	
607	1.000109	-0.000039	2.883789	0.000039	1.000109	-0.077225	
608	0.999846	0.000106	4.916443	-0.000106	0.999846	-0.287903	
609	1.000164	-0.000096	3.934021	0.000096	1.000164	-0.512802	
610	1.000028	-0.000076	6.567383	0.000076	1.000028	0.188766	
611	0.999822	-0.000024	3.859802	0.000024	0.999822	-0.390167	
612	1.000049	-0.000054	4.372620	0.000054	1.000049	-0.248840	
613	0.999976	-0.000074	4.509094	0.000074	0.999976	0.486969	
614	1.000066	0.000019	5.859192	-0.000019	1.000066	-0.442734	
615	0.999963	-0.000172	2.586609	0.000172	0.999963	0.359558	
616	1.000049	-0.000021	4.171570	0.000021	1.000049	-0.326675	
617	0.999979	0.000014	2.877258	-0.000014	0.999979	-0.010101	
618	1.000032	-0.000021	3.708435	0.000021	1.000032	0.004257	
619	0.999974	-0.000068	2.277588	0.000068	0.999974	0.286011	
620	1.000029	-0.000052	2.486206	0.000052	1.000029	-0.918503	
621	0.999964	0.000054	0.883667	-0.000054	0.999964	0.623795	
622	0.999983	-0.000013	1.483521	0.000013	0.999983	-0.257416	
623	1.000008	-0.000016	1.364563	0.000016	1.000008	0.039642	
624	0.999931	0.000055	2.265991	-0.000055	0.999931	0.153976	
625	1.000058	0.000005	1.241272	-0.000005	1.000058	-0.021332	
626	0.999995	0.000007	1.639038	-0.000007	0.999995	0.016541	
627	0.999984	0.000019	1.194214	-0.000019	0.999984	0.156906	
628	1.000023	-0.000147	3.183777	0.000147	1.000023	-0.510162	
629	1.000064	0.000055	2.625305	-0.000055	1.000064	0.136688	
630	0.999961	0.000058	5.795166	-0.000058	0.999961	0.576431	
631	1.000029	-0.000034	5.388000	0.000034	1.000029	-0.088272	
632	0.999979	-0.000058	5.347107	0.000058	0.999979	0.550812	
633	0.999958	-0.000082	2.862122	0.000082	0.999958	-0.035126	
634	0.999982	-0.000012	3.486328	0.000012	0.999982	-0.040771	
635	1.000003	-0.000081	2.317688	0.000081	1.000003	0.084000	
636	1.000022	0.000073	3.224243	-0.000073	1.000022	-0.509827	
637	1.000009	-0.000016	2.120789	0.000016	1.000009	0.016312	
638	0.999695	-0.000003	2.585693	0.000003	0.999695	-0.256821	
639	0.998475	-0.000008	2.860413	0.000008	0.998475	0.809128	
640	0.996254	-0.000043	5.971924	0.000043	0.996254	1.878708	
641	0.997079	0.000001	4.716553	-0.000001	0.997079	1.303635	
642	0.994463	-0.000087	7.621948	0.000087	0.994463	2.303421	
643	0.995453	-0.000027	5.348816	0.000027	0.995453	2.717896	
644	0.993905	-0.000031	6.918884	0.000031	0.993905	2.934082	
645	0.996601	0.000031	4.445435	-0.000031	0.996601	2.253998	
646	0.995893	-0.000002	4.184387	0.000002	0.995893	1.711670	
647	0.998389	-0.000044	1.886719	0.000044	0.998389	0.984726	
648	0.998026	-0.000178	2.258423	0.000178	0.998026	1.059540	
649	0.999524	-0.000002	0.355225	0.000002	0.999524	0.148804	
650	0.999668	-0.000010	1.297119	0.000010	0.999668	0.270462	
651	0.999858	-0.000065	1.657959	0.000065	0.999858	-0.151474	
652	1.000147	-0.000031	4.264038	0.000031	1.000147	0.533264	
653	0.999928	-0.000120	2.484924	0.000120	0.999928	-0.099319	
654	0.999926	-0.000027	1.431335	0.000027	0.999926	-0.398392	
655	1.000096	-0.000086	0.704834	0.000086	1.000096	-0.160385	
656	0.999867	0.000031	1.393616	-0.000031	0.999867	0.059052	
657	0.999997	-0.000045	0.632874	0.000045	0.999997	-0.015442	
658	1.000116	-0.000056	0.591858	0.000056	1.000116	0.443802	
659	0.999834	-0.000126	0.551819	0.000126	0.999834	0.508850	
660	1.000129	0.000109	1.184204	-0.000109	1.000129	-0.497147	
661	0.999955	-0.000022	0.965637	0.000022	0.999955	0.515259	
662	0.999964	-0.000056	0.706055	0.000056	0.999964	-0.683228	
663	1.000128	0.000029	0.826355	-0.000029	1.000128	-0.077316	
664	0.999964	-0.000081	1.483643	0.000081	0.999964	-0.372101	
665	1.000105	0.000144	1.308655	-0.000144	1.000105	0.020737	
666	1.000011	0.000044	1.622253	-0.000044	1.000011	-0.436295	
667	0.999946	-0.000012	0.976440	0.000012	0.999946	0.058548	
668	1.000085	0.000038	1.171875	-0.000038	1.000085	-0.350739	
669	0.999951	-0.000089	0.754517	0.000089	0.999951	0.541611	
670	0.999988	0.000177	0.559448	-0.000177	0.999988	-0.294830	
671	1.000155	-0.000121	0.453796	0.000121	1.000155	-0.288544	
672	0.999889	-0.000004	0.739563	0.000004	0.999889	0.246490	
673	1.000039	-0.000010	0.619568	0.000010	1.000039	-0.002670	
674	1.000058	-0.000064	0.581421	0.000064	1.000058	0.459427	
675	0.999941	-0.000010	1.001465	0.000010	0.999941	-0.321945	
676	1.000065	-0.000066	1.676147	0.000066	1.000065	0.453094	
677	0.999990	0.000067	1.065735	-0.000067	0.999990	0.027573	
678	0.999896	0.000000	1.172668	-0.000000	0.999896	-0.224640	
679	1.000214	0.000001	0.384583	-0.000001	1.000214	-0.040039	
680	0.999840	0.000151	1.217285	-0.000151	0.999840	0.008026	
681	1.000100	0.000013	1.203125	-0.000013	1.000100	-0.583817	
682	0.999974	0.000027	1.573608	-0.000027	0.999974	-0.036179	
683	0.999845	0.000003	1.497375	-0.000003	0.999845	-0.047302	
684	1.000143	-0.000088	2.401062	0.000088	1.000143	-0.175049	
685	1.000003	-0.000050	2.223816	0.000050	1.000003	-0.140198	
686	0.999824	0.000058	3.332397	-0.000058	0.999824	0.014526	
687	1.000223	-0.000030	2.553406	0.000030	1.000223	-0.059631	
688	0.999864	0.000073	5.472046	-0.000073	0.999864	0.091873	
689	1.000152	-0.000092	3.190491	0.000092	1.000152	-0.136551	
690	1.000106	-0.000035	4.685852	0.000035	1.000106	-0.080887	
691	0.999439	-0.000138	4.536987	0.000138	0.999439	0.246613	
692	1.000497	-0.000126	5.061035	0.000126	1.000497	-0.402756	
693	0.999530	-0.000057	4.228455	0.000057	0.999530	0.504837	
694	0.999998	-0.000115	4.734619	0.000115	0.999998	-0.328445	
695	1.000405	-0.000043	1.962097	0.000043	1.000405	-0.094925	
696	0.999754	-0.000005	3.010925	0.000005	0.999754	0.170670	
697	1.000286	-0.000057	1.078491	0.000057	1.000286	-0.110397	
698	0.999921	0.000004	3.066467	-0.000004	0.999921	0.516068	
699	0.999858	-0.000064	2.556702	0.000064	0.999858	-0.041092	
700	1.000196	-0.000013	2.455078	0.000013	1.000196	-0.630112	
701	0.999781	-0.000050	1.893555	0.000050	0.999781	0.371964	
