0	1.000000	0.000000	0.000000	0.000000	1.000000	0.000000	
1	0.999182	-0.000063	0.559143	0.000063	0.999182	0.650269	
2	0.999207	0.000062	0.676514	-0.000062	0.999207	0.620667	
3	0.999325	0.000047	0.699219	-0.000047	0.999325	0.852234	
4	0.999099	-0.000022	0.807617	0.000022	0.999099	0.723724	
5	0.999180	0.000003	0.800293	-0.000003	0.999180	0.650757	
6	0.999291	0.000005	0.573608	-0.000005	0.999291	0.773254	
7	0.999415	-0.000020	0.572388	0.000020	0.999415	0.732269	
8	0.999185	0.000003	0.825562	-0.000003	0.999185	1.049133	
9	0.999037	0.000009	0.878784	-0.000009	0.999037	0.969208	
10	0.999061	0.000007	0.937866	-0.000007	0.999061	0.822998	
11	0.998089	0.000034	1.894165	-0.000034	0.998089	2.239319	
12	0.999141	-0.000007	0.711426	0.000007	0.999141	1.020172	
13	0.999022	0.000022	1.035278	-0.000022	0.999022	1.159302	
14	0.998965	-0.000038	0.952026	0.000038	0.998965	1.264893	
15	0.997814	-0.000020	2.094360	0.000020	0.997814	2.401459	
16	0.998864	-0.000014	1.094604	0.000014	0.998864	1.277405	
17	0.998579	0.000013	1.228516	-0.000013	0.998579	1.480164	
18	0.998232	-0.000011	1.703613	0.000011	0.998232	1.401062	
19	0.995215	-0.000008	4.522461	0.000008	0.995215	3.847473	
20	0.997553	0.000065	2.253174	-0.000065	0.997553	2.026642	
21	0.996978	-0.000035	2.915283	0.000035	0.996978	2.420837	
22	0.995962	-0.000002	3.869141	0.000002	0.995962	2.813568	
23	0.990875	-0.000013	8.589478	0.000013	0.990875	6.352661	
24	0.995107	-0.000017	4.500366	0.000017	0.995107	3.106628	
25	0.995717	0.000003	4.073486	-0.000003	0.995717	2.812988	
26	0.995444	-0.000019	4.195312	0.000019	0.995444	3.164612	
27	0.991063	0.000006	8.496094	-0.000006	0.991063	6.350769	
28	0.994990	0.000010	4.579102	-0.000010	0.994990	3.155121	
29	0.995107	0.000014	4.649902	-0.000014	0.995107	3.177856	
30	0.995240	-0.000019	4.557129	0.000019	0.995240	2.910797	
31	0.990561	0.000023	8.749634	-0.000023	0.990561	6.025696	
32	0.995527	0.000032	4.240845	-0.000032	0.995527	2.926178	
33	0.995225	0.000017	4.536499	-0.000017	0.995225	3.284027	
34	0.995920	-0.000017	3.917236	0.000017	0.995920	2.783691	
35	0.996059	0.000014	3.532837	-0.000014	0.996059	3.485168	
36	0.999335	0.000022	0.696655	-0.000022	0.999335	1.140137	
37	0.999334	0.000058	0.466797	-0.000058	0.999334	1.026733	
38	0.999296	-0.000001	0.726929	0.000001	0.999296	1.153442	
39	0.998587	0.000026	1.167603	-0.000026	0.998587	2.101196	
40	0.999491	0.000028	0.366089	-0.000028	0.999491	0.873566	
41	0.999577	0.000039	0.188965	-0.000039	0.999577	0.569092	
42	0.999605	0.000049	0.226318	-0.000049	0.999605	0.785767	
43	0.999226	0.000113	0.349609	-0.000113	0.999226	1.292786	
44	0.999550	0.000004	0.141724	-0.000004	0.999550	0.517029	
45	0.999621	0.000035	0.217163	-0.000035	0.999621	0.790009	
46	0.999422	-0.000003	0.379639	0.000003	0.999422	0.737091	
47	0.998975	0.000034	0.540527	-0.000034	0.998975	1.255859	
48	0.999678	0.000001	0.195190	-0.000001	0.999678	0.314972	
49	0.999686	0.000012	0.082520	-0.000012	0.999686	0.345245	
50	0.999651	-0.000030	0.215332	0.000030	0.999651	0.457184	
51	0.999353	0.000028	0.293335	-0.000028	0.999353	0.600830	
52	0.999493	-0.000044	0.391968	0.000044	0.999493	0.590790	
53	0.999532	0.000014	0.404053	-0.000014	0.999532	0.282227	
54	0.999433	0.000002	0.493408	-0.000002	0.999433	0.405884	
55	0.998879	0.000011	1.146851	-0.000011	0.998879	0.814392	
56	0.999144	-0.000030	0.755981	0.000030	0.999144	0.424316	
57	0.999312	-0.000001	0.691650	0.000001	0.999312	0.397156	
58	0.999769	0.000004	0.185547	-0.000004	0.999769	0.029510	
59	0.999589	-0.000029	0.392944	0.000029	0.999589	-0.013306	
60	0.999859	-0.000003	0.098755	0.000003	0.999859	-0.142212	
61	0.999873	-0.000021	0.088135	0.000021	0.999873	-0.110046	
62	0.999810	0.000001	0.173218	-0.000001	0.999810	-0.263123	
63	0.999685	-0.000046	0.287231	0.000046	0.999685	-0.211578	
64	0.999860	0.000014	0.085693	-0.000014	0.999860	-0.095734	
65	0.999952	-0.000002	0.074341	0.000002	0.999952	-0.007568	
66	0.999842	-0.000036	0.162964	0.000036	0.999842	-0.143280	
67	0.999655	0.000030	0.239746	-0.000030	0.999655	-0.936371	
68	0.999791	-0.000043	0.209229	0.000043	0.999791	-0.815125	
69	0.999818	0.000042	0.109253	-0.000042	0.999818	-0.292847	
70	0.999711	0.000050	0.276489	-0.000050	0.999711	0.058197	
71	0.998497	-0.000064	1.376343	0.000064	0.998497	0.535248	
72	0.998985	-0.000057	0.916138	0.000057	0.998985	0.728424	
73	0.997847	0.000066	1.864990	-0.000066	0.997847	1.441376	
74	0.997027	-0.000041	2.757935	0.000041	0.997027	1.884186	
75	0.991591	-0.000022	7.858765	0.000022	0.991591	5.778046	
76	0.992820	0.000004	6.837524	-0.000004	0.992820	4.364532	
77	0.991968	-0.000051	7.558716	0.000051	0.991968	4.765717	
78	0.991633	-0.000020	7.891357	0.000020	0.991633	4.817505	
79	0.981575	-0.000030	17.277832	0.000030	0.981575	10.901062	
80	0.991010	-0.000032	8.432129	0.000032	0.991010	5.101410	
81	0.991390	-0.000051	7.929321	0.000051	0.991390	4.568756	
82	0.991316	-0.000036	7.972290	0.000036	0.991316	4.754761	
83	0.982286	-0.000051	16.001831	0.000051	0.982286	10.272339	
84	0.990972	-0.000062	7.945068	0.000062	0.990972	5.143158	
85	0.991424	-0.000021	7.396606	0.000021	0.991424	4.933594	
86	0.991639	-0.000081	7.036133	0.000081	0.991639	4.829010	
87	0.984016	-0.000068	12.983154	0.000068	0.984016	9.211487	
88	0.991349	-0.000032	7.230469	0.000032	0.991349	4.898651	
89	0.992032	-0.000061	6.460327	0.000061	0.992032	4.486267	
90	0.993783	0.000013	4.785767	-0.000013	0.993783	3.765594	
91	0.995792	0.000044	2.168335	-0.000044	0.995792	2.751617	
92	0.999650	0.000002	-0.573853	-0.000002	0.999650	0.390442	
93	0.999648	-0.000009	-0.524658	0.000009	0.999648	0.371307	
94	0.999685	0.000002	-0.452759	-0.000002	0.999685	0.324768	
95	0.999229	-0.000046	-0.574829	0.000046	0.999229	0.642670	
96	0.999613	-0.000002	-0.293823	0.000002	0.999613	0.283264	
97	0.999617	-0.000045	-0.386841	0.000045	0.999617	0.261108	
98	0.999553	-0.000020	-0.224243	0.000020	0.999553	0.378082	
99	0.998708	-0.000084	-0.034180	0.000084	0.998708	0.602417	
100	0.999489	-0.000030	-0.198242	0.000030	0.999489	0.168427	
101	0.999684	-0.000041	-0.402344	0.000041	0.999684	-0.178101	
102	0.999740	0.000014	-0.466919	-0.000014	0.999740	0.022430	
103	0.999411	-0.000089	-0.947632	0.000089	0.999411	0.365051	
104	0.999526	-0.000015	-0.561646	0.000015	0.999526	0.128021	
105	0.999342	-0.000051	-0.465820	0.000051	0.999342	0.209076	
106	0.999267	-0.000043	-0.392212	0.000043	0.999267	0.502319	
107	0.998752	-0.000033	-1.467529	0.000033	0.998752	0.734924	
108	0.999549	0.000013	-0.842896	-0.000013	0.999549	0.286377	
109	0.999436	0.000005	-0.569092	-0.000005	0.999436	0.282349	
110	0.999465	0.000003	-0.490234	-0.000003	0.999465	0.327332	
111	0.998724	-0.000022	-0.362549	0.000022	0.998724	0.720642	
112	0.999087	-0.000031	0.129028	0.000031	0.999087	0.452118	
113	0.998962	-0.000031	0.352051	0.000031	0.998962	0.549225	
114	0.999120	-0.000044	0.251465	0.000044	0.999120	0.403046	
115	0.997948	0.000016	0.910034	-0.000016	0.997948	1.297852	
116	0.998638	0.000003	0.907959	-0.000003	0.998638	0.763000	
117	0.998450	-0.000023	1.158936	0.000023	0.998450	0.905762	
118	0.998088	-0.000047	1.727905	0.000047	0.998088	0.967926	
119	0.994871	0.000020	4.569092	-0.000020	0.994871	2.800018	
120	0.997566	-0.000028	2.201294	0.000028	0.997566	1.413055	
121	0.997473	-0.000017	2.311096	0.000017	0.997473	1.403381	
122	0.997215	-0.000014	2.690552	0.000014	0.997215	1.614868	
123	0.994677	-0.000017	5.162903	0.000017	0.994677	3.207794	
124	0.997296	-0.000037	2.598633	0.000037	0.997296	1.640045	
125	0.997505	-0.000002	2.473816	0.000002	0.997505	1.527863	
126	0.997155	-0.000055	2.715332	0.000055	0.997155	1.815552	
127	0.994715	0.000009	5.071899	-0.000009	0.994715	3.073761	
128	0.997282	0.000017	2.568848	-0.000017	0.997282	1.600616	
129	0.997351	-0.000008	2.596130	0.000008	0.997351	1.548523	
130	0.997518	0.000015	2.384033	-0.000015	0.997518	1.517975	
131	0.994945	-0.000019	4.877258	0.000019	0.994945	2.841980	
132	0.997772	-0.000034	2.252563	0.000034	0.997772	1.256897	
133	0.998231	0.000018	1.770996	-0.000018	0.998231	0.980194	
134	0.998392	-0.000023	1.703247	0.000023	0.998392	0.940125	
135	0.997088	0.000007	3.192383	-0.000007	0.997088	1.762390	
136	0.998221	-0.000016	1.912964	0.000016	0.998221	1.017731	
137	0.998365	-0.000069	1.663574	0.000069	0.998365	0.924194	
138	0.998277	0.000033	1.750000	-0.000033	0.998277	1.076233	
139	0.996737	0.000004	3.101074	-0.000004	0.996737	1.913391	
140	0.998434	-0.000035	1.529297	0.000035	0.998434	1.044189	
141	0.998495	-0.000034	1.432922	0.000034	0.998495	0.798615	
142	0.998341	0.000004	1.572266	-0.000004	0.998341	0.920074	
143	0.996633	-0.000082	3.258179	0.000082	0.996633	1.859314	
144	0.998096	0.000005	1.809509	-0.000005	0.998096	1.086609	
145	0.998328	-0.000017	1.608521	0.000017	0.998328	1.019012	
146	0.998099	0.000004	1.843018	-0.000004	0.998099	1.046844	
147	0.996325	-0.000032	3.669617	0.000032	0.996325	2.142609	
148	0.998152	0.000007	1.862305	-0.000007	0.998152	1.142029	
149	0.998173	-0.000019	1.737366	0.000019	0.998173	1.090546	
150	0.998299	0.000003	1.649414	-0.000003	0.998299	1.039093	
151	0.996004	-0.000034	3.938660	0.000034	0.996004	2.358612	
152	0.998226	-0.000022	1.695679	0.000022	0.998226	0.929993	
153	0.998210	0.000003	1.715393	-0.000003	0.998210	0.980530	
154	0.998319	-0.000045	1.611572	0.000045	0.998319	0.901550	
155	0.996297	-0.000029	3.508362	0.000029	0.996297	2.069702	
156	0.997963	0.000004	1.881226	-0.000004	0.997963	1.083557	
157	0.998084	-0.000025	1.839905	0.000025	0.998084	1.155243	
158	0.998093	0.000029	1.777710	-0.000029	0.998093	1.135620	
159	0.996290	-0.000025	3.615295	0.000025	0.996290	2.002747	
160	0.998099	0.000013	1.824707	-0.000013	0.998099	1.144226	
161	0.998881	-0.000027	1.126160	0.000027	0.998881	0.703766	
162	0.999300	-0.000012	0.749084	0.000012	0.999300	0.445892	
163	0.998858	-0.000033	1.054688	0.000033	0.998858	0.744843	
164	0.999805	-0.000011	0.037598	0.000011	0.999805	0.126312	
165	0.999887	-0.000005	-0.063782	0.000005	0.999887	0.153381	
166	0.999912	-0.000069	-0.280884	0.000069	0.999912	0.027405	
167	0.999790	0.000029	-0.177734	-0.000029	0.999790	0.628510	
168	0.999896	-0.000013	-0.141724	0.000013	0.999896	-0.018158	
169	1.000005	0.000049	-0.288757	-0.000049	1.000005	0.170929	
170	1.000042	-0.000086	-0.198242	0.000086	1.000042	0.203308	
171	0.999916	-0.000030	-0.505676	0.000030	0.999916	0.447632	
172	0.999999	-0.000025	-0.172363	0.000025	0.999999	0.012543	
173	0.999978	-0.000001	-0.152649	0.000001	0.999978	-0.002441	
174	1.000012	-0.000088	-0.257568	0.000088	1.000012	-0.160156	
175	1.000026	-0.000118	-1.136108	0.000118	1.000026	-0.219696	
176	0.999970	-0.000039	-1.190613	0.000039	0.999970	-0.036652	
177	0.999965	-0.000144	-2.143005	0.000144	0.999965	-0.258698	
178	0.999982	-0.000002	-2.864319	0.000002	0.999982	-0.019501	
179	1.000054	-0.000015	-6.733826	0.000015	1.000054	0.074951	
180	0.999965	-0.000204	-4.224426	0.000204	0.999965	-0.177673	
181	1.000058	0.000103	-5.477295	-0.000103	1.000058	0.153229	
182	0.999976	0.000074	-4.938049	-0.000074	0.999976	0.333069	
183	1.000109	0.000122	-9.396851	-0.000122	1.000109	0.587677	
184	1.000058	0.000062	-4.569031	-0.000062	1.000058	0.422211	
185	0.999944	0.000002	-4.159973	-0.000002	0.999944	0.433350	
186	0.999985	-0.000003	-4.683655	0.000003	0.999985	0.168182	
187	1.000065	0.000019	-9.950623	-0.000019	1.000065	0.405914	
188	1.000031	0.000014	-4.940491	-0.000014	1.000031	-0.075714	
189	1.000033	0.000012	-4.947449	-0.000012	1.000033	-0.002228	
190	1.000034	-0.000024	-5.133057	0.000024	1.000034	0.009491	
191	0.999802	0.000034	-10.169739	-0.000034	0.999802	-0.038361	
192	1.000093	0.000133	-5.770813	-0.000133	1.000093	0.017487	
193	0.999984	-0.000026	-5.526367	0.000026	0.999984	-0.145752	
194	1.000085	-0.000031	-6.260132	0.000031	1.000085	-0.322693	
195	1.000143	0.000100	-12.388000	-0.000100	1.000143	-0.137329	
196	1.000105	0.000158	-6.143188	-0.000158	1.000105	-0.100494	
197	1.000041	0.000055	-5.556885	-0.000055	1.000041	0.064880	
198	1.000050	0.000025	-5.654663	-0.000025	1.000050	-0.042786	
199	0.999990	0.000070	-11.221619	-0.000070	0.999990	-0.427490	
200	1.000027	0.000092	-5.615540	-0.000092	1.000027	0.266479	
201	0.999979	0.000058	-5.341003	-0.000058	0.999979	0.082825	
202	0.999981	0.000088	-5.619873	-0.000088	0.999981	0.200623	
203	1.000120	0.000129	-11.244263	-0.000129	1.000120	-0.331116	
204	1.000065	-0.000008	-5.889404	0.000008	1.000065	-0.105225	
205	1.000025	0.000074	-6.164978	-0.000074	1.000025	-0.002960	
206	1.000103	0.000119	-5.753418	-0.000119	1.000103	-0.160034	
207	0.999873	0.000247	-10.291504	-0.000247	0.999873	0.007477	
208	1.000011	0.000044	-4.461670	-0.000044	1.000011	-0.228455	
209	1.000046	0.000083	-4.406799	-0.000083	1.000046	-0.299042	
210	1.000075	0.000065	-4.068726	-0.000065	1.000075	-0.261780	
211	1.000069	0.000224	-7.043518	-0.000224	1.000069	-0.183807	
212	1.000056	0.000122	-2.490723	-0.000122	1.000056	-0.223846	
213	1.000069	-0.000002	-2.156677	0.000002	1.000069	-0.192139	
214	1.000021	0.000082	-2.016296	-0.000082	1.000021	0.016937	
215	1.000011	0.000062	-2.876648	-0.000062	1.000011	0.032745	
216	0.999948	0.000041	-0.943665	-0.000041	0.999948	-0.280518	
217	0.999941	-0.000003	-0.821289	0.000003	0.999941	-0.436554	
218	1.000103	0.000088	-0.906372	-0.000088	1.000103	-0.442719	
219	1.000042	0.000058	-0.236877	-0.000058	1.000042	-0.483215	
220	1.000021	-0.000027	-0.001099	0.000027	1.000021	-0.268585	
221	0.999969	-0.000001	0.064819	0.000001	0.999969	-0.354156	
222	1.000013	0.000005	0.055725	-0.000005	1.000013	-0.342621	
223	1.000024	-0.000053	0.303589	0.000053	1.000024	-0.517242	
224	0.999949	0.000026	0.109131	-0.000026	0.999949	-0.471313	
225	1.000005	-0.000028	0.216309	0.000028	1.000005	-0.383911	
226	0.999937	-0.000066	0.302002	0.000066	0.999937	-0.470276	
227	1.000023	0.000008	0.308594	-0.000008	1.000023	-0.652435	
228	1.000023	0.000021	-0.001282	-0.000021	1.000023	-0.257233	
229	0.999980	-0.000037	0.298096	0.000037	0.999980	-0.225647	
230	1.000022	0.000026	0.251404	-0.000026	1.000022	-0.418488	
231	1.000052	-0.000069	0.921875	0.000069	1.000052	-0.729797	
232	1.000005	0.000024	0.273254	-0.000024	1.000005	-0.029053	
233	0.999990	-0.000030	0.384583	0.000030	0.999990	-0.130188	
234	0.999998	0.000056	0.413696	-0.000056	0.999998	-0.225677	
235	0.999863	-0.000023	1.749756	0.000023	0.999863	-0.834564	
236	1.000119	-0.000039	0.956055	0.000039	1.000119	-0.257294	
237	0.999963	-0.000009	1.140320	0.000009	0.999963	-0.051056	
238	1.000072	0.000040	1.289307	-0.000040	1.000072	-0.343689	
239	0.999962	-0.000043	3.264893	0.000043	0.999962	-0.160889	
240	0.999996	0.000023	2.064758	-0.000023	0.999996	-0.116760	
241	0.999988	-0.000037	2.437378	0.000037	0.999988	-0.373169	
242	1.000046	-0.000005	2.635193	0.000005	1.000046	-0.301941	
243	0.999933	0.000007	6.610168	-0.000007	0.999933	-0.279694	
244	0.999980	0.000020	3.935120	-0.000020	0.999980	-0.050476	
245	0.999993	-0.000059	4.310486	0.000059	0.999993	-0.183655	
246	1.000064	-0.000074	4.381165	0.000074	1.000064	-0.131683	
247	0.999918	-0.000057	8.799072	0.000057	0.999918	0.137482	
248	0.999970	-0.000101	4.535156	0.000101	0.999970	-0.023102	
249	0.999871	-0.000067	4.533569	0.000067	0.999871	-0.067200	
250	1.000028	-0.000108	4.220703	0.000108	1.000028	-0.091217	
251	0.999961	-0.000152	7.887268	0.000152	0.999961	0.176025	
252	0.999991	-0.000050	3.898560	0.000050	0.999991	0.110413	
253	0.999966	-0.000080	3.916199	0.000080	0.999966	0.084656	
254	0.999947	-0.000070	3.942810	0.000070	0.999947	-0.071686	
255	0.999896	-0.000089	7.886230	0.000089	0.999896	-0.065643	
256	0.999962	-0.000063	4.295715	0.000063	0.999962	-0.288544	
257	1.000024	0.000011	4.441162	-0.000011	1.000024	-0.341797	
258	1.000042	-0.000119	4.709595	0.000119	1.000042	-0.141968	
259	1.000518	-0.000112	7.690247	0.000112	1.000518	-0.741364	
260	1.000289	-0.000082	4.275574	0.000082	1.000289	-0.105286	
261	1.001882	-0.000117	2.718994	0.000117	1.001882	-0.957306	
262	1.002000	0.000009	2.776672	-0.000009	1.002000	-1.278198	
263	1.004561	-0.000146	5.340881	0.000146	1.004561	-2.521210	
264	1.002215	0.000033	3.098450	-0.000033	1.002215	-1.413452	
265	1.001902	0.000072	4.185974	-0.000072	1.001902	-1.364746	
266	1.002060	-0.000150	4.239197	0.000150	1.002060	-1.553406	
267	1.004030	-0.000186	7.930359	0.000186	1.004030	-2.272125	
268	1.001971	-0.000116	3.802246	0.000116	1.001971	-1.150848	
269	1.002025	-0.000072	3.600830	0.000072	1.002025	-1.173676	
270	1.002209	-0.000098	3.203003	0.000098	1.002209	-1.268982	
271	1.004784	-0.000183	5.270935	0.000183	1.004784	-3.021393	
272	1.002375	-0.000036	2.885925	0.000036	1.002375	-1.585236	
273	1.002089	-0.000048	3.099426	0.000048	1.002089	-1.227661	
274	1.002209	-0.000025	3.313232	0.000025	1.002209	-1.259277	
275	1.004598	-0.000091	7.222839	0.000091	1.004598	-2.623444	
276	1.002047	-0.000056	4.218262	0.000056	1.002047	-1.202637	
277	1.002121	-0.000110	4.473633	0.000110	1.002121	-1.445190	
278	1.001999	-0.000015	4.669128	0.000015	1.001999	-1.199982	
279	1.004423	-0.000200	8.737122	0.000200	1.004423	-2.621399	
280	1.002204	-0.000081	4.260620	0.000081	1.002204	-1.381470	
281	1.002294	-0.000177	3.922363	0.000177	1.002294	-1.367218	
282	1.002092	-0.000076	3.640991	0.000076	1.002092	-1.243896	
283	1.004866	-0.000430	4.309570	0.000430	1.004866	-2.323303	
284	1.002506	-0.000188	-0.428711	0.000188	1.002506	-0.420563	
285	1.001939	0.000007	0.052368	-0.000007	1.001939	-1.130188	
286	1.002252	-0.000071	-0.121094	0.000071	1.002252	-1.804901	
287	1.004694	-0.000040	-0.877563	0.000040	1.004694	-2.525085	
288	1.002301	-0.000043	-0.139038	0.000043	1.002301	-1.495911	
289	1.002434	-0.000060	-0.290527	0.000060	1.002434	-1.573273	
290	1.002383	-0.000078	-0.201294	0.000078	1.002383	-1.512329	
291	1.004523	0.000024	-0.278198	-0.000024	1.004523	-3.066895	
292	1.002394	0.000004	0.474609	-0.000004	1.002394	-1.898285	
293	1.002328	0.000018	0.897339	-0.000018	1.002328	-1.698029	
294	1.002326	0.000015	1.838257	-0.000015	1.002326	-1.779938	
295	1.005165	-0.000010	3.651733	0.000010	1.005165	-3.674591	
296	1.002303	-0.000004	2.705078	0.000004	1.002303	-1.528259	
297	1.002239	-0.000033	3.246338	0.000033	1.002239	-1.555176	
298	1.001944	-0.000029	3.825562	0.000029	1.001944	-1.464966	
299	1.004707	-0.000074	7.848511	0.000074	1.004707	-3.443756	
300	1.002504	-0.000004	4.173340	0.000004	1.002504	-1.581390	
301	1.002747	-0.000040	4.240234	0.000040	1.002747	-1.784424	
302	1.002538	-0.000033	4.613159	0.000033	1.002538	-1.703430	
303	1.005648	-0.000151	9.357666	0.000151	1.005648	-3.476074	
304	1.002622	-0.000113	5.142944	0.000113	1.002622	-1.850006	
305	1.002570	-0.000079	4.839844	0.000079	1.002570	-1.507843	
306	1.002491	-0.000108	4.929077	0.000108	1.002491	-1.413910	
307	1.005264	-0.000173	9.337280	0.000173	1.005264	-3.442474	
308	1.002669	-0.000082	4.274048	0.000082	1.002669	-1.821869	
309	1.002356	-0.000136	4.083008	0.000136	1.002356	-1.473785	
310	1.002483	-0.000185	3.141602	0.000185	1.002483	-1.492737	
311	1.004903	-0.000332	2.800903	0.000332	1.004903	-2.636566	
312	1.002264	-0.000103	-0.203979	0.000103	1.002264	-1.262909	
313	1.002509	-0.000060	-0.633667	0.000060	1.002509	-2.039459	
314	1.002346	-0.000158	-0.870605	0.000158	1.002346	-1.789459	
315	1.005346	-0.000025	-4.309326	0.000025	1.005346	-3.169800	
316	1.002243	-0.000008	-1.419678	0.000008	1.002243	-1.281921	
317	1.002391	-0.000057	-1.289062	0.000057	1.002391	-1.315369	
318	1.002298	-0.000053	-1.156860	0.000053	1.002298	-1.568359	
319	1.004906	-0.000031	-2.360229	0.000031	1.004906	-3.008575	
320	1.002412	-0.000001	-0.913574	0.000001	1.002412	-1.168549	
321	1.002398	-0.000077	-0.768066	0.000077	1.002398	-1.478943	
322	1.002510	-0.000022	-1.026611	0.000022	1.002510	-1.736603	
323	1.005745	-0.000034	-3.194824	0.000034	1.005745	-2.903229	
324	1.002999	-0.000078	-1.938232	0.000078	1.002999	-1.817993	
325	1.002659	0.000016	-1.710327	-0.000016	1.002659	-1.540985	
326	1.002760	-0.000043	-1.490723	0.000043	1.002760	-1.965271	
327	1.005771	-0.000002	-2.211304	0.000002	1.005771	-3.820465	
328	1.002806	-0.000039	-0.863892	0.000039	1.002806	-1.924194	
329	1.002944	-0.000002	-0.794189	0.000002	1.002944	-1.976746	
330	1.002726	-0.000033	-0.294312	0.000033	1.002726	-1.714447	
331	1.005629	-0.000056	-0.082397	0.000056	1.005629	-3.801849	
332	1.002435	-0.000012	0.306641	0.000012	1.002435	-1.655701	
333	1.002715	-0.000053	-0.062500	0.000053	1.002715	-1.793518	
334	1.002800	-0.000052	-0.295654	0.000052	1.002800	-1.766205	
335	1.005451	-0.000099	-1.539185	0.000099	1.005451	-3.430389	
336	1.002860	-0.000127	-1.821533	0.000127	1.002860	-1.718750	
337	1.003054	-0.000009	-3.144409	0.000009	1.003054	-2.002319	
338	1.002798	-0.000001	-2.563721	0.000001	1.002798	-2.002533	
339	1.004968	-0.000070	-4.781494	0.000070	1.004968	-2.933960	
340	1.002679	0.000026	-2.753052	-0.000026	1.002679	-1.444672	
341	1.002348	0.000047	-2.275757	-0.000047	1.002348	-1.214966	
342	1.002544	-0.000015	-2.457031	0.000015	1.002544	-1.439270	
343	1.005014	0.000030	-4.835449	-0.000030	1.005014	-2.895935	
344	1.002400	0.000042	-2.468018	-0.000042	1.002400	-1.158813	
345	1.002891	0.000010	-2.987305	-0.000010	1.002891	-1.603210	
346	1.002851	0.000013	-2.918457	-0.000013	1.002851	-1.483307	
347	1.004831	0.000064	-4.871216	-0.000064	1.004831	-2.853546	
348	1.002409	-0.000002	-2.392578	0.000002	1.002409	-1.338593	
349	1.002861	-0.000011	-2.828369	0.000011	1.002861	-1.833649	
350	1.002887	0.000026	-2.864990	-0.000026	1.002887	-1.665375	
351	1.005818	-0.000042	-5.606934	0.000042	1.005818	-3.454010	
352	1.002567	-0.000024	-2.439819	0.000024	1.002567	-1.712799	
353	1.002837	0.000017	-2.732300	-0.000017	1.002837	-1.863342	
354	1.002619	-0.000043	-2.270386	0.000043	1.002619	-1.786285	
355	1.005334	0.000046	-4.900513	-0.000046	1.005334	-3.301453	
356	1.002914	0.000037	-2.654541	-0.000037	1.002914	-1.837036	
357	1.003114	0.000026	-2.820190	-0.000026	1.003114	-1.878937	
358	1.002982	0.000067	-2.951294	-0.000067	1.002982	-1.877228	
359	1.006121	-0.000031	-5.437012	0.000031	1.006121	-3.811432	
360	1.002680	0.000016	-2.209351	-0.000016	1.002680	-1.878601	
361	1.002883	-0.000046	-2.226074	0.000046	1.002883	-1.809235	
362	1.002712	0.000086	-2.385376	-0.000086	1.002712	-1.555237	
363	1.005590	-0.000057	-4.176758	0.000057	1.005590	-3.295837	
364	1.003091	-0.000064	-2.147583	0.000064	1.003091	-1.922699	
365	1.002791	0.000018	-1.698364	-0.000018	1.002791	-1.684937	
366	1.002586	-0.000000	-1.595825	0.000000	1.002586	-1.480896	
367	1.005869	-0.000052	-3.291748	0.000052	1.005869	-3.412262	
368	1.002836	-0.000087	-1.256226	0.000087	1.002836	-1.727509	
369	1.002883	-0.000025	-1.554443	0.000025	1.002883	-1.735474	
370	1.002841	-0.000027	-1.256226	0.000027	1.002841	-1.743439	
371	1.006113	-0.000039	-2.652466	0.000039	1.006113	-3.760712	
372	1.003150	0.000021	-1.123535	-0.000021	1.003150	-1.967957	
373	1.002663	0.000011	-0.360718	-0.000011	1.002663	-1.595245	
374	1.002837	-0.000039	0.042603	0.000039	1.002837	-1.794708	
375	1.006250	0.000012	-0.532227	-0.000012	1.006250	-3.610321	
376	1.002891	-0.000035	0.632202	0.000035	1.002891	-1.656433	
377	1.003032	-0.000016	0.518677	0.000016	1.003032	-1.932892	
378	1.002985	0.000020	0.707642	-0.000020	1.002985	-1.696228	
379	1.006226	-0.000039	1.213989	0.000039	1.006226	-3.573242	
380	1.003102	-0.000037	0.422363	0.000037	1.003102	-1.866089	
381	1.003163	-0.000006	0.153809	0.000006	1.003163	-1.865601	
382	1.002998	0.000030	0.161377	-0.000030	1.002998	-1.637482	
383	1.007399	-0.000058	-2.328003	0.000058	1.007399	-2.951721	
384	1.003040	0.000084	1.759155	-0.000084	1.003040	-2.942047	
385	1.002966	-0.000020	0.358765	0.000020	1.002966	-1.651215	
386	1.003158	-0.000006	0.165771	0.000006	1.003158	-1.895294	
387	1.005886	0.000003	0.300415	-0.000003	1.005886	-3.150238	
388	1.002887	0.000001	0.076416	-0.000001	1.002887	-1.522583	
389	1.003129	0.000036	-0.301514	-0.000036	1.003129	-1.914825	
390	1.003284	-0.000017	-0.236328	0.000017	1.003284	-1.654358	
391	1.006114	-0.000016	-0.528687	0.000016	1.006114	-3.599182	
392	1.003067	0.000029	-0.272949	-0.000029	1.003067	-1.768982	
393	1.002990	-0.000023	-0.079834	0.000023	1.002990	-1.918762	
394	1.002753	0.000024	0.273071	-0.000024	1.002753	-1.663391	
395	1.004726	-0.000064	1.171509	0.000064	1.004726	-2.945770	
396	1.002700	0.000021	-0.010010	-0.000021	1.002700	-1.428833	
397	1.002278	-0.000037	0.408325	0.000037	1.002278	-1.223358	
398	1.001705	-0.000028	0.545166	0.000028	1.001705	-0.884583	
399	1.003728	-0.000008	0.663208	0.000008	1.003728	-2.007874	
400	1.001653	0.000076	0.320801	-0.000076	1.001653	-0.881836	
401	1.001775	0.000059	0.045898	-0.000059	1.001775	-0.902863	
402	1.001676	0.000008	0.183716	-0.000008	1.001676	-0.852203	
403	1.003469	0.000031	-0.119751	-0.000031	1.003469	-1.909576	
404	1.001975	-0.000015	-0.050903	0.000015	1.001975	-1.007751	
405	1.001916	-0.000025	0.076172	0.000025	1.001916	-1.025238	
406	1.001935	-0.000025	0.085205	0.000025	1.001935	-1.070404	
407	1.003716	0.000031	-0.090576	-0.000031	1.003716	-2.011566	
408	1.001827	-0.000059	-0.141113	0.000059	1.001827	-1.041595	
409	1.001805	-0.000033	-0.503540	0.000033	1.001805	-1.164276	
410	1.002087	-0.000093	-1.006714	0.000093	1.002087	-1.462036	
411	1.003663	-0.000003	-2.037354	0.000003	1.003663	-2.243561	
412	1.001869	-0.000026	-1.147827	0.000026	1.001869	-1.331146	
413	1.001755	0.000037	-1.127197	-0.000037	1.001755	-1.171143	
414	1.001594	-0.000036	-1.104248	0.000036	1.001594	-1.060608	
415	1.003805	-0.000036	-2.853027	0.000036	1.003805	-2.245789	
416	1.001810	-0.000005	-1.497803	0.000005	1.001810	-1.180450	
417	1.002073	-0.000000	-1.817871	0.000000	1.002073	-1.095673	
418	1.002011	0.000005	-1.670532	-0.000005	1.002011	-1.268768	
419	1.004042	-0.000024	-3.410889	0.000024	1.004042	-2.010010	
420	1.001909	-0.000005	-1.476562	0.000005	1.001909	-0.890991	
421	1.002339	0.000000	-1.875366	-0.000000	1.002339	-1.238098	
422	1.002288	0.000003	-1.882202	-0.000003	1.002288	-1.219971	
423	1.004275	0.000035	-3.028564	-0.000035	1.004275	-2.239227	
424	1.001739	-0.000020	-1.062622	0.000020	1.001739	-1.153168	
425	1.002108	-0.000056	-1.203369	0.000056	1.002108	-1.334747	
426	1.001721	-0.000041	-1.038086	0.000041	1.001721	-0.973969	
427	1.004302	0.000006	-2.772949	-0.000006	1.004302	-2.388184	
428	1.002029	-0.000001	-1.277954	0.000001	1.002029	-1.246674	
429	1.001923	-0.000001	-1.169678	0.000001	1.001923	-1.220032	
430	1.002111	-0.000044	-1.241211	0.000044	1.002111	-1.130646	
431	1.004264	-0.000048	-2.447388	0.000048	1.004264	-2.744049	
432	1.001834	0.000010	-0.934570	-0.000010	1.001834	-1.292572	
433	1.002202	-0.000022	-1.421509	0.000022	1.002202	-1.333954	
434	1.002356	-0.000038	-1.291626	0.000038	1.002356	-1.493713	
435	1.004324	-0.000021	-2.810059	0.000021	1.004324	-2.639038	
436	1.001834	-0.000012	-1.140137	0.000012	1.001834	-1.149994	
437	1.001802	-0.000074	-1.041626	0.000074	1.001802	-1.132568	
438	1.001846	0.000046	-1.341064	-0.000046	1.001846	-1.093872	
439	1.004838	0.000032	-4.086792	-0.000032	1.004838	-2.764618	
440	1.001977	0.000061	-1.545898	-0.000061	1.001977	-1.129639	
441	1.002045	-0.000034	-1.765747	0.000034	1.002045	-1.282684	
442	1.001960	-0.000086	-1.383179	0.000086	1.001960	-1.513336	
443	1.003975	-0.000019	-3.110474	0.000019	1.003975	-2.589172	
444	1.002002	-0.000044	-2.007935	0.000044	1.002002	-1.361359	
445	1.000694	-0.000173	-0.919556	0.000173	1.000694	-0.417816	
446	1.000451	-0.000055	-1.297119	0.000055	1.000451	0.228790	
447	1.000193	-0.000041	-0.576782	0.000041	1.000193	0.281769	
448	1.000109	-0.000054	-0.218506	0.000054	1.000109	-0.097382	
449	1.000114	-0.000046	-0.034424	0.000046	1.000114	-0.004028	
450	1.000019	0.000028	-0.089844	-0.000028	1.000019	0.039368	
451	1.000120	-0.000044	0.074463	0.000044	1.000120	0.107880	
452	1.000079	-0.000041	0.192383	0.000041	1.000079	-0.117004	
453	1.000070	-0.000026	0.042358	0.000026	1.000070	-0.009979	
454	0.999985	-0.000051	0.182983	0.000051	0.999985	-0.130920	
455	1.000006	-0.000002	0.235352	0.000002	1.000006	-0.072479	
456	1.000042	-0.000043	0.123535	0.000043	1.000042	-0.040588	
457	0.999995	-0.000045	0.048096	0.000045	0.999995	-0.118256	
458	1.000061	0.000027	-0.104492	-0.000027	1.000061	-0.725464	
459	1.000049	0.000009	0.018921	-0.000009	1.000049	-0.800751	
460	1.000034	-0.000014	0.020142	0.000014	1.000034	-0.385742	
461	0.999983	-0.000013	0.146484	0.000013	0.999983	-0.475342	
462	1.000013	-0.000011	-0.020996	0.000011	1.000013	-0.136383	
463	1.000024	-0.000019	-0.025391	0.000019	1.000024	-0.299255	
464	1.000024	-0.000044	-0.022461	0.000044	1.000024	-0.281281	
465	1.000039	-0.000006	-0.049194	0.000006	1.000039	-0.296936	
466	1.000026	-0.000029	-0.035889	0.000029	1.000026	-0.073853	
467	1.000043	0.000015	-0.129883	-0.000015	1.000043	-0.178802	
468	1.000052	0.000023	-0.095947	-0.000023	1.000052	-0.058624	
469	0.999980	-0.000012	-0.037231	0.000012	0.999980	-0.135284	
470	0.999999	0.000058	-0.042969	-0.000058	0.999999	-0.024536	
471	1.000025	-0.000024	-0.122803	0.000024	1.000025	-0.267242	
472	1.000009	-0.000008	-0.027588	0.000008	1.000009	-0.114929	
473	1.000013	-0.000010	-0.038696	0.000010	1.000013	-0.171753	
474	0.999990	-0.000008	-0.020264	0.000008	0.999990	-0.145233	
475	1.000004	0.000042	-0.048584	-0.000042	1.000004	-0.166656	
476	0.999975	-0.000035	0.047729	0.000035	0.999975	-0.030701	
477	1.000013	-0.000032	-0.001465	0.000032	1.000013	-0.031952	
478	1.000008	-0.000040	0.002686	0.000040	1.000008	-0.048828	
479	1.000032	-0.000028	0.111572	0.000028	1.000032	0.183502	
480	1.000029	0.000012	0.011353	-0.000012	1.000029	0.108551	
481	1.000057	-0.000022	0.039062	0.000022	1.000057	0.150909	
482	1.000005	-0.000022	0.000977	0.000022	1.000005	0.070374	
483	1.000013	-0.000008	-0.000977	0.000008	1.000013	0.195190	
484	0.999997	-0.000086	0.061279	0.000086	0.999997	0.000092	
485	0.999937	-0.000114	0.176270	0.000114	0.999937	0.063690	
486	1.000004	-0.000009	0.046387	0.000009	1.000004	-0.042542	
487	1.000081	0.000024	-0.112183	-0.000024	1.000081	0.088135	
488	0.999913	0.000053	0.171509	-0.000053	0.999913	0.106232	
489	0.999945	0.000080	0.102905	-0.000080	0.999945	0.112854	
490	0.999993	0.000076	0.018066	-0.000076	0.999993	0.103333	
491	1.000000	0.000046	-0.066406	-0.000046	1.000000	-0.064758	
492	1.000032	0.000063	-0.135132	-0.000063	1.000032	-0.128113	
493	1.000012	0.000032	-0.034058	-0.000032	1.000012	-0.126221	
494	1.000010	0.000081	-0.010254	-0.000081	1.000010	0.064972	
495	1.000049	0.000050	-0.064575	-0.000050	1.000049	-0.081238	
496	1.000040	-0.000047	-0.124390	0.000047	1.000040	0.044464	
497	1.000021	-0.000043	-0.045532	0.000043	1.000021	0.199493	
498	1.000012	0.000063	-0.037354	-0.000063	1.000012	0.000000	
499	0.999992	-0.000000	0.027710	0.000000	0.999992	-0.113831	
500	0.999973	-0.000019	0.054810	0.000019	0.999973	-0.085632	
501	0.999993	-0.000035	0.090698	0.000035	0.999993	-0.148682	
502	1.000017	-0.000000	0.024048	0.000000	1.000017	-0.073578	
503	1.000045	-0.000013	-0.064575	0.000013	1.000045	-0.050720	
504	0.999988	-0.000037	0.030640	0.000037	0.999988	-0.060577	
505	0.999993	-0.000040	-0.017334	0.000040	0.999993	0.006165	
506	1.000011	-0.000051	-0.056152	0.000051	1.000011	-0.010559	
507	0.999954	-0.000051	-0.034180	0.000051	0.999954	0.123505	
508	1.000014	-0.000017	-0.076660	0.000017	1.000014	0.049255	
509	0.999997	-0.000027	-0.031250	0.000027	0.999997	0.031006	
510	1.000035	-0.000023	-0.167480	0.000023	1.000035	-0.025970	
511	1.000030	-0.000008	-0.262573	0.000008	1.000030	-0.000336	
512	0.999994	0.000012	-0.002441	-0.000012	0.999994	0.229980	
513	1.000120	-0.000116	-0.304932	0.000116	1.000120	-0.014160	
514	1.000004	-0.000041	-0.094482	0.000041	1.000004	0.301941	
515	1.000013	-0.000039	-0.157837	0.000039	1.000013	0.161255	
516	1.000010	-0.000023	-0.043945	0.000023	1.000010	0.083160	
517	1.000023	-0.000025	-0.252197	0.000025	1.000023	0.026489	
518	1.000036	0.000024	-0.269409	-0.000024	1.000036	0.044250	
519	1.000007	-0.000023	-0.701904	0.000023	1.000007	0.078430	
520	1.000056	0.000011	-0.410767	-0.000011	1.000056	-0.257294	
521	0.999897	-0.000001	-0.401611	0.000001	0.999897	0.256439	
522	0.999965	0.000013	-0.067383	-0.000013	0.999965	-0.065552	
523	0.999984	0.000002	-0.435181	-0.000002	0.999984	-0.251556	
524	1.000031	-0.000004	-0.038086	0.000004	1.000031	-0.403656	
525	1.000048	-0.000011	0.156616	0.000011	1.000048	0.010254	
526	0.999943	-0.000002	0.231934	0.000002	0.999943	0.835968	
527	0.999992	-0.000008	0.232056	0.000008	0.999992	1.259247	
528	1.000006	-0.000032	0.216309	0.000032	1.000006	0.100433	
529	0.999973	-0.000023	0.087891	0.000023	0.999973	0.193695	
530	0.999990	0.000080	-0.117310	-0.000080	0.999990	0.426025	
531	1.000016	-0.000112	0.263428	0.000112	1.000016	0.279755	
532	1.000080	-0.000018	-0.047974	0.000018	1.000080	-0.052795	
533	1.000076	-0.000008	-0.105957	0.000008	1.000076	-0.014893	
534	1.000128	-0.000052	-0.204468	0.000052	1.000128	-0.057312	
535	0.999969	-0.000044	0.019165	0.000044	0.999969	-0.112152	
536	0.999963	-0.000077	-0.067749	0.000077	0.999963	-0.223938	
537	0.999960	0.000020	-0.026855	-0.000020	0.999960	-0.055847	
538	1.000033	-0.000045	-0.064575	0.000045	1.000033	-0.115601	
539	1.000001	-0.000041	-0.361694	0.000041	1.000001	-0.289246	
540	1.000048	-0.000016	-0.240967	0.000016	1.000048	-0.253784	
541	1.000017	-0.000041	-0.304565	0.000041	1.000017	-0.070404	
542	0.999992	0.000017	-0.072266	-0.000017	0.999992	-0.241669	
543	1.000065	-0.000082	-1.207275	0.000082	1.000065	0.613251	
544	0.999992	-0.000019	-0.685669	0.000019	0.999992	0.526520	
545	1.000010	-0.000009	-0.641235	0.000009	1.000010	-0.102173	
546	1.000012	-0.000025	-0.690674	0.000025	1.000012	-0.474579	
547	1.000025	-0.000031	-1.347290	0.000031	1.000025	-1.056396	
548	0.999969	-0.000017	-0.729736	0.000017	0.999969	-0.562805	
549	1.000032	-0.000039	-1.196045	0.000039	1.000032	-0.930939	
550	1.000057	-0.000004	-1.610962	0.000004	1.000057	-0.236206	
551	1.000018	-0.000093	-3.556763	0.000093	1.000018	-1.044312	
552	0.999954	0.000001	-2.273438	-0.000001	0.999954	-0.130096	
553	1.000042	0.000003	-2.483276	-0.000003	1.000042	-0.565063	
554	0.999991	-0.000010	-2.752319	0.000010	0.999991	0.186035	
555	0.996639	-0.000073	-0.901733	0.000073	0.996639	1.924988	
556	0.990404	-0.000021	6.106201	0.000021	0.990404	5.355072	
557	0.990183	-0.000020	6.085327	0.000020	0.990183	5.400604	
558	0.989125	0.000006	7.056274	-0.000006	0.989125	6.012421	
559	0.978396	0.000010	14.033936	-0.000010	0.978396	12.169952	
560	0.988694	0.000005	7.843506	-0.000005	0.988694	6.316467	
561	0.988779	0.000006	7.873779	-0.000006	0.988779	6.549438	
562	0.988441	0.000006	8.245728	-0.000006	0.988441	6.854309	
563	0.977583	0.000015	16.560059	-0.000015	0.977583	13.380188	
564	0.989506	-0.000062	7.986450	0.000062	0.989506	6.093689	
565	0.990512	-0.000047	7.131836	0.000047	0.990512	5.716980	
566	0.990081	-0.000015	7.396973	0.000015	0.990081	6.005402	
567	0.981453	0.000113	13.852905	-0.000113	0.981453	11.329437	
568	0.991731	0.000006	6.887329	-0.000006	0.991731	5.077972	
569	0.991329	0.000058	7.655396	-0.000058	0.991329	5.277893	
570	0.992606	0.000048	6.902954	-0.000048	0.992606	4.665771	
571	0.985525	-0.000007	14.021729	0.000007	0.985525	8.909393	
572	0.992574	0.000014	7.191650	-0.000014	0.992574	4.537994	
573	0.992694	0.000050	7.043945	-0.000050	0.992694	4.578339	
574	0.993036	-0.000041	6.843628	0.000041	0.993036	4.323395	
575	0.985944	0.000044	13.417969	-0.000044	0.985944	8.460419	
576	0.993500	0.000017	6.222168	-0.000017	0.993500	3.960205	
577	0.993026	0.000004	6.816284	-0.000004	0.993026	4.173645	
578	0.993312	0.000001	6.383179	-0.000001	0.993312	3.868958	
579	0.987362	0.000041	12.194092	-0.000041	0.987362	7.558228	
580	0.993343	-0.000051	6.432495	0.000051	0.993343	3.799103	
581	0.993440	-0.000053	6.287598	0.000053	0.993440	3.651794	
582	0.994212	-0.000031	5.546753	0.000031	0.994212	3.563049	
583	0.988188	0.000017	11.340088	-0.000017	0.988188	6.946655	
584	0.993952	-0.000032	5.864746	0.000032	0.993952	3.630920	
585	0.993835	-0.000010	5.916748	0.000010	0.993835	3.622894	
586	0.995689	-0.000038	4.156982	0.000038	0.995689	2.503143	
587	0.993564	-0.000024	6.289673	0.000024	0.993564	3.699951	
588	0.997869	0.000031	1.989380	-0.000031	0.997869	1.408905	
589	0.999595	-0.000024	0.489624	0.000024	0.999595	0.126465	
590	0.999830	-0.000051	0.201660	0.000051	0.999830	0.193359	
591	0.999803	-0.000044	0.270142	0.000044	0.999803	0.425415	
592	0.999931	-0.000004	0.076294	0.000004	0.999931	0.311279	
593	0.999919	-0.000073	0.171387	0.000073	0.999919	-0.006714	
594	0.999958	-0.000000	0.098755	0.000000	0.999958	0.078217	
595	0.999971	-0.000056	0.113892	0.000056	0.999971	-0.020050	
596	0.999999	-0.000048	0.041748	0.000048	0.999999	-0.055573	
597	1.000021	-0.000023	-0.023315	0.000023	1.000021	-0.059509	
598	1.000018	-0.000023	0.000244	0.000023	1.000018	-0.053162	
599	0.999991	0.000034	-0.005127	-0.000034	0.999991	-0.002869	
600	1.000015	0.000011	-0.035767	-0.000011	1.000015	-0.024536	
601	0.999934	0.000027	-0.135742	-0.000027	0.999934	-0.035461	
602	1.000038	-0.000009	-0.079224	0.000009	1.000038	-0.070953	
603	1.000023	0.000031	-0.217163	-0.000031	1.000023	-0.040527	
604	1.000037	0.000012	-0.131836	-0.000012	1.000037	-0.012268	
605	1.000054	0.000004	-0.283081	-0.000004	1.000054	-0.027557	
606	1.000023	-0.000020	-0.287964	0.000020	1.000023	0.005615	
607	1.000059	-0.000023	-0.796875	0.000023	1.000059	0.358398	
608	1.000092	0.000004	-0.600342	-0.000004	1.000092	0.111755	
609	1.000011	0.000074	-0.794922	-0.000074	1.000011	0.279785	
610	1.000043	0.000054	-0.364624	-0.000054	1.000043	-0.474365	
611	1.000065	0.000164	-0.938965	-0.000164	1.000065	-0.411224	
612	1.000053	0.000015	-0.392212	-0.000015	1.000053	-0.276093	
613	0.999995	0.000105	-0.503296	-0.000105	0.999995	-0.121338	
614	1.000011	0.000015	-0.135742	-0.000015	1.000011	-0.199402	
615	1.000075	0.000008	-0.227417	-0.000008	1.000075	0.262848	
616	1.000044	-0.000009	-0.181519	0.000009	1.000044	0.140991	
617	1.000029	-0.000010	-0.051147	0.000010	1.000029	0.027100	
618	1.000005	-0.000011	0.059937	0.000011	1.000005	0.013672	
619	1.000041	-0.000021	-0.028076	0.000021	1.000041	0.092499	
620	1.000058	0.000013	-0.063965	-0.000013	1.000058	0.058380	
621	1.000029	-0.000017	-0.007568	0.000017	1.000029	0.104858	
622	1.000044	-0.000018	-0.040894	0.000018	1.000044	0.034454	
623	1.000053	0.000013	-0.073975	-0.000013	1.000053	-0.031677	
624	1.000066	-0.000003	-0.076294	0.000003	1.000066	-0.047821	
625	1.000031	0.000008	0.037231	-0.000008	1.000031	0.047516	
626	1.000071	-0.000029	0.102783	0.000029	1.000071	0.049957	
627	1.000048	0.000014	0.309204	-0.000014	1.000048	0.399261	
628	1.000107	0.000004	0.271606	-0.000004	1.000107	0.246094	
629	1.000059	-0.000005	-0.010986	0.000005	1.000059	0.274750	
630	1.000048	0.000006	0.005371	-0.000006	1.000048	0.203796	
631	0.999990	0.000011	0.125488	-0.000011	0.999990	0.340057	
632	1.000085	-0.000006	0.145142	0.000006	1.000085	-0.157867	
633	1.000027	0.000045	0.461182	-0.000045	1.000027	0.019684	
634	0.999962	-0.000067	0.554077	0.000067	0.999962	0.077148	
635	1.000082	0.000033	1.359619	-0.000033	1.000082	-0.666138	
636	1.000024	0.000054	0.919922	-0.000054	1.000024	-0.280060	
637	1.000086	-0.000040	1.159058	0.000040	1.000086	-0.106171	
638	1.000086	0.000074	1.120728	-0.000074	1.000086	0.020905	
639	1.000157	-0.000037	3.977051	0.000037	1.000157	0.166931	
640	1.000071	-0.000021	2.554443	0.000021	1.000071	0.048248	
641	1.000085	-0.000020	2.977417	0.000020	1.000085	-0.032776	
642	1.000074	0.000029	3.413574	-0.000029	1.000074	0.055786	
643	1.000205	-0.000051	8.973999	0.000051	1.000205	-0.147308	
644	1.000191	-0.000042	5.045776	0.000042	1.000191	0.047852	
645	1.000114	-0.000011	5.296875	0.000011	1.000114	0.244019	
646	1.000229	-0.000026	5.507324	0.000026	1.000229	-0.066437	
647	1.000114	-0.000124	11.800659	0.000124	1.000114	0.109955	
648	1.000258	-0.000041	5.603760	0.000041	1.000258	0.095154	
649	1.000226	-0.000008	5.508423	0.000008	1.000226	-0.106659	
650	1.000186	-0.000030	5.798462	0.000030	1.000186	0.054352	
651	1.000399	-0.000173	11.809570	0.000173	1.000399	-0.161896	
652	1.000155	-0.000071	6.078735	0.000071	1.000155	-0.220398	
653	1.000157	-0.000085	6.111694	0.000085	1.000157	0.307953	
654	1.000021	-0.000109	5.848022	0.000109	1.000021	-0.039917	
655	1.000016	-0.000073	11.244385	0.000073	1.000016	-0.232880	
656	1.000001	-0.000036	5.203491	0.000036	1.000001	-0.049591	
657	1.000034	-0.000023	5.069702	0.000023	1.000034	-0.155090	
658	0.999990	-0.000061	5.119263	0.000061	0.999990	-0.189423	
659	0.999942	-0.000044	10.062622	0.000044	0.999942	-0.450287	
660	0.999997	-0.000033	4.715088	0.000033	0.999997	-0.199921	
661	0.999998	0.000007	4.607910	-0.000007	0.999998	-0.064392	
662	1.000012	-0.000026	4.311035	0.000026	1.000012	-0.083191	
663	1.000074	-0.000044	8.253418	0.000044	1.000074	-0.101654	
664	0.999976	-0.000009	3.854736	0.000009	0.999976	0.080353	
665	0.999969	-0.000061	3.567139	0.000061	0.999969	0.026794	
666	1.000003	-0.000046	3.453979	0.000046	1.000003	-0.138794	
667	0.999934	0.000020	6.595947	-0.000020	0.999934	-0.249359	
668	0.999959	-0.000033	3.034302	0.000033	0.999959	-0.139832	
669	1.000000	-0.000006	2.871460	0.000006	1.000000	-0.192841	
670	1.000040	-0.000025	2.582275	0.000025	1.000040	-0.286621	
671	0.999977	-0.000019	4.907471	0.000019	0.999977	-0.416962	
672	1.000022	-0.000031	2.376587	0.000031	1.000022	-0.084869	
673	0.999997	0.000010	2.269897	-0.000010	0.999997	-0.104980	
674	0.999986	-0.000036	2.335205	0.000036	0.999986	-0.056427	
675	0.999992	-0.000003	4.086426	0.000003	0.999992	0.031067	
676	0.999960	-0.000019	2.105591	0.000019	0.999960	0.023682	
677	0.999980	0.000056	1.920166	-0.000056	0.999980	-0.216125	
678	1.000044	-0.000037	1.839844	0.000037	1.000044	0.015076	
679	0.999999	-0.000049	3.829468	0.000049	0.999999	-0.127655	
680	0.999906	0.000034	1.639160	-0.000034	0.999906	-0.066498	
681	1.000031	-0.000030	1.389404	0.000030	1.000031	-0.113525	
682	0.999991	-0.000052	1.348267	0.000052	0.999991	-0.125244	
683	1.000043	-0.000009	2.312012	0.000009	1.000043	-0.255585	
684	1.000027	-0.000043	0.824524	0.000043	1.000027	-0.147095	
685	1.000026	-0.000018	0.739868	0.000018	1.000026	-0.123840	
686	0.999981	-0.000023	1.048401	0.000023	0.999981	-0.034027	
687	1.000011	-0.000028	1.646606	0.000028	1.000011	-0.335358	
688	0.999973	0.000041	0.719238	-0.000041	0.999973	-0.162445	
689	0.999990	-0.000013	0.776978	0.000013	0.999990	-0.032135	
690	1.000004	-0.000029	0.670532	0.000029	1.000004	0.070343	
691	1.000013	0.000020	1.329956	-0.000020	1.000013	0.247833	
692	0.999979	-0.000013	0.597046	0.000013	0.999979	0.000031	
693	0.999976	-0.000021	0.656006	0.000021	0.999976	-0.033081	
694	0.999997	-0.000027	0.535645	0.000027	0.999997	-0.032013	
695	1.000070	0.000055	0.473755	-0.000055	1.000070	-0.205170	
696	1.000000	-0.000012	0.230957	0.000012	1.000000	-0.035828	
697	0.999994	-0.000026	0.312378	0.000026	0.999994	0.208893	
698	1.000007	0.000007	0.456299	-0.000007	1.000007	0.220886	
699	1.000045	0.000014	0.607666	-0.000014	1.000045	-0.017242	
700	1.000054	-0.000016	0.181763	0.000016	1.000054	-0.017822	
701	0.999921	0.000037	0.375122	-0.000037	0.999921	0.141479	
702	1.000030	0.000001	0.212280	-0.000001	1.000030	0.141327	
703	1.000016	0.000034	0.501709	-0.000034	1.000016	0.153809	
704	1.000007	0.000010	0.299683	-0.000010	1.000007	-0.142792	
705	1.000018	0.000019	0.159912	-0.000019	1.000018	0.186218	
706	0.999995	-0.000021	0.232300	0.000021	0.999995	0.045807	
707	0.999986	0.000041	-0.177551	-0.000041	0.999986	-0.318176	
708	1.000023	0.000009	-0.042847	-0.000009	1.000023	-0.220673	
709	0.999983	0.000004	0.120300	-0.000004	0.999983	-0.054047	
710	1.000020	-0.000008	0.043274	0.000008	1.000020	-0.058624	
711	1.000027	-0.000011	0.121948	0.000011	1.000027	-0.066132	
712	1.000008	-0.000008	0.055420	0.000008	1.000008	-0.013031	
713	1.000019	0.000005	0.023804	-0.000005	1.000019	0.004852	
714	1.000015	0.000005	-0.019409	-0.000005	1.000015	0.028290	
715	1.000030	0.000030	-0.075317	-0.000030	1.000030	0.071381	
716	1.000033	0.000017	-0.070251	-0.000017	1.000033	0.027557	
717	1.000020	-0.000003	-0.050659	0.000003	1.000020	-0.003326	
718	1.000011	0.000010	-0.045532	-0.000010	1.000011	-0.002594	
719	1.000008	0.000025	-0.046631	-0.000025	1.000008	-0.000916	
720	1.000009	0.000007	-0.020020	-0.000007	1.000009	-0.015778	
721	1.000018	-0.000002	-0.059937	0.000002	1.000018	0.069397	
722	1.000034	0.000005	-0.091309	-0.000005	1.000034	0.053711	
723	1.000340	-0.000059	-0.774536	0.000059	1.000340	-0.259186	
724	1.000370	-0.000020	-0.946777	0.000020	1.000370	-0.375732	
725	1.000487	0.000043	-1.044922	-0.000043	1.000487	-0.269470	
726	1.000147	0.000009	-0.307495	-0.000009	1.000147	-0.086273	
727	1.000361	0.000047	-0.870728	-0.000047	1.000361	-0.518585	
728	1.000209	-0.000043	-0.375122	0.000043	1.000209	-0.188965	
729	1.000183	0.000029	-0.488159	-0.000029	1.000183	-0.587189	
730	1.000257	-0.000004	-0.685059	0.000004	1.000257	-0.193085	
731	1.000595	0.000005	-1.790039	-0.000005	1.000595	-0.644531	
732	1.000129	0.000017	-0.957520	-0.000017	1.000129	-0.591095	
733	1.000162	0.000068	-1.278320	-0.000068	1.000162	-0.542053	
734	1.000089	-0.000034	-1.728760	0.000034	1.000089	-0.056305	
735	1.000034	0.000034	-4.039673	-0.000034	1.000034	0.091553	
736	1.000073	-0.000013	-2.557007	0.000013	1.000073	-0.196716	
737	1.000102	0.000001	-3.376404	-0.000001	1.000102	-0.114441	
738	1.000072	-0.000034	-3.935669	0.000034	1.000072	-0.027679	
739	1.000125	0.000083	-9.233276	-0.000083	1.000125	-0.215118	
740	1.000027	0.000023	-5.394531	-0.000023	1.000027	0.031708	
741	1.000088	0.000055	-5.200806	-0.000055	1.000088	0.306244	
742	1.000109	0.000019	-5.791016	-0.000019	1.000109	0.055481	
743	1.000363	0.000047	-14.094238	-0.000047	1.000363	0.340881	
744	1.000144	-0.000030	-7.756348	0.000030	1.000144	-0.320068	
745	1.000141	0.000108	-8.640991	-0.000108	1.000141	-0.359985	
746	1.000145	0.000001	-8.850586	-0.000001	1.000145	-0.102844	
747	1.000239	0.000110	-18.582031	-0.000110	1.000239	-0.242798	
748	1.000093	0.000022	-9.568848	-0.000022	1.000093	-0.031830	
749	1.000019	0.000022	-9.706665	-0.000022	1.000019	0.002014	
750	1.000043	-0.000016	-10.343262	0.000016	1.000043	-0.337677	
751	0.998912	0.000339	-20.571167	-0.000339	0.998912	0.295868	
752	0.999791	0.000025	-11.373047	-0.000025	0.999791	0.059296	
753	0.999779	-0.000052	-12.031128	0.000052	0.999779	-0.039581	
754	0.999770	0.000027	-12.586182	-0.000027	0.999770	0.073578	
755	1.000120	0.000093	-27.155884	-0.000093	1.000120	-0.215088	
756	0.999360	0.000107	-12.990723	-0.000107	0.999360	0.025726	
757	0.999523	0.000053	-13.545044	-0.000053	0.999523	-0.087463	
758	0.999750	0.000058	-14.199219	-0.000058	0.999750	0.131195	
759	1.000072	0.000060	-28.270020	-0.000060	1.000072	-0.197662	
760	0.999649	0.000117	-13.360596	-0.000117	0.999649	0.254456	
761	0.999897	0.000040	-13.048218	-0.000040	0.999897	0.254120	
762	1.000003	0.000037	-12.901489	-0.000037	1.000003	0.054382	
763	0.999553	-0.000028	-24.483032	0.000028	0.999553	0.526703	
764	0.999802	-0.000037	-12.039307	0.000037	0.999802	0.116211	
765	0.999824	0.000089	-12.668701	-0.000089	0.999824	0.508667	
766	0.999750	-0.000009	-12.439331	0.000009	0.999750	0.740967	
767	0.998607	0.000197	-22.051514	-0.000197	0.998607	0.940826	
768	0.999950	0.000015	-10.908569	-0.000015	0.999950	0.115784	
769	0.999946	0.000005	-10.290649	-0.000005	0.999946	0.390656	
770	0.999890	0.000006	-9.344849	-0.000006	0.999890	0.612335	
771	0.999618	0.000111	-17.971069	-0.000111	0.999618	0.678741	
772	0.999898	-0.000018	-8.890869	0.000018	0.999898	0.229462	
773	0.999929	0.000019	-8.593384	-0.000019	0.999929	0.228424	
774	0.999927	0.000031	-8.374023	-0.000031	0.999927	0.339203	
775	0.999120	0.000167	-14.906250	-0.000167	0.999120	1.110046	
776	0.999913	-0.000022	-7.080078	0.000022	0.999913	0.210815	
777	1.000010	-0.000012	-6.974854	0.000012	1.000010	0.353485	
778	0.999925	0.000065	-6.374146	-0.000065	0.999925	0.389954	
779	0.999871	0.000006	-11.056274	-0.000006	0.999871	0.670685	
780	0.999979	-0.000036	-4.978516	0.000036	0.999979	0.162781	
781	0.999937	-0.000049	-4.659668	0.000049	0.999937	0.020477	
782	1.000041	-0.000016	-4.894165	0.000016	1.000041	-0.056854	
783	0.999974	0.000005	-9.369507	-0.000005	0.999974	-0.154388	
784	0.999994	-0.000027	-4.774658	0.000027	0.999994	-0.095184	
785	1.000016	-0.000014	-4.619385	0.000014	1.000016	-0.048157	
786	0.999985	-0.000021	-4.484375	0.000021	0.999985	-0.037811	
787	0.999954	-0.000052	-8.740723	0.000052	0.999954	-0.246918	
788	0.999989	-0.000032	-4.420044	0.000032	0.999989	0.006104	
789	0.999993	-0.000041	-4.209961	0.000041	0.999993	-0.065399	
790	0.999980	0.000038	-4.238159	-0.000038	0.999980	0.054382	
791	0.999933	0.000045	-7.007690	-0.000045	0.999933	0.111572	
792	0.999916	0.000093	-1.981323	-0.000093	0.999916	-0.205444	
793	0.999990	0.000053	0.162231	-0.000053	0.999990	-0.534058	
794	1.000030	0.000024	0.361084	-0.000024	1.000030	-0.240234	
795	1.000028	-0.000024	1.655273	0.000024	1.000028	-0.025665	
796	1.000006	-0.000064	1.261230	0.000064	1.000006	-0.394562	
797	1.000058	-0.000005	1.917847	0.000005	1.000058	-0.722107	
798	1.000121	-0.000012	2.052612	0.000012	1.000121	0.027496	
799	1.000020	0.000029	6.532715	-0.000029	1.000020	-0.279999	
800	1.000085	-0.000055	3.750854	0.000055	1.000085	-0.116425	
801	1.000045	-0.000018	3.898315	0.000018	1.000045	-0.125763	
802	1.000058	-0.000014	4.925171	0.000014	1.000058	0.181793	
803	1.000115	-0.000020	10.616821	0.000020	1.000115	-0.099457	
804	1.000049	-0.000025	5.453979	0.000025	1.000049	-0.089447	
805	1.000101	-0.000058	5.551636	0.000058	1.000101	-0.117767	
806	1.000104	-0.000055	5.440552	0.000055	1.000104	-0.038940	
807	1.000139	-0.000063	9.246826	0.000063	1.000139	-0.334137	
808	1.000091	-0.000091	3.032593	0.000091	1.000091	-0.256531	
809	1.000108	-0.000073	1.881836	0.000073	1.000108	-0.351776	
810	1.000035	-0.000066	1.118774	0.000066	1.000035	-0.635834	
811	1.000013	-0.000066	2.741333	0.000066	1.000013	-0.109589	
812	1.000081	-0.000049	0.979004	0.000049	1.000081	-0.682434	
813	1.000056	-0.000124	-0.347900	0.000124	1.000056	-0.151245	
814	1.000107	-0.000081	-0.479980	0.000081	1.000107	-0.601074	
815	1.000007	-0.000053	-2.936279	0.000053	1.000007	0.574371	
816	0.999969	0.000033	-0.761719	-0.000033	0.999969	-0.446716	
817	1.000116	0.000024	-1.093506	-0.000024	1.000116	-0.187378	
818	1.000023	-0.000041	-0.100464	0.000041	1.000023	-0.028778	
819	1.000048	0.000026	-0.645020	-0.000026	1.000048	-0.385773	
820	0.999997	-0.000029	0.307373	0.000029	0.999997	-0.345612	
821	1.000046	-0.000044	0.534180	0.000044	1.000046	-0.374817	
822	0.992933	0.000049	8.165039	-0.000049	0.992933	4.486725	
823	0.963627	-0.000024	34.631470	0.000024	0.963627	20.979248	
824	0.981762	-0.000006	17.448486	0.000006	0.981762	10.634949	
825	0.982456	-0.000005	16.489746	0.000005	0.982456	10.278809	
826	0.981586	-0.000020	17.476929	0.000020	0.981586	10.812744	
827	0.964312	0.000070	33.795410	-0.000070	0.964312	20.951447	
828	0.984317	0.000009	14.938110	-0.000009	0.984317	9.427551	
829	0.986555	-0.000043	12.690796	0.000043	0.986555	7.843231	
830	0.986477	0.000023	12.789917	-0.000023	0.986477	7.869324	
831	0.976841	0.000035	21.743958	-0.000035	0.976841	13.717590	
832	0.988083	-0.000049	11.254028	0.000049	0.988083	6.974762	
833	0.988692	-0.000037	10.436523	0.000037	0.988692	6.800842	
834	0.988405	0.000014	10.894592	-0.000014	0.988405	6.653473	
835	0.977751	0.000059	20.417786	-0.000059	0.977751	13.308655	
836	0.990455	-0.000020	8.789978	0.000020	0.990455	5.480316	
837	0.991777	0.000018	7.434875	-0.000018	0.991777	5.069733	
838	0.994316	0.000020	4.943970	-0.000020	0.994316	3.644836	
839	0.997596	0.000059	1.569397	-0.000059	0.997596	1.787811	
840	0.999824	0.000009	-0.239380	-0.000009	0.999824	0.157349	
841	0.999933	-0.000026	-0.236084	0.000026	0.999933	0.127594	
842	0.999948	0.000007	-0.289185	-0.000007	0.999948	0.085480	
843	0.999866	-0.000008	-0.445374	0.000008	0.999866	0.198029	
844	0.999963	0.000020	-0.403198	-0.000020	0.999963	0.150574	
845	0.999987	-0.000052	-0.130188	0.000052	0.999987	-0.079315	
846	0.999988	0.000082	-0.418579	-0.000082	0.999988	0.111542	
847	0.999924	-0.000040	-0.012451	0.000040	0.999924	0.227020	
848	0.999968	-0.000025	0.081787	0.000025	0.999968	0.012665	
849	0.999997	-0.000034	0.023438	0.000034	0.999997	-0.014099	
850	0.999983	-0.000002	0.041992	0.000002	0.999983	0.042816	
851	0.999920	-0.000031	0.149170	0.000031	0.999920	0.176270	
852	0.999963	-0.000016	0.068604	0.000016	0.999963	0.056580	
853	0.999971	-0.000028	0.023071	0.000028	0.999971	0.007385	
854	0.999981	-0.000004	-0.026001	0.000004	0.999981	-0.017517	
855	0.999971	-0.000034	-0.077148	0.000034	0.999971	-0.170410	
856	1.000016	-0.000032	-0.148071	0.000032	1.000016	-0.250214	
857	1.000017	-0.000013	-0.086792	0.000013	1.000017	-0.141602	
858	0.999970	-0.000010	0.031006	0.000010	0.999970	-0.067535	
859	0.999961	-0.000023	0.033203	0.000023	0.999961	-0.149872	
860	0.999996	-0.000015	0.054321	0.000015	0.999996	-0.014282	
861	0.999983	-0.000011	0.032104	0.000011	0.999983	-0.084595	
862	0.999988	-0.000014	0.020264	0.000014	0.999988	-0.076447	
863	1.000006	-0.000060	0.034058	0.000060	1.000006	-0.012390	
864	0.999987	-0.000011	0.024536	0.000011	0.999987	0.000519	
865	0.999960	-0.000014	0.067078	0.000014	0.999960	-0.035370	
866	0.999976	-0.000024	0.098633	0.000024	0.999976	-0.059052	
867	0.999945	0.000016	0.106079	-0.000016	0.999945	-0.031586	
868	0.999991	-0.000020	0.044556	0.000020	0.999991	-0.022583	
869	1.000022	-0.000029	0.000610	0.000029	1.000022	-0.045288	
870	1.000002	0.000000	0.031250	-0.000000	1.000002	0.045471	
871	1.000062	-0.000026	-0.000366	0.000026	1.000062	0.104614	
872	0.999993	-0.000032	0.022583	0.000032	0.999993	0.102081	
873	0.999977	-0.000033	0.033325	0.000033	0.999977	0.125092	
874	1.000004	-0.000012	0.003784	0.000012	1.000004	0.098663	
875	1.000027	-0.000015	0.017517	0.000015	1.000027	0.445374	
876	0.999980	-0.000004	0.037659	0.000004	0.999980	0.249298	
877	0.999948	-0.000032	0.082458	0.000032	0.999948	0.115570	
878	0.999961	-0.000004	0.048584	0.000004	0.999961	0.155670	
879	0.999973	-0.000021	0.082153	0.000021	0.999973	-0.090424	
880	1.000030	-0.000023	0.018921	0.000023	1.000030	-0.165863	
881	1.000035	-0.000028	0.021301	0.000028	1.000035	-0.157135	
882	0.999902	-0.000045	0.087891	0.000045	0.999902	-0.255768	
883	0.999922	-0.000007	-0.015076	0.000007	0.999922	-0.421356	
884	1.000018	-0.000042	-0.022461	0.000042	1.000018	-0.293823	
885	1.000079	-0.000036	-0.165894	0.000036	1.000079	-0.373535	
886	1.000025	-0.000007	-0.035278	0.000007	1.000025	-0.115875	
887	1.000059	-0.000043	-0.067261	0.000043	1.000059	-0.195190	
888	1.000006	-0.000034	0.002563	0.000034	1.000006	-0.058319	
889	0.999979	-0.000024	0.016235	0.000024	0.999979	0.016968	
890	0.999990	-0.000011	0.008667	0.000011	0.999990	0.021545	
891	0.999982	-0.000033	0.021301	0.000033	0.999982	-0.028473	
892	0.999997	-0.000022	0.007263	0.000022	0.999997	-0.038727	
893	0.999991	-0.000024	0.015015	0.000024	0.999991	-0.035187	
894	0.999982	-0.000008	0.004639	0.000008	0.999982	-0.082397	
895	1.000016	-0.000016	-0.059448	0.000016	1.000016	-0.195374	
896	1.000012	-0.000013	-0.030396	0.000013	1.000012	-0.108490	
897	0.999978	-0.000028	0.017212	0.000028	0.999978	-0.021942	
898	0.999998	-0.000014	-0.020020	0.000014	0.999998	-0.027985	
899	1.000006	-0.000035	-0.018555	0.000035	1.000006	0.006683	
900	0.999999	-0.000022	-0.000366	0.000022	0.999999	0.029144	
901	0.999965	-0.000016	0.028687	0.000016	0.999965	0.041931	
902	1.000010	-0.000031	-0.005249	0.000031	1.000010	0.001373	
903	1.000010	-0.000028	-0.011597	0.000028	1.000010	0.026947	
904	0.999983	-0.000031	0.021484	0.000031	0.999983	0.001404	
905	0.999982	-0.000009	0.010620	0.000009	0.999982	0.007812	
906	0.999993	-0.000015	0.008057	0.000015	0.999993	0.007172	
907	0.999991	-0.000038	0.005005	0.000038	0.999991	-0.026855	
908	0.999996	-0.000022	0.001221	0.000022	0.999996	-0.011902	
909	1.000011	-0.000028	-0.003296	0.000028	1.000011	-0.004913	
910	1.000005	-0.000023	0.002441	0.000023	1.000005	0.001221	
911	0.999999	-0.000049	0.022339	0.000049	0.999999	0.023682	
912	0.999975	-0.000032	0.048584	0.000032	0.999975	0.052826	
913	1.000009	-0.000009	-0.011536	0.000009	1.000009	-0.017822	
914	1.000020	0.000008	-0.034058	-0.000008	1.000020	-0.078369	
915	0.999998	-0.000022	0.006531	0.000022	0.999998	-0.220093	
916	1.000000	-0.000023	0.004028	0.000023	1.000000	-0.121124	
917	0.999983	-0.000034	0.031860	0.000034	0.999983	-0.077789	
918	1.000011	-0.000027	0.019531	0.000027	1.000011	-0.097351	
919	1.000006	-0.000034	0.029602	0.000034	1.000006	-0.146271	
920	0.999988	-0.000025	-0.002563	0.000025	0.999988	-0.084625	
921	0.999990	-0.000027	-0.015625	0.000027	0.999990	-0.119995	
922	0.999988	-0.000020	-0.018433	0.000020	0.999988	-0.100006	
923	0.999998	-0.000028	-0.028809	0.000028	0.999998	-0.363342	
924	1.000016	-0.000025	-0.016724	0.000025	1.000016	-0.301758	
925	0.999994	-0.000020	-0.008667	0.000020	0.999994	-0.229706	
926	1.000014	-0.000014	0.002319	0.000014	1.000014	-0.338043	
927	1.000040	-0.000025	-0.008789	0.000025	1.000040	-0.154510	
928	1.000026	-0.000008	-0.026978	0.000008	1.000026	-0.104340	
929	1.000740	-0.000103	-1.576782	0.000103	1.000740	-0.898712	
930	1.000239	0.000056	-0.313416	-0.000056	1.000239	-0.185577	
931	1.005704	0.000061	-5.489990	-0.000061	1.005704	-3.013245	
932	1.003974	0.000076	-3.587524	-0.000076	1.003974	-2.379150	
933	1.004465	-0.000114	-3.232666	0.000114	1.004465	-3.518646	
934	1.004253	-0.000033	-4.003418	0.000033	1.004253	-2.638672	
935	1.009385	0.000007	-8.986023	-0.000007	1.009385	-5.356537	
936	1.004759	-0.000056	-4.465210	0.000056	1.004759	-2.720093	
937	1.004966	0.000020	-4.758545	-0.000020	1.004966	-2.872589	
938	1.005023	-0.000057	-4.738586	0.000057	1.005023	-2.928009	
939	1.010217	-0.000033	-9.723938	0.000033	1.010217	-5.905640	
940	1.004807	-0.000040	-4.678040	0.000040	1.004807	-2.817566	
941	1.004720	-0.000040	-4.523132	0.000040	1.004720	-2.758301	
942	1.004602	-0.000031	-4.481262	0.000031	1.004602	-2.818390	
943	1.009090	-0.000089	-8.742065	0.000089	1.009090	-5.509552	
944	1.005158	-0.000021	-5.153687	0.000021	1.005158	-3.184784	
945	1.004944	-0.000036	-4.652100	0.000036	1.004944	-3.119354	
946	1.004368	-0.000018	-4.201294	0.000018	1.004368	-2.647888	
947	1.008074	-0.000044	-7.701660	0.000044	1.008074	-5.178802	
948	1.004071	0.000000	-3.889526	-0.000000	1.004071	-2.476166	
949	1.004054	-0.000066	-3.901001	0.000066	1.004054	-2.524048	
950	1.004047	-0.000001	-3.940308	0.000001	1.004047	-2.479248	
951	1.008901	0.000010	-8.759766	-0.000010	1.008901	-5.102142	
952	1.004011	-0.000031	-3.910400	0.000031	1.004011	-2.468140	
953	1.003884	-0.000037	-3.977417	0.000037	1.003884	-2.366913	
954	1.003961	-0.000019	-4.103027	0.000019	1.003961	-2.238464	
955	1.007182	-0.000122	-7.643921	0.000122	1.007182	-4.777100	
956	1.003010	-0.000011	-3.701538	0.000011	1.003010	-1.884552	
957	1.002974	-0.000081	-3.693970	0.000081	1.002974	-1.833374	
958	1.003236	-0.000012	-4.399902	0.000012	1.003236	-2.146820	
959	1.006115	-0.000064	-8.644409	0.000064	1.006115	-3.760590	
960	1.002744	-0.000025	-4.483643	0.000025	1.002744	-1.989868	
961	1.002823	0.000019	-4.479614	-0.000019	1.002823	-1.663147	
962	1.002812	-0.000030	-4.184448	0.000030	1.002812	-1.854889	
963	1.006163	0.000043	-8.843506	-0.000043	1.006163	-3.594910	
964	1.002980	-0.000007	-4.172607	0.000007	1.002980	-1.779266	
965	1.003253	-0.000034	-4.384033	0.000034	1.003253	-1.843811	
966	1.002988	-0.000033	-4.001465	0.000033	1.002988	-1.853333	
967	1.004857	-0.000014	-7.286011	0.000014	1.004857	-3.209015	
968	1.001802	-0.000045	-3.072388	0.000045	1.001802	-1.258484	
969	1.001374	-0.000039	-2.891235	0.000039	1.001374	-1.116333	
970	1.000726	0.000011	-2.184814	-0.000011	1.000726	-0.721100	
971	1.000339	0.000008	-3.700806	-0.000008	1.000339	-0.590668	
972	1.000126	0.000029	-1.900269	-0.000029	1.000126	-0.066162	
973	1.000095	-0.000043	-1.880249	0.000043	1.000095	-0.070862	
974	1.000092	0.000027	-1.884888	-0.000027	1.000092	-0.014648	
975	1.000086	0.000039	-3.567139	-0.000039	1.000086	0.149445	
976	1.000074	-0.000035	-1.587280	0.000035	1.000074	-0.032928	
977	1.000064	0.000030	-1.653809	-0.000030	1.000064	0.043152	
978	1.000055	0.000014	-1.512329	-0.000014	1.000055	0.107971	
979	1.000053	0.000002	-3.156372	-0.000002	1.000053	0.054932	
980	1.000054	-0.000001	-1.471069	0.000001	1.000054	0.006836	
981	0.999956	-0.000009	-1.268921	0.000009	0.999956	0.095337	
982	1.000081	0.000004	-1.323486	-0.000004	1.000081	-0.051971	
983	1.000028	0.000041	-1.997070	-0.000041	1.000028	0.158447	
984	1.000000	-0.000040	-0.690552	0.000040	1.000000	-0.035126	
985	1.000027	-0.000003	-0.677612	0.000003	1.000027	-0.126221	
986	1.000098	0.000015	-0.864868	-0.000015	1.000098	-0.035797	
987	1.000064	-0.000009	-1.093628	0.000009	1.000064	-0.447754	
988	1.000126	-0.000039	-0.728760	0.000039	1.000126	-0.255981	
989	1.000054	-0.000056	-0.562134	0.000056	1.000054	-0.112366	
990	1.000147	-0.000013	-0.707642	0.000013	1.000147	-0.080505	
991	1.000037	-0.000026	-1.003052	0.000026	1.000037	0.453644	
992	1.000045	0.000024	-0.585815	-0.000024	1.000045	0.013763	
993	1.000036	-0.000048	-0.555176	0.000048	1.000036	-0.061615	
994	0.999935	0.000022	-0.301025	-0.000022	0.999935	0.078033	
995	0.999958	0.000034	-0.590820	-0.000034	0.999958	0.289276	
996	1.000024	-0.000083	-0.062622	0.000083	1.000024	-0.074585	
997	0.999963	0.000046	-0.196777	-0.000046	0.999963	0.086639	
998	0.999968	-0.000032	-0.156250	0.000032	0.999968	0.157959	
999	1.000017	-0.000042	-0.024780	0.000042	1.000017	0.106506	
1000	1.000001	-0.000050	-0.005859	0.000050	1.000001	-0.044373	
1001	1.000043	-0.000063	0.036011	0.000063	1.000043	0.100647	
1002	1.000020	-0.000031	-0.027832	0.000031	1.000020	-0.062836	
1003	0.999999	-0.000090	0.007202	0.000090	0.999999	-0.097961	
1004	1.000027	-0.000027	-0.014038	0.000027	1.000027	-0.096039	
1005	1.000039	-0.000014	-0.023071	0.000014	1.000039	-0.083862	
1006	1.000026	-0.000026	-0.014526	0.000026	1.000026	-0.096222	
1007	1.000037	-0.000002	0.002808	0.000002	1.000037	-0.144470	
1008	1.000015	-0.000013	0.007568	0.000013	1.000015	-0.084991	
1009	1.000028	0.000009	-0.026978	-0.000009	1.000028	-0.052216	
1010	1.000062	0.000041	-0.081909	-0.000041	1.000062	-0.060547	
1011	1.000055	-0.000006	-0.011719	0.000006	1.000055	-0.085327	
1012	0.999978	0.000023	0.066162	-0.000023	0.999978	0.016998	
1013	1.000023	-0.000045	0.051819	0.000045	1.000023	-0.083160	
1014	1.000022	-0.000006	0.057983	0.000006	1.000022	-0.001831	
1015	1.000022	-0.000069	0.179565	0.000069	1.000022	0.017517	
1016	1.000011	0.000031	0.013550	-0.000031	1.000011	0.056824	
1017	1.000045	-0.000038	0.080566	0.000038	1.000045	-0.048615	
1018	1.000001	0.000011	0.082642	-0.000011	1.000001	0.012207	
1019	1.000016	-0.000082	0.183716	0.000082	1.000016	-0.050079	
1020	1.000039	-0.000036	0.023071	0.000036	1.000039	-0.070343	
1021	1.000009	-0.000016	0.243896	0.000016	1.000009	0.021576	
1022	1.000009	-0.000034	0.153687	0.000034	1.000009	-0.009949	
1023	1.000018	-0.000036	0.292480	0.000036	1.000018	-0.000336	
1024	1.000059	-0.000034	-0.024292	0.000034	1.000059	-0.057159	
1025	1.000024	-0.000058	0.026367	0.000058	1.000024	-0.048218	
1026	1.000029	-0.000006	-0.047485	0.000006	1.000029	-0.050781	
1027	1.000021	-0.000025	-0.131714	0.000025	1.000021	-0.095490	
1028	1.000040	-0.000006	-0.105225	0.000006	1.000040	-0.063568	
1029	1.000021	-0.000021	-0.067017	0.000021	1.000021	-0.078766	
1030	1.000033	-0.000031	-0.088379	0.000031	1.000033	-0.111176	
1031	1.000015	-0.000113	-0.082153	0.000113	1.000015	-0.189392	
1032	1.000041	-0.000039	-0.093140	0.000039	1.000041	-0.109589	
1033	1.000070	-0.000034	-0.150757	0.000034	1.000070	-0.134827	
1034	1.000068	-0.000015	-0.155029	0.000015	1.000068	-0.153229	
1035	1.000062	-0.000015	-0.212036	0.000015	1.000062	-0.239166	
1036	1.000034	-0.000017	-0.120361	0.000017	1.000034	-0.154633	
1037	1.000000	-0.000020	-0.085938	0.000020	1.000000	-0.127655	
1038	1.000000	-0.000007	-0.051514	0.000007	1.000000	-0.118469	
1039	1.000024	-0.000017	-0.146973	0.000017	1.000024	-0.187164	
1040	1.000005	0.000012	-0.047241	-0.000012	1.000005	-0.007751	
1041	1.000009	-0.000024	-0.015381	0.000024	1.000009	-0.001526	
1042	1.000044	-0.000016	-0.063354	0.000016	1.000044	-0.063324	
1043	1.000039	-0.000006	-0.048706	0.000006	1.000039	0.000397	
1044	1.000054	-0.000013	-0.070190	0.000013	1.000054	-0.027313	
1045	1.000055	-0.000013	-0.060913	0.000013	1.000055	-0.031921	
1046	1.000035	-0.000002	-0.040894	0.000002	1.000035	-0.012543	
1047	1.000050	-0.000011	-0.050781	0.000011	1.000050	0.039642	
1048	1.000033	-0.000015	-0.028198	0.000015	1.000033	0.019653	
1049	0.999997	-0.000019	0.005005	0.000019	0.999997	0.029480	
1050	1.000020	-0.000021	0.010864	0.000021	1.000020	-0.008698	
1051	1.000036	-0.000051	0.050903	0.000051	1.000036	-0.006866	
1052	1.000051	-0.000037	-0.011719	0.000037	1.000051	-0.091034	
1053	1.000024	-0.000030	-0.007080	0.000030	1.000024	-0.046173	
1054	1.000037	-0.000015	-0.022095	0.000015	1.000037	-0.054932	
1055	1.000080	-0.000044	-0.091919	0.000044	1.000080	0.055267	
1056	0.999909	0.000031	0.255005	-0.000031	0.999909	0.503906	
1057	1.000032	-0.000117	0.325684	0.000117	1.000032	-0.278931	
1058	1.000034	0.000037	-0.212646	-0.000037	1.000034	-0.173828	
1059	1.000051	-0.000038	-0.097290	0.000038	1.000051	-0.313263	
1060	1.000027	-0.000029	-0.065552	0.000029	1.000027	-0.123566	
1061	1.000016	-0.000025	-0.142212	0.000025	1.000016	-0.281219	
1062	1.000092	-0.000033	-0.105347	0.000033	1.000092	-0.122498	
1063	1.000036	-0.000008	-0.062622	0.000008	1.000036	-0.395752	
1064	1.000029	-0.000019	-0.026611	0.000019	1.000029	-0.120117	
1065	1.000055	0.000032	0.006226	-0.000032	1.000055	-0.003021	
1066	1.000032	0.000065	0.013062	-0.000065	1.000032	0.010681	
1067	1.000007	-0.000059	0.199829	0.000059	1.000007	-0.014374	
1068	1.000089	-0.000048	0.005859	0.000048	1.000089	-0.070374	
1069	1.000073	-0.000048	0.025146	0.000048	1.000073	-0.027740	
1070	1.000155	0.000035	-0.156982	-0.000035	1.000155	0.073303	
1071	1.000064	-0.000001	-0.019775	0.000001	1.000064	0.135803	
1072	1.000054	-0.000006	-0.083496	0.000006	1.000054	0.046143	
1073	1.000027	-0.000056	-0.039062	0.000056	1.000027	0.081848	
1074	1.000037	-0.000017	-0.066528	0.000017	1.000037	0.009521	
1075	1.000054	-0.000019	-0.146851	0.000019	1.000054	-0.146301	
1076	1.000025	0.000006	-0.069580	-0.000006	1.000025	-0.052673	
1077	1.000012	-0.000035	-0.017456	0.000035	1.000012	-0.167816	
1078	0.999992	0.000006	-0.067627	-0.000006	0.999992	-0.181183	
1079	1.000034	-0.000025	-0.100342	0.000025	1.000034	-0.363312	
1080	1.000008	-0.000046	-0.008911	0.000046	1.000008	-0.188202	
1081	0.999994	0.000006	-0.057007	-0.000006	0.999994	-0.072205	
1082	1.000021	-0.000033	-0.075684	0.000033	1.000021	-0.090698	
1083	1.000012	-0.000040	-0.158325	0.000040	1.000012	-0.098328	
1084	1.000028	-0.000047	-0.263794	0.000047	1.000028	0.065430	
1085	0.999947	-0.000022	-0.131714	0.000022	0.999947	0.167633	
1086	1.000075	0.000036	-0.337524	-0.000036	1.000075	-0.517700	
1087	1.000050	-0.000014	-0.077026	0.000014	1.000050	-0.142731	
1088	1.000029	-0.000020	-0.033325	0.000020	1.000029	-0.095734	
1089	1.000010	0.000003	-0.032837	-0.000003	1.000010	-0.041016	
1090	1.000006	-0.000035	-0.003906	0.000035	1.000006	-0.078888	
1091	1.000046	-0.000012	-0.067627	0.000012	1.000046	-0.065796	
1092	0.999983	-0.000016	0.048096	0.000016	0.999983	0.055481	
1093	1.000005	-0.000064	0.159790	0.000064	1.000005	-0.081757	
1094	1.000021	-0.000058	0.131470	0.000058	1.000021	-0.108582	
1095	1.000033	-0.000053	0.209351	0.000053	1.000033	-0.143066	
1096	0.999990	0.000026	0.096069	-0.000026	0.999990	-0.041077	
1097	1.000039	-0.000023	0.072754	0.000023	1.000039	-0.034027	
1098	0.999953	0.000012	0.148560	-0.000012	0.999953	0.063751	
1099	1.000036	-0.000014	0.127075	0.000014	1.000036	-0.058167	
1100	1.000018	-0.000055	0.137329	0.000055	1.000018	-0.116119	
1101	1.000041	0.000001	0.075806	-0.000001	1.000041	-0.108673	
1102	1.000049	-0.000008	0.037720	0.000008	1.000049	-0.085541	
1103	0.999952	-0.000052	0.835938	0.000052	0.999952	-0.451813	
1104	1.000062	-0.000034	0.324951	0.000034	1.000062	-0.070831	
1105	0.999993	0.000028	0.401001	-0.000028	0.999993	0.154388	
1106	0.999988	-0.000061	0.499390	0.000061	0.999988	-0.041473	
1107	1.000035	-0.000050	0.679565	0.000050	1.000035	-0.143555	
1108	1.000075	-0.000009	0.545898	0.000009	1.000075	0.123444	
1109	0.999940	-0.000025	0.817017	0.000025	0.999940	0.295166	
1110	0.999958	-0.000063	1.009521	0.000063	0.999958	0.003815	
1111	1.000024	-0.000078	1.963867	0.000078	1.000024	-0.031708	
1112	0.999978	-0.000056	1.104736	0.000056	0.999978	-0.021210	
1113	0.999962	-0.000057	1.192261	0.000057	0.999962	-0.046265	
1114	1.000028	0.000000	1.205322	-0.000000	1.000028	0.087311	
1115	1.000063	-0.000064	2.633423	0.000064	1.000063	0.009796	
1116	0.999938	-0.000039	1.405884	0.000039	0.999938	0.089996	
1117	1.000002	-0.000066	1.302612	0.000066	1.000002	-0.182709	
1118	1.000040	-0.000014	1.108765	0.000014	1.000040	-0.047913	
1119	0.999987	-0.000109	2.148804	0.000109	0.999987	-0.152191	
1120	1.000042	-0.000061	0.706543	0.000061	1.000042	-0.012390	
1121	1.000007	-0.000032	0.746704	0.000032	1.000007	-0.018829	
1122	1.000005	-0.000030	0.717896	0.000030	1.000005	-0.014130	
1123	1.000078	-0.000057	1.421997	0.000057	1.000078	-0.121002	
1124	0.999997	-0.000004	0.826294	0.000004	0.999997	-0.042969	
1125	0.999937	-0.000086	1.078125	0.000086	0.999937	-0.028229	
1126	1.000008	-0.000039	0.955200	0.000039	1.000008	-0.050201	
1127	1.000012	-0.000023	2.395020	0.000023	1.000012	-0.029541	
1128	1.000011	-0.000004	1.387695	0.000004	1.000011	-0.050415	
1129	1.000025	-0.000029	1.515015	0.000029	1.000025	-0.019592	
1130	1.000081	-0.000048	1.711792	0.000048	1.000081	-0.052917	
1131	1.000057	-0.000017	3.425903	0.000017	1.000057	-0.139587	
1132	0.999978	-0.000082	1.866577	0.000082	0.999978	0.021362	
1133	0.999975	-0.000019	1.742432	0.000019	0.999975	-0.101532	
1134	1.000025	-0.000012	1.880737	0.000012	1.000025	-0.100098	
1135	1.000079	-0.000067	3.733276	0.000067	1.000079	-0.220917	
1136	1.000027	-0.000005	1.748413	0.000005	1.000027	-0.068634	
1137	1.000032	0.000016	1.959961	-0.000016	1.000032	-0.051605	
1138	0.999975	-0.000063	2.323364	0.000063	0.999975	-0.296326	
1139	1.000204	-0.000042	3.933960	0.000042	1.000204	-0.481964	
1140	1.000069	-0.000067	1.978149	0.000067	1.000069	-0.380035	
1141	0.999922	0.000026	2.442017	-0.000026	0.999922	-0.056580	
1142	0.999961	-0.000028	2.342651	0.000028	0.999961	-0.224762	
1143	1.000139	-0.000025	4.546021	0.000025	1.000139	-0.314117	
1144	1.000032	-0.000034	2.456543	0.000034	1.000032	-0.149475	
1145	1.000012	-0.000015	2.566162	0.000015	1.000012	-0.030365	
1146	1.000094	-0.000002	2.544312	0.000002	1.000094	-0.193939	
1147	1.000125	0.000027	5.366333	-0.000027	1.000125	0.153381	
1148	0.999973	-0.000047	3.111328	0.000047	0.999973	0.007294	
1149	1.000047	-0.000057	2.867554	0.000057	1.000047	-0.354187	
1150	1.000080	-0.000006	2.724976	0.000006	1.000080	-0.026306	
1151	1.000256	-0.000117	4.548218	0.000117	1.000256	-0.033203	
1152	1.000060	-0.000038	2.128906	0.000038	1.000060	0.070160	
1153	0.999970	-0.000034	2.221191	0.000034	0.999970	0.256805	
1154	0.999989	-0.000080	1.915894	0.000080	0.999989	-0.264191	
1155	1.000074	-0.000067	3.589355	0.000067	1.000074	-0.127472	
1156	1.000022	-0.000033	1.668701	0.000033	1.000022	-0.191345	
1157	1.000012	-0.000066	1.484375	0.000066	1.000012	-0.224609	
1158	1.000040	-0.000031	1.429565	0.000031	1.000040	-0.085358	
1159	1.000097	-0.000116	2.844116	0.000116	1.000097	-0.097046	
1160	1.000010	-0.000072	1.320679	0.000072	1.000010	-0.012512	
1161	1.000026	-0.000038	1.435669	0.000038	1.000026	0.178558	
1162	0.999948	-0.000076	1.362549	0.000076	0.999948	-0.064270	
1163	1.000028	-0.000054	2.605835	0.000054	1.000028	0.172577	
1164	1.000015	-0.000044	1.212524	0.000044	1.000015	0.189972	
1165	1.000040	-0.000077	1.204224	0.000077	1.000040	0.050110	
1166	0.999973	-0.000031	1.245605	0.000031	0.999973	0.250885	
1167	1.000101	-0.000106	2.054810	0.000106	1.000101	-0.023682	
1168	0.999969	-0.000034	1.110840	0.000034	0.999969	-0.010803	
1169	0.999991	-0.000073	0.976318	0.000073	0.999991	-0.079834	
1170	0.999911	-0.000035	1.098389	0.000035	0.999911	-0.033417	
1171	1.000055	-0.000040	1.359497	0.000040	1.000055	-0.054688	
1172	1.000048	-0.000081	0.669067	0.000081	1.000048	0.033356	
1173	0.999951	-0.000034	0.753662	0.000034	0.999951	0.007111	
1174	1.000024	-0.000052	0.655396	0.000052	1.000024	0.056915	
1175	1.000005	-0.000043	1.297363	0.000043	1.000005	0.161591	
1176	1.000043	-0.000035	0.598389	0.000035	1.000043	-0.002502	
1177	1.000044	-0.000044	0.499146	0.000044	1.000044	-0.002380	
1178	0.999927	-0.000034	0.669312	0.000034	0.999927	0.166443	
1179	1.000008	-0.000063	0.809326	0.000063	1.000008	-0.097137	
1180	1.000014	-0.000008	0.397827	0.000008	1.000014	-0.021698	
1181	1.000047	-0.000116	0.083496	0.000116	1.000047	-0.080048	
1182	1.000008	-0.000002	-0.070923	0.000002	1.000008	0.003967	
1183	1.000096	0.000040	-0.584717	-0.000040	1.000096	-0.255096	
1184	0.999980	-0.000006	-0.109375	0.000006	0.999980	-0.080841	
1185	1.000011	-0.000033	-0.185425	0.000033	1.000011	-0.360962	
1186	1.000089	0.000021	-0.362427	-0.000021	1.000089	-0.347504	
1187	1.000098	-0.000080	-1.522827	0.000080	1.000098	-0.196289	
1188	1.000138	-0.000049	-1.649414	0.000049	1.000138	0.092560	
1189	0.999899	-0.000042	-1.957886	0.000042	0.999899	0.416992	
1190	1.000075	-0.000070	-2.169189	0.000070	1.000075	-0.286621	
1191	1.000050	-0.000056	-6.738281	0.000056	1.000050	-0.753998	
1192	1.000035	0.000060	-3.904663	-0.000060	1.000035	-0.454041	
1193	0.999972	-0.000002	-4.084351	0.000002	0.999972	0.089355	
1194	1.000019	-0.000058	-4.408813	0.000058	1.000019	-0.366180	
1195	1.000000	0.000073	-10.970825	-0.000073	1.000000	0.000519	
1196	0.999968	0.000002	-5.063477	-0.000002	0.999968	0.006256	
1197	0.999969	0.000075	-4.912842	-0.000075	0.999969	0.104492	
1198	0.999983	-0.000006	-4.676880	0.000006	0.999983	-0.229187	
1199	1.000017	0.000172	-9.352051	-0.000172	1.000017	0.180969	
1200	0.999862	0.000017	-3.684204	-0.000017	0.999862	0.033783	
1201	0.999955	0.000000	-3.760498	-0.000000	0.999955	0.104034	
1202	1.000054	0.000077	-7.118042	-0.000077	1.000054	-0.223846	
