0	1.000000	0.000000	0.000000	0.000000	1.000000	0.000000	
1	0.999959	0.000038	0.033813	-0.000038	0.999959	-0.257385	
2	0.999999	0.000034	-0.006714	-0.000034	0.999999	-0.374390	
3	0.999985	0.000016	0.001953	-0.000016	0.999985	-0.307190	
4	1.000075	0.000153	-0.183899	-0.000153	1.000075	-0.200989	
5	1.000040	0.000045	-0.080200	-0.000045	1.000040	-0.320312	
6	0.999970	0.000058	-0.009277	-0.000058	0.999970	-0.253662	
7	1.000037	0.000061	-0.091675	-0.000061	1.000037	-0.651855	
8	1.000043	0.000087	-0.107910	-0.000087	1.000043	-0.271545	
9	1.000023	0.000218	-0.176758	-0.000218	1.000023	-0.377991	
10	1.000083	0.000057	-0.145020	-0.000057	1.000083	-0.349670	
11	1.000083	0.000031	-0.193359	-0.000031	1.000083	-0.699707	
12	0.999956	0.000064	-0.014893	-0.000064	0.999956	-0.284180	
13	1.000024	0.000008	-0.074707	-0.000008	1.000024	-0.649536	
14	0.999983	0.000033	-0.038452	-0.000033	0.999983	-0.343628	
15	1.000050	-0.000014	-0.100952	0.000014	1.000050	-0.700562	
16	0.999844	0.000025	0.179199	-0.000025	0.999844	-0.259521	
17	0.999881	0.000021	0.055542	-0.000021	0.999881	-0.572510	
18	0.999961	-0.000016	0.022095	0.000016	0.999961	-0.360291	
19	1.000073	0.000087	-0.260620	-0.000087	1.000073	-0.604553	
20	0.999840	-0.000005	0.170410	0.000005	0.999840	-0.294739	
21	0.999901	0.000135	0.039673	-0.000135	0.999901	-0.413269	
22	0.999868	0.000069	0.062012	-0.000069	0.999868	-0.191284	
23	1.000074	-0.000029	-0.196777	0.000029	1.000074	-0.726257	
24	1.000000	0.000071	-0.077515	-0.000071	1.000000	-0.283020	
25	1.000012	-0.000008	-0.095947	0.000008	1.000012	-0.635620	
26	1.000045	0.000016	-0.145264	-0.000016	1.000045	-0.340027	
27	1.000065	0.000011	-0.222412	-0.000011	1.000065	-0.674011	
28	0.999926	0.000102	-0.013062	-0.000102	0.999926	-0.153992	
29	1.000113	-0.000010	-0.245850	0.000010	1.000113	-0.651306	
30	0.999994	-0.000038	-0.032043	0.000038	0.999994	-0.377075	
31	1.000129	0.000019	-0.306763	-0.000019	1.000129	-0.650330	
32	1.000106	0.000013	-0.232178	-0.000013	1.000106	-0.376221	
33	1.000017	0.000105	-0.191650	-0.000105	1.000017	-0.424866	
34	1.000039	0.000022	-0.122070	-0.000022	1.000039	-0.295715	
35	1.000090	0.000021	-0.341431	-0.000021	1.000090	-0.660339	
36	0.999972	0.000020	-0.030396	-0.000020	0.999972	-0.283752	
37	1.000075	-0.000104	-0.130249	0.000104	1.000075	-0.783142	
38	1.000014	-0.000108	-0.016724	0.000108	1.000014	-0.491089	
39	1.000071	-0.000010	-0.216553	0.000010	1.000071	-0.633667	
40	1.000100	-0.000011	-0.185059	0.000011	1.000100	-0.400146	
41	1.000163	0.000087	-0.418457	-0.000087	1.000163	-0.509583	
42	1.000121	0.000035	-0.259766	-0.000035	1.000121	-0.274475	
43	1.000015	-0.000012	-0.084595	0.000012	1.000015	-0.531677	
44	0.999995	0.000041	-0.044922	-0.000041	0.999995	-0.164856	
45	1.000124	-0.000035	-0.244263	0.000035	1.000124	-0.596436	
46	0.999993	0.000082	-0.067261	-0.000082	0.999993	-0.081604	
47	1.000025	-0.000046	-0.101807	0.000046	1.000025	-0.557556	
48	1.000072	-0.000022	-0.138794	0.000022	1.000072	-0.321350	
49	1.000064	-0.000057	-0.144165	0.000057	1.000064	-0.501282	
50	0.999973	-0.000067	0.055786	0.000067	0.999973	-0.333923	
51	0.999946	-0.000075	0.081787	0.000075	0.999946	-0.533875	
52	1.000618	0.000030	0.046326	-0.000030	1.000618	0.064514	
53	1.000052	0.000147	-0.233765	-0.000147	1.000052	-0.128174	
54	1.000086	0.000095	-0.230713	-0.000095	1.000086	-0.035339	
55	0.999976	0.000043	-0.185303	-0.000043	0.999976	-0.349243	
56	1.000056	0.000035	-0.122437	-0.000035	1.000056	-0.100342	
57	0.999991	-0.000006	-0.150146	0.000006	0.999991	-0.366516	
58	1.000034	0.000009	-0.098511	-0.000009	1.000034	-0.163757	
59	0.999929	0.000083	-0.142822	-0.000083	0.999929	-0.222778	
60	0.999869	-0.000072	0.092651	0.000072	0.999869	-0.278198	
61	1.000015	-0.000056	-0.119141	0.000056	1.000015	-0.409363	
62	0.999909	0.000080	-0.030884	-0.000080	0.999909	-0.065674	
63	1.000028	0.000016	-0.295654	-0.000016	1.000028	-0.370728	
64	1.000049	-0.000058	-0.130981	0.000058	1.000049	-0.211792	
65	0.999853	0.000145	-0.014282	-0.000145	0.999853	0.031982	
66	0.999999	0.000077	-0.136414	-0.000077	0.999999	-0.060669	
67	0.999999	-0.000030	-0.162720	0.000030	0.999999	-0.335449	
68	0.999818	0.000025	0.151978	-0.000025	0.999818	-0.050964	
69	1.000012	-0.000098	-0.108521	0.000098	1.000012	-0.481750	
70	0.999886	0.000001	0.059937	-0.000001	0.999886	-0.138977	
71	1.000011	-0.000102	-0.148193	0.000102	1.000011	-0.458435	
72	1.000054	0.000003	-0.128052	-0.000003	1.000054	-0.196228	
73	0.999785	0.000087	0.085693	-0.000087	0.999785	-0.036804	
74	0.999954	0.000128	-0.104492	-0.000128	0.999954	0.018982	
75	1.000042	-0.000113	-0.164062	0.000113	1.000042	-0.452087	
76	0.999924	-0.000042	0.043945	0.000042	0.999924	-0.193909	
77	0.999915	0.000006	-0.063965	-0.000006	0.999915	-0.263489	
78	0.999963	-0.000002	-0.068848	0.000002	0.999963	-0.226196	
79	0.999945	0.000036	-0.195923	-0.000036	0.999945	-0.241516	
80	0.999864	0.000095	0.069214	-0.000095	0.999864	0.007935	
81	0.999975	0.000065	-0.117432	-0.000065	0.999975	-0.160095	
82	0.999881	0.000051	-0.006592	-0.000051	0.999881	-0.080872	
83	0.999977	0.000140	-0.146484	-0.000140	0.999977	-0.029724	
84	0.999994	0.000041	-0.126343	-0.000041	0.999994	-0.116150	
85	0.999958	0.000204	-0.146973	-0.000204	0.999958	0.117126	
86	1.000047	0.000144	-0.193970	-0.000144	1.000047	0.107422	
87	0.999985	0.000055	-0.204468	-0.000055	0.999985	-0.189026	
88	0.999992	0.000015	-0.072510	-0.000015	0.999992	-0.068726	
89	1.000053	-0.000001	-0.179565	0.000001	1.000053	-0.164978	
90	0.999968	0.000070	-0.130615	-0.000070	0.999968	-0.096008	
91	1.000022	0.000080	-0.232544	-0.000080	1.000022	-0.147034	
92	1.000004	-0.000033	-0.044189	0.000033	1.000004	-0.111877	
93	1.000028	-0.000039	-0.133057	0.000039	1.000028	-0.218079	
94	1.000009	-0.000023	-0.070557	0.000023	1.000009	-0.124695	
95	1.000004	-0.000029	-0.107910	0.000029	1.000004	-0.202576	
96	0.999972	-0.000065	0.012207	0.000065	0.999972	-0.114807	
97	0.999995	-0.000078	-0.080811	0.000078	0.999995	-0.232117	
98	0.999987	-0.000036	-0.071533	0.000036	0.999987	-0.144653	
99	1.000000	-0.000011	-0.127441	0.000011	1.000000	-0.136475	
100	0.999953	0.000042	-0.064331	-0.000042	0.999953	0.024963	
101	1.000046	0.000044	-0.185425	-0.000044	1.000046	-0.063354	
102	0.999962	0.000003	-0.040283	-0.000003	0.999962	-0.013062	
103	0.999976	0.000032	-0.117798	-0.000032	0.999976	-0.057007	
104	1.000020	-0.000000	-0.075195	0.000000	1.000020	-0.054260	
105	1.000014	0.000050	-0.213013	-0.000050	1.000014	-0.107910	
106	1.000002	0.000026	-0.067017	-0.000026	1.000002	-0.033691	
107	0.999979	0.000042	-0.067871	-0.000042	0.999979	0.009216	
108	0.999974	0.000003	-0.001343	-0.000003	0.999974	0.008362	
109	1.000037	0.000029	-0.226318	-0.000029	1.000037	-0.169189	
110	0.999956	-0.000005	0.014893	0.000005	0.999956	-0.065674	
111	1.000000	0.000013	-0.073120	-0.000013	1.000000	-0.086426	
112	1.000012	0.000015	-0.052002	-0.000015	1.000012	-0.035522	
113	0.999985	0.000043	-0.072754	-0.000043	0.999985	-0.000610	
114	1.000021	0.000026	-0.065308	-0.000026	1.000021	-0.044006	
115	0.999973	0.000018	-0.073486	-0.000018	0.999973	-0.125305	
116	0.999956	-0.000005	0.026733	0.000005	0.999956	-0.026733	
117	0.999982	0.000013	-0.011963	-0.000013	0.999982	-0.050781	
118	0.999971	-0.000005	0.029907	0.000005	0.999971	-0.052673	
119	0.999954	0.000027	0.008057	-0.000027	0.999954	-0.052002	
120	1.000015	0.000026	-0.037109	-0.000026	1.000015	0.003662	
121	0.999927	0.000088	0.009644	-0.000088	0.999927	0.039307	
122	0.999933	0.000048	0.052734	-0.000048	0.999933	-0.021057	
123	0.999915	0.000018	0.082397	-0.000018	0.999915	0.019287	
124	0.999959	-0.000041	0.057861	0.000041	0.999959	-0.071777	
125	1.000013	0.000024	-0.057251	-0.000024	1.000013	-0.037231	
126	0.999991	0.000043	-0.033569	-0.000043	0.999991	-0.004822	
127	0.999980	0.000043	-0.006958	-0.000043	0.999980	-0.004333	
128	1.000038	0.000010	-0.060669	-0.000010	1.000038	-0.046997	
129	1.000049	-0.000111	-0.062744	0.000111	1.000049	-0.287476	
130	1.000007	-0.000027	0.012329	0.000027	1.000007	-0.143982	
131	0.999993	0.000035	-0.013306	-0.000035	0.999993	-0.073547	
132	1.000010	0.000065	-0.059937	-0.000065	1.000010	0.093567	
133	1.000056	0.000056	-0.116089	-0.000056	1.000056	-0.052612	
134	0.999946	0.000030	0.072632	-0.000030	0.999946	0.041199	
135	0.999942	-0.000009	0.072144	0.000009	0.999942	-0.080017	
136	1.000000	0.000016	-0.014771	-0.000016	1.000000	-0.094421	
137	0.999941	-0.000026	0.061279	0.000026	0.999941	-0.080078	
138	0.999952	0.000056	0.026733	-0.000056	0.999952	0.040588	
139	0.999939	0.000058	0.019531	-0.000058	0.999939	0.027405	
140	0.999952	0.000031	0.004639	-0.000031	0.999952	0.045044	
141	0.999974	0.000009	0.000122	-0.000009	0.999974	-0.073792	
142	0.999922	0.000014	0.061401	-0.000014	0.999922	0.012390	
143	0.999954	-0.000003	0.019775	0.000003	0.999954	-0.055115	
144	0.999976	0.000011	0.006470	-0.000011	0.999976	-0.007690	
145	0.999935	-0.000002	0.032593	0.000002	0.999935	-0.040222	
146	1.000013	0.000013	-0.041138	-0.000013	1.000013	-0.053711	
147	0.999965	-0.000024	-0.009644	0.000024	0.999965	-0.237976	
148	0.999959	0.000022	0.004028	-0.000022	0.999959	-0.007446	
149	0.999998	0.000012	-0.042847	-0.000012	0.999998	-0.122803	
150	0.999951	0.000008	0.022461	-0.000008	0.999951	-0.037903	
151	0.999977	0.000045	-0.013428	-0.000045	0.999977	-0.097229	
152	1.000016	0.000012	-0.023315	-0.000012	1.000016	-0.044128	
153	0.999939	0.000034	0.038330	-0.000034	0.999939	-0.031738	
154	0.999967	0.000055	0.008179	-0.000055	0.999967	-0.013672	
155	0.999987	0.000054	-0.005737	-0.000054	0.999987	-0.109192	
156	0.999968	-0.000021	0.050415	0.000021	0.999968	-0.078308	
157	1.000000	0.000111	-0.030518	-0.000111	1.000000	-0.118958	
158	0.999957	0.000038	0.062866	-0.000038	0.999957	-0.019592	
159	0.999953	0.000069	0.074707	-0.000069	0.999953	-0.057373	
160	0.999996	0.000036	0.031494	-0.000036	0.999996	-0.080017	
161	0.999931	0.000066	0.106689	-0.000066	0.999931	-0.150452	
162	1.000062	0.000027	-0.010864	-0.000027	1.000062	-0.266357	
163	1.000001	-0.000013	0.000610	0.000013	1.000001	-0.103333	
164	0.999974	0.000005	0.046021	-0.000005	0.999974	-0.125610	
165	1.000062	0.000031	-0.050293	-0.000031	1.000062	-0.174500	
166	1.000059	-0.000038	-0.034790	0.000038	1.000059	-0.221619	
167	1.000068	0.000030	-0.098755	-0.000030	1.000068	-0.279663	
168	1.000078	-0.000078	-0.050293	0.000078	1.000078	-0.241516	
169	0.999968	-0.000036	0.050537	0.000036	0.999968	-0.241028	
170	1.000088	0.000029	-0.105103	-0.000029	1.000088	-0.169312	
171	1.000078	0.000107	-0.135620	-0.000107	1.000078	-0.228394	
172	1.000072	0.000004	-0.052124	-0.000004	1.000072	-0.139221	
173	1.000043	0.000040	-0.053955	-0.000040	1.000043	-0.204895	
174	0.999969	0.000035	-0.021851	-0.000035	0.999969	-0.066711	
175	1.000022	0.000040	-0.065674	-0.000040	1.000022	-0.229675	
176	1.000028	0.000053	-0.047119	-0.000053	1.000028	-0.082275	
177	0.999997	0.000114	-0.049683	-0.000114	0.999997	-0.052124	
178	1.000024	-0.000013	-0.020630	0.000013	1.000024	-0.163452	
179	1.000021	0.000021	-0.012329	-0.000021	1.000021	-0.127991	
180	0.999984	-0.000003	0.016113	0.000003	0.999984	-0.087891	
181	1.000036	0.000062	-0.070801	-0.000062	1.000036	-0.132202	
182	1.000000	0.000024	-0.032959	-0.000024	1.000000	-0.085022	
183	1.000005	0.000062	-0.053833	-0.000062	1.000005	-0.105591	
184	1.000037	0.000072	-0.080444	-0.000072	1.000037	0.036255	
185	0.999964	0.000075	-0.001953	-0.000075	0.999964	-0.005798	
186	1.000080	0.000019	-0.081787	-0.000019	1.000080	-0.078491	
187	1.000056	0.000035	-0.062256	-0.000035	1.000056	-0.143127	
188	1.000018	0.000049	-0.019409	-0.000049	1.000018	-0.070740	
189	1.000085	0.000027	-0.077026	-0.000027	1.000085	-0.064941	
190	0.999978	0.000012	0.023315	-0.000012	0.999978	0.005554	
191	0.999976	0.000071	0.024658	-0.000071	0.999976	0.045105	
192	1.000041	0.000033	-0.036987	-0.000033	1.000041	-0.066650	
193	0.999945	-0.000006	0.085205	0.000006	0.999945	-0.049194	
194	1.000050	0.000025	-0.042236	-0.000025	1.000050	-0.065918	
195	0.999997	0.000003	0.046631	-0.000003	0.999997	-0.078186	
196	0.999971	0.000001	0.048950	-0.000001	0.999971	-0.013611	
197	1.000018	0.000031	0.006958	-0.000031	1.000018	-0.021790	
198	0.999973	-0.000005	0.049683	0.000005	0.999973	-0.010803	
199	0.999999	-0.000014	0.042114	0.000014	0.999999	-0.059021	
200	0.999964	0.000044	0.068481	-0.000044	0.999964	0.070435	
201	1.000020	-0.000016	-0.008545	0.000016	1.000020	-0.072815	
202	1.000082	-0.000008	-0.040894	0.000008	1.000082	-0.165405	
203	0.999991	0.000031	0.022217	-0.000031	0.999991	0.026672	
204	0.999990	-0.000003	0.024170	0.000003	0.999990	-0.002441	
205	1.000004	0.000005	0.051758	-0.000005	1.000004	-0.007446	
206	0.999962	-0.000006	0.054810	0.000006	0.999962	0.008606	
207	0.999970	-0.000036	0.068848	0.000036	0.999970	-0.046204	
208	1.000005	0.000022	-0.013184	-0.000022	1.000005	0.018921	
209	0.999992	-0.000020	0.016479	0.000020	0.999992	-0.032959	
210	1.000031	-0.000008	-0.020874	0.000008	1.000031	-0.029175	
211	1.000057	-0.000076	-0.018066	0.000076	1.000057	-0.168396	
212	0.999900	-0.000031	0.076416	0.000031	0.999900	0.018555	
213	1.000011	-0.000023	0.002808	0.000023	1.000011	-0.044861	
214	0.999966	-0.000006	0.043213	0.000006	0.999966	0.005859	
215	0.999998	-0.000118	0.068604	0.000118	0.999998	-0.176453	
216	0.999966	0.000029	0.049438	-0.000029	0.999966	0.066162	
217	0.999973	-0.000025	0.044312	0.000025	0.999973	-0.012268	
218	1.000011	-0.000009	0.005249	0.000009	1.000011	-0.030090	
219	0.999974	-0.000036	0.052002	0.000036	0.999974	-0.037109	
220	0.999954	0.000049	0.032715	-0.000049	0.999954	0.075623	
221	1.000006	0.000005	0.009277	-0.000005	1.000006	0.006226	
222	0.999908	0.000058	0.094116	-0.000058	0.999908	0.142090	
223	0.999986	-0.000013	0.001099	0.000013	0.999986	0.009338	
224	0.999983	-0.000019	0.034668	0.000019	0.999983	-0.034546	
225	0.999955	0.000039	0.033325	-0.000039	0.999955	0.065857	
226	0.999988	0.000010	0.016357	-0.000010	0.999988	0.003235	
227	0.999962	0.000009	0.030396	-0.000009	0.999962	0.031799	
228	0.999961	0.000007	0.049927	-0.000007	0.999961	0.030090	
229	1.000033	-0.000020	-0.014526	0.000020	1.000033	-0.024475	
230	0.999973	0.000000	0.040894	-0.000000	0.999973	0.022034	
231	0.999986	-0.000010	0.029541	0.000010	0.999986	0.006104	
232	1.000078	-0.000042	-0.052490	0.000042	1.000078	-0.083618	
233	0.999992	0.000002	-0.000610	-0.000002	0.999992	0.006226	
234	1.000022	0.000010	-0.028076	-0.000010	1.000022	0.004395	
235	1.000004	0.000008	0.004028	-0.000008	1.000004	0.030090	
236	1.000000	0.000008	-0.005371	-0.000008	1.000000	0.032288	
237	1.000033	0.000049	-0.034058	-0.000049	1.000033	0.052368	
238	0.999979	-0.000014	0.036865	0.000014	0.999979	-0.010620	
239	1.000013	-0.000001	0.027344	0.000001	1.000013	0.010254	
240	1.000005	-0.000012	0.031494	0.000012	1.000005	-0.007935	
241	0.999925	-0.000002	0.129028	0.000002	0.999925	0.082947	
242	1.000012	-0.000030	0.072144	0.000030	1.000012	0.047424	
243	1.000001	-0.000016	0.008667	0.000016	1.000001	-0.005371	
244	0.999943	-0.000001	0.067383	0.000001	0.999943	0.029358	
245	1.000023	-0.000017	0.016235	0.000017	1.000023	-0.037048	
246	0.999986	0.000004	0.025513	-0.000004	0.999986	0.022339	
247	1.000030	-0.000021	0.068237	0.000021	1.000030	0.002563	
248	1.000007	0.000025	0.027100	-0.000025	1.000007	0.062927	
249	0.999961	0.000019	0.096924	-0.000019	0.999961	0.078247	
250	1.000027	0.000011	0.015259	-0.000011	1.000027	0.013611	
251	1.000020	-0.000025	0.040039	0.000025	1.000020	-0.029907	
252	0.999965	-0.000002	0.062012	0.000002	0.999965	0.011292	
253	1.000005	0.000004	0.026733	-0.000004	1.000005	0.019470	
254	0.999965	0.000043	0.070923	-0.000043	0.999965	0.096069	
255	1.000008	0.000018	0.083740	-0.000018	1.000008	0.036438	
256	1.000018	0.000000	0.028931	-0.000000	1.000018	-0.004150	
257	0.999961	-0.000014	0.094849	0.000014	0.999961	-0.003540	
258	0.999974	0.000008	0.133545	-0.000008	0.999974	0.024658	
259	1.000006	0.000014	0.059814	-0.000014	1.000006	0.033081	
260	0.999975	0.000016	0.043335	-0.000016	0.999975	0.059082	
261	1.000028	0.000038	0.006104	-0.000038	1.000028	0.060913	
262	0.999990	-0.000013	0.045166	0.000013	0.999990	0.021667	
263	0.999979	-0.000041	0.116821	0.000041	0.999979	-0.007690	
264	1.000009	-0.000027	0.004395	0.000027	1.000009	-0.046143	
265	0.999956	-0.000034	0.086182	0.000034	0.999956	-0.016174	
266	1.000060	-0.000010	-0.071777	0.000010	1.000060	-0.036011	
267	1.000022	0.000018	-0.007690	-0.000018	1.000022	0.020508	
268	0.999968	0.000064	0.021606	-0.000064	0.999968	0.110962	
269	1.000024	0.000018	-0.026733	-0.000018	1.000024	0.002563	
270	0.999983	0.000002	0.025635	-0.000002	0.999983	-0.001587	
271	1.000013	-0.000009	0.032349	0.000009	1.000013	-0.002319	
272	1.000024	-0.000005	0.005493	0.000005	1.000024	-0.003357	
273	0.999973	-0.000001	0.042725	0.000001	0.999973	0.030090	
274	1.000024	-0.000007	-0.024780	0.000007	1.000024	-0.006897	
275	0.999990	-0.000007	0.040039	0.000007	0.999990	-0.010437	
276	0.999983	0.000008	0.027588	-0.000008	0.999983	0.007874	
277	1.000033	0.000021	-0.002930	-0.000021	1.000033	-0.027222	
278	0.999995	0.000002	0.021362	-0.000002	0.999995	-0.020325	
279	0.999982	0.000000	0.072144	-0.000000	0.999982	0.008057	
280	1.000044	-0.000025	-0.052979	0.000025	1.000044	-0.051025	
281	0.999997	0.000021	0.021362	-0.000021	0.999997	0.032104	
282	1.000008	-0.000040	0.150269	0.000040	1.000008	-0.052002	
283	0.999982	-0.000021	0.052856	0.000021	0.999982	-0.019531	
284	0.999970	-0.000003	0.033691	0.000003	0.999970	0.000061	
285	1.000011	-0.000009	0.003296	0.000009	1.000011	-0.008240	
286	0.999997	-0.000016	0.014038	0.000016	0.999997	-0.040100	
287	0.999969	-0.000040	0.065430	0.000040	0.999969	-0.096252	
288	1.000016	-0.000011	-0.004395	0.000011	1.000016	-0.051514	
289	0.999981	-0.000056	0.042603	0.000056	0.999981	-0.106079	
290	0.999996	-0.000048	0.059937	0.000048	0.999996	-0.109131	
291	1.000003	-0.000061	0.041504	0.000061	1.000003	-0.135437	
292	1.000857	0.000002	0.192017	-0.000002	1.000857	0.095337	
293	1.000067	-0.000015	-0.080688	0.000015	1.000067	-0.049683	
294	0.999985	-0.000003	0.010376	0.000003	0.999985	0.000305	
295	0.999973	-0.000105	0.081177	0.000105	0.999973	-0.171631	
296	1.000019	-0.000053	0.003540	0.000053	1.000019	-0.139526	
297	0.999978	-0.000031	0.042114	0.000031	0.999978	-0.083252	
298	1.000013	0.000032	-0.033691	-0.000032	1.000013	-0.046631	
299	0.999985	0.000039	-0.002319	-0.000039	0.999985	-0.070129	
300	0.999983	0.000010	0.020264	-0.000010	0.999983	-0.008240	
301	1.000001	0.000022	0.000610	-0.000022	1.000001	-0.047974	
302	0.999953	0.000004	0.053101	-0.000004	0.999953	-0.038025	
303	0.999969	-0.000026	0.061523	0.000026	0.999969	-0.118042	
304	1.000024	-0.000012	-0.024658	0.000012	1.000024	-0.044983	
305	0.999930	0.000016	0.081177	-0.000016	0.999930	0.013062	
306	1.000007	-0.000008	0.002563	0.000008	1.000007	-0.045715	
307	0.999949	-0.000075	0.104614	0.000075	0.999949	-0.126465	
308	0.999944	-0.000045	0.089355	0.000045	0.999944	-0.062622	
309	1.000013	-0.000010	0.022461	0.000010	1.000013	-0.086548	
310	0.999976	-0.000075	0.096191	0.000075	0.999976	-0.137268	
311	1.000009	-0.000052	0.125000	0.000052	1.000009	-0.171936	
312	1.000040	0.000010	-0.003052	-0.000010	1.000040	-0.027588	
313	1.000006	-0.000041	0.084473	0.000041	1.000006	-0.142944	
314	1.000051	-0.000002	-0.020142	0.000002	1.000051	-0.075134	
315	1.000031	-0.000037	0.046021	0.000037	1.000031	-0.098999	
316	0.999980	-0.000051	0.065796	0.000051	0.999980	-0.088501	
317	1.000060	-0.000029	-0.028320	0.000029	1.000060	-0.108337	
318	1.000009	0.000038	-0.007080	-0.000038	1.000009	0.035034	
319	1.000043	-0.000008	0.031982	0.000008	1.000043	-0.079285	
320	1.000007	-0.000031	0.066895	0.000031	1.000007	-0.090942	
321	0.999981	-0.000021	0.054932	0.000021	0.999981	-0.055237	
322	1.000016	-0.000055	0.161621	0.000055	1.000016	-0.272522	
323	0.999987	-0.000019	0.063232	0.000019	0.999987	-0.068481	
324	0.999977	0.000031	0.025635	-0.000031	0.999977	0.034058	
325	0.999969	0.000063	0.042969	-0.000063	0.999969	0.082336	
326	0.999999	0.000008	0.013062	-0.000008	0.999999	-0.006226	
327	1.000015	0.000018	0.025391	-0.000018	1.000015	-0.044373	
328	1.000042	0.000008	-0.010864	-0.000008	1.000042	-0.053345	
329	0.999957	-0.000022	0.142822	0.000022	0.999957	-0.088684	
330	1.000040	-0.000002	-0.021240	0.000002	1.000040	-0.064453	
331	1.000003	-0.000012	0.063477	0.000012	1.000003	-0.087158	
332	0.999967	-0.000006	0.077026	0.000006	0.999967	-0.022888	
333	1.000011	-0.000014	0.051147	0.000014	1.000011	-0.113464	
334	0.999969	0.000004	0.047607	-0.000004	0.999969	-0.025146	
335	1.000015	0.000012	0.013916	-0.000012	1.000015	-0.064331	
336	0.999980	0.000049	0.044922	-0.000049	0.999980	0.026550	
337	0.999993	0.000044	0.034790	-0.000044	0.999993	-0.022095	
338	1.000032	0.000043	0.008789	-0.000043	1.000032	-0.086670	
339	1.000055	0.000102	-0.066284	-0.000102	1.000055	-0.092468	
340	0.999985	0.000039	0.017456	-0.000039	0.999985	-0.019470	
341	1.000079	0.000042	-0.041382	-0.000042	1.000079	-0.163147	
342	0.999968	0.000039	0.068481	-0.000039	0.999968	-0.008911	
343	1.000059	0.000002	0.031738	-0.000002	1.000059	-0.211731	
344	1.000042	0.000015	-0.039673	-0.000015	1.000042	-0.075500	
345	1.000051	0.000039	-0.005005	-0.000039	1.000051	-0.076294	
346	1.000065	-0.000013	-0.018311	0.000013	1.000065	-0.133545	
347	1.000006	-0.000007	0.036377	0.000007	1.000006	-0.144836	
348	0.999996	-0.000003	0.054565	0.000003	0.999996	-0.127930	
349	1.000064	0.000026	-0.014648	-0.000026	1.000064	-0.105469	
350	1.000026	0.000012	0.007935	-0.000012	1.000026	-0.072510	
351	1.000029	0.000018	0.070312	-0.000018	1.000029	-0.144104	
352	1.000064	0.000017	-0.028076	-0.000017	1.000064	-0.080566	
353	0.999983	-0.000018	0.157593	0.000018	0.999983	-0.190186	
354	1.000056	0.000015	-0.002686	-0.000015	1.000056	-0.133240	
355	1.000024	0.000005	0.007080	-0.000005	1.000024	-0.117004	
356	1.000032	-0.000015	-0.025146	0.000015	1.000032	-0.062561	
357	1.000115	-0.000006	-0.082886	0.000006	1.000115	-0.132385	
358	1.000032	-0.000003	-0.021118	0.000003	1.000032	-0.078247	
359	1.000042	0.000054	0.018188	-0.000054	1.000042	-0.088745	
360	1.000046	-0.000005	0.030029	0.000005	1.000046	-0.155579	
361	0.999975	-0.000008	0.097290	0.000008	0.999975	-0.101257	
362	1.000033	-0.000035	0.121948	0.000035	1.000033	-0.205261	
363	1.000044	0.000022	-0.000732	-0.000022	1.000044	-0.047852	
364	1.000003	-0.000040	0.017212	0.000040	1.000003	-0.072998	
365	1.000061	-0.000015	0.041260	0.000015	1.000061	-0.146423	
366	1.000038	-0.000059	0.000488	0.000059	1.000038	-0.131714	
367	1.000021	0.000026	0.032349	-0.000026	1.000021	-0.008606	
368	1.000052	-0.000006	-0.043945	0.000006	1.000052	-0.052673	
369	0.999984	-0.000028	0.143066	0.000028	0.999984	-0.056702	
370	1.000021	-0.000026	0.031372	0.000026	1.000021	-0.072876	
371	1.000025	-0.000024	0.214600	0.000024	1.000025	-0.086548	
372	0.999990	-0.000018	0.046875	0.000018	0.999990	-0.049622	
373	1.000064	-0.000031	0.065308	0.000031	1.000064	-0.095215	
374	0.999932	-0.000051	0.203247	0.000051	0.999932	-0.047058	
375	0.999992	0.000033	0.178101	-0.000033	0.999992	0.000977	
376	1.000016	0.000087	-0.026733	-0.000087	1.000016	0.088623	
377	0.999931	0.000081	0.121216	-0.000081	0.999931	0.107361	
378	0.999899	-0.000026	0.201538	0.000026	0.999899	-0.019775	
379	1.000058	0.000106	0.016357	-0.000106	1.000058	0.019958	
380	1.000024	0.000004	-0.016602	-0.000004	1.000024	-0.011230	
381	0.999999	-0.000017	0.144043	0.000017	0.999999	-0.082764	
382	0.999936	0.000050	0.258423	-0.000050	0.999936	0.093811	
383	1.000037	-0.000012	0.132202	0.000012	1.000037	-0.065674	
384	1.000068	-0.000018	-0.001099	0.000018	1.000068	-0.112061	
385	0.999937	0.000041	0.202393	-0.000041	0.999937	0.036316	
386	1.000002	0.000039	0.054565	-0.000039	1.000002	0.006348	
387	1.000104	0.000058	-0.062988	-0.000058	1.000104	-0.015686	
388	0.999939	0.000070	0.119263	-0.000070	0.999939	0.098083	
389	1.000010	0.000027	0.085327	-0.000027	1.000010	-0.018250	
390	0.999981	0.000023	0.056030	-0.000023	0.999981	0.009888	
391	1.000040	0.000004	0.127686	-0.000004	1.000040	-0.091919	
392	1.000057	0.000014	-0.032471	-0.000014	1.000057	-0.032959	
393	1.000023	0.000036	0.095337	-0.000036	1.000023	0.031189	
394	1.000053	0.000026	-0.001343	-0.000026	1.000053	-0.005676	
395	0.999987	-0.000061	0.165527	0.000061	0.999987	-0.098450	
396	0.999936	0.000007	0.202148	-0.000007	0.999936	0.000977	
397	1.000025	-0.000047	0.165649	0.000047	1.000025	-0.126892	
398	0.999880	-0.000051	0.227051	0.000051	0.999880	-0.035400	
399	1.000006	0.000027	0.073730	-0.000027	1.000006	-0.012573	
400	1.000009	0.000051	0.095215	-0.000051	1.000009	0.017456	
401	0.999973	0.000065	0.067993	-0.000065	0.999973	0.093140	
402	1.000011	0.000090	0.074829	-0.000090	1.000011	-0.002258	
403	1.000003	0.000040	0.119385	-0.000040	1.000003	-0.028076	
404	0.999927	-0.000012	0.142944	0.000012	0.999927	0.010742	
405	0.999864	0.000007	0.281250	-0.000007	0.999864	0.062439	
406	0.999960	0.000031	0.074097	-0.000031	0.999960	0.048462	
407	1.000065	-0.000033	0.114380	0.000033	1.000065	-0.117798	
408	0.999987	0.000059	0.024292	-0.000059	0.999987	0.092590	
409	0.999935	0.000016	0.133789	-0.000016	0.999935	0.049561	
410	0.999976	-0.000007	0.095825	0.000007	0.999976	-0.007996	
411	0.999988	-0.000022	0.164551	0.000022	0.999988	-0.094055	
412	0.999545	0.000046	0.155518	-0.000046	0.999545	-0.008484	
413	1.000000	0.000033	0.032349	-0.000033	1.000000	0.039185	
414	0.999983	0.000015	0.080811	-0.000015	0.999983	0.046509	
415	0.999998	-0.000130	0.302002	0.000130	0.999998	-0.150146	
416	1.000011	-0.000071	0.128540	0.000071	1.000011	-0.107300	
417	1.000003	-0.000035	0.186890	0.000035	1.000003	-0.085266	
418	1.000018	-0.000007	0.075439	0.000007	1.000018	-0.040527	
419	1.000026	0.000056	0.031128	-0.000056	1.000026	0.035522	
420	0.999976	0.000070	0.067749	-0.000070	0.999976	0.096863	
421	1.000052	0.000036	0.126953	-0.000036	1.000052	-0.013062	
422	0.999933	0.000021	0.161865	-0.000021	0.999933	0.054321	
423	1.000046	0.000042	0.162231	-0.000042	1.000046	-0.043762	
424	1.000039	0.000021	0.084961	-0.000021	1.000039	-0.041077	
425	0.999985	0.000033	0.103027	-0.000033	0.999985	0.009521	
426	1.000108	0.000048	0.044556	-0.000048	1.000108	-0.028137	
427	1.000065	0.000016	0.118286	-0.000016	1.000065	-0.059387	
428	0.999991	-0.000031	0.103882	0.000031	0.999991	-0.063721	
429	1.000015	0.000001	0.216064	-0.000001	1.000015	-0.121521	
430	0.999971	0.000005	0.120483	-0.000005	0.999971	-0.005493	
431	0.999991	0.000029	0.282959	-0.000029	0.999991	-0.036560	
432	1.000022	0.000028	0.013550	-0.000028	1.000022	0.011780	
433	0.999967	0.000059	0.170166	-0.000059	0.999967	0.068176	
434	1.000062	0.000058	-0.000854	-0.000058	1.000062	0.023499	
435	1.000007	0.000061	0.153198	-0.000061	1.000007	0.033264	
436	0.999892	0.000096	0.190613	-0.000096	0.999892	0.183167	
437	1.000044	0.000164	0.053101	-0.000164	1.000044	0.151062	
438	1.000013	0.000015	0.064941	-0.000015	1.000013	0.010254	
439	1.000038	0.000033	0.103149	-0.000033	1.000038	-0.032593	
440	1.000036	0.000012	0.002686	-0.000012	1.000036	-0.036255	
441	0.999996	0.000099	0.084473	-0.000099	0.999996	0.086670	
442	1.000062	0.000072	0.143311	-0.000072	1.000062	-0.027771	
443	1.000007	0.000028	0.119507	-0.000028	1.000007	0.015015	
444	0.999961	0.000079	0.065430	-0.000079	0.999961	0.127625	
445	1.000101	0.000132	-0.020569	-0.000132	1.000101	0.096313	
446	0.999936	0.000063	0.127197	-0.000063	0.999936	0.101624	
447	0.999971	-0.000019	0.228027	0.000019	0.999971	-0.065796	
448	1.000017	-0.000045	0.183960	0.000045	1.000017	-0.139343	
449	0.999955	-0.000004	0.199951	0.000004	0.999955	-0.052063	
450	1.000004	0.000021	0.125854	-0.000021	1.000004	-0.037109	
451	0.999989	0.000019	0.147461	-0.000019	0.999989	-0.021240	
452	0.999960	0.000038	0.193970	-0.000038	0.999960	0.053345	
453	1.000068	0.000086	0.007080	-0.000086	1.000068	0.052429	
454	0.999973	0.000054	0.119873	-0.000054	0.999973	0.045898	
455	1.000013	0.000072	0.101196	-0.000072	1.000013	-0.021362	
456	0.999920	-0.000008	0.172363	0.000008	0.999920	-0.040405	
457	0.999839	0.000061	0.310791	-0.000061	0.999839	0.082520	
458	0.999951	0.000147	0.086243	-0.000147	0.999951	0.189697	
459	0.999986	0.000018	0.157349	-0.000018	0.999986	-0.069702	
460	0.999832	0.000048	0.287842	-0.000048	0.999832	0.126648	
461	0.999865	-0.000069	0.386108	0.000069	0.999865	-0.134155	
462	0.999889	-0.000047	0.233093	0.000047	0.999889	-0.070618	
463	0.999956	0.000009	0.177002	-0.000009	0.999956	-0.060608	
464	1.000003	0.000179	0.006287	-0.000179	1.000003	0.192139	
465	0.999968	0.000166	0.087219	-0.000166	0.999968	0.189941	
466	1.000019	0.000098	0.020996	-0.000098	1.000019	0.116150	
467	0.999929	0.000023	0.245972	-0.000023	0.999929	-0.073059	
468	0.999912	-0.000029	0.204468	0.000029	0.999912	-0.078735	
469	0.999924	0.000052	0.174011	-0.000052	0.999924	0.000305	
470	0.999900	0.000082	0.162476	-0.000082	0.999900	0.128601	
471	0.999957	0.000077	0.205688	-0.000077	0.999957	-0.001709	
472	0.999966	0.000079	0.055725	-0.000079	0.999966	0.138123	
473	0.999827	0.000029	0.329773	-0.000029	0.999827	0.090271	
474	0.999920	-0.000026	0.203918	0.000026	0.999920	-0.042847	
475	0.999943	-0.000007	0.197632	0.000007	0.999943	-0.054565	
476	0.999898	0.000070	0.229736	-0.000070	0.999898	0.062744	
477	0.999916	0.000086	0.192627	-0.000086	0.999916	0.101196	
478	0.999885	0.000084	0.202026	-0.000084	0.999885	0.147827	
479	0.999977	0.000011	0.176880	-0.000011	0.999977	-0.063782	
480	0.999947	0.000032	0.139160	-0.000032	0.999947	0.036926	
481	0.999936	0.000048	0.218079	-0.000048	0.999936	0.012817	
482	0.999946	0.000025	0.314453	-0.000025	0.999946	-0.069763	
483	0.999994	0.000023	0.031006	-0.000023	0.999994	0.013000	
484	0.999931	0.000073	0.107666	-0.000073	0.999931	0.117432	
485	1.000071	0.000052	0.080811	-0.000052	1.000071	-0.016846	
486	0.999961	0.000108	0.086792	-0.000108	0.999961	0.166199	
487	1.000015	0.000063	0.097290	-0.000063	1.000015	0.031921	
488	0.999991	0.000044	0.047729	-0.000044	0.999991	0.035400	
489	0.999960	-0.000006	0.194458	0.000006	0.999960	-0.032654	
490	1.000010	-0.000017	0.164185	0.000017	1.000010	-0.068970	
491	0.999983	0.000004	0.133545	-0.000004	0.999983	-0.025085	
492	0.999926	0.000033	0.168762	-0.000033	0.999926	0.054565	
493	0.999997	0.000016	0.158691	-0.000016	0.999997	-0.024841	
494	0.999979	0.000033	0.089783	-0.000033	0.999979	0.033325	
495	0.999984	0.000009	0.256348	-0.000009	0.999984	-0.015686	
496	1.000041	0.000056	0.014038	-0.000056	1.000041	0.042358	
497	0.999953	-0.000001	0.244263	0.000001	0.999953	-0.005432	
498	0.999988	0.000027	0.108765	-0.000027	0.999988	0.034973	
499	0.999951	-0.000021	0.259155	0.000021	0.999951	-0.017883	
500	0.999966	0.000001	0.155396	-0.000001	0.999966	0.002014	
501	1.000036	0.000023	0.027222	-0.000023	1.000036	0.002991	
502	0.999985	0.000017	0.067383	-0.000017	0.999985	0.016785	
503	0.999996	0.000009	0.198853	-0.000009	0.999996	-0.055786	
504	1.000015	0.000046	0.058228	-0.000046	1.000015	0.010620	
505	0.999978	0.000021	0.105957	-0.000021	0.999978	-0.005554	
506	1.000018	-0.000041	0.247437	0.000041	1.000018	-0.103943	
507	1.000000	0.000003	0.136108	-0.000003	1.000000	-0.000854	
508	0.999999	-0.000008	0.036499	0.000008	0.999999	0.003479	
509	1.000034	-0.000014	0.092041	0.000014	1.000034	-0.036865	
510	0.999984	-0.000010	0.149292	0.000010	0.999984	0.005005	
511	1.000029	-0.000004	0.119873	0.000004	1.000029	-0.015137	
512	1.000009	0.000006	0.024780	-0.000006	1.000009	-0.001404	
513	1.000001	0.000006	0.108521	-0.000006	1.000001	-0.009094	
514	0.999995	0.000001	0.164185	-0.000001	0.999995	-0.019104	
515	1.000029	0.000002	0.176025	-0.000002	1.000029	-0.027710	
516	0.999959	0.000010	0.109863	-0.000010	0.999959	0.039185	
517	1.000044	0.000021	0.057495	-0.000021	1.000044	0.006958	
518	0.999976	-0.000031	0.187500	0.000031	0.999976	-0.005432	
519	1.000001	0.000005	0.141724	-0.000005	1.000001	0.020325	
520	1.000031	0.000001	0.032715	-0.000001	1.000031	-0.004822	
521	0.999983	-0.000069	0.320801	0.000069	0.999983	-0.061157	
522	0.999989	0.000003	0.130005	-0.000003	0.999989	0.019043	
523	1.000028	-0.000040	0.088867	0.000040	1.000028	-0.047424	
524	0.999994	-0.000010	0.073120	0.000010	0.999994	-0.010498	
525	0.999992	-0.000023	0.214600	0.000023	0.999992	-0.016846	
526	0.999992	-0.000034	0.077515	0.000034	0.999992	-0.043701	
527	1.000015	0.000018	0.138428	-0.000018	1.000015	0.008789	
528	0.999986	0.000012	0.086914	-0.000012	0.999986	0.013367	
529	1.000024	-0.000008	0.121826	0.000008	1.000024	-0.035950	
530	0.999995	0.000009	0.089844	-0.000009	0.999995	0.009216	
531	0.999986	0.000002	0.279053	-0.000002	0.999986	-0.004944	
532	1.000897	0.000006	0.237305	-0.000006	1.000897	0.009094	
533	0.999994	0.000005	0.070923	-0.000005	0.999994	0.000305	
534	1.000010	-0.000002	0.047485	0.000002	1.000010	-0.018982	
535	0.999984	0.000058	0.302490	-0.000058	0.999984	-0.027954	
536	1.000016	0.000044	-0.006226	-0.000044	1.000016	0.029724	
537	0.999972	0.000040	0.457153	-0.000040	0.999972	-0.106567	
538	1.000048	0.000033	0.105469	-0.000033	1.000048	-0.042236	
539	0.999939	0.000053	0.298584	-0.000053	0.999939	-0.010071	
540	0.999948	0.000094	0.259888	-0.000094	0.999948	0.016296	
541	0.999999	0.000096	0.280029	-0.000096	0.999999	-0.041992	
542	0.999945	0.000035	0.324951	-0.000035	0.999945	-0.055847	
543	0.999970	0.000081	0.311768	-0.000081	0.999970	-0.009766	
544	1.000120	0.000007	0.102661	-0.000007	1.000120	-0.174683	
545	0.999972	0.000018	0.446533	-0.000018	0.999972	-0.148193	
546	1.000061	0.000060	0.191162	-0.000060	1.000061	-0.137573	
547	0.999991	0.000128	0.350464	-0.000128	0.999991	-0.015930	
548	0.999919	0.000039	0.322021	-0.000039	0.999919	0.019104	
549	1.000049	0.000097	0.342407	-0.000097	1.000049	-0.117065	
550	0.999993	-0.000022	0.281860	0.000022	0.999993	-0.104431	
551	1.000007	0.000124	0.385986	-0.000124	1.000007	-0.099976	
552	1.000061	0.000028	0.236206	-0.000028	1.000061	-0.141479	
553	1.000012	0.000096	0.384277	-0.000096	1.000012	-0.093079	
554	1.000042	0.000048	0.238281	-0.000048	1.000042	-0.080444	
555	0.999986	0.000048	0.485229	-0.000048	0.999986	-0.155212	
556	1.000014	0.000059	0.196777	-0.000059	1.000014	-0.056091	
557	1.000137	0.000058	0.289185	-0.000058	1.000137	-0.209290	
558	0.999954	0.000040	0.252808	-0.000040	0.999954	0.003967	
559	0.999970	0.000054	0.488647	-0.000054	0.999970	-0.100281	
560	1.000008	0.000027	0.281616	-0.000027	1.000008	-0.083679	
561	0.999946	0.000043	0.463135	-0.000043	0.999946	-0.097229	
562	1.000047	0.000035	0.261841	-0.000035	1.000047	-0.148682	
563	0.999961	0.000124	0.459473	-0.000124	0.999961	0.001160	
564	0.999951	-0.000009	0.286011	0.000009	0.999951	-0.042542	
565	1.000051	0.000052	0.398193	-0.000052	1.000051	-0.186218	
566	0.999943	-0.000001	0.304443	0.000001	0.999943	-0.049072	
567	0.999996	0.000050	0.520874	-0.000050	0.999996	-0.166260	
568	0.999992	0.000026	0.274048	-0.000026	0.999992	-0.044250	
569	0.999998	0.000044	0.440430	-0.000044	0.999998	-0.149353	
570	1.000013	-0.000009	0.271240	0.000009	1.000013	-0.123474	
571	0.999999	-0.000030	0.525635	0.000030	0.999999	-0.283264	
572	0.999946	0.000007	0.302368	-0.000007	0.999946	-0.053894	
573	1.000022	0.000069	0.414551	-0.000069	1.000022	-0.187988	
574	0.999944	-0.000003	0.350952	0.000003	0.999944	-0.092834	
575	0.999986	0.000093	0.455078	-0.000093	0.999986	-0.111572	
576	1.000046	0.000053	0.172852	-0.000053	1.000046	-0.097595	
577	0.999943	0.000104	0.442261	-0.000104	0.999943	-0.111511	
578	1.000034	0.000024	0.259399	-0.000024	1.000034	-0.145447	
579	0.999980	0.000048	0.486450	-0.000048	0.999980	-0.212769	
580	0.999941	-0.000033	0.304077	0.000033	0.999941	-0.152283	
581	1.000054	0.000048	0.376465	-0.000048	1.000054	-0.228577	
582	0.999962	-0.000001	0.287109	0.000001	0.999962	-0.093079	
583	1.000028	0.000048	0.420288	-0.000048	1.000028	-0.310120	
584	1.000043	0.000095	0.130127	-0.000095	1.000043	-0.022339	
585	0.999904	0.000098	0.465576	-0.000098	0.999904	-0.086426	
586	0.999998	0.000093	0.251587	-0.000093	0.999998	-0.079773	
587	1.000005	0.000078	0.338989	-0.000078	1.000005	-0.241211	
588	0.999954	0.000106	0.207031	-0.000106	0.999954	0.024170	
589	1.000043	0.000016	0.330933	-0.000016	1.000043	-0.361938	
590	1.000006	0.000162	0.129150	-0.000162	1.000006	0.056213	
591	0.999994	0.000046	0.415894	-0.000046	0.999994	-0.318604	
592	1.000013	0.000042	0.237671	-0.000042	1.000013	-0.132507	
593	1.000012	0.000152	0.214233	-0.000152	1.000012	-0.103577	
594	1.000120	0.000104	0.021851	-0.000104	1.000120	-0.093750	
595	1.000025	0.000087	0.288452	-0.000087	1.000025	-0.193176	
596	1.000014	0.000089	0.098083	-0.000089	1.000014	-0.044189	
597	1.000054	0.000043	0.240051	-0.000043	1.000054	-0.278625	
598	1.000042	0.000075	0.117615	-0.000075	1.000042	-0.138306	
599	1.000071	0.000072	0.209106	-0.000072	1.000071	-0.264465	
600	1.000055	0.000030	0.028076	-0.000030	1.000055	-0.083374	
601	1.000015	0.000009	0.299866	-0.000009	1.000015	-0.269165	
602	1.000072	0.000003	0.131104	-0.000003	1.000072	-0.179626	
603	1.000035	-0.000091	0.238403	0.000091	1.000035	-0.292969	
604	1.000054	-0.000046	0.129517	0.000046	1.000054	-0.222168	
605	1.000047	-0.000009	0.138916	0.000009	1.000047	-0.133606	
606	0.999988	-0.000008	0.145447	0.000008	0.999988	-0.073120	
607	1.000068	0.000048	0.161255	-0.000048	1.000068	-0.108765	
608	1.000118	0.000042	0.016418	-0.000042	1.000118	-0.100037	
609	1.000026	0.000006	0.176636	-0.000006	1.000026	-0.111023	
610	1.000089	-0.000022	0.134827	0.000022	1.000089	-0.186768	
611	1.000057	-0.000033	0.205933	0.000033	1.000057	-0.209595	
612	0.999970	-0.000014	0.159180	0.000014	0.999970	-0.024414	
613	1.000074	-0.000064	0.207520	0.000064	1.000074	-0.187256	
614	0.999940	-0.000033	0.219971	0.000033	0.999940	-0.039612	
615	1.000030	-0.000069	0.211670	0.000069	1.000030	-0.149353	
616	0.999955	0.000016	0.142822	-0.000016	0.999955	0.025940	
617	0.999988	-0.000001	0.194824	0.000001	0.999988	-0.010864	
618	0.999940	0.000020	0.172363	-0.000020	0.999940	0.048767	
619	0.999995	-0.000001	0.226196	0.000001	0.999995	0.010315	
620	0.999965	0.000038	0.151733	-0.000038	0.999965	0.079956	
621	1.000008	0.000011	0.185547	-0.000011	1.000008	0.021423	
622	0.999951	0.000015	0.166016	-0.000015	0.999951	0.050415	
623	0.999970	-0.000044	0.289307	0.000044	0.999970	-0.013184	
624	1.000021	0.000021	0.078247	-0.000021	1.000021	0.030212	
625	0.999887	-0.000025	0.408203	0.000025	0.999887	0.070801	
626	1.000000	0.000015	0.146484	-0.000015	1.000000	0.053772	
627	0.999989	0.000008	0.104736	-0.000008	0.999989	0.044495	
628	0.999990	0.000022	0.057251	-0.000022	0.999990	0.050598	
629	1.000039	-0.000046	0.139404	0.000046	1.000039	-0.036377	
630	1.000002	-0.000007	0.061401	0.000007	1.000002	0.008545	
631	0.999920	-0.000076	0.356445	0.000076	0.999920	0.019165	
632	1.000030	-0.000029	0.038330	0.000029	1.000030	-0.033752	
633	0.999968	-0.000039	0.141724	0.000039	0.999968	-0.010742	
634	1.000077	-0.000070	0.072388	0.000070	1.000077	-0.105774	
635	0.999977	-0.000040	0.210938	0.000040	0.999977	0.008972	
636	1.000000	-0.000036	0.043091	0.000036	1.000000	-0.033203	
637	1.000039	-0.000035	0.026978	0.000035	1.000039	-0.043091	
638	0.999937	-0.000015	0.140137	0.000015	0.999937	0.031372	
639	0.999919	-0.000049	0.301270	0.000049	0.999919	0.027527	
640	1.000014	0.000034	0.063721	-0.000034	1.000014	0.054810	
641	0.999972	0.000002	0.069702	-0.000002	0.999972	0.027161	
642	0.999986	-0.000057	0.241821	0.000057	0.999986	0.052124	
643	0.999955	-0.000013	0.079346	0.000013	0.999955	0.010498	
644	0.999932	-0.000013	0.139282	0.000013	0.999932	0.021179	
645	0.999967	-0.000032	0.119873	0.000032	0.999967	-0.012390	
646	0.999945	-0.000092	0.225708	0.000092	0.999945	-0.046631	
647	0.999977	-0.000049	0.120728	0.000049	0.999977	-0.018860	
648	1.000040	-0.000061	0.000000	0.000061	1.000040	-0.089539	
649	0.999965	-0.000060	0.142944	0.000060	0.999965	-0.046570	
650	0.999995	-0.000022	0.086548	0.000022	0.999995	-0.010498	
651	0.999970	-0.000079	0.320190	0.000079	0.999970	-0.012878	
652	1.000790	-0.000025	0.390625	0.000025	1.000790	0.156067	
653	1.000003	0.000027	0.045166	-0.000027	1.000003	0.096680	
654	0.999988	-0.000013	0.051270	0.000013	0.999988	0.019165	
655	0.999886	-0.000055	0.317383	0.000055	0.999886	0.010620	
656	0.999964	-0.000013	0.135742	0.000013	0.999964	0.033142	
657	0.999972	-0.000016	0.107056	0.000016	0.999972	0.016724	
658	0.999969	0.000025	0.072388	-0.000025	0.999969	0.074219	
659	0.999969	-0.000056	0.166992	0.000056	0.999969	-0.056030	
660	0.999958	-0.000019	0.209961	0.000019	0.999958	0.006104	
661	0.999862	0.000003	0.410522	-0.000003	0.999862	0.067993	
662	0.999988	-0.000030	0.140991	0.000030	0.999988	-0.027954	
663	0.999931	-0.000047	0.261597	0.000047	0.999931	-0.055908	
664	1.000084	-0.000078	-0.066040	0.000078	1.000084	-0.140564	
665	0.999891	-0.000057	0.252930	0.000057	0.999891	-0.044800	
666	0.999940	-0.000022	0.195068	0.000022	0.999940	-0.026855	
667	0.999957	-0.000034	0.147705	0.000034	0.999957	-0.047546	
668	1.000035	-0.000070	0.003662	0.000070	1.000035	-0.123352	
669	1.000035	-0.000043	0.049683	0.000043	1.000035	-0.094055	
670	0.999987	-0.000028	0.068359	0.000028	0.999987	-0.050171	
671	1.000006	0.000024	0.055786	-0.000024	1.000006	-0.025208	
672	0.999963	0.000019	0.137695	-0.000019	0.999963	0.000183	
673	0.999951	-0.000002	0.168823	0.000002	0.999951	0.010986	
674	1.000013	-0.000059	0.214966	0.000059	1.000013	-0.097412	
675	0.999963	-0.000059	0.165161	0.000059	0.999963	-0.076050	
676	0.999893	-0.000001	0.182617	0.000001	0.999893	0.044312	
677	1.000040	0.000056	0.053833	-0.000056	1.000040	-0.000122	
678	0.999947	-0.000015	0.094971	0.000015	0.999947	-0.003662	
679	0.999971	0.000014	0.066895	-0.000014	0.999971	0.009766	
680	1.000033	0.000024	0.002197	-0.000024	1.000033	-0.000366	
681	1.000001	-0.000014	0.104004	0.000014	1.000001	-0.068909	
682	1.000028	0.000008	0.152222	-0.000008	1.000028	-0.041992	
683	0.999965	-0.000006	0.072021	0.000006	0.999965	-0.000122	
684	0.999899	0.000013	0.175049	-0.000013	0.999899	0.071167	
685	0.999978	0.000020	0.152100	-0.000020	0.999978	0.004150	
686	0.999947	0.000014	0.110229	-0.000014	0.999947	0.023193	
687	0.999985	-0.000022	0.175903	0.000022	0.999985	-0.058472	
688	1.000000	0.000005	0.031982	-0.000005	1.000000	-0.014526	
689	0.999964	-0.000011	0.150146	0.000011	0.999964	-0.015991	
690	1.000003	0.000012	0.058472	-0.000012	1.000003	0.009583	
691	1.000058	0.000014	0.108398	-0.000014	1.000058	-0.035645	
692	0.999980	0.000004	0.089722	-0.000004	0.999980	0.003174	
693	1.000032	0.000056	0.140869	-0.000056	1.000032	0.042114	
694	0.999949	-0.000057	0.160522	0.000057	0.999949	-0.070862	
695	0.999993	-0.000055	0.311646	0.000055	0.999993	-0.090637	
696	1.000045	0.000020	0.101440	-0.000020	1.000045	-0.016174	
697	0.999923	-0.000027	0.301636	0.000027	0.999923	0.013611	
698	1.000079	-0.000007	0.135010	0.000007	1.000079	-0.078003	
699	1.000059	0.000045	0.144775	-0.000045	1.000059	0.004883	
700	0.999971	0.000000	0.127441	-0.000000	0.999971	0.029358	
701	1.000068	-0.000005	0.141968	0.000005	1.000068	-0.029053	
702	0.999937	-0.000023	0.318726	0.000023	0.999937	-0.010193	
703	1.000028	-0.000036	0.306763	0.000036	1.000028	-0.080688	
704	1.000082	-0.000029	0.132080	0.000029	1.000082	-0.092834	
705	0.999962	-0.000057	0.333374	0.000057	0.999962	-0.060364	
706	1.000090	0.000007	0.131470	-0.000007	1.000090	-0.032349	
707	1.000075	-0.000010	0.188843	0.000010	1.000075	-0.057068	
708	0.999910	0.000013	0.234253	-0.000013	0.999910	0.062805	
709	1.000030	-0.000030	0.304321	0.000030	1.000030	-0.029724	
710	0.999914	0.000013	0.208618	-0.000013	0.999914	0.092346	
711	1.000039	-0.000066	0.298218	0.000066	1.000039	-0.086426	
712	0.999961	-0.000061	0.264648	0.000061	0.999961	-0.074829	
713	0.999950	-0.000058	0.323853	0.000058	0.999950	-0.054382	
714	1.000005	-0.000076	0.248535	0.000076	1.000005	-0.103333	
715	1.000018	-0.000048	0.344482	0.000048	1.000018	-0.070801	
716	0.999910	-0.000070	0.245850	0.000070	0.999910	-0.045227	
717	1.000056	-0.000013	0.290039	0.000013	1.000056	-0.033813	
718	0.999964	-0.000014	0.182495	0.000014	0.999964	0.032898	
719	1.000074	-0.000056	0.287354	0.000056	1.000074	-0.101624	
720	1.000053	0.000039	0.041626	-0.000039	1.000053	0.028625	
721	1.000072	0.000056	0.162964	-0.000056	1.000072	0.075806	
722	1.000108	0.000008	0.139648	-0.000008	1.000108	-0.021973	
723	0.999987	-0.000034	0.275635	0.000034	0.999987	-0.011108	
724	0.999953	-0.000011	0.210205	0.000011	0.999953	0.019836	
725	1.000082	0.000003	0.271973	-0.000003	1.000082	-0.046387	
726	0.999914	-0.000032	0.300903	0.000032	0.999914	0.021851	
727	1.000017	-0.000023	0.338501	0.000023	1.000017	-0.001465	
728	1.000116	-0.000005	-0.004150	0.000005	1.000116	-0.056641	
729	0.999940	-0.000022	0.458374	0.000022	0.999940	0.052246	
730	1.000029	-0.000006	0.163574	0.000006	1.000029	0.000671	
731	0.999978	-0.000014	0.367188	0.000014	0.999978	0.030762	
732	0.999957	-0.000015	0.233765	0.000015	0.999957	0.019470	
733	1.000075	-0.000005	0.220093	0.000005	1.000075	-0.026306	
734	0.999959	-0.000021	0.214844	0.000021	0.999959	0.018799	
735	1.000070	-0.000052	0.295288	0.000052	1.000070	-0.030823	
736	1.000045	0.000012	0.102051	-0.000012	1.000045	0.015869	
737	0.999981	0.000003	0.311890	-0.000003	0.999981	0.038452	
738	1.000051	-0.000025	0.220215	0.000025	1.000051	-0.035278	
739	1.000040	-0.000024	0.270630	0.000024	1.000040	-0.017578	
740	1.000003	-0.000037	0.179688	0.000037	1.000003	-0.042603	
741	1.000163	0.000007	0.071045	-0.000007	1.000163	-0.080322	
742	0.999959	-0.000015	0.183716	0.000015	0.999959	0.001160	
743	0.999991	0.000013	0.269409	-0.000013	0.999991	0.017944	
744	1.000007	0.000018	0.151123	-0.000018	1.000007	0.012451	
745	1.000060	0.000035	0.179565	-0.000035	1.000060	0.007874	
746	1.000039	0.000018	0.088501	-0.000018	1.000039	0.007324	
747	1.000040	0.000058	0.189697	-0.000058	1.000040	0.060059	
748	0.999965	0.000008	0.186890	-0.000008	0.999965	0.050781	
749	1.000124	0.000035	0.139282	-0.000035	1.000124	0.008179	
750	0.999958	-0.000033	0.224976	0.000033	0.999958	0.016968	
751	1.000055	-0.000005	0.072021	0.000005	1.000055	-0.018372	
752	1.000030	0.000020	0.051514	-0.000020	1.000030	0.040161	
753	0.999958	0.000042	0.212646	-0.000042	0.999958	0.090942	
754	0.999986	0.000010	0.153564	-0.000010	0.999986	0.041260	
755	1.000004	0.000052	0.240112	-0.000052	1.000004	0.081360	
756	0.999974	-0.000007	0.092651	0.000007	0.999974	0.009888	
757	1.000043	0.000003	0.083252	-0.000003	1.000043	-0.003235	
758	0.999996	-0.000024	0.075928	0.000024	0.999996	-0.010681	
759	0.999995	-0.000022	0.259399	0.000022	0.999995	0.007935	
760	0.999996	-0.000027	0.127319	0.000027	0.999996	-0.015747	
761	1.000017	-0.000037	0.068848	0.000037	1.000017	-0.040588	
762	1.000035	-0.000037	0.104858	0.000037	1.000035	-0.041321	
763	1.000017	-0.000022	0.032959	0.000022	1.000017	-0.021423	
764	0.999969	-0.000050	0.115601	0.000050	0.999969	-0.028992	
765	1.000050	-0.000029	0.020630	0.000029	1.000050	-0.023499	
766	0.999962	-0.000060	0.141479	0.000060	0.999962	-0.028137	
767	0.999984	-0.000038	0.125977	0.000038	0.999984	-0.023499	
768	1.000014	-0.000008	-0.005371	0.000008	1.000014	-0.025757	
769	0.999994	0.000013	0.044556	-0.000013	0.999994	0.010559	
770	0.999992	-0.000004	0.062134	0.000004	0.999992	0.002197	
771	0.999973	-0.000008	0.087769	0.000008	0.999973	0.000244	
772	1.000874	-0.000012	0.154907	0.000012	1.000874	0.041565	
773	0.999993	0.000000	0.027466	-0.000000	0.999993	-0.000793	
774	0.999902	-0.000028	0.122437	0.000028	0.999902	0.001221	
775	0.999996	-0.000046	0.054199	0.000046	0.999996	-0.102539	
776	0.999991	-0.000009	0.034058	0.000009	0.999991	-0.024658	
777	0.999950	0.000006	0.072876	-0.000006	0.999950	0.015747	
778	0.999988	0.000016	0.017456	-0.000016	0.999988	-0.000061	
779	1.000002	-0.000022	0.015259	0.000022	1.000002	-0.067078	
780	0.999991	-0.000009	0.020508	0.000009	0.999991	-0.018799	
781	1.000014	-0.000033	0.017578	0.000033	1.000014	-0.181396	
782	0.999956	-0.000039	0.082886	0.000039	0.999956	-0.084045	
783	0.999919	0.000009	0.109497	-0.000009	0.999919	0.014343	
784	1.000012	0.000027	-0.019165	-0.000027	1.000012	0.038086	
785	0.999975	0.000024	-0.002441	-0.000024	0.999975	-0.003418	
786	1.000016	-0.000015	-0.005737	0.000015	1.000016	-0.058105	
787	0.999970	-0.000010	0.010986	0.000010	0.999970	-0.043945	
788	0.999994	0.000012	-0.027588	-0.000012	0.999994	0.002319	
789	1.000068	-0.000041	-0.073975	0.000041	1.000068	-0.099670	
790	0.999992	-0.000010	-0.012085	0.000010	0.999992	-0.018982	
791	1.000054	-0.000070	-0.080688	0.000070	1.000054	-0.175842	
792	1.000033	0.000023	-0.049805	-0.000023	1.000033	0.014160	
793	1.000039	-0.000007	-0.066895	0.000007	1.000039	-0.023499	
794	1.000026	-0.000001	-0.030884	0.000001	1.000026	-0.017151	
795	1.000038	-0.000047	-0.036011	0.000047	1.000038	-0.096802	
796	0.999982	0.000074	0.021729	-0.000074	0.999982	0.100891	
797	1.000060	-0.000040	-0.040039	0.000040	1.000060	-0.108215	
798	0.999991	-0.000020	0.041382	0.000020	0.999991	-0.057251	
799	0.999991	-0.000047	0.058350	0.000047	0.999991	-0.090027	
800	1.000043	0.000005	-0.023926	-0.000005	1.000043	-0.039368	
801	1.000004	-0.000030	0.031982	0.000030	1.000004	-0.080261	
802	1.000091	-0.000072	0.004395	0.000072	1.000091	-0.257935	
