0	1.000000	0.000000	0.000000	0.000000	1.000000	0.000000	
1	1.008370	-0.001270	-4.361572	0.001270	1.008370	-5.822571	
2	1.011649	0.001978	-8.346558	-0.001978	1.011649	-6.137695	
3	1.010049	-0.000560	-6.606567	0.000560	1.010049	-6.933044	
4	1.009131	0.004913	-9.576416	-0.004913	1.009131	-3.957764	
5	1.008341	0.005678	-9.767334	-0.005678	1.008341	-4.089600	
6	1.006559	0.015414	-13.286621	-0.015414	1.006559	2.664307	
7	1.006559	0.015414	-13.286621	-0.015414	1.006559	2.664307	
8	0.994966	0.000216	-0.099548	-0.000216	0.994966	3.718689	
9	0.994966	0.000216	-0.099548	-0.000216	0.994966	3.718689	
10	0.998746	0.002279	-3.834412	-0.002279	0.998746	1.832764	
11	1.009066	-0.000664	-4.263672	0.000664	1.009066	-7.326721	
12	0.999363	-0.001376	1.666077	0.001376	0.999363	-1.224121	
13	0.999360	0.001183	-5.137451	-0.001183	0.999360	0.371826	
14	1.006050	-0.006314	1.284973	0.006314	1.006050	-8.655090	
15	1.006050	-0.006314	1.284973	0.006314	1.006050	-8.655090	
16	1.010044	-0.000563	-5.708069	0.000563	1.010044	-8.646240	
17	1.010044	-0.000563	-5.708069	0.000563	1.010044	-8.646240	
18	1.002110	0.000608	-3.705078	-0.000608	1.002110	-1.786743	
19	0.994097	0.005140	-2.432922	-0.005140	0.994097	7.055115	
20	1.001888	-0.000094	-2.766113	0.000094	1.001888	-1.964905	
21	1.001888	-0.000094	-2.766113	0.000094	1.001888	-1.964905	
22	1.006759	-0.001460	-1.205017	0.001460	1.006759	-5.259644	
23	1.017932	0.001760	-7.993469	-0.001760	1.017932	-10.925964	
24	1.002359	0.000276	-0.047363	-0.000276	1.002359	-2.747009	
25	1.014426	0.004426	-6.489319	-0.004426	1.014426	-10.630920	
26	1.003415	-0.000913	-3.055786	0.000913	1.003415	-3.936951	
27	1.003415	-0.000913	-3.055786	0.000913	1.003415	-3.936951	
28	0.994587	0.001930	-0.440308	-0.001930	0.994587	5.269104	
29	0.994587	0.001930	-0.440308	-0.001930	0.994587	5.269104	
30	0.999838	0.004376	-6.248352	-0.004376	0.999838	2.527588	
31	0.999838	0.004376	-6.248352	-0.004376	0.999838	2.527588	
32	0.999838	0.004376	-6.248352	-0.004376	0.999838	2.527588	
33	0.999838	0.004376	-6.248352	-0.004376	0.999838	2.527588	
34	1.003832	-0.002403	-6.220642	0.002403	1.003832	-4.104553	
35	1.003832	-0.002403	-6.220642	0.002403	1.003832	-4.104553	
36	1.006036	0.007135	-3.644043	-0.007135	1.006036	0.264648	
37	1.006036	0.007135	-3.644043	-0.007135	1.006036	0.264648	
38	1.006036	0.007135	-3.644043	-0.007135	1.006036	0.264648	
39	1.006036	0.007135	-3.644043	-0.007135	1.006036	0.264648	
40	1.006036	0.007135	-3.644043	-0.007135	1.006036	0.264648	
41	1.005482	0.000012	-4.858032	-0.000012	1.005482	-1.490479	
42	1.005482	0.000012	-4.858032	-0.000012	1.005482	-1.490479	
43	1.005482	0.000012	-4.858032	-0.000012	1.005482	-1.490479	
44	1.005482	0.000012	-4.858032	-0.000012	1.005482	-1.490479	
45	1.005482	0.000012	-4.858032	-0.000012	1.005482	-1.490479	
46	1.004539	0.004230	-0.225952	-0.004230	1.004539	1.338501	
47	1.004539	0.004230	-0.225952	-0.004230	1.004539	1.338501	
48	1.008123	-0.005498	3.065002	0.005498	1.008123	-9.192017	
49	1.008123	-0.005498	3.065002	0.005498	1.008123	-9.192017	
50	1.008123	-0.005498	3.065002	0.005498	1.008123	-9.192017	
51	1.008123	-0.005498	3.065002	0.005498	1.008123	-9.192017	
52	1.008123	-0.005498	3.065002	0.005498	1.008123	-9.192017	
53	1.008123	-0.005498	3.065002	0.005498	1.008123	-9.192017	
54	0.999188	-0.005376	9.516113	0.005376	0.999188	-3.620667	
55	0.999188	-0.005376	9.516113	0.005376	0.999188	-3.620667	
56	0.997244	0.004790	5.641235	-0.004790	0.997244	6.539246	
57	0.997244	0.004790	5.641235	-0.004790	0.997244	6.539246	
58	0.997244	0.004790	5.641235	-0.004790	0.997244	6.539246	
59	0.997244	0.004790	5.641235	-0.004790	0.997244	6.539246	
60	0.997244	0.004790	5.641235	-0.004790	0.997244	6.539246	
61	0.997244	0.004790	5.641235	-0.004790	0.997244	6.539246	
62	0.997796	-0.000751	8.202271	0.000751	0.997796	0.835876	
63	0.997796	-0.000751	8.202271	0.000751	0.997796	0.835876	
64	0.999961	-0.002035	6.800720	0.002035	0.999961	-2.170593	
65	0.999961	-0.002035	6.800720	0.002035	0.999961	-2.170593	
66	1.000095	-0.001346	-0.240845	0.001346	1.000095	-0.828369	
67	1.000095	-0.001346	-0.240845	0.001346	1.000095	-0.828369	
68	0.997476	0.002356	5.581604	-0.002356	0.997476	2.695312	
69	0.997476	0.002356	5.581604	-0.002356	0.997476	2.695312	
70	1.008104	-0.002025	-0.467773	0.002025	1.008104	-9.387268	
71	1.008104	-0.002025	-0.467773	0.002025	1.008104	-9.387268	
72	1.003211	-0.008778	5.812622	0.008778	1.003211	-8.694519	
73	1.003211	-0.008778	5.812622	0.008778	1.003211	-8.694519	
74	0.999290	-0.001835	7.375732	0.001835	0.999290	-0.536804	
75	0.999290	-0.001835	7.375732	0.001835	0.999290	-0.536804	
76	1.003220	0.001343	0.360474	-0.001343	1.003220	0.058167	
77	0.995164	-0.003722	14.963745	0.003722	0.995164	-0.132324	
78	0.999002	-0.000279	0.859741	0.000279	0.999002	1.211609	
79	0.999002	-0.000279	0.859741	0.000279	0.999002	1.211609	
80	1.000222	0.001735	2.814331	-0.001735	1.000222	-0.461121	
81	1.000222	0.001735	2.814331	-0.001735	1.000222	-0.461121	
82	0.998428	-0.004057	7.894592	0.004057	0.998428	-1.539734	
83	0.998428	-0.004057	7.894592	0.004057	0.998428	-1.539734	
84	0.996985	-0.000323	7.277588	0.000323	0.996985	3.250854	
85	0.995902	0.001779	10.302002	-0.001779	0.995902	7.135254	
86	0.998405	0.001254	4.310974	-0.001254	0.998405	4.076355	
87	0.998405	0.001254	4.310974	-0.001254	0.998405	4.076355	
88	1.003055	-0.001756	0.277893	0.001756	1.003055	-2.774902	
89	0.996263	-0.007650	15.680298	0.007650	0.996263	-6.172852	
90	1.004988	0.002491	-4.493835	-0.002491	1.004988	-2.700806	
91	1.004988	0.002491	-4.493835	-0.002491	1.004988	-2.700806	
92	1.004988	0.002491	-4.493835	-0.002491	1.004988	-2.700806	
93	1.004988	0.002491	-4.493835	-0.002491	1.004988	-2.700806	
94	0.994346	-0.002527	11.114380	0.002527	0.994346	2.133606	
95	0.994346	-0.002527	11.114380	0.002527	0.994346	2.133606	
96	1.003754	-0.003160	1.571167	0.003160	1.003754	-3.584900	
97	0.997215	0.001135	7.647522	-0.001135	0.997215	3.684692	
98	0.998318	-0.000949	6.355896	0.000949	0.998318	0.680542	
99	0.997740	-0.001578	6.826782	0.001578	0.997740	-0.072937	
100	0.997353	-0.001913	7.765564	0.001913	0.997353	-0.864624	
101	0.997353	-0.001913	7.765564	0.001913	0.997353	-0.864624	
102	1.001464	0.000685	1.560974	-0.000685	1.001464	-2.204285	
103	1.001464	0.000685	1.560974	-0.000685	1.001464	-2.204285	
104	1.001632	-0.001434	2.058838	0.001434	1.001632	0.189026	
105	1.003203	0.007636	-5.677551	-0.007636	1.003203	8.443909	
106	1.000190	0.002417	0.533325	-0.002417	1.000190	3.530640	
107	0.998704	-0.007065	7.021545	0.007065	0.998704	-4.652405	
108	1.000365	0.001846	1.983093	-0.001846	1.000365	1.440979	
109	1.000365	0.001846	1.983093	-0.001846	1.000365	1.440979	
110	1.002574	-0.000195	0.216614	0.000195	1.002574	-3.574463	
111	1.002574	-0.000195	0.216614	0.000195	1.002574	-3.574463	
112	1.002574	-0.000195	0.216614	0.000195	1.002574	-3.574463	
113	1.002574	-0.000195	0.216614	0.000195	1.002574	-3.574463	
114	1.000308	0.003714	-6.324646	-0.003714	1.000308	2.427307	
115	1.000308	0.003714	-6.324646	-0.003714	1.000308	2.427307	
116	1.000308	0.003714	-6.324646	-0.003714	1.000308	2.427307	
117	1.000308	0.003714	-6.324646	-0.003714	1.000308	2.427307	
118	1.000308	0.003714	-6.324646	-0.003714	1.000308	2.427307	
119	1.000308	0.003714	-6.324646	-0.003714	1.000308	2.427307	
120	0.994386	0.001107	0.524963	-0.001107	0.994386	4.033569	
121	0.994386	0.001107	0.524963	-0.001107	0.994386	4.033569	
122	0.994588	0.002904	-1.236328	-0.002904	0.994588	4.140869	
123	0.994588	0.002904	-1.236328	-0.002904	0.994588	4.140869	
124	0.994588	0.002904	-1.236328	-0.002904	0.994588	4.140869	
125	0.994588	0.002904	-1.236328	-0.002904	0.994588	4.140869	
126	0.996372	-0.000161	2.984192	0.000161	0.996372	2.292542	
127	0.996372	-0.000161	2.984192	0.000161	0.996372	2.292542	
128	0.996372	-0.000161	2.984192	0.000161	0.996372	2.292542	
129	0.996372	-0.000161	2.984192	0.000161	0.996372	2.292542	
130	0.996692	0.000830	0.910400	-0.000830	0.996692	2.786560	
131	0.996692	0.000830	0.910400	-0.000830	0.996692	2.786560	
132	0.996692	0.000830	0.910400	-0.000830	0.996692	2.786560	
133	0.996692	0.000830	0.910400	-0.000830	0.996692	2.786560	
134	0.999546	-0.001133	0.281128	0.001133	0.999546	0.238098	
135	0.999546	-0.001133	0.281128	0.001133	0.999546	0.238098	
136	1.016637	0.000505	-22.007324	-0.000505	1.016637	-8.380798	
137	1.016637	0.000505	-22.007324	-0.000505	1.016637	-8.380798	
138	1.016637	0.000505	-22.007324	-0.000505	1.016637	-8.380798	
139	1.016637	0.000505	-22.007324	-0.000505	1.016637	-8.380798	
140	1.016637	0.000505	-22.007324	-0.000505	1.016637	-8.380798	
141	1.016637	0.000505	-22.007324	-0.000505	1.016637	-8.380798	
142	0.999584	0.000368	0.551331	-0.000368	0.999584	-0.197876	
143	0.999584	0.000368	0.551331	-0.000368	0.999584	-0.197876	
144	0.999584	0.000368	0.551331	-0.000368	0.999584	-0.197876	
145	0.999584	0.000368	0.551331	-0.000368	0.999584	-0.197876	
146	1.017150	0.005576	-23.709412	-0.005576	1.017150	-3.415894	
147	1.017150	0.005576	-23.709412	-0.005576	1.017150	-3.415894	
148	1.017150	0.005576	-23.709412	-0.005576	1.017150	-3.415894	
149	1.017150	0.005576	-23.709412	-0.005576	1.017150	-3.415894	
150	0.998381	0.001069	-4.305542	-0.001069	0.998381	1.562622	
151	0.998381	0.001069	-4.305542	-0.001069	0.998381	1.562622	
152	0.998381	0.001069	-4.305542	-0.001069	0.998381	1.562622	
153	0.998381	0.001069	-4.305542	-0.001069	0.998381	1.562622	
154	1.003523	0.004124	-7.541260	-0.004124	1.003523	1.571411	
155	1.003523	0.004124	-7.541260	-0.004124	1.003523	1.571411	
156	0.996672	0.000291	0.538330	-0.000291	0.996672	-0.559753	
157	0.996672	0.000291	0.538330	-0.000291	0.996672	-0.559753	
158	1.002307	0.000768	-3.348511	-0.000768	1.002307	-1.809814	
159	1.002307	0.000768	-3.348511	-0.000768	1.002307	-1.809814	
160	1.005344	0.000512	-6.155884	-0.000512	1.005344	-4.674011	
161	1.005344	0.000512	-6.155884	-0.000512	1.005344	-4.674011	
162	0.996923	0.003544	-1.652039	-0.003544	0.996923	3.655090	
163	1.004001	0.002413	-7.965637	-0.002413	1.004001	-1.716675	
164	0.998489	-0.000445	0.209473	0.000445	0.998489	-0.353882	
165	0.997238	-0.000156	-0.030579	0.000156	0.997238	0.513245	
166	0.999412	-0.000707	0.086731	0.000707	0.999412	-0.502136	
167	0.995534	0.004304	-0.142944	-0.004304	0.995534	6.319214	
168	0.998343	0.001288	0.928467	-0.001288	0.998343	2.200500	
169	0.998533	-0.001500	0.705200	0.001500	0.998533	-0.652161	
170	0.999942	0.000578	-0.329346	-0.000578	0.999942	0.435608	
171	0.993766	0.000583	4.110229	-0.000583	0.993766	4.315613	
172	0.998593	0.000001	0.713501	-0.000001	0.998593	0.726685	
173	0.999410	-0.000768	1.025574	0.000768	0.999410	-0.100037	
174	0.999173	-0.000140	0.932861	0.000140	0.999173	0.469849	
175	0.995967	-0.001565	3.675598	0.001565	0.995967	1.579285	
176	0.999197	-0.000028	1.163818	0.000028	0.999197	0.623291	
177	0.998192	-0.002226	4.039917	0.002226	0.998192	0.327454	
178	0.999734	-0.000087	0.052490	0.000087	0.999734	0.198792	
179	0.999205	-0.000661	1.913086	0.000661	0.999205	0.739197	
180	0.999538	0.000038	1.205750	-0.000038	0.999538	0.950012	
181	0.998343	-0.001686	3.566223	0.001686	0.998343	0.666016	
182	0.999027	-0.000960	2.008789	0.000960	0.999027	0.599426	
183	1.000049	-0.000009	0.073547	0.000009	1.000049	1.444092	
184	0.998638	0.000135	2.457581	-0.000135	0.998638	1.243286	
185	0.999115	0.000589	1.082703	-0.000589	0.999115	2.210632	
186	0.998122	-0.001141	1.868591	0.001141	0.998122	0.815430	
187	1.000570	-0.000794	0.762573	0.000794	1.000570	1.964050	
188	0.998935	-0.000981	0.924988	0.000981	0.998935	0.818542	
189	1.002054	-0.001253	-0.348022	0.001253	1.002054	0.253723	
190	0.997445	-0.001078	2.839905	0.001078	0.997445	1.357300	
191	0.995998	-0.002172	4.180237	0.002172	0.995998	1.792603	
192	1.000141	-0.000309	-0.020874	0.000309	1.000141	-0.144958	
193	0.996665	0.001058	0.544678	-0.001058	0.996665	3.015686	
194	0.998342	0.001015	1.296509	-0.001015	0.998342	1.689819	
195	0.995143	0.002699	-0.129028	-0.002699	0.995143	4.612122	
196	0.995645	0.001241	2.664978	-0.001241	0.995645	1.579468	
197	0.995645	0.001241	2.664978	-0.001241	0.995645	1.579468	
198	0.998584	0.001202	-1.796448	-0.001202	0.998584	-0.766479	
199	0.998584	0.001202	-1.796448	-0.001202	0.998584	-0.766479	
200	0.995763	0.002133	0.395996	-0.002133	0.995763	2.362976	
201	0.995798	-0.003791	8.000244	0.003791	0.995798	0.389526	
202	0.997364	-0.003393	4.901062	0.003393	0.997364	-0.778320	
203	0.994883	-0.000242	5.231689	0.000242	0.994883	4.419556	
204	0.999697	0.001665	0.478699	-0.001665	0.999697	1.831421	
205	0.999885	-0.000022	1.290955	0.000022	0.999885	1.181580	
206	0.999368	-0.000040	1.040161	0.000040	0.999368	0.979126	
207	0.999368	-0.000040	1.040161	0.000040	0.999368	0.979126	
208	1.001361	0.000031	-1.577698	-0.000031	1.001361	-0.382629	
209	0.999632	0.000955	2.200867	-0.000955	0.999632	2.061951	
210	0.999318	-0.000019	-0.105957	0.000019	0.999318	1.533508	
211	0.997483	-0.003795	5.948486	0.003795	0.997483	0.505249	
212	0.997665	-0.000628	3.052734	0.000628	0.997665	2.189880	
213	0.996695	0.000293	2.598694	-0.000293	0.996695	3.689148	
214	0.998444	-0.000356	1.779297	0.000356	0.998444	1.390503	
215	0.995471	0.002079	2.766846	-0.002079	0.995471	5.435425	
216	0.998700	-0.001220	2.076355	0.001220	0.998700	0.639221	
217	0.991596	-0.001089	9.993713	0.001089	0.991596	5.855469	
218	0.996601	-0.000758	4.630737	0.000758	0.996601	2.335571	
219	0.991812	-0.003225	11.090515	0.003225	0.991812	4.262878	
220	0.996171	-0.000840	5.994324	0.000840	0.996171	2.814087	
221	0.989291	-0.002312	14.653564	0.002312	0.989291	6.608215	
222	0.996027	-0.001402	6.206970	0.001402	0.996027	2.090210	
223	0.995687	-0.001032	7.103333	0.001032	0.995687	3.349792	
224	0.995902	-0.000853	6.146851	0.000853	0.995902	2.641357	
225	0.995518	0.005935	2.577942	-0.005935	0.995518	8.853821	
226	0.996998	0.002925	2.471130	-0.002925	0.996998	5.565430	
227	0.993662	0.004563	4.815979	-0.004563	0.993662	9.450134	
228	0.997508	0.003655	1.319214	-0.003655	0.997508	5.960938	
229	0.994015	0.000443	10.932739	-0.000443	0.994015	4.152161	
230	0.996186	-0.002604	8.325562	0.002604	0.996186	0.862915	
231	0.996186	-0.002604	8.325562	0.002604	0.996186	0.862915	
232	0.997759	0.000215	14.225281	-0.000215	0.997759	0.766174	
233	0.997759	0.000215	14.225281	-0.000215	0.997759	0.766174	
234	0.997759	0.000215	14.225281	-0.000215	0.997759	0.766174	
235	0.997759	0.000215	14.225281	-0.000215	0.997759	0.766174	
236	0.991689	-0.001798	15.754089	0.001798	0.991689	1.854736	
237	0.996505	0.000655	6.978394	-0.000655	0.996505	2.220520	
238	0.996505	0.000655	6.978394	-0.000655	0.996505	2.220520	
239	0.987924	-0.001681	14.322632	0.001681	0.987924	5.429565	
240	0.990900	-0.003852	13.964050	0.003852	0.990900	3.651733	
241	0.992954	-0.002050	8.527283	0.002050	0.992954	3.640320	
242	0.992954	-0.002050	8.527283	0.002050	0.992954	3.640320	
243	0.993762	-0.001455	6.834473	0.001455	0.993762	4.240295	
244	0.993762	-0.001455	6.834473	0.001455	0.993762	4.240295	
245	0.994371	-0.002661	6.209839	0.002661	0.994371	0.414490	
246	0.994371	-0.002661	6.209839	0.002661	0.994371	0.414490	
247	0.995870	0.003514	3.284058	-0.003514	0.995870	4.173706	
248	0.995870	0.003514	3.284058	-0.003514	0.995870	4.173706	
249	0.996582	-0.001370	7.158020	0.001370	0.996582	1.440063	
250	0.996582	-0.001370	7.158020	0.001370	0.996582	1.440063	
251	0.993959	-0.001308	7.070496	0.001308	0.993959	2.607971	
252	0.993959	-0.001308	7.070496	0.001308	0.993959	2.607971	
253	0.993258	-0.004851	9.176514	0.004851	0.993258	-0.735352	
254	0.993258	-0.004851	9.176514	0.004851	0.993258	-0.735352	
255	0.993951	0.008304	-2.728333	-0.008304	0.993951	14.335510	
256	1.000647	0.015370	-12.704834	-0.015370	1.000647	17.260254	
257	0.999498	0.003420	-3.487793	-0.003420	0.999498	3.099304	
258	0.999498	0.003420	-3.487793	-0.003420	0.999498	3.099304	
259	0.992531	0.003478	4.618530	-0.003478	0.992531	6.145752	
260	0.992531	0.003478	4.618530	-0.003478	0.992531	6.145752	
261	0.998929	-0.003652	1.108521	0.003652	0.998929	-3.874512	
262	0.998929	-0.003652	1.108521	0.003652	0.998929	-3.874512	
263	0.992657	-0.000489	4.156799	0.000489	0.992657	4.542664	
264	0.992657	-0.000489	4.156799	0.000489	0.992657	4.542664	
265	0.988668	-0.002711	8.657715	0.002711	0.988668	6.477478	
266	0.988668	-0.002711	8.657715	0.002711	0.988668	6.477478	
267	0.979611	-0.005631	18.043030	0.005631	0.979611	9.929321	
268	0.979611	-0.005631	18.043030	0.005631	0.979611	9.929321	
269	0.987904	0.001082	6.731384	-0.001082	0.987904	8.447632	
270	0.987904	0.001082	6.731384	-0.001082	0.987904	8.447632	
271	0.993837	-0.002804	2.455933	0.002804	0.993837	-1.617981	
272	0.993837	-0.002804	2.455933	0.002804	0.993837	-1.617981	
273	0.999723	-0.001757	-3.364258	0.001757	0.999723	-2.709167	
274	0.999723	-0.001757	-3.364258	0.001757	0.999723	-2.709167	
275	0.995461	-0.002326	5.036743	0.002326	0.995461	1.188721	
276	0.995461	-0.002326	5.036743	0.002326	0.995461	1.188721	
277	0.991801	0.008698	-1.627869	-0.008698	0.991801	13.712646	
278	0.991801	0.008698	-1.627869	-0.008698	0.991801	13.712646	
279	0.995273	0.002828	1.037903	-0.002828	0.995273	6.752502	
280	0.991378	0.002797	2.335815	-0.002797	0.991378	8.181885	
281	0.996123	0.001430	1.943970	-0.001430	0.996123	3.008728	
282	0.996123	0.001430	1.943970	-0.001430	0.996123	3.008728	
283	0.999144	-0.000576	-0.641602	0.000576	0.999144	-1.678101	
284	0.999144	-0.000576	-0.641602	0.000576	0.999144	-1.678101	
285	1.001182	0.000373	-2.577637	-0.000373	1.001182	-2.464294	
286	0.996218	0.001643	1.378723	-0.001643	0.996218	4.040527	
287	0.999395	0.002243	-1.634460	-0.002243	0.999395	2.003296	
288	0.998166	0.005144	-3.337341	-0.005144	0.998166	5.058350	
289	1.000384	0.000226	-1.893738	-0.000226	1.000384	-0.072266	
290	0.999482	0.001365	-1.347534	-0.001365	0.999482	1.502686	
291	0.999845	-0.000217	-0.897400	0.000217	0.999845	0.343994	
292	0.996233	0.001989	-0.853821	-0.001989	0.996233	5.022522	
293	0.999099	-0.001199	0.517151	0.001199	0.999099	-0.042725	
294	0.999099	-0.001199	0.517151	0.001199	0.999099	-0.042725	
295	0.998293	-0.002866	1.886536	0.002866	0.998293	-0.355774	
296	0.998293	-0.002866	1.886536	0.002866	0.998293	-0.355774	
297	0.998530	-0.000506	-1.256653	0.000506	0.998530	1.755859	
298	0.998530	-0.000506	-1.256653	0.000506	0.998530	1.755859	
299	0.998965	0.009323	-8.760559	-0.009323	0.998965	9.863464	
300	0.998965	0.009323	-8.760559	-0.009323	0.998965	9.863464	
301	1.000294	0.002438	-5.686157	-0.002438	1.000294	1.858887	
302	1.000294	0.002438	-5.686157	-0.002438	1.000294	1.858887	
303	1.004944	0.005183	-12.595581	-0.005183	1.004944	-0.191650	
304	1.004944	0.005183	-12.595581	-0.005183	1.004944	-0.191650	
305	1.012094	0.003901	-18.557678	-0.003901	1.012094	-4.754700	
306	1.012094	0.003901	-18.557678	-0.003901	1.012094	-4.754700	
307	1.000882	0.000506	-3.202637	-0.000506	1.000882	-0.218750	
308	0.999571	-0.000463	-3.282349	0.000463	0.999571	-0.108643	
309	0.999018	-0.000575	-0.263428	0.000575	0.999018	0.302368	
310	1.007019	0.010262	-18.717712	-0.010262	1.007019	6.950562	
311	1.002742	0.002981	-7.541504	-0.002981	1.002742	1.944458	
312	1.004787	0.006529	-14.386963	-0.006529	1.004787	3.990417	
313	1.002663	-0.000068	-5.383484	0.000068	1.002663	-2.370911	
314	1.006350	-0.005100	-8.474121	0.005100	1.006350	-11.312927	
315	0.999396	-0.004440	0.559998	0.004440	0.999396	-3.621460	
316	0.999396	-0.004440	0.559998	0.004440	0.999396	-3.621460	
317	0.997539	-0.000699	0.458374	0.000699	0.997539	1.709351	
318	0.997539	-0.000699	0.458374	0.000699	0.997539	1.709351	
319	1.003097	0.004242	-8.852783	-0.004242	1.003097	2.596985	
320	1.003097	0.004242	-8.852783	-0.004242	1.003097	2.596985	
321	0.997821	-0.000195	-0.285828	0.000195	0.997821	1.206116	
322	0.997821	-0.000195	-0.285828	0.000195	0.997821	1.206116	
323	0.998861	-0.000283	0.119385	0.000283	0.998861	0.856079	
324	0.998861	-0.000283	0.119385	0.000283	0.998861	0.856079	
325	1.003991	0.012182	-13.497192	-0.012182	1.003991	8.300781	
326	1.003991	0.012182	-13.497192	-0.012182	1.003991	8.300781	
327	1.003857	-0.000567	-4.772095	0.000567	1.003857	-3.673462	
328	1.003857	-0.000567	-4.772095	0.000567	1.003857	-3.673462	
329	0.993697	0.001398	2.540894	-0.001398	0.993697	6.448181	
330	0.993697	0.001398	2.540894	-0.001398	0.993697	6.448181	
331	1.005193	0.003340	-8.660034	-0.003340	1.005193	-0.879272	
332	1.005193	0.003340	-8.660034	-0.003340	1.005193	-0.879272	
333	1.002194	-0.001227	-0.429932	0.001227	1.002194	-1.777405	
334	1.002194	-0.001227	-0.429932	0.001227	1.002194	-1.777405	
335	0.999381	-0.000002	-0.223511	0.000002	0.999381	0.670288	
336	0.999381	-0.000002	-0.223511	0.000002	0.999381	0.670288	
337	1.002199	-0.005182	-0.092834	0.005182	1.002199	-6.260864	
338	1.002199	-0.005182	-0.092834	0.005182	1.002199	-6.260864	
339	1.002199	-0.005182	-0.092834	0.005182	1.002199	-6.260864	
340	1.002199	-0.005182	-0.092834	0.005182	1.002199	-6.260864	
341	1.004650	0.000486	-5.723572	-0.000486	1.004650	-3.363831	
342	1.004650	0.000486	-5.723572	-0.000486	1.004650	-3.363831	
343	1.009257	0.000662	-7.247131	-0.000662	1.009257	-6.878540	
344	1.009257	0.000662	-7.247131	-0.000662	1.009257	-6.878540	
345	0.999078	-0.000004	1.597168	0.000004	0.999078	1.385986	
346	0.999078	-0.000004	1.597168	0.000004	0.999078	1.385986	
347	1.005179	-0.001229	-3.495361	0.001229	1.005179	-5.518738	
348	1.005179	-0.001229	-3.495361	0.001229	1.005179	-5.518738	
349	1.006436	0.001292	-5.756775	-0.001292	1.006436	-1.717346	
350	1.006436	0.001292	-5.756775	-0.001292	1.006436	-1.717346	
351	1.000992	0.001490	-3.662109	-0.001490	1.000992	0.708191	
352	1.000992	0.001490	-3.662109	-0.001490	1.000992	0.708191	
353	1.004757	-0.001057	-4.569214	0.001057	1.004757	-5.409363	
354	1.004757	-0.001057	-4.569214	0.001057	1.004757	-5.409363	
355	0.998425	0.000917	-1.680542	-0.000917	0.998425	2.183228	
356	0.998425	0.000917	-1.680542	-0.000917	0.998425	2.183228	
357	1.001959	-0.001690	-2.594360	0.001690	1.001959	-3.520142	
358	1.011032	-0.005111	-10.905518	0.005111	1.011032	-12.312195	
359	0.996556	0.000454	0.833618	-0.000454	0.996556	1.717651	
360	0.996556	0.000454	0.833618	-0.000454	0.996556	1.717651	
361	1.000016	-0.000309	1.009521	0.000309	1.000016	-0.139526	
362	1.000016	-0.000309	1.009521	0.000309	1.000016	-0.139526	
363	1.005482	-0.000967	-4.414917	0.000967	1.005482	-6.394165	
364	1.005482	-0.000967	-4.414917	0.000967	1.005482	-6.394165	
365	1.001122	0.001200	-0.453857	-0.001200	1.001122	0.909790	
366	1.001122	0.001200	-0.453857	-0.001200	1.001122	0.909790	
367	0.999958	0.002430	-3.455933	-0.002430	0.999958	0.871399	
368	1.000455	-0.007032	-0.668030	0.007032	1.000455	-8.575745	
369	1.004559	-0.002385	-2.296326	0.002385	1.004559	-5.689819	
370	1.004559	-0.002385	-2.296326	0.002385	1.004559	-5.689819	
371	0.999776	0.000491	0.375122	-0.000491	0.999776	-0.132202	
372	1.004743	0.001344	-7.552124	-0.001344	1.004743	-0.949768	
373	1.002218	0.001901	-2.652832	-0.001901	1.002218	-0.637939	
374	1.002218	0.001901	-2.652832	-0.001901	1.002218	-0.637939	
375	1.000891	0.002408	-2.978455	-0.002408	1.000891	0.384338	
376	1.000891	0.002408	-2.978455	-0.002408	1.000891	0.384338	
377	0.999833	-0.001551	-3.541809	0.001551	0.999833	-0.824219	
378	0.998635	-0.004158	-2.875366	0.004158	0.998635	-3.994019	
379	0.999983	-0.004827	0.111267	0.004827	0.999983	-4.689087	
380	0.999983	-0.004827	0.111267	0.004827	0.999983	-4.689087	
381	1.000705	-0.000015	-4.348816	0.000015	1.000705	-0.426758	
382	1.000705	-0.000015	-4.348816	0.000015	1.000705	-0.426758	
383	1.000978	-0.000735	-3.690796	0.000735	1.000978	-1.411316	
384	0.995030	0.001297	-3.983459	-0.001297	0.995030	0.444824	
385	1.000872	0.001786	-4.172791	-0.001786	1.000872	0.142578	
386	1.000872	0.001786	-4.172791	-0.001786	1.000872	0.142578	
387	0.997813	-0.000896	-0.569153	0.000896	0.997813	0.525452	
388	0.997813	-0.000896	-0.569153	0.000896	0.997813	0.525452	
389	0.994856	-0.000978	2.625977	0.000978	0.994856	0.931580	
390	0.994856	-0.000978	2.625977	0.000978	0.994856	0.931580	
391	0.997757	0.000129	0.175049	-0.000129	0.997757	1.046387	
392	0.997757	0.000129	0.175049	-0.000129	0.997757	1.046387	
393	0.996598	-0.003960	2.773132	0.003960	0.996598	-0.783325	
394	0.990225	-0.001791	6.156250	0.001791	0.990225	4.243652	
395	0.996637	-0.003190	2.582336	0.003190	0.996637	-1.151062	
396	0.990087	-0.000740	5.347961	0.000740	0.990087	3.794006	
397	0.996773	0.000578	2.286499	-0.000578	0.996773	2.606934	
398	0.989683	-0.000073	6.043945	0.000073	0.989683	6.331421	
399	0.995480	-0.000698	3.520630	0.000698	0.995480	1.317627	
400	0.992820	0.003012	3.064697	-0.003012	0.992820	7.486877	
401	0.995972	0.000504	1.567383	-0.000504	0.995972	1.733826	
402	0.989750	0.000971	6.563965	-0.000971	0.989750	6.525330	
403	0.996333	0.001441	1.777832	-0.001441	0.996333	3.429199	
404	0.993218	0.000635	3.716736	-0.000635	0.993218	5.562256	
405	0.995360	-0.003359	3.840332	0.003359	0.995360	0.374634	
406	0.992042	0.001247	4.287659	-0.001247	0.992042	6.249207	
407	0.997541	0.003434	-0.417725	-0.003434	0.997541	3.738770	
408	0.987105	0.000977	7.180542	-0.000977	0.987105	10.403809	
409	0.995098	0.002554	1.166992	-0.002554	0.995098	5.767822	
410	0.995098	0.002554	1.166992	-0.002554	0.995098	5.767822	
411	0.994987	0.001796	1.539368	-0.001796	0.994987	5.844849	
412	0.993171	0.000507	3.256409	-0.000507	0.993171	5.034180	
413	0.994311	-0.004005	5.395935	0.004005	0.994311	0.492371	
414	0.996356	-0.005331	4.323364	0.005331	0.996356	-1.663818	
415	0.998758	-0.001926	1.897644	0.001926	0.998758	-0.607361	
416	0.999412	-0.002691	-0.837341	0.002691	0.999412	-1.888977	
417	0.998655	0.000325	-0.286255	-0.000325	0.998655	1.120789	
418	0.994478	0.002272	-0.066223	-0.002272	0.994478	5.061462	
419	1.002052	-0.000551	-2.446960	0.000551	1.002052	-1.168213	
420	1.002052	-0.000551	-2.446960	0.000551	1.002052	-1.168213	
421	0.999967	0.000904	-2.559875	-0.000904	0.999967	0.751770	
422	0.999122	0.000258	-2.213257	-0.000258	0.999122	0.803284	
423	0.997886	0.000303	-1.501709	-0.000303	0.997886	2.011230	
424	0.998330	0.001267	-2.061096	-0.001267	0.998330	3.392395	
425	0.999548	0.000763	-2.285095	-0.000763	0.999548	1.714111	
426	0.999588	-0.001035	-2.420959	0.001035	0.999588	0.426575	
427	1.000486	-0.000642	-1.832947	0.000642	1.000486	-0.351624	
428	0.999197	-0.000916	-1.343689	0.000916	0.999197	0.605591	
429	0.999037	0.000288	-1.312439	-0.000288	0.999037	1.093140	
430	0.999920	0.000508	-1.303894	-0.000508	0.999920	0.246704	
431	0.998489	0.001448	-0.294922	-0.001448	0.998489	1.868896	
432	0.999056	-0.000077	-0.530029	0.000077	0.999056	0.152161	
433	0.998645	0.000965	-0.121643	-0.000965	0.998645	1.531006	
434	0.999321	-0.000761	-0.381409	0.000761	0.999321	-0.237305	
435	0.998794	-0.000801	0.333496	0.000801	0.998794	-0.467407	
436	0.997982	0.000315	-0.258423	-0.000315	0.997982	0.751343	
437	0.999032	0.000183	0.067871	-0.000183	0.999032	0.309509	
438	0.998213	0.002890	-1.349854	-0.002890	0.998213	1.108582	
439	0.998455	0.001192	0.430115	-0.001192	0.998455	0.679382	
440	0.997363	0.001986	0.738220	-0.001986	0.997363	1.360596	
441	0.999165	-0.000215	1.486633	0.000215	0.999165	-0.449097	
442	0.997033	0.002272	1.432831	-0.002272	0.997033	1.472229	
443	0.999881	-0.000991	0.986633	0.000991	0.999881	-1.162598	
444	0.998500	0.001312	-0.995422	-0.001312	0.998500	0.274048	
445	0.999368	0.000616	0.415161	-0.000616	0.999368	-0.146118	
446	0.998542	0.002250	0.635620	-0.002250	0.998542	0.152954	
447	1.000045	0.000197	0.138611	-0.000197	1.000045	-1.067017	
448	1.001143	-0.001409	1.318604	0.001409	1.001143	-3.747986	
449	0.999301	0.000181	0.704834	-0.000181	0.999301	-0.529663	
450	1.001851	0.001752	-1.877563	-0.001752	1.001851	-2.865295	
451	1.000466	0.001067	-0.242737	-0.001067	1.000466	-2.247986	
452	1.002184	-0.002329	2.417114	0.002329	1.002184	-8.936890	
453	1.000078	-0.001974	1.559387	0.001974	1.000078	-3.707764	
454	1.000078	-0.001974	1.559387	0.001974	1.000078	-3.707764	
455	1.004287	0.004269	-4.676270	-0.004269	1.004287	-1.932678	
456	1.002344	-0.006996	4.582794	0.006996	1.002344	-8.451355	
457	1.001300	-0.000196	0.132568	0.000196	1.001300	-2.581970	
458	1.002881	-0.000940	0.505280	0.000940	1.002881	-4.465515	
459	0.999338	-0.000309	0.987549	0.000309	0.999338	-0.764526	
460	0.999327	-0.001367	2.172119	0.001367	0.999327	-1.838745	
461	1.000199	-0.000226	0.776245	0.000226	1.000199	-0.934692	
462	0.997070	0.000496	2.879639	-0.000496	0.997070	0.829590	
463	0.999473	-0.000405	0.588928	0.000405	0.999473	-0.452332	
464	0.999164	-0.001229	2.676697	0.001229	0.999164	-1.497742	
465	0.999884	-0.000363	0.457703	0.000363	0.999884	-0.489685	
466	1.003132	-0.001300	-1.187866	0.001300	1.003132	-4.309448	
467	0.999894	-0.000032	0.379944	0.000032	0.999894	-0.095337	
468	0.994246	-0.002304	5.483643	0.002304	0.994246	1.752441	
469	0.999925	-0.000375	0.210266	0.000375	0.999925	-0.530518	
470	1.000091	-0.000812	0.150024	0.000812	1.000091	-0.984497	
471	1.000485	0.000102	-0.326965	-0.000102	1.000485	-0.658264	
472	1.000193	0.000082	-0.507507	-0.000082	1.000193	-0.771973	
473	0.999826	-0.000317	0.217407	0.000317	0.999826	-0.352966	
474	1.000380	-0.004455	3.054626	0.004455	1.000380	-1.460205	
475	0.999774	-0.000730	0.556274	0.000730	0.999774	-0.077454	
476	0.999825	-0.000693	0.079102	0.000693	0.999825	-0.009766	
477	0.999935	-0.000394	0.120605	0.000394	0.999935	-0.112305	
478	0.999418	0.000303	0.302368	-0.000303	0.999418	1.231140	
479	0.999793	-0.000485	0.470703	0.000485	0.999793	0.098633	
480	0.999654	-0.000002	0.386597	0.000002	0.999654	0.803528	
481	1.000141	0.000213	-0.141602	-0.000213	1.000141	0.213135	
482	1.000299	-0.000732	0.665833	0.000732	1.000299	-0.752808	
483	1.000122	-0.000983	0.397339	0.000983	1.000122	-0.649048	
484	1.002336	0.000471	-1.514160	-0.000471	1.002336	-1.385803	
485	1.000218	-0.000674	0.267029	0.000674	1.000218	-0.604614	
486	1.000052	-0.001961	1.230103	0.001961	1.000052	-1.777100	
487	1.000135	0.000926	-0.295227	-0.000926	1.000135	0.802490	
488	0.998867	0.002601	-0.655334	-0.002601	0.998867	3.594543	
489	0.999534	0.001821	-0.622986	-0.001821	0.999534	2.118652	
490	0.999765	0.000622	0.537964	-0.000622	0.999765	1.081238	
491	0.999179	0.002310	-0.386841	-0.002310	0.999179	2.226013	
492	0.999405	0.001463	0.855347	-0.001463	0.999405	1.674622	
493	0.999878	0.001346	-0.239685	-0.001346	0.999878	1.080261	
494	1.000085	-0.001728	1.453674	0.001728	1.000085	-0.520447	
495	1.000390	-0.000260	0.258850	0.000260	1.000390	-0.494934	
496	0.999897	0.000700	0.528503	-0.000700	0.999897	1.282166	
497	0.999589	0.000932	0.379272	-0.000932	0.999589	1.027039	
498	0.999609	0.002551	-0.121704	-0.002551	0.999609	2.765991	
499	1.000159	0.000936	-0.171875	-0.000936	1.000159	1.389709	
500	0.997956	0.005081	0.420349	-0.005081	0.997956	5.878357	
501	0.999324	0.002586	-0.000244	-0.002586	0.999324	2.870300	
502	0.999965	0.001963	0.536072	-0.001963	0.999965	2.243835	
503	1.000519	-0.000288	0.954102	0.000288	1.000519	-0.065308	
504	1.000280	0.000623	2.200134	-0.000623	1.000280	0.584534	
505	1.000338	0.000251	0.549683	-0.000251	1.000338	0.254150	
506	1.001900	-0.007366	5.531799	0.007366	1.001900	-4.374756	
507	1.000514	-0.001564	1.389038	0.001564	1.000514	-0.817871	
508	1.001881	-0.003472	2.270569	0.003472	1.001881	-1.516174	
509	1.000409	-0.001659	0.991638	0.001659	1.000409	-0.081360	
510	1.000853	0.000593	0.975098	-0.000593	1.000853	3.512146	
511	0.999961	-0.001343	1.160400	0.001343	0.999961	1.188354	
512	0.999876	0.000446	2.980896	-0.000446	0.999876	3.161804	
513	0.999893	0.000682	0.933228	-0.000682	0.999893	2.064392	
514	1.000768	0.002300	2.408875	-0.002300	1.000768	4.229065	
515	1.000109	-0.000469	2.296509	0.000469	1.000109	1.859253	
516	0.999577	-0.002641	3.499512	0.002641	0.999577	4.051880	
517	0.999902	-0.000852	1.523682	0.000852	0.999902	2.726440	
518	0.998488	-0.001833	3.388428	0.001833	0.998488	5.400024	
519	1.000106	0.000133	0.833252	-0.000133	1.000106	2.383362	
520	0.998959	-0.000570	2.439453	0.000570	0.998959	5.131104	
521	0.999519	-0.001011	1.467896	0.001011	0.999519	2.000610	
522	0.998692	-0.001336	3.866516	0.001336	0.998692	4.276062	
523	0.999710	0.001352	0.653564	-0.001352	0.999710	2.715210	
524	0.999502	0.000551	2.267761	-0.000551	0.999502	4.414429	
525	1.000046	-0.000264	0.789062	0.000264	1.000046	1.500549	
526	1.000696	0.000993	1.443237	-0.000993	1.000696	3.172180	
527	0.999809	-0.000414	0.605652	0.000414	0.999809	1.163696	
528	1.003315	-0.000376	0.004089	0.000376	1.003315	-0.326538	
529	1.000085	0.000333	0.088257	-0.000333	1.000085	1.698914	
530	1.000136	0.000008	0.961304	-0.000008	1.000136	3.341492	
531	0.999806	0.001797	-0.137329	-0.001797	0.999806	3.463135	
532	1.002437	-0.000426	-1.183777	0.000426	1.002437	3.188538	
533	0.999447	0.000301	0.859619	-0.000301	0.999447	2.094482	
534	1.000010	0.001086	1.212524	-0.001086	1.000010	3.611084	
535	1.000804	0.002230	-2.012573	-0.002230	1.000804	1.873291	
536	0.998652	-0.006717	5.083374	0.006717	0.998652	-4.454590	
537	1.001154	-0.001685	-0.608887	0.001685	1.001154	-2.144226	
538	0.999723	0.002662	-1.504822	-0.002662	0.999723	1.724548	
539	1.000263	-0.001673	-1.753235	0.001673	1.000263	-2.339111	
540	1.000263	-0.001673	-1.753235	0.001673	1.000263	-2.339111	
541	1.001403	-0.001035	-1.496460	0.001035	1.001403	-1.694885	
542	1.001403	-0.001035	-1.496460	0.001035	1.001403	-1.694885	
543	0.998906	0.001736	-1.080505	-0.001736	0.998906	2.232727	
544	1.003810	-0.000753	-3.047485	0.000753	1.003810	-2.670044	
545	1.001763	0.000789	-2.470398	-0.000789	1.001763	-0.614685	
546	0.997014	0.002554	-0.098206	-0.002554	0.997014	4.204773	
547	1.001714	0.001140	-2.601501	-0.001140	1.001714	-0.693359	
548	0.999893	0.000737	-0.036255	-0.000737	0.999893	0.274963	
549	1.000008	0.000193	-0.525330	-0.000193	1.000008	0.290344	
550	1.003100	0.002899	-5.362061	-0.002899	1.003100	-0.736450	
551	0.999841	0.001118	-0.276184	-0.001118	0.999841	1.503296	
552	0.999841	0.001118	-0.276184	-0.001118	0.999841	1.503296	
553	1.000037	0.001852	-1.152100	-0.001852	1.000037	3.046875	
554	0.999031	0.003366	-1.086609	-0.003366	0.999031	6.577881	
555	0.999844	0.003619	-2.503418	-0.003619	0.999844	3.049988	
556	0.997923	0.002448	-1.005676	-0.002448	0.997923	3.447205	
557	1.000054	0.001064	-1.279663	-0.001064	1.000054	-0.090271	
558	1.002438	-0.007412	1.909729	0.007412	1.002438	-9.379150	
559	1.002134	-0.002675	-0.987854	0.002675	1.002134	-5.459351	
560	1.004045	-0.003483	-1.788574	0.003483	1.004045	-9.290405	
561	1.002360	-0.000631	-3.214905	0.000631	1.002360	-3.324768	
562	1.002360	-0.000631	-3.214905	0.000631	1.002360	-3.324768	
563	1.002213	-0.001110	-2.555359	0.001110	1.002213	-2.978821	
564	1.002213	-0.001110	-2.555359	0.001110	1.002213	-2.978821	
565	1.002611	0.001667	-3.145630	-0.001667	1.002611	0.161011	
566	0.999221	-0.001682	2.679138	0.001682	0.999221	-1.138245	
567	1.000860	0.000807	-1.183594	-0.000807	1.000860	0.028259	
568	1.002406	0.002012	-1.737732	-0.002012	1.002406	-0.912354	
569	1.001655	0.000721	-1.451782	-0.000721	1.001655	-1.111267	
570	1.002260	-0.000944	-1.249878	0.000944	1.002260	-2.794800	
571	1.005062	-0.002902	-1.644897	0.002902	1.005062	-7.533020	
572	1.002097	-0.000606	-0.710938	0.000606	1.002097	-3.022766	
573	1.002097	-0.000606	-0.710938	0.000606	1.002097	-3.022766	
574	1.001223	0.001331	-1.024658	-0.001331	1.001223	2.086060	
575	1.003170	0.000009	-2.652100	-0.000009	1.003170	-1.239624	
576	1.001038	-0.000027	-0.436890	0.000027	1.001038	-1.145447	
577	1.001038	-0.000027	-0.436890	0.000027	1.001038	-1.145447	
578	1.002279	0.000663	-1.878357	-0.000663	1.002279	-1.815369	
579	1.002279	0.000663	-1.878357	-0.000663	1.002279	-1.815369	
580	1.003259	0.004273	-5.029480	-0.004273	1.003259	3.826111	
581	1.003927	0.004588	-4.319519	-0.004588	1.003927	3.643799	
582	1.002615	0.000267	-1.224731	-0.000267	1.002615	-2.280212	
583	1.003148	0.002509	-0.868408	-0.002509	1.003148	-2.572998	
584	1.001966	0.001096	-0.571472	-0.001096	1.001966	-1.167480	
585	1.001966	0.001096	-0.571472	-0.001096	1.001966	-1.167480	
586	1.003862	0.001795	-3.761414	-0.001795	1.003862	0.825806	
587	1.003862	0.001795	-3.761414	-0.001795	1.003862	0.825806	
588	1.003245	-0.001234	-1.830078	0.001234	1.003245	-4.269470	
589	1.003245	-0.001234	-1.830078	0.001234	1.003245	-4.269470	
590	1.004182	0.000867	-2.955383	-0.000867	1.004182	-2.389771	
591	1.008227	0.005547	-10.000549	-0.005547	1.008227	-0.386963	
592	1.005093	0.001618	-4.468384	-0.001618	1.005093	-2.048462	
593	1.010449	0.002414	-8.792114	-0.002414	1.010449	-5.976746	
594	1.003798	0.001071	-3.065979	-0.001071	1.003798	-2.226929	
595	1.000728	0.001967	0.325378	-0.001967	1.000728	1.118896	
596	1.003566	0.001599	-3.397705	-0.001599	1.003566	0.381775	
597	1.003566	0.001599	-3.397705	-0.001599	1.003566	0.381775	
598	1.004386	-0.000365	-2.676392	0.000365	1.004386	-3.917175	
599	1.009289	0.001628	-9.259460	-0.001628	1.009289	-7.273254	
600	1.005104	-0.000966	-4.223450	0.000966	1.005104	-5.344238	
601	1.005104	-0.000966	-4.223450	0.000966	1.005104	-5.344238	
602	1.004163	0.000342	-4.069824	-0.000342	1.004163	-1.739014	
603	1.000190	-0.000102	4.133789	0.000102	1.000190	-1.131592	
604	1.006710	0.000441	-7.259888	-0.000441	1.006710	-4.715454	
605	1.004705	0.006664	-7.712524	-0.006664	1.004705	3.299072	
606	1.003890	-0.000336	-3.122192	0.000336	1.003890	-2.710144	
607	1.003890	-0.000336	-3.122192	0.000336	1.003890	-2.710144	
608	1.003605	-0.000298	-3.426697	0.000298	1.003605	-2.178284	
609	1.007895	-0.000744	-7.344788	0.000744	1.007895	-6.981140	
610	1.004531	-0.000916	-4.867920	0.000916	1.004531	-4.812500	
611	1.004531	-0.000916	-4.867920	0.000916	1.004531	-4.812500	
612	1.004729	0.001028	-6.079712	-0.001028	1.004729	-1.801025	
613	1.008471	-0.000160	-12.111938	0.000160	1.008471	-4.042114	
614	1.000906	0.000555	-1.739746	-0.000555	1.000906	0.011292	
615	1.010317	0.002434	-14.416138	-0.002434	1.010317	-6.439209	
616	1.002897	0.001310	-5.836914	-0.001310	1.002897	-0.678772	
617	1.002897	0.001310	-5.836914	-0.001310	1.002897	-0.678772	
618	1.000372	-0.000365	-0.209656	0.000365	1.000372	-0.248596	
619	0.999554	0.000675	-4.481995	-0.000675	0.999554	1.226929	
620	1.003517	0.000593	-6.896057	-0.000593	1.003517	-2.146240	
621	1.009990	-0.002830	-15.820557	0.002830	1.009990	-10.904175	
622	1.000169	0.002117	-4.843567	-0.002117	1.000169	1.988098	
623	1.000169	0.002117	-4.843567	-0.002117	1.000169	1.988098	
624	0.998003	-0.000484	1.174133	0.000484	0.998003	1.025330	
625	0.998259	0.001830	-4.216736	-0.001830	0.998259	2.720459	
626	1.006782	0.000524	-10.149170	-0.000524	1.006782	-4.523254	
627	1.006782	0.000524	-10.149170	-0.000524	1.006782	-4.523254	
628	0.997791	-0.000434	-1.098999	0.000434	0.997791	2.168518	
629	0.986813	-0.000044	5.358704	0.000044	0.986813	9.870056	
630	0.999927	0.000581	-1.608276	-0.000581	0.999927	0.450500	
631	1.012465	0.000302	-20.636475	-0.000302	1.012465	-7.275818	
632	1.001211	0.000097	-2.723572	-0.000097	1.001211	-0.847168	
633	1.001211	0.000097	-2.723572	-0.000097	1.001211	-0.847168	
634	0.999993	0.000676	-1.530762	-0.000676	0.999993	0.902222	
635	0.998537	0.000680	-2.192810	-0.000680	0.998537	2.561523	
636	0.999914	-0.000919	0.622559	0.000919	0.999914	-0.897522	
637	0.999914	-0.000919	0.622559	0.000919	0.999914	-0.897522	
638	0.999373	0.000802	-0.942871	-0.000802	0.999373	0.857300	
639	0.999373	0.000802	-0.942871	-0.000802	0.999373	0.857300	
640	0.997784	0.000377	0.812927	-0.000377	0.997784	2.397461	
641	1.002439	0.002007	-10.019775	-0.002007	1.002439	-0.513367	
642	1.005450	0.000268	-8.348267	-0.000268	1.005450	-3.632751	
643	1.005450	0.000268	-8.348267	-0.000268	1.005450	-3.632751	
644	1.000783	0.002681	-3.968872	-0.002681	1.000783	2.234253	
645	0.998392	0.000556	-0.773926	-0.000556	0.998392	2.785645	
646	0.998230	-0.000339	1.400208	0.000339	0.998230	1.162292	
647	1.009941	0.002465	-15.772400	-0.002465	1.009941	-4.601013	
648	1.003621	0.001048	-6.542053	-0.001048	1.003621	-1.573975	
649	1.003621	0.001048	-6.542053	-0.001048	1.003621	-1.573975	
650	0.999003	0.001152	-0.468384	-0.001152	0.999003	2.755920	
651	0.995714	0.002973	-1.256531	-0.002973	0.995714	5.167542	
652	0.999572	-0.000790	-0.015381	0.000790	0.999572	-0.428711	
653	0.999572	-0.000790	-0.015381	0.000790	0.999572	-0.428711	
654	1.002789	-0.000025	-6.670532	0.000025	1.002789	-2.242737	
655	1.002789	-0.000025	-6.670532	0.000025	1.002789	-2.242737	
656	0.998447	-0.001647	1.107666	0.001647	0.998447	0.074036	
657	0.998447	-0.001647	1.107666	0.001647	0.998447	0.074036	
658	1.000769	0.000432	-1.845886	-0.000432	1.000769	-0.297852	
659	1.000769	0.000432	-1.845886	-0.000432	1.000769	-0.297852	
660	0.998987	-0.000168	0.088745	0.000168	0.998987	0.974854	
661	1.002308	0.002969	-9.988525	-0.002969	1.002308	3.850769	
662	0.998870	0.000559	0.167175	-0.000559	0.998870	1.642090	
663	1.013638	0.001658	-19.475342	-0.001658	1.013638	-8.778625	
664	1.003938	-0.001158	-5.211426	0.001158	1.003938	-4.001465	
665	1.003938	-0.001158	-5.211426	0.001158	1.003938	-4.001465	
666	0.996960	0.001240	-0.285339	-0.001240	0.996960	4.058899	
667	1.004813	0.001205	-12.108643	-0.001205	1.004813	-1.207703	
668	0.999673	-0.000069	-0.438660	0.000069	0.999673	-0.120789	
669	0.999673	-0.000069	-0.438660	0.000069	0.999673	-0.120789	
670	0.996753	0.000975	0.936707	-0.000975	0.996753	3.666199	
671	0.996753	0.000975	0.936707	-0.000975	0.996753	3.666199	
672	0.997506	-0.000265	-1.199951	0.000265	0.997506	2.435730	
673	1.004350	-0.001344	-8.715576	0.001344	1.004350	-4.496704	
674	1.003747	-0.000802	-5.214111	0.000802	1.003747	-3.844543	
675	1.003747	-0.000802	-5.214111	0.000802	1.003747	-3.844543	
676	1.000356	0.000743	-1.905029	-0.000743	1.000356	0.414673	
677	1.000356	0.000743	-1.905029	-0.000743	1.000356	0.414673	
678	0.998766	-0.000900	0.208313	0.000900	0.998766	0.214844	
679	0.996968	-0.001437	1.400513	0.001437	0.996968	-0.301514	
680	1.001665	0.000845	-3.741821	-0.000845	1.001665	-0.842651	
681	1.001665	0.000845	-3.741821	-0.000845	1.001665	-0.842651	
682	0.997540	-0.000398	2.346863	0.000398	0.997540	1.452026	
683	0.991758	-0.000318	6.746704	0.000318	0.991758	6.133362	
684	1.002383	0.000259	-3.888733	-0.000259	1.002383	-1.370544	
685	1.002383	0.000259	-3.888733	-0.000259	1.002383	-1.370544	
686	1.001886	-0.000479	-3.362061	0.000479	1.001886	-2.209717	
687	1.001886	-0.000479	-3.362061	0.000479	1.001886	-2.209717	
688	1.001147	0.000441	-3.075195	-0.000441	1.001147	0.226746	
689	1.001147	0.000441	-3.075195	-0.000441	1.001147	0.226746	
690	0.999965	-0.000820	-1.120178	0.000820	0.999965	-0.992371	
691	0.999965	-0.000820	-1.120178	0.000820	0.999965	-0.992371	
692	0.996758	0.000840	0.389771	-0.000840	0.996758	3.875854	
693	1.003169	0.001447	-7.710266	-0.001447	1.003169	1.991394	
694	1.000334	0.000578	-2.114258	-0.000578	1.000334	0.817444	
695	0.999893	0.006662	-6.734436	-0.006662	0.999893	3.171936	
696	0.998374	0.000702	-1.672852	-0.000702	0.998374	0.477112	
697	0.998374	0.000702	-1.672852	-0.000702	0.998374	0.477112	
698	0.999796	0.000967	-2.363953	-0.000967	0.999796	1.578796	
699	0.999853	0.002167	-5.536438	-0.002167	0.999853	2.819275	
700	0.999496	0.000336	-1.004333	-0.000336	0.999496	0.359924	
701	0.996268	0.006085	-2.362488	-0.006085	0.996268	7.563965	
702	0.998984	0.002091	-1.393738	-0.002091	0.998984	2.401672	
703	0.995211	0.000996	0.745239	-0.000996	0.995211	4.812683	
704	0.997720	-0.000168	0.783875	0.000168	0.997720	1.972961	
705	1.002244	-0.002773	-2.047241	0.002773	1.002244	-5.029785	
706	1.001435	0.000024	-2.875854	-0.000024	1.001435	-1.648865	
707	0.997141	0.005398	-2.547424	-0.005398	0.997141	7.184753	
708	0.999579	0.001981	-1.819580	-0.001981	0.999579	2.033325	
709	0.995454	0.000937	1.521423	-0.000937	0.995454	4.781006	
710	0.998344	0.000150	1.149780	-0.000150	0.998344	1.794983	
711	0.995553	-0.001414	3.979980	0.001414	0.995553	2.004944	
712	0.999405	0.001060	-1.092834	-0.001060	0.999405	1.287415	
713	0.997440	0.000820	0.835510	-0.000820	0.997440	2.973206	
714	0.997735	0.001368	0.423523	-0.001368	0.997735	3.427917	
715	0.998781	0.003520	-3.291504	-0.003520	0.998781	3.832336	
716	1.000384	-0.000080	-1.138977	0.000080	1.000384	-0.562195	
717	1.005018	0.001806	-8.696899	-0.001806	1.005018	-2.213013	
718	0.998404	0.000420	0.796021	-0.000420	0.998404	1.707458	
719	0.994156	0.002872	-0.076416	-0.002872	0.994156	7.114441	
720	0.998960	0.000195	0.489197	-0.000195	0.998960	1.307922	
721	1.000081	0.007887	-7.202118	-0.007887	1.000081	4.676575	
722	1.000017	0.000500	-0.461182	-0.000500	1.000017	0.103027	
723	1.000454	0.000122	-0.730225	-0.000122	1.000454	-0.281433	
724	0.998383	0.000163	1.041321	-0.000163	0.998383	1.379456	
725	0.994897	0.003856	0.497131	-0.003856	0.994897	7.957336	
726	0.998937	0.000531	0.348877	-0.000531	0.998937	1.446716	
727	0.998380	0.000602	0.548523	-0.000602	0.998380	0.574890	
728	0.999599	0.000199	0.092285	-0.000199	0.999599	-0.287231	
729	0.996599	0.002908	-0.337341	-0.002908	0.996599	3.978149	
730	0.997514	0.000569	1.235718	-0.000569	0.997514	2.484497	
731	0.999786	-0.002107	1.495850	0.002107	0.999786	-1.988281	
732	0.998596	-0.000831	1.679810	0.000831	0.998596	0.482361	
733	0.998096	0.001653	-0.309998	-0.001653	0.998096	1.723633	
734	0.999114	0.000458	0.344666	-0.000458	0.999114	0.690308	
735	0.995289	0.000023	2.952087	-0.000023	0.995289	3.402588	
736	0.998260	-0.000852	1.857056	0.000852	0.998260	0.765015	
737	0.993926	0.005540	2.102173	-0.005540	0.993926	11.140442	
738	0.998721	0.000567	0.353638	-0.000567	0.998721	0.857117	
739	0.999896	0.000762	-0.445190	-0.000762	0.999896	0.100159	
740	1.001827	-0.000687	-2.517639	0.000687	1.001827	-2.223938	
741	0.998319	0.001737	-0.961853	-0.001737	0.998319	2.111145	
742	0.999086	0.000014	0.327881	-0.000014	0.999086	0.090271	
743	1.001619	0.000931	-2.265198	-0.000931	1.001619	-1.713135	
744	1.000327	0.000300	-1.262634	-0.000300	1.000327	-0.650940	
745	0.999797	-0.000572	-0.147156	0.000572	0.999797	-0.725952	
746	0.998876	-0.000024	-0.561218	0.000024	0.998876	0.873962	
747	0.992569	0.001793	6.567688	-0.001793	0.992569	6.299255	
748	0.999986	0.000391	-1.085144	-0.000391	0.999986	-0.231018	
749	1.000120	0.000804	-1.905212	-0.000804	1.000120	-0.521973	
750	0.999790	0.001510	-1.222717	-0.001510	0.999790	0.232056	
751	0.998576	-0.001264	1.098328	0.001264	0.998576	-1.124817	
752	0.998743	0.000313	0.670471	-0.000313	0.998743	0.803284	
753	0.996529	0.001658	0.607422	-0.001658	0.996529	3.760986	
754	0.999403	0.000162	-0.137695	-0.000162	0.999403	-0.256409	
755	1.002944	0.001792	-5.633057	-0.001792	1.002944	-1.586914	
756	0.997744	0.000304	1.528931	-0.000304	0.997744	0.937378	
757	0.993830	-0.000566	5.770020	0.000566	0.993830	4.025635	
758	0.998634	0.000083	0.227661	-0.000083	0.998634	1.029785	
759	0.999036	0.000901	-2.205750	-0.000901	0.999036	1.005188	
760	1.000070	0.000774	-1.888123	-0.000774	1.000070	0.007812	
761	0.998768	0.001755	-1.524902	-0.001755	0.998768	1.919739	
762	0.999404	0.000705	-1.270325	-0.000705	0.999404	1.035522	
763	1.000439	0.000558	-3.667480	-0.000558	1.000439	0.483398	
764	1.000088	-0.000439	-1.289124	0.000439	1.000088	-0.892273	
765	1.000251	-0.001207	-1.518433	0.001207	1.000251	-1.771729	
766	0.999824	0.000813	-1.248108	-0.000813	0.999824	0.439270	
767	0.994873	-0.002758	5.549072	0.002758	0.994873	0.840698	
768	0.999269	0.000811	-0.822327	-0.000811	0.999269	2.313538	
769	0.999895	-0.000130	-2.516968	0.000130	0.999895	0.569702	
770	1.000328	-0.000447	-0.849182	0.000447	1.000328	-0.437195	
771	0.996066	0.002285	0.571838	-0.002285	0.996066	3.715210	
772	1.000249	-0.000104	-0.979065	0.000104	1.000249	-0.885132	
773	0.996371	0.001350	0.643188	-0.001350	0.996371	5.591736	
774	0.998663	-0.000370	0.570557	0.000370	0.998663	0.947571	
775	0.998270	-0.001222	1.093994	0.001222	0.998270	1.059204	
776	0.999999	-0.000130	-0.649658	0.000130	0.999999	-0.081421	
777	1.000571	0.001099	-2.281738	-0.001099	1.000571	0.924927	
778	0.999422	-0.000083	0.049377	0.000083	0.999422	1.234070	
779	1.000270	-0.003566	0.008057	0.003566	1.000270	-1.051392	
780	0.999902	0.000094	-0.441467	-0.000094	0.999902	0.356079	
781	0.999937	-0.000033	-1.092163	0.000033	0.999937	1.022827	
782	1.000198	0.000099	-1.194885	-0.000099	1.000198	-0.086792	
783	1.001854	0.000206	-3.011047	-0.000206	1.001854	-0.409668	
784	0.999629	0.000042	-0.190857	-0.000042	0.999629	1.036865	
785	0.999891	-0.001187	-0.655212	0.001187	0.999891	-0.261475	
786	1.000062	-0.000627	0.215454	0.000627	1.000062	-0.598145	
787	0.999160	0.002676	-0.921265	-0.002676	0.999160	2.079773	
788	1.000056	0.000212	-0.825317	-0.000212	1.000056	0.653992	
789	0.997564	0.000496	1.316895	-0.000496	0.997564	4.162720	
790	0.999352	0.000011	0.195740	-0.000011	0.999352	0.968506	
791	1.010179	0.000321	-4.760254	-0.000321	1.010179	-7.001587	
792	1.000074	0.000089	-0.151428	-0.000089	1.000074	-0.111145	
793	0.998577	0.000922	-0.257874	-0.000922	0.998577	2.379395	
794	0.999865	0.001318	-0.733093	-0.001318	0.999865	0.732971	
795	0.997417	0.001544	0.331787	-0.001544	0.997417	3.806335	
796	0.999716	0.000206	-0.439148	-0.000206	0.999716	0.781555	
797	0.999991	0.000650	-1.212585	-0.000650	0.999991	-0.554443	
798	0.998603	0.000355	0.550354	-0.000355	0.998603	0.856995	
799	1.001675	0.000500	-1.768494	-0.000500	1.001675	-0.179077	
800	0.998923	0.000028	0.148438	-0.000028	0.998923	1.257202	
801	0.999513	0.000527	-0.652039	-0.000527	0.999513	1.519836	
802	1.000179	0.000721	-1.014648	-0.000721	1.000179	0.050842	
803	1.000247	0.001440	-1.673340	-0.001440	1.000247	-0.664673	
804	1.000866	0.000920	-1.468262	-0.000920	1.000866	-0.225830	
805	1.001478	0.000760	-2.639221	-0.000760	1.001478	0.270203	
806	0.999697	0.000555	-0.517517	-0.000555	0.999697	0.967041	
807	0.999319	0.000768	-1.062134	-0.000768	0.999319	0.971558	
808	0.999803	-0.000626	0.109802	0.000626	0.999803	-0.841064	
809	0.997171	-0.000526	1.947815	0.000526	0.997171	1.151855	
810	0.999710	-0.000252	-0.498901	0.000252	0.999710	0.152649	
811	0.999248	-0.003472	1.174988	0.003472	0.999248	-0.164917	
812	0.999955	-0.000210	-0.036804	0.000210	0.999955	-0.034851	
813	1.005859	0.000142	-3.250732	-0.000142	1.005859	-4.673828	
814	1.001032	0.001959	-1.517761	-0.001959	1.001032	0.589783	
815	1.003652	0.002497	-3.291016	-0.002497	1.003652	0.519714	
816	0.999654	0.002418	-2.150391	-0.002418	0.999654	2.384033	
817	1.004518	0.001854	-3.917633	-0.001854	1.004518	-1.993347	
818	1.001074	0.000079	-1.069763	-0.000079	1.001074	-1.341187	
819	0.999436	0.000391	-2.002136	-0.000391	0.999436	0.174561	
820	0.999935	-0.000011	-0.504517	0.000011	0.999935	-0.044128	
821	0.996704	0.002496	-1.080750	-0.002496	0.996704	5.429932	
822	0.999417	-0.000321	0.018982	0.000321	0.999417	0.553101	
823	1.000245	0.000397	-1.596436	-0.000397	1.000245	-0.313904	
824	1.000253	0.000879	-1.371338	-0.000879	1.000253	0.106689	
825	1.001596	-0.000402	-2.748596	0.000402	1.001596	-1.639282	
826	1.000387	-0.000801	-0.443298	0.000801	1.000387	-0.912292	
827	0.995835	-0.005109	9.077148	0.005109	0.995835	-0.265015	
828	1.000053	0.000720	-1.327881	-0.000720	1.000053	0.356934	
829	1.001512	0.000970	-3.152405	-0.000970	1.001512	-1.304749	
830	1.000026	0.000071	-0.791443	-0.000071	1.000026	-0.234741	
831	1.000457	-0.000884	-1.125793	0.000884	1.000457	-0.808777	
832	0.999067	-0.000588	0.419312	0.000588	0.999067	0.574646	
833	1.000691	0.000816	-2.481628	-0.000816	1.000691	0.162109	
834	0.998558	0.000272	-0.346497	-0.000272	0.998558	1.260315	
835	0.998015	-0.003330	3.674377	0.003330	0.998015	0.044983	
836	0.999772	-0.000459	-0.064819	0.000459	0.999772	-0.225037	
837	0.999772	-0.000459	-0.064819	0.000459	0.999772	-0.225037	
838	0.998427	0.001892	-1.465881	-0.001892	0.998427	3.111694	
839	0.998206	-0.000161	-1.191467	0.000161	0.998206	1.471436	
840	0.999891	0.000310	-1.154053	-0.000310	0.999891	-0.306885	
841	0.999891	0.000310	-1.154053	-0.000310	0.999891	-0.306885	
842	1.000294	0.001583	-2.473450	-0.001583	1.000294	1.837891	
843	1.000294	0.001583	-2.473450	-0.001583	1.000294	1.837891	
844	0.999961	-0.000259	-0.390564	0.000259	0.999961	-0.061523	
845	0.996007	-0.001534	3.415833	0.001534	0.996007	1.098389	
846	1.000945	-0.001045	-0.807434	0.001045	1.000945	-2.331909	
847	1.000945	-0.001045	-0.807434	0.001045	1.000945	-2.331909	
848	0.999991	0.001235	-1.502197	-0.001235	0.999991	0.937927	
849	0.997973	0.000288	0.395691	-0.000288	0.997973	1.847534	
850	0.999826	0.000288	-1.226562	-0.000288	0.999826	0.163025	
851	0.994599	-0.000582	3.040100	0.000582	0.994599	0.741089	
852	0.999095	0.000684	-0.975403	-0.000684	0.999095	0.719849	
853	0.998709	0.002077	-1.974121	-0.002077	0.998709	1.936462	
854	0.999767	0.000410	-1.245300	-0.000410	0.999767	0.349731	
855	1.000227	-0.000293	-1.574402	0.000293	1.000227	-0.810852	
856	1.000360	-0.000377	-0.964966	0.000377	1.000360	-0.724915	
857	1.000620	0.000740	-2.778564	-0.000740	1.000620	-0.340698	
858	0.998526	0.000581	-1.026062	-0.000581	0.998526	1.967773	
859	0.998526	0.000581	-1.026062	-0.000581	0.998526	1.967773	
860	0.999643	-0.002358	1.023376	0.002358	0.999643	-0.408508	
861	0.999643	-0.002358	1.023376	0.002358	0.999643	-0.408508	
862	0.999906	-0.002885	2.087952	0.002885	0.999906	-0.288879	
863	0.999906	-0.002885	2.087952	0.002885	0.999906	-0.288879	
864	1.000674	-0.000965	-0.694763	0.000965	1.000674	-0.907288	
865	1.000864	-0.000635	-0.955383	0.000635	1.000864	-1.809875	
866	1.000188	0.000502	-0.753052	-0.000502	1.000188	-0.529358	
867	1.000188	0.000502	-0.753052	-0.000502	1.000188	-0.529358	
868	0.999119	-0.000547	1.532715	0.000547	0.999119	-0.251709	
869	0.999119	-0.000547	1.532715	0.000547	0.999119	-0.251709	
870	0.999471	-0.000579	0.342346	0.000579	0.999471	-0.289124	
871	1.006546	-0.000277	-5.591736	0.000277	1.006546	-6.396851	
872	0.998775	0.000033	-0.455933	-0.000033	0.998775	0.729065	
873	0.996903	0.003574	-1.287720	-0.003574	0.996903	5.197571	
874	0.998997	-0.000179	0.314880	0.000179	0.998997	0.758484	
875	0.997753	-0.002759	3.114685	0.002759	0.997753	0.733154	
876	0.997119	-0.000688	2.323425	0.000688	0.997119	1.999695	
877	0.995390	0.003266	1.551514	-0.003266	0.995390	6.084717	
878	0.998025	0.000918	1.688721	-0.000918	0.998025	2.106140	
879	0.999082	0.001049	0.587341	-0.001049	0.999082	1.114319	
880	0.999418	0.000934	-0.020081	-0.000934	0.999418	-0.168518	
881	0.999418	0.000934	-0.020081	-0.000934	0.999418	-0.168518	
882	0.999647	0.000277	0.422913	-0.000277	0.999647	0.109802	
883	1.000048	-0.003971	3.443420	0.003971	1.000048	-2.167236	
884	0.999018	-0.001220	2.233643	0.001220	0.999018	0.225281	
885	0.999018	-0.001220	2.233643	0.001220	0.999018	0.225281	
886	0.998245	0.000052	1.147339	-0.000052	0.998245	2.752502	
887	0.998245	0.000052	1.147339	-0.000052	0.998245	2.752502	
888	0.999210	-0.000304	1.319641	0.000304	0.999210	1.948853	
889	0.999645	-0.000555	0.526794	0.000555	0.999645	-0.072632	
890	1.000057	0.000901	-0.089294	-0.000901	1.000057	0.083801	
891	1.001383	-0.001152	0.952087	0.001152	1.001383	-2.604065	
892	1.000139	0.002389	-2.248291	-0.002389	1.000139	0.311279	
893	1.000139	0.002389	-2.248291	-0.002389	1.000139	0.311279	
894	1.003697	0.000674	-2.001648	-0.000674	1.003697	-3.431519	
895	1.003697	0.000674	-2.001648	-0.000674	1.003697	-3.431519	
896	1.003542	-0.000010	-1.745972	0.000010	1.003542	-2.800110	
897	1.003542	-0.000010	-1.745972	0.000010	1.003542	-2.800110	
898	0.999224	-0.000249	0.549194	0.000249	0.999224	0.548645	
899	0.999224	-0.000249	0.549194	0.000249	0.999224	0.548645	
900	0.999712	-0.000351	0.521057	0.000351	0.999712	0.109314	
901	0.999712	-0.000351	0.521057	0.000351	0.999712	0.109314	
902	0.998409	-0.001371	1.688599	0.001371	0.998409	1.220520	
903	0.999780	0.002253	-1.423706	-0.002253	0.999780	1.807678	
904	0.999780	0.002253	-1.423706	-0.002253	0.999780	1.807678	
905	1.005747	-0.001826	-3.177246	0.001826	1.005747	-6.662170	
906	1.005747	-0.001826	-3.177246	0.001826	1.005747	-6.662170	
907	0.998227	-0.002875	3.694641	0.002875	0.998227	-0.151123	
908	0.998227	-0.002875	3.694641	0.002875	0.998227	-0.151123	
909	0.996138	0.000854	1.351990	-0.000854	0.996138	3.117920	
910	0.999509	-0.001977	2.936523	0.001977	0.999509	-1.150146	
911	0.998016	-0.000678	1.697205	0.000678	0.998016	0.889282	
912	0.998016	-0.000678	1.697205	0.000678	0.998016	0.889282	
913	0.997615	-0.000495	2.298889	0.000495	0.997615	1.273926	
914	1.003168	0.002830	-4.930298	-0.002830	1.003168	-0.160645	
915	0.999563	0.000138	0.494812	-0.000138	0.999563	0.276550	
916	1.001224	0.000068	-2.307800	-0.000068	1.001224	-0.381592	
917	1.000010	-0.000559	0.215515	0.000559	1.000010	-0.391968	
918	1.000084	-0.000190	0.711365	0.000190	1.000084	-0.132141	
919	0.996596	-0.001422	2.561707	0.001422	0.996596	1.625427	
920	0.999386	-0.000333	0.166931	0.000333	0.999386	0.146423	
921	0.999820	0.000673	-0.061768	-0.000673	0.999820	0.912354	
922	1.004861	0.002453	-4.836426	-0.002453	1.004861	-2.177612	
923	1.000749	0.000572	-1.639404	-0.000572	1.000749	-0.189453	
924	1.000938	0.001470	-1.761841	-0.001470	1.000938	0.769592	
925	1.001453	0.001244	-2.597168	-0.001244	1.001453	0.106079	
926	1.001453	0.001244	-2.597168	-0.001244	1.001453	0.106079	
927	1.003579	0.002237	-5.747925	-0.002237	1.003579	-1.241272	
928	1.003579	0.002237	-5.747925	-0.002237	1.003579	-1.241272	
929	0.998217	0.002413	-0.376831	-0.002413	0.998217	2.134277	
930	0.998217	0.002413	-0.376831	-0.002413	0.998217	2.134277	
931	1.003625	0.003045	-4.552917	-0.003045	1.003625	-2.130920	
932	1.003625	0.003045	-4.552917	-0.003045	1.003625	-2.130920	
933	1.002675	-0.001100	-4.290283	0.001100	1.002675	-4.157166	
934	1.002675	-0.001100	-4.290283	0.001100	1.002675	-4.157166	
935	0.999708	-0.000562	-0.932007	0.000562	0.999708	-0.494141	
936	0.999613	0.000653	-0.347656	-0.000653	0.999613	0.424377	
937	1.003006	-0.000005	-3.741699	0.000005	1.003006	-2.804626	
938	0.997085	0.002027	-1.420288	-0.002027	0.997085	2.945190	
939	1.000685	0.000542	-0.794495	-0.000542	1.000685	-0.254883	
940	1.002876	0.000867	-4.068146	-0.000867	1.002876	-2.215393	
941	0.999898	-0.000030	0.408630	0.000030	0.999898	-0.228271	
942	1.004034	0.001450	-4.383911	-0.001450	1.004034	-1.515015	
943	0.999451	0.000551	-1.192566	-0.000551	0.999451	0.719971	
944	0.999451	0.000551	-1.192566	-0.000551	0.999451	0.719971	
945	1.003039	0.000959	-3.700562	-0.000959	1.003039	0.047119	
946	1.003039	0.000959	-3.700562	-0.000959	1.003039	0.047119	
947	1.000647	0.001698	-2.376587	-0.001698	1.000647	1.419861	
948	1.001883	-0.007256	-0.635040	0.007256	1.001883	-1.598450	
949	0.996646	-0.000238	3.027466	0.000238	0.996646	2.878113	
950	0.995859	-0.000097	2.382812	0.000097	0.995859	3.756714	
951	0.999708	-0.000701	0.070618	0.000701	0.999708	-0.614746	
952	0.999708	-0.000701	0.070618	0.000701	0.999708	-0.614746	
953	1.001485	-0.001505	-0.296570	0.001505	1.001485	-2.380432	
954	1.001485	-0.001505	-0.296570	0.001505	1.001485	-2.380432	
955	0.999311	0.001432	-1.383972	-0.001432	0.999311	1.568909	
956	0.999311	0.001432	-1.383972	-0.001432	0.999311	1.568909	
957	1.000314	-0.000771	-0.308960	0.000771	1.000314	-0.974060	
958	1.003818	-0.001238	-4.340149	0.001238	1.003818	-3.988831	
959	0.998661	-0.000185	1.289734	0.000185	0.998661	1.340454	
960	1.001987	-0.002573	2.554077	0.002573	1.001987	-1.040833	
961	0.999508	0.001208	-0.999329	-0.001208	0.999508	1.501343	
962	0.999508	0.001208	-0.999329	-0.001208	0.999508	1.501343	
963	0.997734	-0.000618	3.483398	0.000618	0.997734	1.121155	
964	0.997734	-0.000618	3.483398	0.000618	0.997734	1.121155	
965	1.000372	0.000205	-0.606750	-0.000205	1.000372	-0.831055	
966	1.000372	0.000205	-0.606750	-0.000205	1.000372	-0.831055	
967	0.998592	-0.000349	0.721924	0.000349	0.998592	0.186279	
968	0.999817	-0.000124	0.219971	0.000124	0.999817	0.393188	
969	0.998853	-0.000253	0.128601	0.000253	0.998853	1.444336	
970	0.998853	-0.000253	0.128601	0.000253	0.998853	1.444336	
971	1.002194	-0.000703	-1.284119	0.000703	1.002194	0.494202	
972	1.002194	-0.000703	-1.284119	0.000703	1.002194	0.494202	
973	0.997951	0.000056	1.842407	-0.000056	0.997951	2.470764	
974	0.997951	0.000056	1.842407	-0.000056	0.997951	2.470764	
975	1.002207	0.000260	-2.592407	-0.000260	1.002207	-1.274963	
976	1.006301	0.002570	-8.218933	-0.002570	1.006301	-3.404114	
977	1.003587	0.000229	-3.823547	-0.000229	1.003587	-3.767578	
978	1.003445	0.005917	-8.121765	-0.005917	1.003445	0.103882	
979	1.003808	0.005477	-7.733643	-0.005477	1.003808	0.190735	
980	1.003808	0.005477	-7.733643	-0.005477	1.003808	0.190735	
981	1.000827	-0.001618	-0.924561	0.001618	1.000827	-2.316040	
982	1.000827	-0.001618	-0.924561	0.001618	1.000827	-2.316040	
983	1.000537	0.001014	-1.646301	-0.001014	1.000537	-0.155273	
984	0.995819	0.002642	0.650330	-0.002642	0.995819	5.010376	
985	1.000115	0.000847	-1.658325	-0.000847	1.000115	2.930969	
986	0.997224	-0.002559	3.187866	0.002559	0.997224	2.019653	
987	0.998542	-0.001350	2.137390	0.001350	0.998542	0.020142	
988	0.999598	0.000302	-0.024902	-0.000302	0.999598	0.469116	
989	0.999690	-0.000986	1.291504	0.000986	0.999690	-0.953308	
990	0.999690	-0.000986	1.291504	0.000986	0.999690	-0.953308	
991	0.996913	-0.000785	2.271484	0.000785	0.996913	-0.816223	
992	0.996913	-0.000785	2.271484	0.000785	0.996913	-0.816223	
993	1.000029	-0.000368	0.899597	0.000368	1.000029	0.009460	
994	0.998941	0.000215	1.171692	-0.000215	0.998941	0.327087	
995	0.998352	-0.001428	2.692444	0.001428	0.998352	0.130493	
996	0.993322	-0.002544	6.991821	0.002544	0.993322	1.735596	
997	0.996872	0.004414	-0.944031	-0.004414	0.996872	4.626404	
998	0.996872	0.004414	-0.944031	-0.004414	0.996872	4.626404	
999	0.998064	-0.000004	0.789612	0.000004	0.998064	1.428772	
1000	0.997310	0.000139	1.719299	-0.000139	0.997310	1.751404	
1001	0.999739	-0.000356	0.921021	0.000356	0.999739	-0.638000	
1002	0.990534	0.005490	1.159119	-0.005490	0.990534	10.888733	
