0	1.000000	0.000000	0.000000	0.000000	1.000000	0.000000	
1	0.998360	0.000081	0.830872	-0.000081	0.998360	0.995178	
2	0.999888	-0.000098	0.143738	0.000098	0.999888	-0.039246	
3	0.998723	-0.000361	1.157043	0.000361	0.998723	0.620056	
4	0.999808	-0.000427	0.108032	0.000427	0.999808	-0.231140	
5	0.999953	0.000059	0.002380	-0.000059	0.999953	-0.032227	
6	0.999953	0.000059	0.002380	-0.000059	0.999953	-0.032227	
7	0.991907	-0.000669	5.392029	0.000669	0.991907	4.228699	
8	0.996401	-0.008120	7.211365	0.008120	0.996401	-2.233398	
9	0.996401	-0.008120	7.211365	0.008120	0.996401	-2.233398	
10	1.000339	0.000232	-0.481628	-0.000232	1.000339	0.038269	
11	1.000339	0.000232	-0.481628	-0.000232	1.000339	0.038269	
12	0.999509	0.000519	0.281372	-0.000519	0.999509	0.654480	
13	0.999509	0.000519	0.281372	-0.000519	0.999509	0.654480	
14	0.999509	0.000519	0.281372	-0.000519	0.999509	0.654480	
15	0.999509	0.000519	0.281372	-0.000519	0.999509	0.654480	
16	0.999509	0.000519	0.281372	-0.000519	0.999509	0.654480	
17	0.999509	0.000519	0.281372	-0.000519	0.999509	0.654480	
18	0.999509	0.000519	0.281372	-0.000519	0.999509	0.654480	
19	0.999509	0.000519	0.281372	-0.000519	0.999509	0.654480	
20	0.999509	0.000519	0.281372	-0.000519	0.999509	0.654480	
21	0.999509	0.000519	0.281372	-0.000519	0.999509	0.654480	
22	0.999509	0.000519	0.281372	-0.000519	0.999509	0.654480	
23	0.999509	0.000519	0.281372	-0.000519	0.999509	0.654480	
24	0.999509	0.000519	0.281372	-0.000519	0.999509	0.654480	
25	0.999509	0.000519	0.281372	-0.000519	0.999509	0.654480	
26	0.999509	0.000519	0.281372	-0.000519	0.999509	0.654480	
27	0.999509	0.000519	0.281372	-0.000519	0.999509	0.654480	
28	0.999509	0.000519	0.281372	-0.000519	0.999509	0.654480	
29	0.999509	0.000519	0.281372	-0.000519	0.999509	0.654480	
30	0.999509	0.000519	0.281372	-0.000519	0.999509	0.654480	
31	0.999509	0.000519	0.281372	-0.000519	0.999509	0.654480	
32	0.999509	0.000519	0.281372	-0.000519	0.999509	0.654480	
33	0.999509	0.000519	0.281372	-0.000519	0.999509	0.654480	
34	0.999509	0.000519	0.281372	-0.000519	0.999509	0.654480	
35	0.999509	0.000519	0.281372	-0.000519	0.999509	0.654480	
36	0.999509	0.000519	0.281372	-0.000519	0.999509	0.654480	
37	0.999509	0.000519	0.281372	-0.000519	0.999509	0.654480	
38	0.999509	0.000519	0.281372	-0.000519	0.999509	0.654480	
39	0.999509	0.000519	0.281372	-0.000519	0.999509	0.654480	
40	0.999509	0.000519	0.281372	-0.000519	0.999509	0.654480	
41	0.999509	0.000519	0.281372	-0.000519	0.999509	0.654480	
42	0.999509	0.000519	0.281372	-0.000519	0.999509	0.654480	
43	0.999509	0.000519	0.281372	-0.000519	0.999509	0.654480	
44	0.999509	0.000519	0.281372	-0.000519	0.999509	0.654480	
45	0.999509	0.000519	0.281372	-0.000519	0.999509	0.654480	
46	0.999509	0.000519	0.281372	-0.000519	0.999509	0.654480	
47	0.999509	0.000519	0.281372	-0.000519	0.999509	0.654480	
48	0.999509	0.000519	0.281372	-0.000519	0.999509	0.654480	
49	0.999509	0.000519	0.281372	-0.000519	0.999509	0.654480	
50	0.999509	0.000519	0.281372	-0.000519	0.999509	0.654480	
51	0.999509	0.000519	0.281372	-0.000519	0.999509	0.654480	
52	0.999509	0.000519	0.281372	-0.000519	0.999509	0.654480	
53	0.999509	0.000519	0.281372	-0.000519	0.999509	0.654480	
54	0.999509	0.000519	0.281372	-0.000519	0.999509	0.654480	
55	0.999509	0.000519	0.281372	-0.000519	0.999509	0.654480	
56	0.992843	-0.000888	0.664673	0.000888	0.992843	1.711121	
57	0.997385	-0.000710	-0.935730	0.000710	0.997385	-0.101196	
58	0.998495	0.000469	-5.986115	-0.000469	0.998495	-0.708862	
59	0.991645	0.001778	-27.274872	-0.001778	0.991645	4.194244	
60	0.992834	0.002595	-5.607544	-0.002595	0.992834	4.524780	
61	0.991414	-0.000291	2.122192	0.000291	0.991414	2.553589	
62	0.991334	0.000122	2.096863	-0.000122	0.991334	3.459229	
63	0.982443	0.000463	3.005920	-0.000463	0.982443	6.583435	
64	0.990628	0.000151	3.302551	-0.000151	0.990628	3.410492	
65	0.990605	0.000255	4.895386	-0.000255	0.990605	3.688232	
66	0.990686	0.000223	5.194641	-0.000223	0.990686	3.631805	
67	0.979153	0.000329	10.100342	-0.000329	0.979153	7.885254	
68	0.989530	0.000125	5.871704	-0.000125	0.989530	4.034668	
69	0.991521	0.000129	5.061523	-0.000129	0.991521	3.236969	
70	0.990802	0.000019	5.595825	-0.000019	0.990802	3.346710	
71	0.993039	-0.000311	4.798309	0.000311	0.993039	2.450531	
72	0.999343	-0.000199	0.675842	0.000199	0.999343	0.169434	
73	0.999765	-0.000204	0.129456	0.000204	0.999765	-0.153870	
74	0.999935	-0.000093	0.108398	0.000093	0.999935	-0.113953	
75	0.999891	0.000085	0.187866	-0.000085	0.999891	0.004822	
76	0.999891	0.000085	0.187866	-0.000085	0.999891	0.004822	
77	1.000424	0.000055	-0.352173	-0.000055	1.000424	-0.140442	
78	0.998045	-0.000078	1.238770	0.000078	0.998045	1.070984	
79	0.998045	-0.000078	1.238770	0.000078	0.998045	1.070984	
80	1.000882	-0.000117	-0.627380	0.000117	1.000882	-0.676270	
81	1.000882	-0.000117	-0.627380	0.000117	1.000882	-0.676270	
82	1.000882	-0.000117	-0.627380	0.000117	1.000882	-0.676270	
83	1.000882	-0.000117	-0.627380	0.000117	1.000882	-0.676270	
84	1.000882	-0.000117	-0.627380	0.000117	1.000882	-0.676270	
85	1.000953	-0.000087	0.464417	0.000087	1.000953	-0.710571	
86	1.000953	-0.000087	0.464417	0.000087	1.000953	-0.710571	
87	1.000953	-0.000087	0.464417	0.000087	1.000953	-0.710571	
88	0.996220	-0.002092	6.600159	0.002092	0.996220	1.180725	
89	1.000275	-0.000530	2.857483	0.000530	1.000275	-0.594116	
90	1.000275	-0.000530	2.857483	0.000530	1.000275	-0.594116	
91	1.000275	-0.000530	2.857483	0.000530	1.000275	-0.594116	
92	1.001902	0.000537	2.207336	-0.000537	1.001902	-0.492737	
93	1.000596	-0.000401	4.406921	0.000401	1.000596	-0.701843	
94	1.000254	-0.000478	4.134033	0.000478	1.000254	-0.423584	
95	1.003244	0.000380	8.717407	-0.000380	1.003244	-1.993652	
96	0.990470	-0.003885	13.198944	0.003885	0.990470	3.598358	
97	0.998963	0.008305	0.435303	-0.008305	0.998963	3.411346	
98	0.999805	-0.000793	5.971008	0.000793	0.999805	-0.551514	
99	0.999805	-0.000793	5.971008	0.000793	0.999805	-0.551514	
100	0.999940	-0.000002	4.016541	0.000002	0.999940	-0.009827	
101	0.999833	0.000209	3.890564	-0.000209	0.999833	0.383484	
102	0.999791	-0.000056	4.559326	0.000056	0.999791	0.192993	
103	0.998031	-0.001485	10.134094	0.001485	0.998031	0.004761	
104	0.999630	-0.000667	4.680603	0.000667	0.999630	-0.404480	
105	0.999736	-0.000576	3.215942	0.000576	0.999736	-0.170166	
106	1.004435	-0.001835	0.982788	0.001835	1.004435	-3.260254	
107	1.004435	-0.001835	0.982788	0.001835	1.004435	-3.260254	
108	1.000027	-0.001407	-0.500854	0.001407	1.000027	-0.779663	
109	1.014148	-0.007748	-5.644409	0.007748	1.014148	-12.473969	
110	1.008605	0.000380	-6.454346	-0.000380	1.008605	-4.121826	
111	1.008605	0.000380	-6.454346	-0.000380	1.008605	-4.121826	
112	1.008605	0.000380	-6.454346	-0.000380	1.008605	-4.121826	
113	1.008605	0.000380	-6.454346	-0.000380	1.008605	-4.121826	
114	0.999043	-0.002205	4.157715	0.002205	0.999043	-1.079712	
115	0.999043	-0.002205	4.157715	0.002205	0.999043	-1.079712	
116	1.002143	0.000640	-0.304077	-0.000640	1.002143	-0.332153	
117	1.003224	0.000055	-0.273315	-0.000055	1.003224	-1.510132	
118	1.002860	-0.000676	0.227966	0.000676	1.002860	-1.864380	
119	1.002860	-0.000676	0.227966	0.000676	1.002860	-1.864380	
120	1.002860	-0.000676	0.227966	0.000676	1.002860	-1.864380	
121	1.001887	0.000663	-2.628052	-0.000663	1.001887	-0.563293	
122	1.001887	0.000663	-2.628052	-0.000663	1.001887	-0.563293	
123	1.001887	0.000663	-2.628052	-0.000663	1.001887	-0.563293	
124	1.001887	0.000663	-2.628052	-0.000663	1.001887	-0.563293	
125	1.001887	0.000663	-2.628052	-0.000663	1.001887	-0.563293	
126	1.000694	0.000428	-2.052856	-0.000428	1.000694	0.310547	
127	1.000694	0.000428	-2.052856	-0.000428	1.000694	0.310547	
128	1.000652	0.000679	-1.348450	-0.000679	1.000652	0.436401	
129	0.999989	-0.000176	-0.185059	0.000176	0.999989	-0.145630	
130	0.999989	-0.000176	-0.185059	0.000176	0.999989	-0.145630	
131	0.999989	-0.000176	-0.185059	0.000176	0.999989	-0.145630	
132	0.996496	-0.000005	2.776245	0.000005	0.996496	2.182983	
133	0.996496	-0.000005	2.776245	0.000005	0.996496	2.182983	
134	0.996496	-0.000005	2.776245	0.000005	0.996496	2.182983	
135	0.996496	-0.000005	2.776245	0.000005	0.996496	2.182983	
136	0.993922	0.002215	3.940186	-0.002215	0.993922	6.015198	
137	0.993922	0.002215	3.940186	-0.002215	0.993922	6.015198	
138	0.998504	0.000408	1.100647	-0.000408	0.998504	1.201477	
139	0.998504	0.000408	1.100647	-0.000408	0.998504	1.201477	
140	1.001730	-0.009733	6.254089	0.009733	1.001730	-5.483948	
141	1.002230	0.000858	-2.553101	-0.000858	1.002230	-0.593079	
142	1.002230	0.000858	-2.553101	-0.000858	1.002230	-0.593079	
143	1.002230	0.000858	-2.553101	-0.000858	1.002230	-0.593079	
144	0.993064	-0.003565	8.788757	0.003565	0.993064	1.174622	
145	0.993064	-0.003565	8.788757	0.003565	0.993064	1.174622	
146	0.995108	-0.000389	4.102539	0.000389	0.995108	2.647583	
147	0.995108	-0.000389	4.102539	0.000389	0.995108	2.647583	
148	0.995108	-0.000389	4.102539	0.000389	0.995108	2.647583	
149	0.995108	-0.000389	4.102539	0.000389	0.995108	2.647583	
150	0.995108	-0.000389	4.102539	0.000389	0.995108	2.647583	
151	0.995108	-0.000389	4.102539	0.000389	0.995108	2.647583	
152	0.995729	0.001658	-0.692383	-0.001658	0.995729	3.364929	
153	0.995729	0.001658	-0.692383	-0.001658	0.995729	3.364929	
154	0.995729	0.001658	-0.692383	-0.001658	0.995729	3.364929	
155	0.995729	0.001658	-0.692383	-0.001658	0.995729	3.364929	
156	0.995729	0.001658	-0.692383	-0.001658	0.995729	3.364929	
157	0.995729	0.001658	-0.692383	-0.001658	0.995729	3.364929	
158	1.005927	0.000700	-8.834167	-0.000700	1.005927	-2.246765	
159	1.005927	0.000700	-8.834167	-0.000700	1.005927	-2.246765	
160	1.005927	0.000700	-8.834167	-0.000700	1.005927	-2.246765	
161	1.005497	0.001374	-6.352539	-0.001374	1.005497	-1.423035	
162	1.005497	0.001374	-6.352539	-0.001374	1.005497	-1.423035	
163	1.005497	0.001374	-6.352539	-0.001374	1.005497	-1.423035	
164	1.005497	0.001374	-6.352539	-0.001374	1.005497	-1.423035	
165	1.005497	0.001374	-6.352539	-0.001374	1.005497	-1.423035	
166	1.005497	0.001374	-6.352539	-0.001374	1.005497	-1.423035	
167	1.005497	0.001374	-6.352539	-0.001374	1.005497	-1.423035	
168	1.005497	0.001374	-6.352539	-0.001374	1.005497	-1.423035	
169	1.005497	0.001374	-6.352539	-0.001374	1.005497	-1.423035	
170	1.005497	0.001374	-6.352539	-0.001374	1.005497	-1.423035	
171	1.005497	0.001374	-6.352539	-0.001374	1.005497	-1.423035	
172	1.005497	0.001374	-6.352539	-0.001374	1.005497	-1.423035	
173	1.005497	0.001374	-6.352539	-0.001374	1.005497	-1.423035	
174	1.005497	0.001374	-6.352539	-0.001374	1.005497	-1.423035	
175	1.000123	0.000803	-0.214905	-0.000803	1.000123	1.083008	
176	0.998704	-0.000266	2.215820	0.000266	0.998704	0.671814	
177	0.998272	0.000055	0.729187	-0.000055	0.998272	1.117249	
178	1.006458	0.006890	-8.643799	-0.006890	1.006458	0.888794	
179	0.999185	0.000284	0.404480	-0.000284	0.999185	0.517578	
180	0.999515	0.001102	-0.292480	-0.001102	0.999515	1.252808	
181	0.996902	0.000933	1.301941	-0.000933	0.996902	2.416687	
182	1.000442	0.000740	-1.084534	-0.000740	1.000442	0.262573	
183	0.993987	0.002242	4.493225	-0.002242	0.993987	5.730865	
184	0.993063	-0.001344	4.597778	0.001344	0.993063	2.594360	
185	0.993310	0.001610	2.446198	-0.001610	0.993310	4.035339	
186	0.990165	0.004562	1.086517	-0.004562	0.990165	7.403809	
187	0.990165	0.004562	1.086517	-0.004562	0.990165	7.403809	
188	0.996823	0.001014	2.391418	-0.001014	0.996823	2.865784	
189	0.999285	0.000705	0.250244	-0.000705	0.999285	0.725159	
190	0.999289	0.000008	0.372498	-0.000008	0.999289	0.571228	
191	0.999289	0.000008	0.372498	-0.000008	0.999289	0.571228	
192	1.000427	0.000227	-0.420349	-0.000227	1.000427	-0.105469	
193	1.000859	-0.000242	-0.214661	0.000242	1.000859	-0.468201	
194	1.000859	-0.000242	-0.214661	0.000242	1.000859	-0.468201	
195	1.000859	-0.000242	-0.214661	0.000242	1.000859	-0.468201	
196	1.002421	0.002378	-2.856781	-0.002378	1.002421	-0.260864	
197	1.001339	0.000313	-1.028687	-0.000313	1.001339	-0.530396	
198	1.001341	0.006311	-3.467590	-0.006311	1.001341	3.653534	
199	1.001341	0.006311	-3.467590	-0.006311	1.001341	3.653534	
200	1.001341	0.006311	-3.467590	-0.006311	1.001341	3.653534	
201	1.001341	0.006311	-3.467590	-0.006311	1.001341	3.653534	
202	0.994503	0.001584	-0.456970	-0.001584	0.994503	3.561981	
203	0.994503	0.001584	-0.456970	-0.001584	0.994503	3.561981	
204	0.997321	0.001306	-0.125946	-0.001306	0.997321	2.233643	
205	1.000854	-0.001729	0.915985	0.001729	1.000854	-0.833679	
206	1.001833	-0.000432	-0.339294	0.000432	1.001833	-0.541901	
207	1.001833	-0.000432	-0.339294	0.000432	1.001833	-0.541901	
208	1.003235	-0.001442	0.067749	0.001442	1.003235	-2.247925	
209	0.996989	-0.001019	4.740662	0.001019	0.996989	0.734558	
210	0.998124	-0.000317	2.166321	0.000317	0.998124	0.575867	
211	0.998124	-0.000317	2.166321	0.000317	0.998124	0.575867	
212	1.000939	-0.000045	-1.311035	0.000045	1.000939	-0.559448	
213	0.996461	0.001333	1.486023	-0.001333	0.996461	1.418091	
214	0.985313	-0.002460	9.997192	0.002460	0.985313	3.836914	
215	0.986629	0.000010	5.525146	-0.000010	0.986629	3.553345	
216	0.992814	0.000636	0.227478	-0.000636	0.992814	2.311188	
217	0.991583	0.004577	-2.054077	-0.004577	0.991583	5.574280	
218	0.988537	0.000484	0.591003	-0.000484	0.988537	4.722534	
219	0.982302	0.002146	-1.748718	-0.002146	0.982302	7.640930	
220	0.985393	0.001013	3.583801	-0.001013	0.985393	6.492004	
221	0.985393	0.001013	3.583801	-0.001013	0.985393	6.492004	
222	0.987392	-0.003094	6.715851	0.003094	0.987392	4.468781	
223	0.987392	-0.003094	6.715851	0.003094	0.987392	4.468781	
224	0.987392	-0.003094	6.715851	0.003094	0.987392	4.468781	
225	0.987392	-0.003094	6.715851	0.003094	0.987392	4.468781	
226	0.994703	0.000699	2.056519	-0.000699	0.994703	1.703247	
227	0.994703	0.000699	2.056519	-0.000699	0.994703	1.703247	
228	0.994703	0.000699	2.056519	-0.000699	0.994703	1.703247	
229	0.994703	0.000699	2.056519	-0.000699	0.994703	1.703247	
230	0.998632	0.001593	-1.993652	-0.001593	0.998632	1.385681	
231	0.998632	0.001593	-1.993652	-0.001593	0.998632	1.385681	
232	0.999611	0.001059	-1.016449	-0.001059	0.999611	0.622742	
233	0.998026	0.000660	-1.284241	-0.000660	0.998026	1.113678	
234	0.997766	0.001355	-0.993958	-0.001355	0.997766	1.811279	
235	0.997766	0.001355	-0.993958	-0.001355	0.997766	1.811279	
236	0.997766	0.001355	-0.993958	-0.001355	0.997766	1.811279	
237	1.000177	0.001446	-1.188477	-0.001446	1.000177	-0.160706	
238	0.997251	0.000257	0.817200	-0.000257	0.997251	0.982239	
239	0.997251	0.000257	0.817200	-0.000257	0.997251	0.982239	
240	0.997251	0.000257	0.817200	-0.000257	0.997251	0.982239	
241	0.997251	0.000257	0.817200	-0.000257	0.997251	0.982239	
242	1.005210	-0.000352	-3.604004	0.000352	1.005210	-3.831238	
243	1.005210	-0.000352	-3.604004	0.000352	1.005210	-3.831238	
244	1.000258	0.000449	-0.074951	-0.000449	1.000258	0.293762	
245	1.001019	0.000493	0.028320	-0.000493	1.001019	-0.232788	
246	1.001019	0.000493	0.028320	-0.000493	1.001019	-0.232788	
247	1.001019	0.000493	0.028320	-0.000493	1.001019	-0.232788	
248	0.998419	0.000706	0.309631	-0.000706	0.998419	1.059570	
249	1.000566	-0.000315	0.032349	0.000315	1.000566	-0.510315	
250	1.000310	-0.000118	0.099182	0.000118	1.000310	-0.307861	
251	0.999890	-0.000246	0.974365	0.000246	0.999890	-0.146057	
252	0.999791	-0.000009	0.325684	0.000009	0.999791	-0.053955	
253	0.999398	-0.000357	0.886108	0.000357	0.999398	0.082031	
254	1.000095	0.000017	0.227112	-0.000017	1.000095	-0.123962	
255	1.000095	0.000017	0.227112	-0.000017	1.000095	-0.123962	
256	0.998316	-0.001525	2.705933	0.001525	0.998316	-0.117065	
257	0.999659	-0.002323	1.947449	0.002323	0.999659	-1.532471	
258	1.000601	-0.000204	-0.310059	0.000204	1.000601	-0.622070	
259	0.998092	0.001049	1.186707	-0.001049	0.998092	1.829285	
260	0.999667	0.000114	0.564026	-0.000114	0.999667	0.330933	
261	0.997745	0.000533	1.024475	-0.000533	0.997745	1.876160	
262	1.003657	-0.000052	-2.324768	0.000052	1.003657	-2.355408	
263	1.003657	-0.000052	-2.324768	0.000052	1.003657	-2.355408	
264	1.001290	0.000322	-1.183533	-0.000322	1.001290	-0.558960	
265	1.003430	0.002625	-4.123718	-0.002625	1.003430	-0.408936	
266	0.997906	-0.000493	2.271545	0.000493	0.997906	0.893311	
267	0.997906	-0.000493	2.271545	0.000493	0.997906	0.893311	
268	0.999682	-0.000147	0.770386	0.000147	0.999682	0.073364	
269	0.999682	-0.000147	0.770386	0.000147	0.999682	0.073364	
270	0.999682	-0.000147	0.770386	0.000147	0.999682	0.073364	
271	1.000134	-0.000175	0.074951	0.000175	1.000134	-0.294800	
272	0.997977	-0.000695	2.076660	0.000695	0.997977	0.658752	
273	0.999307	-0.000497	1.256653	0.000497	0.999307	-0.051331	
274	0.998507	-0.000880	1.896118	0.000880	0.998507	0.298523	
275	0.999223	-0.000290	0.550842	0.000290	0.999223	0.292725	
276	0.999085	-0.001007	1.480286	0.001007	0.999085	-0.288086	
277	0.999624	-0.000343	0.643066	0.000343	0.999624	-0.114319	
278	0.999575	-0.000179	0.495056	0.000179	0.999575	0.084900	
279	0.999959	-0.000150	0.200623	0.000150	0.999959	-0.041687	
280	1.000591	-0.000148	-0.103821	0.000148	1.000591	-0.487976	
281	1.000769	-0.000688	0.290344	0.000688	1.000769	-1.154968	
282	1.005316	-0.000825	-2.740906	0.000825	1.005316	-2.562012	
283	1.004003	-0.001131	-0.618103	0.001131	1.004003	-5.003235	
284	1.004044	0.000462	-2.971313	-0.000462	1.004044	-1.249756	
285	0.999451	0.002331	-0.518005	-0.002331	0.999451	3.086365	
286	1.003485	0.000639	-2.624573	-0.000639	1.003485	-0.716614	
287	1.006418	-0.000729	-3.807434	0.000729	1.006418	-2.708069	
288	1.002982	0.002456	-3.237732	-0.002456	1.002982	0.723816	
289	1.002509	-0.000257	-1.482178	0.000257	1.002509	-1.138824	
290	0.999726	0.001578	-0.851501	-0.001578	0.999726	1.587433	
291	0.999040	0.002579	-1.519226	-0.002579	0.999040	2.571777	
292	1.000927	0.000317	-1.215698	-0.000317	1.000927	-0.356384	
293	0.999815	-0.000271	0.171204	0.000271	0.999815	-0.095703	
294	0.999892	0.000587	-0.786255	-0.000587	0.999892	0.751282	
295	0.998102	0.001155	-0.840027	-0.001155	0.998102	1.848877	
296	0.998102	0.001155	-0.840027	-0.001155	0.998102	1.848877	
297	0.988396	-0.000251	7.477051	0.000251	0.988396	6.175903	
298	0.999453	0.002513	-3.466370	-0.002513	0.999453	2.490295	
299	0.999703	0.000291	-3.960999	-0.000291	0.999703	0.453430	
300	0.999442	0.000108	-1.849487	-0.000108	0.999442	0.340210	
301	0.999542	-0.000141	-1.306702	0.000141	0.999542	0.198669	
302	0.999130	0.000557	-1.805176	-0.000557	0.999130	1.053711	
303	0.999130	0.000557	-1.805176	-0.000557	0.999130	1.053711	
304	1.005387	0.000114	-7.477112	-0.000114	1.005387	-2.332458	
305	1.002171	-0.000083	-6.056946	0.000083	1.002171	-0.585205	
306	1.004783	-0.001355	-7.751465	0.001355	1.004783	-3.204712	
307	1.004783	-0.001355	-7.751465	0.001355	1.004783	-3.204712	
308	1.005385	-0.000264	-8.846497	0.000264	1.005385	-2.590515	
309	1.005385	-0.000264	-8.846497	0.000264	1.005385	-2.590515	
310	0.995319	-0.009322	1.202820	0.009322	0.995319	-2.828613	
311	1.012335	-0.003204	-18.422729	0.003204	1.012335	-7.406250	
312	1.006905	0.000190	-10.526733	-0.000190	1.006905	-2.093262	
313	1.005990	0.000487	-9.623352	-0.000487	1.005990	-1.690491	
314	1.005563	0.000066	-8.289612	-0.000066	1.005563	-1.842041	
315	1.013600	-0.000000	-17.325928	0.000000	1.013600	-4.870911	
316	1.008672	0.000510	-9.176819	-0.000510	1.008672	-3.060181	
317	1.009480	0.000366	-9.345764	-0.000366	1.009480	-3.122498	
318	1.008151	-0.000248	-8.161804	0.000248	1.008151	-3.271912	
319	1.017931	-0.006110	-12.111816	0.006110	1.017931	-10.352478	
320	1.007167	-0.000688	-5.857666	0.000688	1.007167	-3.063110	
321	1.004254	-0.000422	-4.483215	0.000422	1.004254	-0.988525	
322	1.008963	-0.000507	-7.158142	0.000507	1.008963	-3.450867	
323	1.019459	-0.008098	-10.860718	0.008098	1.019459	-13.421875	
324	1.011541	0.000096	-8.913757	-0.000096	1.011541	-4.701416	
325	1.009957	0.000105	-8.246277	-0.000105	1.009957	-3.630798	
326	1.006687	0.000508	-5.677307	-0.000508	1.006687	-1.259766	
327	1.020787	0.001752	-16.102234	-0.001752	1.020787	-6.699585	
328	1.013553	0.001182	-8.972290	-0.001182	1.013553	-4.625671	
329	1.009894	0.011698	-13.682709	-0.011698	1.009894	2.605682	
330	1.010674	0.000991	-7.358215	-0.000991	1.010674	-3.242065	
331	1.010674	0.000991	-7.358215	-0.000991	1.010674	-3.242065	
332	1.010674	0.000991	-7.358215	-0.000991	1.010674	-3.242065	
333	1.011339	0.002955	-9.454346	-0.002955	1.011339	-2.084290	
334	1.011339	0.002955	-9.454346	-0.002955	1.011339	-2.084290	
335	1.011339	0.002955	-9.454346	-0.002955	1.011339	-2.084290	
336	1.011339	0.002955	-9.454346	-0.002955	1.011339	-2.084290	
337	1.011339	0.002955	-9.454346	-0.002955	1.011339	-2.084290	
338	1.011339	0.002955	-9.454346	-0.002955	1.011339	-2.084290	
339	1.011339	0.002955	-9.454346	-0.002955	1.011339	-2.084290	
340	1.011339	0.002955	-9.454346	-0.002955	1.011339	-2.084290	
341	1.011339	0.002955	-9.454346	-0.002955	1.011339	-2.084290	
342	1.011339	0.002955	-9.454346	-0.002955	1.011339	-2.084290	
343	1.011339	0.002955	-9.454346	-0.002955	1.011339	-2.084290	
344	1.011339	0.002955	-9.454346	-0.002955	1.011339	-2.084290	
345	1.011339	0.002955	-9.454346	-0.002955	1.011339	-2.084290	
346	1.011339	0.002955	-9.454346	-0.002955	1.011339	-2.084290	
347	1.011339	0.002955	-9.454346	-0.002955	1.011339	-2.084290	
348	0.999818	-0.000805	1.955994	0.000805	0.999818	0.168091	
349	1.002712	0.000983	-1.408325	-0.000983	1.002712	-0.619934	
350	1.000679	-0.000123	1.859924	0.000123	1.000679	-0.657471	
351	1.000248	-0.001021	6.893982	0.001021	1.000248	-0.596313	
352	1.000912	-0.001435	3.724487	0.001435	1.000912	-1.785400	
353	0.999085	-0.001097	4.997375	0.001097	0.999085	0.058044	
354	0.999883	0.000021	3.186646	-0.000021	0.999883	0.190796	
355	0.999672	-0.000427	6.042725	0.000427	0.999672	-0.152039	
356	1.000191	-0.000322	2.848206	0.000322	1.000191	-0.340881	
357	0.999904	0.000428	2.260681	-0.000428	0.999904	0.320312	
358	1.000055	0.000258	2.306396	-0.000258	1.000055	0.178955	
359	1.000191	0.000835	4.063599	-0.000835	1.000191	0.414734	
360	1.000075	0.000038	2.234985	-0.000038	1.000075	0.060303	
361	0.999891	0.000017	2.412781	-0.000017	0.999891	0.170837	
362	0.999797	-0.000146	2.659851	0.000146	0.999797	-0.097290	
363	0.999834	-0.000612	4.963013	0.000612	0.999834	-0.160339	
364	1.000202	-0.000192	1.740479	0.000192	1.000202	-0.258484	
365	1.000138	-0.000191	1.854248	0.000191	1.000138	-0.336365	
366	1.000123	-0.000191	1.944519	0.000191	1.000123	-0.172668	
367	1.000440	-0.000426	3.013550	0.000426	1.000440	-0.702881	
368	0.999703	-0.000161	0.884766	0.000161	0.999703	0.252625	
369	1.000051	-0.000108	0.414185	0.000108	1.000051	0.040283	
370	0.999994	-0.000126	0.133362	0.000126	0.999994	-0.136719	
371	1.000682	-0.000965	-0.298889	0.000965	1.000682	-1.302979	
372	0.999898	0.000073	-0.253601	-0.000073	0.999898	0.260864	
373	0.999828	-0.000088	0.205505	0.000088	0.999828	-0.056030	
374	0.999927	0.000029	-0.261169	-0.000029	0.999927	0.188904	
375	1.000005	0.000203	-0.871033	-0.000203	1.000005	0.444092	
376	1.000091	-0.000044	-0.524475	0.000044	1.000091	-0.250427	
377	1.000086	0.000029	-0.392334	-0.000029	1.000086	-0.057434	
378	0.999888	0.000161	-0.340027	-0.000161	0.999888	0.017395	
379	0.999887	0.000343	-0.418030	-0.000343	0.999887	0.426025	
380	1.000756	0.000688	-1.943237	-0.000688	1.000756	0.249817	
381	0.999384	-0.000141	0.809265	0.000141	0.999384	0.182617	
382	0.999794	-0.000157	0.443359	0.000157	0.999794	-0.087646	
383	1.000405	0.000943	-1.254089	-0.000943	1.000405	0.794617	
384	1.001326	-0.001017	-0.737793	0.001017	1.001326	-1.678650	
385	1.001891	-0.000330	-1.548645	0.000330	1.001891	-1.378235	
386	1.000332	-0.000035	-0.371277	0.000035	1.000332	-0.332764	
387	1.000844	0.001104	-2.073547	-0.001104	1.000844	0.677307	
388	1.000173	-0.000030	-0.126160	0.000030	1.000173	-0.095398	
389	0.999819	0.001070	-0.442505	-0.001070	0.999819	1.082947	
390	1.000274	0.000456	-0.504211	-0.000456	1.000274	0.331421	
391	1.000085	-0.000171	-0.374817	0.000171	1.000085	-0.310303	
392	0.999904	0.000690	-0.359192	-0.000690	0.999904	0.701904	
393	1.000081	0.000174	-0.151978	-0.000174	1.000081	0.050293	
394	1.000141	0.000137	-0.191589	-0.000137	1.000141	-0.002747	
395	1.001626	-0.001222	-0.930847	0.001222	1.001626	-2.026550	
396	1.000085	-0.000255	0.072021	0.000255	1.000085	-0.307922	
397	1.000207	0.000014	-0.108032	-0.000014	1.000207	-0.115356	
398	0.999939	0.000133	-0.169739	-0.000133	0.999939	0.151855	
399	1.001606	-0.001304	-1.316284	0.001304	1.001606	-2.027222	
400	1.000389	0.000074	-0.324707	-0.000074	1.000389	-0.090027	
401	0.999773	-0.000036	0.241577	0.000036	0.999773	0.118591	
402	0.999809	0.000101	0.216614	-0.000101	0.999809	0.165710	
403	0.999821	0.000384	-0.231201	-0.000384	0.999821	0.395142	
404	0.999560	-0.000672	0.760559	0.000672	0.999560	-0.429199	
405	0.999795	-0.000164	0.276855	0.000164	0.999795	-0.176941	
406	0.999382	-0.000255	0.802002	0.000255	0.999382	0.126465	
407	0.999460	-0.000023	0.557007	0.000023	0.999460	0.156250	
408	1.000398	-0.000121	-0.517456	0.000121	1.000398	-0.347656	
409	1.000398	-0.000121	-0.517456	0.000121	1.000398	-0.347656	
410	0.999082	0.000794	0.591553	-0.000794	0.999082	1.314270	
411	0.999082	0.000794	0.591553	-0.000794	0.999082	1.314270	
412	0.997490	0.000163	1.558594	-0.000163	0.997490	1.101624	
413	0.992774	-0.000533	4.690063	0.000533	0.992774	1.895142	
414	0.989391	0.001442	5.151794	-0.001442	0.989391	5.429565	
415	0.984945	-0.000010	7.778687	0.000010	0.984945	5.574341	
416	0.989742	-0.000149	3.599609	0.000149	0.989742	3.718018	
417	0.989742	-0.000149	3.599609	0.000149	0.989742	3.718018	
418	0.990077	0.000381	1.750061	-0.000381	0.990077	4.130127	
419	0.990077	0.000381	1.750061	-0.000381	0.990077	4.130127	
420	0.989653	0.000514	4.079895	-0.000514	0.989653	4.543701	
421	0.990371	-0.000304	4.584839	0.000304	0.990371	3.430786	
422	0.990802	0.001251	3.160522	-0.001251	0.990802	4.784058	
423	0.990802	0.001251	3.160522	-0.001251	0.990802	4.784058	
424	0.995566	0.000135	2.301514	-0.000135	0.995566	1.700317	
425	0.999657	-0.000368	-0.359253	0.000368	0.999657	-0.113770	
426	0.999657	-0.000368	-0.359253	0.000368	0.999657	-0.113770	
427	0.999657	-0.000368	-0.359253	0.000368	0.999657	-0.113770	
428	0.999657	-0.000368	-0.359253	0.000368	0.999657	-0.113770	
429	0.999649	0.006304	-3.789795	-0.006304	0.999649	3.407379	
430	1.000581	0.001358	-1.052490	-0.001358	1.000581	0.332153	
431	1.000581	0.001358	-1.052490	-0.001358	1.000581	0.332153	
432	1.002503	-0.000176	-2.368530	0.000176	1.002503	-2.091736	
433	0.999702	-0.000054	0.443604	0.000054	0.999702	0.022827	
434	0.999702	-0.000054	0.443604	0.000054	0.999702	0.022827	
435	0.999702	-0.000054	0.443604	0.000054	0.999702	0.022827	
436	0.997651	0.005995	-2.072754	-0.005995	0.997651	5.588013	
437	0.997794	0.000307	0.826416	-0.000307	0.997794	1.725952	
438	1.000676	0.005855	-4.183289	-0.005855	1.000676	3.011230	
439	1.003401	-0.001706	-0.414612	0.001706	1.003401	-2.470764	
440	0.998858	0.002873	-1.460144	-0.002873	0.998858	2.770935	
441	0.999558	-0.000089	-0.403931	0.000089	0.999558	0.465271	
442	1.001887	0.001277	-1.382690	-0.001277	1.001887	-0.712341	
443	1.001887	0.001277	-1.382690	-0.001277	1.001887	-0.712341	
444	0.996850	-0.005731	4.898499	0.005731	0.996850	-0.886200	
445	0.996850	-0.005731	4.898499	0.005731	0.996850	-0.886200	
446	0.996850	-0.005731	4.898499	0.005731	0.996850	-0.886200	
447	0.996850	-0.005731	4.898499	0.005731	0.996850	-0.886200	
448	1.000353	-0.000181	-0.208496	0.000181	1.000353	-0.504272	
449	1.002811	0.001413	-3.804565	-0.001413	1.002811	-0.575500	
450	1.004571	-0.002334	-2.364929	0.002334	1.004571	-4.875854	
451	1.004571	-0.002334	-2.364929	0.002334	1.004571	-4.875854	
452	0.996754	0.000005	3.478638	-0.000005	0.996754	1.952087	
453	1.002708	0.000598	-1.516479	-0.000598	1.002708	-1.516296	
454	1.001096	-0.002230	1.086060	0.002230	1.001096	-2.205627	
455	1.001096	-0.002230	1.086060	0.002230	1.001096	-2.205627	
456	0.999407	-0.000240	0.744263	0.000240	0.999407	0.168274	
457	0.999950	0.000268	-0.519531	-0.000268	0.999950	0.195435	
458	0.999826	0.000051	0.136902	-0.000051	0.999826	0.400085	
459	1.001156	0.000081	-1.548706	-0.000081	1.001156	-1.096680	
460	0.999249	-0.000347	0.578064	0.000347	0.999249	0.506042	
461	0.997908	-0.000749	2.249329	0.000749	0.997908	0.742615	
462	1.000287	0.000068	-0.347656	-0.000068	1.000287	-0.095886	
463	0.996058	0.003502	0.605530	-0.003502	0.996058	4.742798	
464	0.999846	0.001798	-1.373901	-0.001798	0.999846	1.236938	
465	0.999656	0.000564	-0.518677	-0.000564	0.999656	0.741638	
466	1.002435	0.001003	-3.066345	-0.001003	1.002435	-0.759888	
467	1.002435	0.001003	-3.066345	-0.001003	1.002435	-0.759888	
468	0.996333	0.001389	2.038147	-0.001389	0.996333	3.513611	
469	1.000771	-0.000210	-0.392944	0.000210	1.000771	-0.673218	
470	0.999080	-0.001323	1.541748	0.001323	0.999080	-0.543396	
471	0.999080	-0.001323	1.541748	0.001323	0.999080	-0.543396	
472	1.000332	0.000673	-1.229919	-0.000673	1.000332	0.559753	
473	0.999697	-0.000026	0.090454	0.000026	0.999697	0.032593	
474	1.000499	0.001583	-1.395630	-0.001583	1.000499	0.933044	
475	1.000499	0.001583	-1.395630	-0.001583	1.000499	0.933044	
476	1.000499	0.001583	-1.395630	-0.001583	1.000499	0.933044	
477	1.000499	0.001583	-1.395630	-0.001583	1.000499	0.933044	
478	1.000499	0.001583	-1.395630	-0.001583	1.000499	0.933044	
479	1.000499	0.001583	-1.395630	-0.001583	1.000499	0.933044	
480	1.004307	-0.009610	2.691162	0.009610	1.004307	-11.266479	
481	1.004307	-0.009610	2.691162	0.009610	1.004307	-11.266479	
482	1.004307	-0.009610	2.691162	0.009610	1.004307	-11.266479	
483	1.004307	-0.009610	2.691162	0.009610	1.004307	-11.266479	
484	1.001140	-0.001324	1.068481	0.001324	1.001140	-0.899414	
485	1.001140	-0.001324	1.068481	0.001324	1.001140	-0.899414	
486	1.001668	-0.000220	-1.655151	0.000220	1.001668	-1.578857	
487	0.999200	0.001163	0.482788	-0.001163	0.999200	1.789978	
488	1.001366	-0.000109	-1.236938	0.000109	1.001366	-1.119080	
489	1.000841	0.000127	-0.378723	-0.000127	1.000841	-0.339844	
490	1.000841	0.000127	-0.378723	-0.000127	1.000841	-0.339844	
491	1.000249	-0.000027	0.572205	0.000027	1.000249	-0.212402	
492	0.998594	-0.000204	1.044861	0.000204	0.998594	0.620178	
493	0.995907	-0.002541	4.381775	0.002541	0.995907	-0.383545	
494	0.995236	0.000215	3.200073	-0.000215	0.995236	1.663696	
495	0.995236	0.000215	3.200073	-0.000215	0.995236	1.663696	
496	0.993597	-0.000346	4.452454	0.000346	0.993597	1.984741	
497	0.993157	-0.000292	4.721619	0.000292	0.993157	2.130127	
498	0.996975	-0.002148	3.045532	0.002148	0.996975	-1.040741	
499	0.996975	-0.002148	3.045532	0.002148	0.996975	-1.040741	
500	0.989767	-0.005650	11.556885	0.005650	0.989767	-0.849731	
501	0.989767	-0.005650	11.556885	0.005650	0.989767	-0.849731	
502	0.994636	-0.000584	4.615784	0.000584	0.994636	1.042480	
503	0.994636	-0.000584	4.615784	0.000584	0.994636	1.042480	
504	0.994636	-0.000584	4.615784	0.000584	0.994636	1.042480	
505	0.994369	-0.003049	6.174225	0.003049	0.994369	1.278503	
506	0.994287	0.000056	3.793945	-0.000056	0.994287	2.342712	
507	0.994287	0.000056	3.793945	-0.000056	0.994287	2.342712	
508	0.997182	0.000114	2.393738	-0.000114	0.997182	1.544373	
509	0.995869	0.001035	2.299255	-0.001035	0.995869	3.354797	
510	0.995421	0.000920	2.049500	-0.000920	0.995421	3.389343	
511	0.999849	0.000069	0.286682	-0.000069	0.999849	0.098450	
512	0.998878	0.000173	0.591064	-0.000173	0.998878	0.520142	
513	0.998093	0.000951	0.434875	-0.000951	0.998093	1.525940	
514	0.999727	0.000535	0.089111	-0.000535	0.999727	0.151794	
515	0.999727	0.000535	0.089111	-0.000535	0.999727	0.151794	
516	0.999210	0.000178	0.704956	-0.000178	0.999210	0.703308	
517	0.999300	-0.001822	2.206787	0.001822	0.999300	-1.403259	
518	0.999669	-0.000148	0.525391	0.000148	0.999669	0.196594	
519	0.999669	-0.000148	0.525391	0.000148	0.999669	0.196594	
520	1.001277	0.001015	-1.639343	-0.001015	1.001277	0.150818	
521	0.997003	-0.002320	2.521149	0.002320	0.997003	0.706787	
522	0.999612	-0.000547	0.797729	0.000547	0.999612	-0.265625	
523	1.000094	0.000390	0.187195	-0.000390	1.000094	0.246887	
524	0.999182	-0.000609	1.285339	0.000609	0.999182	-0.302795	
525	1.002163	-0.004211	2.042694	0.004211	1.002163	-2.585999	
526	0.999305	0.000166	0.794617	-0.000166	0.999305	0.417786	
527	0.999719	0.000279	0.732544	-0.000279	0.999719	0.184631	
528	0.999222	-0.000072	1.305725	0.000072	0.999222	0.324158	
529	0.999499	-0.000098	1.200073	0.000098	0.999499	0.136963	
530	0.997730	0.002438	0.440033	-0.002438	0.997730	2.022644	
531	0.997730	0.002438	0.440033	-0.002438	0.997730	2.022644	
532	1.006302	0.000420	-3.558105	-0.000420	1.006302	-2.661316	
533	1.007003	0.000366	-4.066101	-0.000366	1.007003	-2.492920	
534	1.006021	0.000088	-3.866272	-0.000088	1.006021	-2.165161	
535	1.010347	-0.000097	-5.289917	0.000097	1.010347	-3.865479	
536	1.005453	0.000028	-2.934570	-0.000028	1.005453	-2.123718	
537	1.004920	0.000274	-2.885925	-0.000274	1.004920	-1.678955	
538	1.005327	-0.000278	-3.041077	0.000278	1.005327	-2.280823	
539	1.012471	-0.000378	-7.563904	0.000378	1.012471	-4.842834	
540	1.006396	-0.002040	-2.686340	0.002040	1.006396	-4.319153	
541	1.003803	-0.000338	-1.976624	0.000338	1.003803	-1.436340	
542	1.004192	-0.000142	-2.382629	0.000142	1.004192	-1.621887	
543	1.009304	-0.002041	-5.078979	0.002041	1.009304	-5.911377	
544	1.004237	-0.000096	-2.461914	0.000096	1.004237	-1.756836	
545	1.004293	-0.000677	-2.314331	0.000677	1.004293	-2.480591	
546	1.003577	-0.000223	-2.507019	0.000223	1.003577	-1.711182	
547	1.003577	-0.000223	-2.507019	0.000223	1.003577	-1.711182	
548	1.003440	0.001286	-3.275940	-0.001286	1.003440	-0.269958	
549	1.002585	-0.000074	-1.350769	0.000074	1.002585	-0.971252	
550	1.002676	-0.000195	-1.309143	0.000195	1.002676	-1.121460	
551	1.004446	-0.000359	-2.835144	0.000359	1.004446	-1.949585	
552	1.004293	-0.001064	-1.777771	0.001064	1.004293	-2.741272	
553	1.005095	-0.000966	-3.001831	0.000966	1.005095	-3.465637	
554	1.003698	0.000464	-3.107056	-0.000464	1.003698	-1.344849	
555	1.003698	0.000464	-3.107056	-0.000464	1.003698	-1.344849	
556	1.003698	0.000464	-3.107056	-0.000464	1.003698	-1.344849	
557	1.003698	0.000464	-3.107056	-0.000464	1.003698	-1.344849	
558	1.000824	-0.000285	-1.106628	0.000285	1.000824	-0.716187	
559	1.000824	-0.000285	-1.106628	0.000285	1.000824	-0.716187	
560	1.000824	-0.000285	-1.106628	0.000285	1.000824	-0.716187	
561	1.000824	-0.000285	-1.106628	0.000285	1.000824	-0.716187	
562	1.000824	-0.000285	-1.106628	0.000285	1.000824	-0.716187	
563	1.000824	-0.000285	-1.106628	0.000285	1.000824	-0.716187	
564	1.000824	-0.000285	-1.106628	0.000285	1.000824	-0.716187	
565	1.000824	-0.000285	-1.106628	0.000285	1.000824	-0.716187	
566	1.000824	-0.000285	-1.106628	0.000285	1.000824	-0.716187	
567	1.000824	-0.000285	-1.106628	0.000285	1.000824	-0.716187	
568	1.000824	-0.000285	-1.106628	0.000285	1.000824	-0.716187	
569	1.000824	-0.000285	-1.106628	0.000285	1.000824	-0.716187	
570	1.000824	-0.000285	-1.106628	0.000285	1.000824	-0.716187	
571	1.000824	-0.000285	-1.106628	0.000285	1.000824	-0.716187	
572	1.000824	-0.000285	-1.106628	0.000285	1.000824	-0.716187	
573	1.002489	-0.001458	-6.325317	0.001458	1.002489	-2.055359	
574	1.000234	0.000516	-5.914246	-0.000516	1.000234	0.366028	
575	0.998502	0.001649	-10.420471	-0.001649	0.998502	2.560974	
576	0.998502	0.001649	-10.420471	-0.001649	0.998502	2.560974	
577	0.998586	0.000365	-3.833374	-0.000365	0.998586	0.827759	
578	0.998586	0.000365	-3.833374	-0.000365	0.998586	0.827759	
579	0.998586	0.000365	-3.833374	-0.000365	0.998586	0.827759	
580	0.999228	0.000099	-3.682007	-0.000099	0.999228	0.548584	
581	1.000505	-0.000347	-2.607239	0.000347	1.000505	-0.815552	
582	1.000169	-0.000259	-3.676453	0.000259	1.000169	-0.163513	
583	1.001112	0.000796	-8.350586	-0.000796	1.001112	0.232971	
584	1.000291	-0.000120	-2.663940	0.000120	1.000291	-0.044189	
585	1.000285	-0.000342	-1.851624	0.000342	1.000285	-0.276001	
586	1.000072	-0.000286	-1.547058	0.000286	1.000072	-0.075195	
587	0.998229	-0.001303	0.197632	0.001303	0.998229	-0.136658	
588	1.000187	-0.002298	0.510620	0.002298	1.000187	-1.333405	
589	0.997758	0.000722	1.615173	-0.000722	0.997758	1.824402	
590	0.993121	0.000043	4.723328	-0.000043	0.993121	4.455200	
591	0.993121	0.000043	4.723328	-0.000043	0.993121	4.455200	
592	0.993121	0.000043	4.723328	-0.000043	0.993121	4.455200	
593	1.001416	-0.000747	-2.245911	0.000747	1.001416	-1.360962	
594	0.999722	0.000248	-1.994385	-0.000248	0.999722	0.410034	
595	0.999722	0.000248	-1.994385	-0.000248	0.999722	0.410034	
596	0.999722	0.000248	-1.994385	-0.000248	0.999722	0.410034	
597	0.999722	0.000248	-1.994385	-0.000248	0.999722	0.410034	
598	0.999722	0.000248	-1.994385	-0.000248	0.999722	0.410034	
599	0.999722	0.000248	-1.994385	-0.000248	0.999722	0.410034	
600	0.999722	0.000248	-1.994385	-0.000248	0.999722	0.410034	
601	0.990501	0.000217	-0.212158	-0.000217	0.990501	3.845154	
602	0.991984	-0.000120	-0.785950	0.000120	0.991984	2.910828	
603	0.991984	-0.000120	-0.785950	0.000120	0.991984	2.910828	
604	0.991984	-0.000120	-0.785950	0.000120	0.991984	2.910828	
605	0.999413	0.000974	-6.800598	-0.000974	0.999413	1.215820	
606	0.993818	-0.003822	1.337463	0.003822	0.993818	1.022400	
607	0.993818	-0.003822	1.337463	0.003822	0.993818	1.022400	
608	1.000480	0.000786	-5.619446	-0.000786	1.000480	0.351318	
609	1.001411	-0.000415	-5.011597	0.000415	1.001411	-0.614197	
610	1.000727	0.000691	-5.283081	-0.000691	1.000727	0.046265	
611	1.000727	0.000691	-5.283081	-0.000691	1.000727	0.046265	
612	1.008174	-0.000282	-8.470398	0.000282	1.008174	-4.649963	
613	0.997758	0.002556	-5.985596	-0.002556	0.997758	4.174866	
614	0.998188	0.000727	-4.375427	-0.000727	0.998188	1.844238	
615	0.998188	0.000727	-4.375427	-0.000727	0.998188	1.844238	
616	0.998188	0.000727	-4.375427	-0.000727	0.998188	1.844238	
617	1.000775	-0.000009	-6.569092	0.000009	1.000775	-0.333435	
618	1.000088	-0.000409	-4.840088	0.000409	1.000088	-0.061890	
619	1.000088	-0.000409	-4.840088	0.000409	1.000088	-0.061890	
620	1.008962	-0.001121	-6.459290	0.001121	1.008962	-5.131134	
621	0.999857	0.000512	-4.626282	-0.000512	0.999857	0.743469	
622	0.998740	-0.001553	0.374268	0.001553	0.998740	-0.224152	
623	0.998740	-0.001553	0.374268	0.001553	0.998740	-0.224152	
624	1.001631	0.001013	-4.678650	-0.001013	1.001631	-0.447144	
625	1.000045	0.001452	-5.046112	-0.001452	1.000045	0.943420	
626	1.002502	0.000435	-6.218689	-0.000435	1.002502	-1.312195	
627	1.002502	0.000435	-6.218689	-0.000435	1.002502	-1.312195	
628	0.998317	-0.000858	-3.760925	0.000858	0.998317	1.003784	
629	0.999422	0.000117	-4.159790	-0.000117	0.999422	0.458313	
630	1.000740	-0.001611	-3.722229	0.001611	1.000740	-0.742859	
631	1.000740	-0.001611	-3.722229	0.001611	1.000740	-0.742859	
632	1.001122	0.001322	-4.458435	-0.001322	1.001122	0.275574	
633	0.998233	-0.001072	-1.407532	0.001072	0.998233	0.334229	
634	1.003551	-0.000390	-3.060791	0.000390	1.003551	-2.450073	
635	1.003551	-0.000390	-3.060791	0.000390	1.003551	-2.450073	
636	1.003551	-0.000390	-3.060791	0.000390	1.003551	-2.450073	
637	1.003551	-0.000390	-3.060791	0.000390	1.003551	-2.450073	
638	1.003551	-0.000390	-3.060791	0.000390	1.003551	-2.450073	
639	1.003551	-0.000390	-3.060791	0.000390	1.003551	-2.450073	
640	1.003551	-0.000390	-3.060791	0.000390	1.003551	-2.450073	
641	0.999781	0.000366	-4.663147	-0.000366	0.999781	0.438599	
642	0.999781	0.000366	-4.663147	-0.000366	0.999781	0.438599	
643	0.999781	0.000366	-4.663147	-0.000366	0.999781	0.438599	
644	0.999781	0.000366	-4.663147	-0.000366	0.999781	0.438599	
645	1.000570	0.000049	-6.406921	-0.000049	1.000570	-0.159241	
646	0.998595	-0.001498	-4.921387	0.001498	0.998595	-0.052246	
647	1.000202	0.000887	-13.768616	-0.000887	1.000202	0.348633	
648	1.000373	0.000224	-6.091919	-0.000224	1.000373	0.069641	
649	1.000014	0.000014	-5.372803	-0.000014	1.000014	0.101746	
650	1.000309	-0.000068	-5.345032	0.000068	1.000309	-0.107452	
651	1.002634	-0.000643	-10.972839	0.000643	1.002634	-1.565125	
652	1.001114	-0.000068	-5.804230	0.000068	1.001114	-0.555695	
653	1.000505	-0.000036	-5.387909	0.000036	1.000505	-0.348785	
654	1.000806	-0.000130	-5.246490	0.000130	1.000806	-0.320038	
655	1.001453	-0.000434	-9.273987	0.000434	1.001453	-0.721649	
656	1.000436	-0.000167	-2.504395	0.000167	1.000436	-0.161835	
657	1.000415	-0.000270	-0.212402	0.000270	1.000415	-0.371246	
658	1.000578	-0.000378	0.020203	0.000378	1.000578	-0.539337	
659	1.000064	-0.000336	0.515198	0.000336	1.000064	-0.088074	
660	1.000276	-0.000265	0.376831	0.000265	1.000276	-0.204529	
661	1.000120	-0.000298	0.435303	0.000298	1.000120	-0.242889	
662	1.000121	-0.000271	0.431152	0.000271	1.000121	-0.259613	
663	0.999803	0.000119	0.343140	-0.000119	0.999803	0.021576	
664	0.999836	0.000072	0.258087	-0.000072	0.999836	0.019714	
665	0.999757	-0.000033	0.345184	0.000033	0.999757	-0.006866	
666	0.999681	-0.000057	0.474640	0.000057	0.999681	0.035217	
667	0.999700	0.000036	0.039276	-0.000036	0.999700	0.203278	
668	0.999793	0.000023	0.097504	-0.000023	0.999793	0.137329	
669	0.999663	0.000139	0.176819	-0.000139	0.999663	0.368744	
670	0.999738	0.000137	0.165466	-0.000137	0.999738	0.259796	
671	0.999380	0.000174	0.431671	-0.000174	0.999380	0.642822	
672	0.998891	0.000606	0.393127	-0.000606	0.998891	1.060547	
673	0.999553	0.000001	0.614716	-0.000001	0.999553	0.502167	
674	0.999875	-0.000107	0.689972	0.000107	0.999875	0.035217	
675	0.998866	0.000172	0.995789	-0.000172	0.998866	0.911011	
676	0.999941	-0.000923	1.113434	0.000923	0.999941	-0.468140	
677	1.002697	0.000450	-2.210205	-0.000450	1.002697	-1.406555	
678	0.997084	-0.002218	3.306152	0.002218	0.997084	0.165222	
679	0.997084	-0.002218	3.306152	0.002218	0.997084	0.165222	
680	0.998543	0.000355	0.822998	-0.000355	0.998543	1.224243	
681	0.998543	0.000355	0.822998	-0.000355	0.998543	1.224243	
682	1.000076	0.000160	0.128235	-0.000160	1.000076	0.115662	
683	0.998626	0.000304	1.477478	-0.000304	0.998626	0.947266	
684	1.002325	0.000910	-2.102295	-0.000910	1.002325	-0.601501	
685	0.999543	0.000551	0.118500	-0.000551	0.999543	0.486023	
686	0.996632	0.000664	1.230042	-0.000664	0.996632	2.367126	
687	0.996632	0.000664	1.230042	-0.000664	0.996632	2.367126	
688	0.998497	-0.000334	0.549866	0.000334	0.998497	1.103638	
689	1.000055	0.000261	-0.286896	-0.000261	1.000055	0.135559	
690	0.998947	0.002866	-1.716949	-0.002866	0.998947	2.230530	
691	0.999220	0.000051	0.086853	-0.000051	0.999220	0.424927	
692	0.999326	0.000140	0.188263	-0.000140	0.999326	0.461060	
693	0.991875	0.001922	1.638153	-0.001922	0.991875	5.134338	
694	0.999959	-0.000942	0.710388	0.000942	0.999959	-0.492432	
695	1.001153	-0.000901	0.461639	0.000901	1.001153	-1.129944	
696	0.996823	0.000493	2.019165	-0.000493	0.996823	2.379028	
697	0.996045	-0.002683	4.579224	0.002683	0.996045	0.312988	
698	1.000552	0.000326	-0.454742	-0.000326	1.000552	-0.097290	
699	1.000818	0.004942	-3.578018	-0.004942	1.000818	0.201172	
700	1.000222	0.000019	-0.144409	-0.000019	1.000222	-0.107971	
701	1.000586	0.001037	-0.927124	-0.001037	1.000586	-0.175537	
702	1.000586	0.001037	-0.927124	-0.001037	1.000586	-0.175537	
703	1.000586	0.001037	-0.927124	-0.001037	1.000586	-0.175537	
704	1.000294	-0.000132	-0.191071	0.000132	1.000294	-0.242798	
705	0.999270	0.000206	-0.146790	-0.000206	0.999270	0.600220	
706	1.000353	-0.000247	0.044556	0.000247	1.000353	-0.265320	
707	1.000209	0.000106	-0.094788	-0.000106	1.000209	-0.071655	
708	1.000492	-0.000440	0.123779	0.000440	1.000492	-0.514893	
709	1.000997	-0.000638	-0.251801	0.000638	1.000997	-0.837952	
710	1.000666	0.000298	-0.862427	-0.000298	1.000666	-0.214050	
711	0.999782	0.000417	-0.390930	-0.000417	0.999782	0.199036	
712	1.001844	0.000519	-1.906311	-0.000519	1.001844	-0.876038	
713	0.999693	0.000650	-0.739807	-0.000650	0.999693	0.404663	
714	1.001179	-0.000138	-0.258789	0.000138	1.001179	-0.805054	
715	0.999982	0.000200	0.099915	-0.000200	0.999982	0.220154	
716	1.000631	0.000114	-0.226105	-0.000114	1.000631	-0.328430	
717	1.000370	-0.000246	0.341888	0.000246	1.000370	-0.305847	
718	1.000568	0.000242	-0.104767	-0.000242	1.000568	-0.268677	
719	0.999875	0.000350	0.594391	-0.000350	0.999875	0.255859	
720	1.000225	0.000110	0.650299	-0.000110	1.000225	-0.130127	
721	0.999626	0.000460	0.407959	-0.000460	0.999626	0.438232	
722	1.000256	0.000046	0.845764	-0.000046	1.000256	-0.203186	
723	0.999628	0.000001	3.228821	-0.000001	0.999628	0.033752	
724	0.999719	0.000166	2.891327	-0.000166	0.999719	0.131287	
725	0.999727	0.000267	3.147461	-0.000267	0.999727	0.192749	
726	0.999819	0.000170	2.918701	-0.000170	0.999819	-0.007874	
727	0.998091	0.000801	6.605957	-0.000801	0.998091	1.057800	
728	0.999343	0.000351	4.437866	-0.000351	0.999343	0.547913	
729	1.001452	0.000747	3.464050	-0.000747	1.001452	-0.601807	
730	0.999225	0.000278	5.029480	-0.000278	0.999225	0.451782	
731	0.999201	-0.000209	11.505157	0.000209	0.999201	0.223694	
732	0.999869	0.000203	5.013977	-0.000203	0.999869	-0.005981	
733	0.998052	0.000808	5.086670	-0.000808	0.998052	1.489258	
734	0.999571	0.000002	5.325623	-0.000002	0.999571	0.187439	
735	1.001462	-0.001772	10.457642	0.001772	1.001462	-2.326538	
736	0.999012	-0.000098	5.885620	0.000098	0.999012	0.584106	
737	0.999004	0.000413	5.698181	-0.000413	0.999004	0.918213	
738	1.001341	0.001331	4.214661	-0.001331	1.001341	0.103027	
739	1.001341	0.001331	4.214661	-0.001331	1.001341	0.103027	
740	1.001468	0.000500	4.507324	-0.000500	1.001468	-0.451965	
741	1.001468	0.000500	4.507324	-0.000500	1.001468	-0.451965	
742	1.001468	0.000500	4.507324	-0.000500	1.001468	-0.451965	
743	1.001468	0.000500	4.507324	-0.000500	1.001468	-0.451965	
744	0.995206	-0.000574	9.752197	0.000574	0.995206	1.349792	
745	0.995069	-0.000379	8.733643	0.000379	0.995069	1.163208	
746	0.993972	-0.000549	9.967651	0.000549	0.993972	1.860779	
747	0.994465	-0.001292	14.969971	0.001292	0.994465	0.354187	
748	0.995523	-0.000341	8.889343	0.000341	0.995523	1.691589	
749	0.997841	-0.000605	7.750488	0.000605	0.997841	0.290649	
750	0.998700	0.000148	7.227783	-0.000148	0.998700	0.769531	
751	0.998700	0.000148	7.227783	-0.000148	0.998700	0.769531	
752	0.998092	-0.000825	6.997375	0.000825	0.998092	0.822266	
753	0.999634	-0.001434	6.942993	0.001434	0.999634	-0.159180	
754	1.000295	-0.000273	5.958984	0.000273	1.000295	-0.467896	
755	1.000295	-0.000273	5.958984	0.000273	1.000295	-0.467896	
756	1.000295	-0.000273	5.958984	0.000273	1.000295	-0.467896	
757	0.999192	-0.000316	6.052795	0.000316	0.999192	0.278625	
758	0.999192	-0.000316	6.052795	0.000316	0.999192	0.278625	
759	0.999192	-0.000316	6.052795	0.000316	0.999192	0.278625	
760	0.998101	-0.000111	4.859558	0.000111	0.998101	1.053619	
761	0.999247	-0.000346	3.180603	0.000346	0.999247	0.170166	
762	0.998941	-0.001354	2.969421	0.001354	0.998941	-0.656921	
763	0.998941	-0.001354	2.969421	0.001354	0.998941	-0.656921	
764	0.998941	-0.001354	2.969421	0.001354	0.998941	-0.656921	
765	1.000974	-0.002490	0.792603	0.002490	1.000974	-2.636780	
766	0.981465	-0.009586	12.408447	0.009586	0.981465	6.479187	
767	1.003525	0.000010	-1.540344	-0.000010	1.003525	-2.353149	
768	1.003730	-0.001395	-0.044952	0.001395	1.003730	-2.848328	
769	0.999295	-0.000653	0.548950	0.000653	0.999295	0.121033	
770	0.999828	-0.002751	2.041931	0.002751	0.999828	-1.500000	
771	0.999828	-0.002751	2.041931	0.002751	0.999828	-1.500000	
772	1.001586	-0.004349	2.298767	0.004349	1.001586	-2.820068	
773	1.009107	-0.018736	8.339691	0.018736	1.009107	-12.406433	
774	1.009107	-0.018736	8.339691	0.018736	1.009107	-12.406433	
775	1.009107	-0.018736	8.339691	0.018736	1.009107	-12.406433	
776	0.993333	-0.001441	8.391846	0.001441	0.993333	2.306122	
777	0.995909	0.002104	7.725708	-0.002104	0.995909	3.419464	
778	0.991706	0.003727	7.034485	-0.003727	0.991706	6.176453	
779	0.991706	0.003727	7.034485	-0.003727	0.991706	6.176453	
780	0.992940	-0.001862	-1.595703	0.001862	0.992940	2.045532	
781	1.002313	-0.001044	-9.802917	0.001044	1.002313	-1.873413	
782	0.993213	-0.002251	-1.214050	0.002251	0.993213	2.091888	
783	0.985356	-0.003698	0.200806	0.003698	0.985356	5.406067	
784	0.999726	0.000167	-3.406006	-0.000167	0.999726	0.056213	
785	0.996182	0.000299	-1.320862	-0.000299	0.996182	2.280548	
786	0.999322	0.001264	-3.318054	-0.001264	0.999322	1.126129	
787	0.993831	0.000647	-4.741882	-0.000647	0.993831	3.790009	
788	1.000013	-0.000441	-3.502136	0.000441	1.000013	-0.042999	
789	0.999069	0.000055	-3.330994	-0.000055	0.999069	0.817505	
790	0.999657	-0.000349	-3.050598	0.000349	0.999657	0.044525	
791	0.998222	0.001974	-6.582794	-0.001974	0.998222	1.829346	
792	0.999662	-0.000401	-2.032471	0.000401	0.999662	0.019257	
793	0.999352	-0.000396	-1.573853	0.000396	0.999352	0.061829	
794	0.998366	0.000069	-1.039307	-0.000069	0.998366	0.933990	
795	0.995154	0.001323	-0.422058	-0.001323	0.995154	2.865540	
796	0.999861	-0.000055	-1.919067	0.000055	0.999861	0.066742	
797	0.999063	0.000002	-2.164062	-0.000002	0.999063	0.791351	
798	0.998782	-0.000092	-1.609253	0.000092	0.998782	0.566040	
799	0.997694	0.000012	-3.563232	-0.000012	0.997694	1.335449	
800	0.999759	-0.000047	-2.845398	0.000047	0.999759	-0.002716	
801	0.999892	0.000239	-2.505493	-0.000239	0.999892	0.232697	
802	0.999992	-0.000760	-2.201294	0.000760	0.999992	-0.465454	
803	1.001308	0.000543	-6.571594	-0.000543	1.001308	-0.325867	
804	0.998040	-0.000277	-0.781738	0.000277	0.998040	0.629547	
805	0.999487	-0.000311	-1.465149	0.000311	0.999487	0.079407	
806	0.999801	0.000533	-3.094116	-0.000533	0.999801	0.350342	
807	0.998929	0.000349	-6.737183	-0.000349	0.998929	0.779602	
808	0.999100	0.000154	-2.977112	-0.000154	0.999100	0.616943	
809	0.999658	0.000012	-2.777588	-0.000012	0.999658	0.313171	
810	0.999496	0.000088	-2.645752	-0.000088	0.999496	0.465393	
811	0.999248	0.000561	-4.824036	-0.000561	0.999248	0.914185	
812	0.999315	0.000490	-1.966492	-0.000490	0.999315	0.681641	
813	0.999412	0.000556	-2.467590	-0.000556	0.999412	0.720642	
814	0.999727	0.000095	-2.351929	-0.000095	0.999727	0.310608	
815	0.999292	-0.000270	-3.785889	0.000270	0.999292	0.272827	
816	1.000410	-0.000036	-2.374451	0.000036	1.000410	-0.216248	
817	1.002339	-0.002174	-2.410156	0.002174	1.002339	-2.785339	
818	0.998537	-0.000043	-1.121826	0.000043	0.998537	0.983215	
819	0.998537	-0.000043	-1.121826	0.000043	0.998537	0.983215	
820	0.997840	-0.002319	0.069702	0.002319	0.997840	0.066772	
821	1.000335	-0.000803	-1.462280	0.000803	1.000335	-0.397583	
822	1.000335	-0.000803	-1.462280	0.000803	1.000335	-0.397583	
823	1.000335	-0.000803	-1.462280	0.000803	1.000335	-0.397583	
824	1.000335	-0.000803	-1.462280	0.000803	1.000335	-0.397583	
825	1.000335	-0.000803	-1.462280	0.000803	1.000335	-0.397583	
826	1.000335	-0.000803	-1.462280	0.000803	1.000335	-0.397583	
827	1.000335	-0.000803	-1.462280	0.000803	1.000335	-0.397583	
828	1.000335	-0.000803	-1.462280	0.000803	1.000335	-0.397583	
829	1.000210	-0.000482	0.090393	0.000482	1.000210	-0.350342	
830	1.000243	-0.000418	0.196594	0.000418	1.000243	-0.482239	
831	1.000288	-0.000261	-0.885376	0.000261	1.000288	-0.427246	
832	0.999994	-0.000166	-0.909790	0.000166	0.999994	-0.008118	
833	1.000107	-0.000923	-0.634521	0.000923	1.000107	-0.504944	
834	1.000197	-0.000269	-1.423584	0.000269	1.000197	-0.186157	
835	1.000347	0.000052	-4.004272	-0.000052	1.000347	0.099915	
836	1.001287	-0.000052	-2.410400	0.000052	1.001287	-0.914062	
837	1.001283	0.000244	-2.457520	-0.000244	1.001283	-0.660522	
838	1.001327	-0.001197	-1.864441	0.001197	1.001327	-1.737061	
839	0.998549	-0.002706	0.161621	0.002706	0.998549	-1.414246	
840	1.002237	0.000709	-2.958252	-0.000709	1.002237	-1.153870	
841	1.002025	-0.001041	-2.102844	0.001041	1.002025	-1.902283	
842	1.000512	-0.000323	-1.518921	0.000323	1.000512	-0.367249	
843	1.001013	0.000286	-5.124939	-0.000286	1.001013	-0.411011	
844	1.003554	-0.003076	-2.956055	0.003076	1.003554	-4.409180	
845	1.001852	-0.000187	-2.900330	0.000187	1.001852	-1.170532	
846	1.001130	-0.000246	-2.813904	0.000246	1.001130	-0.738831	
847	1.003523	-0.003000	-5.228577	0.003000	1.003523	-3.925659	
848	1.000498	-0.000133	-2.522217	0.000133	1.000498	-0.181824	
849	1.000519	-0.000321	-1.826721	0.000321	1.000519	-0.667297	
850	1.004395	0.001018	-4.907776	-0.001018	1.004395	-2.381226	
851	1.004395	0.001018	-4.907776	-0.001018	1.004395	-2.381226	
852	1.013483	-0.000797	-8.650513	0.000797	1.013483	-7.774414	
853	1.007734	-0.000231	-6.156433	0.000231	1.007734	-4.123291	
854	1.005295	-0.000359	-4.181183	0.000359	1.005295	-2.586121	
855	1.006400	-0.000103	-5.450409	0.000103	1.006400	-2.556824	
856	1.001704	-0.001144	-1.040131	0.001144	1.001704	-0.704163	
857	1.003341	0.000202	-2.325836	-0.000202	1.003341	-1.315186	
858	1.005842	0.001033	-2.918610	-0.001033	1.005842	-2.857849	
859	1.005842	0.001033	-2.918610	-0.001033	1.005842	-2.857849	
860	1.005159	0.002223	-4.902893	-0.002223	1.005159	-0.374573	
861	1.005787	0.003909	-5.971619	-0.003909	1.005787	-0.757324	
862	1.001722	0.003532	-2.672729	-0.003532	1.001722	2.982666	
863	1.007053	0.000591	-5.881226	-0.000591	1.007053	-2.001038	
864	1.003125	0.000281	-2.643433	-0.000281	1.003125	-0.796997	
865	1.003620	-0.000058	-2.743042	0.000058	1.003620	-1.155029	
866	1.003948	0.000138	-3.354553	-0.000138	1.003948	-1.315674	
867	1.008544	0.000234	-6.643372	-0.000234	1.008544	-2.727539	
868	1.003844	0.000078	-2.900757	-0.000078	1.003844	-1.153381	
869	1.004245	0.000037	-3.032227	-0.000037	1.004245	-1.546387	
870	1.003983	0.000239	-2.967529	-0.000239	1.003983	-1.227905	
871	1.007757	0.000245	-6.250977	-0.000245	1.007757	-2.547852	
872	1.004191	0.000287	-3.179169	-0.000287	1.004191	-1.173157	
873	1.003895	-0.000116	-2.598907	0.000116	1.003895	-1.382935	
874	1.004162	0.000124	-2.878784	-0.000124	1.004162	-1.136902	
875	1.009088	0.000048	-5.688263	-0.000048	1.009088	-3.566650	
876	1.004099	0.000208	-2.898956	-0.000208	1.004099	-1.123474	
877	1.003303	0.000109	-2.034882	-0.000109	1.003303	-0.937866	
878	1.003409	0.000104	-2.119995	-0.000104	1.003409	-0.830750	
879	1.005823	0.000388	-3.450165	-0.000388	1.005823	-2.069763	
880	1.001660	0.000344	-1.233612	-0.000344	1.001660	0.137695	
881	1.002334	0.000095	-1.383026	-0.000095	1.002334	-0.467529	
882	1.001070	0.001829	-1.878998	-0.001829	1.001070	1.295654	
883	1.004821	0.000769	-3.786499	-0.000769	1.004821	-1.444275	
884	1.002324	0.000009	-1.296967	-0.000009	1.002324	-0.500000	
885	1.001938	-0.000851	-0.629211	0.000851	1.001938	-0.514465	
886	1.002628	-0.000009	-1.643982	0.000009	1.002628	-0.802979	
887	1.005753	0.000113	-3.567627	-0.000113	1.005753	-2.121887	
888	1.001423	0.000727	-1.203247	-0.000727	1.001423	0.374451	
889	1.002039	-0.000232	-1.103333	0.000232	1.002039	-0.696716	
890	1.002368	-0.000108	-1.176025	0.000108	1.002368	-0.699646	
891	1.004359	0.000274	-2.615601	-0.000274	1.004359	-1.135132	
892	1.002431	-0.000265	-1.407654	0.000265	1.002431	-0.802979	
893	1.002380	-0.000083	-1.668396	0.000083	1.002380	-0.833679	
894	1.002761	-0.000208	-1.204529	0.000208	1.002761	-0.922668	
895	1.006971	-0.000190	-3.871094	0.000190	1.006971	-3.259888	
896	1.002507	0.000040	-1.582336	-0.000040	1.002507	-0.640747	
897	1.001961	-0.000021	-1.404663	0.000021	1.001961	-0.458191	
898	1.001854	-0.000265	-1.564087	0.000265	1.001854	-0.439758	
899	1.004820	-0.000096	-4.118103	0.000096	1.004820	-1.736694	
900	1.001886	0.000005	-1.608185	-0.000005	1.001886	-0.476379	
901	1.002004	0.000045	-1.725311	-0.000045	1.002004	-0.283264	
902	1.002260	-0.000132	-1.644165	0.000132	1.002260	-0.717468	
903	1.005673	-0.001196	-3.065857	0.001196	1.005673	-2.932678	
904	1.002142	-0.001498	-0.424896	0.001498	1.002142	-1.244446	
905	1.002734	-0.000446	-1.601318	0.000446	1.002734	-1.326904	
906	1.002734	-0.000446	-1.601318	0.000446	1.002734	-1.326904	
907	1.005512	-0.000286	-3.698608	0.000286	1.005512	-2.306152	
908	1.004918	-0.003082	-1.307678	0.003082	1.004918	-4.402893	
909	1.003151	-0.000773	-1.717224	0.000773	1.003151	-1.593994	
910	1.001472	0.000041	-0.965942	-0.000041	1.001472	0.055237	
911	0.997938	0.000710	-0.464661	-0.000710	0.997938	1.722839	
912	1.000084	-0.000879	0.397522	0.000879	1.000084	-0.392029	
913	1.000227	-0.000169	0.215393	0.000169	1.000227	-0.217529	
914	1.000937	-0.001762	0.708435	0.001762	1.000937	-2.090271	
915	0.998499	-0.001391	1.747925	0.001391	0.998499	-0.392944	
916	0.999552	0.002305	-1.053406	-0.002305	0.999552	2.427979	
917	0.999883	-0.000193	0.279846	0.000193	0.999883	-0.029419	
918	0.998648	-0.000341	1.018738	0.000341	0.998648	0.664612	
919	0.998648	-0.000341	1.018738	0.000341	0.998648	0.664612	
920	1.001184	-0.000473	-0.725281	0.000473	1.001184	-0.812256	
921	1.001184	-0.000473	-0.725281	0.000473	1.001184	-0.812256	
922	1.000889	0.004525	-2.728455	-0.004525	1.000889	3.632996	
923	1.000889	0.004525	-2.728455	-0.004525	1.000889	3.632996	
924	0.998323	-0.001552	1.993958	0.001552	0.998323	-0.067017	
925	0.996423	0.001014	2.148010	-0.001014	0.996423	3.259644	
926	0.995643	0.001999	1.647705	-0.001999	0.995643	4.613647	
927	0.995643	0.001999	1.647705	-0.001999	0.995643	4.613647	
928	0.998219	-0.000531	0.844269	0.000531	0.998219	0.322693	
929	0.996465	-0.002511	3.207764	0.002511	0.996465	0.195312	
930	0.996465	-0.002511	3.207764	0.002511	0.996465	0.195312	
931	0.996465	-0.002511	3.207764	0.002511	0.996465	0.195312	
932	0.999748	-0.000696	-0.139282	0.000696	0.999748	-0.122253	
933	1.007356	-0.010730	-2.754211	0.010730	1.007356	-12.231445	
934	1.007356	-0.010730	-2.754211	0.010730	1.007356	-12.231445	
935	1.007356	-0.010730	-2.754211	0.010730	1.007356	-12.231445	
936	1.000637	0.000735	-1.598083	-0.000735	1.000637	-0.593323	
937	1.000984	0.004283	-4.505981	-0.004283	1.000984	1.133636	
938	1.000984	0.004283	-4.505981	-0.004283	1.000984	1.133636	
939	1.000984	0.004283	-4.505981	-0.004283	1.000984	1.133636	
940	1.000984	0.004283	-4.505981	-0.004283	1.000984	1.133636	
941	1.000984	0.004283	-4.505981	-0.004283	1.000984	1.133636	
942	1.000984	0.004283	-4.505981	-0.004283	1.000984	1.133636	
943	1.000984	0.004283	-4.505981	-0.004283	1.000984	1.133636	
944	1.000984	0.004283	-4.505981	-0.004283	1.000984	1.133636	
945	1.000984	0.004283	-4.505981	-0.004283	1.000984	1.133636	
946	1.000984	0.004283	-4.505981	-0.004283	1.000984	1.133636	
947	0.999461	0.001497	-1.025269	-0.001497	0.999461	0.829712	
948	1.002320	-0.001898	0.714233	0.001898	1.002320	-1.817261	
949	1.000734	0.000155	-0.770325	-0.000155	1.000734	-0.471741	
950	1.001055	-0.000308	-0.405945	0.000308	1.001055	-1.059509	
951	0.999922	-0.002564	2.103455	0.002564	0.999922	-1.480652	
952	1.000826	0.000790	-0.798248	-0.000790	1.000826	-0.106567	
953	0.998877	-0.000549	0.778442	0.000549	0.998877	0.401184	
954	0.999799	0.000469	-0.326477	-0.000469	0.999799	0.482361	
955	0.998689	-0.000526	1.159973	0.000526	0.998689	0.474915	
956	1.000478	0.000018	-0.459412	-0.000018	1.000478	-0.134399	
957	1.000488	-0.000182	-0.762573	0.000182	1.000488	-0.437012	
958	1.001155	0.000221	-1.121704	-0.000221	1.001155	-0.614990	
959	0.999593	-0.000033	-0.877197	0.000033	0.999593	0.252869	
960	1.000690	-0.000123	-1.015198	0.000123	1.000690	-0.419617	
961	1.000253	0.000251	-1.219788	-0.000251	1.000253	-0.070496	
962	1.000429	-0.000183	-0.674805	0.000183	1.000429	-0.252808	
963	0.996280	-0.002316	1.942505	0.002316	0.996280	1.137939	
964	0.999463	-0.001925	0.559143	0.001925	0.999463	-0.811096	
965	0.999582	0.000711	-1.445618	-0.000711	0.999582	0.769897	
966	1.000913	-0.000894	0.015442	0.000894	1.000913	-0.785339	
967	1.003886	-0.004432	0.192261	0.004432	1.003886	-3.556580	
968	1.000729	0.000926	-1.642273	-0.000926	1.000729	0.074402	
969	0.998521	-0.000187	-0.192474	0.000187	0.998521	0.883179	
970	1.003965	-0.000993	-1.406616	0.000993	1.003965	-2.834656	
971	1.003965	-0.000993	-1.406616	0.000993	1.003965	-2.834656	
972	1.003965	-0.000993	-1.406616	0.000993	1.003965	-2.834656	
973	1.000566	-0.001767	0.002502	0.001767	1.000566	-1.441589	
974	0.999574	0.001551	-1.270264	-0.001551	0.999574	1.733337	
975	0.999574	0.001551	-1.270264	-0.001551	0.999574	1.733337	
976	0.999715	-0.001332	-0.105286	0.001332	0.999715	-0.071167	
977	0.999715	-0.001332	-0.105286	0.001332	0.999715	-0.071167	
978	1.002190	0.000025	-3.186554	-0.000025	1.002190	-0.973877	
979	0.989277	0.000286	1.570862	-0.000286	0.989277	4.279724	
980	0.996205	0.000407	-0.841248	-0.000407	0.996205	1.053650	
981	0.994476	-0.000009	0.824463	0.000009	0.994476	2.124817	
982	0.995535	0.000859	-0.399475	-0.000859	0.995535	1.850281	
983	0.995535	0.000859	-0.399475	-0.000859	0.995535	1.850281	
984	0.995112	-0.000100	2.348541	0.000100	0.995112	0.973022	
985	0.993673	0.000875	1.932343	-0.000875	0.993673	2.605225	
986	0.993628	-0.002503	4.825256	0.002503	0.993628	1.417297	
987	0.982698	-0.000682	9.247864	0.000682	0.982698	6.591125	
988	0.991869	0.001757	3.692932	-0.001757	0.991869	4.166687	
989	0.992922	-0.004720	7.770691	0.004720	0.992922	-1.526672	
990	0.990332	-0.000447	7.311279	0.000447	0.990332	3.938293	
991	0.986436	0.000622	8.342010	-0.000622	0.986436	5.143127	
992	0.994194	0.000181	3.570007	-0.000181	0.994194	2.175903	
993	0.994598	-0.000078	3.732910	0.000078	0.994598	2.107483	
994	0.996454	-0.000034	2.821655	0.000034	0.996454	0.892578	
995	0.991640	0.000471	6.038910	-0.000471	0.991640	2.650513	
996	0.996346	-0.000127	2.678040	0.000127	0.996346	1.164490	
997	1.000340	0.001521	-0.634186	-0.001521	1.000340	-0.323792	
998	1.003278	0.003989	-2.894165	-0.003989	1.003278	-0.921753	
999	1.000663	-0.000698	0.125305	0.000698	1.000663	-1.052368	
1000	1.000080	-0.000319	0.296173	0.000319	1.000080	-0.107178	
1001	0.999955	0.000610	0.043457	-0.000610	0.999955	0.614502	
1002	0.999345	0.000475	0.005524	-0.000475	0.999345	0.993774	
1003	1.003386	0.001507	-2.215271	-0.001507	1.003386	-1.395691	
1004	1.002221	0.002106	-2.337158	-0.002106	1.002221	0.329865	
1005	1.000104	0.000007	0.127808	-0.000007	1.000104	0.040161	
1006	0.999959	-0.000635	0.731140	0.000635	0.999959	-0.218994	
1007	0.999959	-0.000635	0.731140	0.000635	0.999959	-0.218994	
1008	0.999959	-0.000635	0.731140	0.000635	0.999959	-0.218994	
1009	0.999959	-0.000635	0.731140	0.000635	0.999959	-0.218994	
1010	0.999959	-0.000635	0.731140	0.000635	0.999959	-0.218994	
1011	0.999959	-0.000635	0.731140	0.000635	0.999959	-0.218994	
1012	0.997830	0.004450	-2.009888	-0.004450	0.997830	5.219940	
1013	1.000350	-0.000565	0.521301	0.000565	1.000350	-0.262451	
1014	0.999725	0.000073	0.059418	-0.000073	0.999725	0.220093	
1015	0.999725	0.000073	0.059418	-0.000073	0.999725	0.220093	
1016	0.999725	0.000073	0.059418	-0.000073	0.999725	0.220093	
1017	0.999725	0.000073	0.059418	-0.000073	0.999725	0.220093	
1018	0.999725	0.000073	0.059418	-0.000073	0.999725	0.220093	
1019	0.999725	0.000073	0.059418	-0.000073	0.999725	0.220093	
1020	0.999725	0.000073	0.059418	-0.000073	0.999725	0.220093	
1021	0.997850	-0.003445	4.314331	0.003445	0.997850	-0.777832	
1022	0.999957	0.000112	0.141052	-0.000112	0.999957	0.372131	
1023	0.999920	-0.001349	0.951233	0.001349	0.999920	-0.002625	
1024	1.001262	-0.000447	-0.228210	0.000447	1.001262	-0.879028	
1025	1.001545	-0.001376	0.852264	0.001376	1.001545	-1.327942	
1026	1.000272	0.001094	-0.308441	-0.001094	1.000272	0.225159	
1027	1.001521	0.000653	-0.430145	-0.000653	1.001521	-0.801147	
1028	0.999400	-0.000578	1.116882	0.000578	0.999400	0.241699	
1029	0.998863	-0.000584	0.965057	0.000584	0.998863	0.348694	
1030	0.998863	-0.000584	0.965057	0.000584	0.998863	0.348694	
1031	0.998863	-0.000584	0.965057	0.000584	0.998863	0.348694	
1032	0.998863	-0.000584	0.965057	0.000584	0.998863	0.348694	
1033	0.998863	-0.000584	0.965057	0.000584	0.998863	0.348694	
1034	0.998863	-0.000584	0.965057	0.000584	0.998863	0.348694	
1035	0.998863	-0.000584	0.965057	0.000584	0.998863	0.348694	
1036	1.000306	-0.000272	0.292603	0.000272	1.000306	-0.277039	
1037	1.000033	-0.000377	0.521912	0.000377	1.000033	-0.164429	
1038	1.000801	-0.000097	-0.212219	0.000097	1.000801	-0.626404	
1039	0.999686	-0.000205	0.390442	0.000205	0.999686	0.311707	
1040	0.999614	-0.000319	0.117859	0.000319	0.999614	0.036072	
1041	0.999175	-0.000174	0.673828	0.000174	0.999175	0.546265	
1042	1.000092	-0.000359	0.407532	0.000359	1.000092	-0.210815	
1043	0.999222	0.000092	0.030151	-0.000092	0.999222	0.613281	
1044	0.999543	0.001348	-0.857239	-0.001348	0.999543	0.474365	
1045	1.001384	-0.001809	-0.168823	0.001809	1.001384	-2.597961	
1046	1.000739	0.000049	0.074982	-0.000049	1.000739	-0.453552	
1047	1.001990	0.002291	-3.327271	-0.002291	1.001990	0.990662	
1048	1.000091	0.000385	-0.072632	-0.000385	1.000091	0.263367	
1049	1.000635	0.000055	-0.262329	-0.000055	1.000635	-0.265259	
1050	1.000626	-0.000088	-0.172943	0.000088	1.000626	-0.388489	
1051	1.000803	0.000312	-0.414551	-0.000312	1.000803	-0.173157	
1052	0.999962	-0.000141	0.794464	0.000141	0.999962	0.093811	
1053	0.999930	-0.000522	0.881042	0.000522	0.999930	-0.146790	
1054	1.000496	0.000342	-0.176941	-0.000342	1.000496	-0.045715	
1055	0.998585	-0.000808	1.124420	0.000808	0.998585	0.864685	
1056	0.999488	-0.000602	0.506012	0.000602	0.999488	0.225830	
1057	1.000470	-0.001589	1.123260	0.001589	1.000470	-0.786804	
1058	0.998143	-0.000180	0.572754	0.000180	0.998143	1.016907	
1059	0.998143	-0.000180	0.572754	0.000180	0.998143	1.016907	
1060	0.998143	-0.000180	0.572754	0.000180	0.998143	1.016907	
1061	0.998143	-0.000180	0.572754	0.000180	0.998143	1.016907	
1062	1.001037	-0.000642	0.465576	0.000642	1.001037	-0.693054	
1063	1.001037	-0.000642	0.465576	0.000642	1.001037	-0.693054	
1064	0.999034	0.000499	0.329529	-0.000499	0.999034	0.617493	
1065	1.002656	-0.000095	-2.300964	0.000095	1.002656	-1.993591	
1066	0.999121	0.001343	-0.653381	-0.001343	0.999121	0.849426	
1067	0.999121	0.001343	-0.653381	-0.001343	0.999121	0.849426	
1068	0.999629	0.000508	-0.217102	-0.000508	0.999629	0.522430	
1069	0.997406	0.000778	0.508575	-0.000778	0.997406	1.793579	
1070	0.999471	-0.000910	0.913269	0.000910	0.999471	0.075073	
1071	0.998602	0.000892	0.174622	-0.000892	0.998602	1.783203	
1072	0.998887	0.000095	0.487610	-0.000095	0.998887	0.844116	
1073	1.001289	-0.000123	-0.956177	0.000123	1.001289	-0.863892	
1074	1.000440	-0.000059	-0.203125	0.000059	1.000440	-0.195496	
1075	1.000917	0.001144	-1.815918	-0.001144	1.000917	0.635803	
1076	0.999981	0.000572	-0.301025	-0.000572	0.999981	0.206909	
1077	0.999596	0.000113	0.103210	-0.000113	0.999596	0.243774	
1078	1.000063	0.000102	0.182922	-0.000102	1.000063	-0.124207	
1079	1.000790	-0.000112	0.156830	0.000112	1.000790	-0.488098	
1080	0.999505	-0.000232	0.400024	0.000232	0.999505	0.438538	
1081	1.000447	0.000056	-0.081604	-0.000056	1.000447	-0.166504	
1082	1.000309	0.000280	-0.214294	-0.000280	1.000309	-0.017029	
1083	0.999755	-0.000130	0.428711	0.000130	0.999755	0.109558	
1084	1.000699	0.000344	-0.667603	-0.000344	1.000699	-0.278503	
1085	1.000263	0.000145	-0.162659	-0.000145	1.000263	-0.137390	
1086	0.999739	-0.000136	-0.067413	0.000136	0.999739	0.043335	
1087	1.002929	-0.000292	-2.183899	0.000292	1.002929	-2.010315	
1088	1.000145	0.000581	-0.962524	-0.000581	1.000145	0.081970	
1089	1.000407	0.000256	-0.374542	-0.000256	1.000407	-0.146545	
1090	1.000160	-0.000349	0.351959	0.000349	1.000160	-0.267151	
1091	0.999920	-0.000023	0.336487	0.000023	0.999920	-0.024780	
1092	1.000335	-0.000130	-0.049133	0.000130	1.000335	-0.447815	
1093	0.999287	-0.000236	0.524811	0.000236	0.999287	0.222412	
1094	0.999806	-0.000349	0.213257	0.000349	0.999806	-0.374573	
1095	0.999143	0.000046	0.375488	-0.000046	0.999143	0.662903	
1096	1.000261	-0.000035	-0.194946	0.000035	1.000261	-0.054016	
1097	1.000274	-0.000125	0.063477	0.000125	1.000274	-0.119141	
1098	0.998294	0.001193	1.238159	-0.001193	0.998294	2.058044	
1099	0.999150	-0.000065	0.488708	0.000065	0.999150	0.395630	
1100	0.999785	0.000254	0.032043	-0.000254	0.999785	0.145203	
1101	0.999805	0.000080	-0.109924	-0.000080	0.999805	0.122192	
1102	0.999737	0.000010	0.035706	-0.000010	0.999737	0.148926	
1103	1.000144	-0.000105	-0.077026	0.000105	1.000144	0.142700	
1104	1.000000	-0.000757	0.072327	0.000757	1.000000	-0.145020	
1105	1.000803	-0.000214	-0.119629	0.000214	1.000803	-0.380737	
1106	1.000234	0.000508	-0.615173	-0.000508	1.000234	0.199219	
1107	0.999627	0.000378	-0.040405	-0.000378	0.999627	0.534424	
1108	0.999828	-0.000190	0.306274	0.000190	0.999828	-0.033630	
1109	1.000182	-0.000199	0.266724	0.000199	1.000182	-0.139343	
1110	1.000382	-0.000336	0.248047	0.000336	1.000382	-0.245728	
1111	1.000256	-0.000459	0.476196	0.000459	1.000256	-0.188477	
1112	0.999734	-0.000207	0.401794	0.000207	0.999734	0.193848	
1113	0.998745	-0.000138	0.644592	0.000138	0.998745	0.753235	
1114	0.998402	0.000219	0.249268	-0.000219	0.998402	1.119873	
1115	1.000841	-0.001251	0.781067	0.001251	1.000841	-0.694336	
1116	1.000841	-0.001251	0.781067	0.001251	1.000841	-0.694336	
1117	1.000841	-0.001251	0.781067	0.001251	1.000841	-0.694336	
1118	1.000841	-0.001251	0.781067	0.001251	1.000841	-0.694336	
1119	1.000841	-0.001251	0.781067	0.001251	1.000841	-0.694336	
1120	0.999334	0.000105	-0.094330	-0.000105	0.999334	0.532837	
1121	0.999386	0.000439	-0.426178	-0.000439	0.999386	0.589661	
1122	0.999386	0.000439	-0.426178	-0.000439	0.999386	0.589661	
1123	0.999386	0.000439	-0.426178	-0.000439	0.999386	0.589661	
1124	1.000214	0.000030	-0.035706	-0.000030	1.000214	-0.111267	
1125	0.999420	0.000162	0.132935	-0.000162	0.999420	0.609009	
1126	1.000188	-0.000196	-0.134216	0.000196	1.000188	-0.344543	
1127	1.000587	0.000354	-0.696167	-0.000354	1.000587	-0.170044	
1128	1.000570	-0.000030	-0.395386	0.000030	1.000570	-0.491882	
1129	1.000059	0.000086	-0.156677	-0.000086	1.000059	-0.246277	
1130	0.998877	-0.001235	1.680481	0.001235	0.998877	-0.434021	
1131	1.000631	0.000386	-0.355347	-0.000386	1.000631	-0.302368	
1132	0.998844	-0.000675	0.494263	0.000675	0.998844	0.785339	
1133	0.999705	-0.000213	0.012177	0.000213	0.999705	0.341675	
1134	0.999713	-0.000096	0.222839	0.000096	0.999713	0.084106	
1135	1.000255	0.000017	0.206024	-0.000017	1.000255	-0.249451	
1136	0.999912	0.000506	-0.388031	-0.000506	0.999912	0.371277	
1137	1.000078	-0.000403	0.264771	0.000403	1.000078	-0.129761	
1138	1.000242	-0.000467	0.157990	0.000467	1.000242	-0.403259	
1139	1.000515	-0.000232	-0.671265	0.000232	1.000515	-0.538330	
1140	0.999813	-0.000063	0.081970	0.000063	0.999813	0.102966	
1141	0.999867	0.000075	-0.059082	-0.000075	0.999867	0.162964	
1142	1.000197	0.000049	-0.344055	-0.000049	1.000197	-0.150452	
1143	0.999719	0.000606	-0.561584	-0.000606	0.999719	0.245483	
1144	0.999532	0.000481	-0.333191	-0.000481	0.999532	0.419556	
1145	0.999967	0.000060	-0.053986	-0.000060	0.999967	-0.001404	
1146	0.999633	-0.000251	0.464844	0.000251	0.999633	0.120972	
1147	1.000555	-0.000147	0.356964	0.000147	1.000555	-0.435791	
1148	0.998967	-0.001580	1.730865	0.001580	0.998967	0.312500	
1149	1.002538	0.000605	-0.726685	-0.000605	1.002538	-1.390930	
1150	1.002538	0.000605	-0.726685	-0.000605	1.002538	-1.390930	
1151	1.002538	0.000605	-0.726685	-0.000605	1.002538	-1.390930	
1152	1.002538	0.000605	-0.726685	-0.000605	1.002538	-1.390930	
1153	0.999717	0.000421	-0.218079	-0.000421	0.999717	0.273010	
1154	0.998004	-0.000401	1.523254	0.000401	0.998004	1.052734	
1155	0.998193	0.000073	1.731384	-0.000073	0.998193	1.322876	
1156	1.000340	-0.001126	0.630554	0.001126	1.000340	-0.524841	
1157	1.000276	0.000260	-0.073120	-0.000260	1.000276	0.044189	
1158	0.998417	0.003569	-1.345398	-0.003569	0.998417	3.149475	
1159	0.998417	0.003569	-1.345398	-0.003569	0.998417	3.149475	
1160	0.997542	-0.000837	3.381866	0.000837	0.997542	0.923340	
1161	0.997542	-0.000837	3.381866	0.000837	0.997542	0.923340	
1162	0.997542	-0.000837	3.381866	0.000837	0.997542	0.923340	
1163	0.997542	-0.000837	3.381866	0.000837	0.997542	0.923340	
1164	1.000077	-0.000118	0.245972	0.000118	1.000077	0.029297	
1165	1.000077	-0.000118	0.245972	0.000118	1.000077	0.029297	
1166	1.000379	0.000130	-0.132202	-0.000130	1.000379	-0.274841	
1167	1.000379	0.000130	-0.132202	-0.000130	1.000379	-0.274841	
1168	1.000379	0.000130	-0.132202	-0.000130	1.000379	-0.274841	
1169	1.000379	0.000130	-0.132202	-0.000130	1.000379	-0.274841	
1170	1.000379	0.000130	-0.132202	-0.000130	1.000379	-0.274841	
1171	1.000379	0.000130	-0.132202	-0.000130	1.000379	-0.274841	
1172	0.999531	0.000654	-0.444427	-0.000654	0.999531	0.526123	
1173	0.999531	0.000654	-0.444427	-0.000654	0.999531	0.526123	
1174	0.999563	-0.000034	-0.091644	0.000034	0.999563	0.229004	
1175	0.999563	-0.000034	-0.091644	0.000034	0.999563	0.229004	
1176	0.996692	0.001178	0.856445	-0.001178	0.996692	2.856567	
1177	0.999548	-0.001156	0.961975	0.001156	0.999548	-0.766418	
1178	1.000257	-0.000070	-0.430725	0.000070	1.000257	-0.185425	
1179	1.000257	-0.000070	-0.430725	0.000070	1.000257	-0.185425	
1180	0.999584	0.000069	-0.233276	-0.000069	0.999584	0.262268	
1181	1.001058	-0.000378	-0.880432	0.000378	1.001058	-1.011963	
1182	1.000446	-0.000185	-0.430359	0.000185	1.000446	-0.516052	
1183	1.000978	0.001153	-2.836700	-0.001153	1.000978	-0.476746	
1184	0.999619	-0.000135	-1.013794	0.000135	0.999619	-0.192505	
1185	0.994220	0.001298	0.831604	-0.001298	0.994220	3.259399	
1186	0.994220	0.001298	0.831604	-0.001298	0.994220	3.259399	
1187	0.994220	0.001298	0.831604	-0.001298	0.994220	3.259399	
1188	0.994220	0.001298	0.831604	-0.001298	0.994220	3.259399	
1189	0.994220	0.001298	0.831604	-0.001298	0.994220	3.259399	
1190	0.994220	0.001298	0.831604	-0.001298	0.994220	3.259399	
1191	0.994220	0.001298	0.831604	-0.001298	0.994220	3.259399	
1192	0.994220	0.001298	0.831604	-0.001298	0.994220	3.259399	
1193	0.994220	0.001298	0.831604	-0.001298	0.994220	3.259399	
1194	0.994220	0.001298	0.831604	-0.001298	0.994220	3.259399	
1195	0.994220	0.001298	0.831604	-0.001298	0.994220	3.259399	
1196	0.994220	0.001298	0.831604	-0.001298	0.994220	3.259399	
1197	0.994220	0.001298	0.831604	-0.001298	0.994220	3.259399	
1198	0.994220	0.001298	0.831604	-0.001298	0.994220	3.259399	
1199	0.994220	0.001298	0.831604	-0.001298	0.994220	3.259399	
1200	0.994220	0.001298	0.831604	-0.001298	0.994220	3.259399	
1201	0.994220	0.001298	0.831604	-0.001298	0.994220	3.259399	
1202	0.994220	0.001298	0.831604	-0.001298	0.994220	3.259399	
