0	1.000000	0.000000	0.000000	0.000000	1.000000	0.000000	
1	0.999999	-0.000000	0.000488	0.000000	0.999999	0.000153	
2	0.999999	-0.000002	0.002197	0.000002	0.999999	-0.001923	
3	0.999669	-0.000114	0.373718	0.000114	0.999669	-0.469727	
4	1.000004	0.000008	-0.002930	-0.000008	1.000004	0.002655	
5	0.999570	-0.000335	0.793396	0.000335	0.999570	-0.598709	
6	1.000000	-0.000001	0.000244	0.000001	1.000000	-0.000977	
7	0.999995	0.000008	-0.005981	-0.000008	0.999995	0.005524	
8	0.999301	-0.001198	-0.830933	0.001198	0.999301	-0.574310	
9	1.000019	0.000011	-0.032104	-0.000011	1.000019	0.007019	
10	0.999484	-0.000643	-1.922668	0.000643	0.999484	-0.120453	
11	0.998373	0.000564	-0.661499	-0.000564	0.998373	1.343475	
12	1.000017	0.000005	-0.028809	-0.000005	1.000017	-0.002655	
13	0.999618	-0.000637	-1.343445	0.000637	0.999618	0.057312	
14	1.000007	0.000005	-0.010986	-0.000005	1.000007	0.001770	
15	0.999063	-0.000315	-3.355835	0.000315	0.999063	0.287140	
16	0.999992	-0.000005	-0.001770	0.000005	0.999992	0.003326	
17	0.999763	-0.000045	0.004639	0.000045	0.999763	0.187134	
18	0.999999	0.000001	0.003906	-0.000001	0.999999	0.001221	
19	0.999674	-0.001668	-3.009949	0.001668	0.999674	-1.672668	
20	1.002213	-0.002938	-2.522583	0.002938	1.002213	-3.440521	
21	1.000002	-0.000004	0.001465	0.000004	1.000002	-0.006897	
22	1.000430	0.000412	-2.444336	-0.000412	1.000430	-0.410461	
23	1.000001	-0.000004	0.009338	0.000004	1.000001	-0.006714	
24	1.000406	0.000750	1.275452	-0.000750	1.000406	0.118469	
25	1.000011	0.000010	-0.007385	-0.000010	1.000011	-0.013031	
26	0.999985	-0.000381	0.144104	0.000381	0.999985	-0.727829	
27	1.000043	-0.000011	-0.025085	0.000011	1.000043	-0.047272	
28	0.997452	-0.005624	3.385925	0.005624	0.997452	-6.116302	
29	1.000001	-0.000001	-0.000183	0.000001	1.000001	-0.001038	
30	1.000001	0.000002	-0.001404	-0.000002	1.000001	0.000122	
31	1.002408	-0.001094	-5.683777	0.001094	1.002408	-3.376740	
32	1.000001	-0.000004	0.001160	0.000004	1.000001	-0.003082	
33	1.014071	0.001815	-1.234314	-0.001815	1.014071	-18.374573	
34	0.999999	-0.000001	0.002808	0.000001	0.999999	0.000244	
35	1.010453	-0.002724	2.965088	0.002724	1.010453	-17.358795	
36	0.999999	-0.000000	0.001221	0.000000	0.999999	0.000977	
37	0.994036	-0.010674	7.264709	0.010674	0.994036	-11.274643	
38	1.000002	-0.000004	0.000977	0.000004	1.000002	-0.003265	
39	1.008520	-0.002289	2.910339	0.002289	1.008520	-18.710144	
40	1.000000	-0.000002	0.001831	0.000002	1.000000	-0.002533	
41	1.010679	-0.006136	7.279663	0.006136	1.010679	-21.581604	
42	1.000000	-0.000001	0.000793	0.000001	1.000000	-0.000885	
43	1.000767	-0.003015	-0.642761	0.003015	1.000767	-3.462715	
44	0.999999	-0.000002	0.002563	0.000002	0.999999	-0.002716	
45	1.008433	0.000848	-0.360413	-0.000848	1.008433	-8.656342	
46	1.000002	0.000000	-0.002319	-0.000000	1.000002	-0.000671	
47	1.006709	-0.001326	4.514709	0.001326	1.006709	-6.617218	
48	1.003858	-0.000982	-0.532227	0.000982	1.003858	-4.190399	
49	0.999996	-0.000002	0.006348	0.000002	0.999996	-0.000366	
50	1.001859	-0.000768	-2.161926	0.000768	1.001859	-1.194702	
51	1.000000	-0.000003	0.002563	0.000003	1.000000	-0.001831	
52	1.000289	0.002706	0.429993	-0.002706	1.000289	8.796021	
53	1.000001	-0.000000	-0.000122	0.000000	1.000001	0.000000	
54	1.000001	0.000004	-0.002197	-0.000004	1.000001	0.000763	
55	1.000001	0.000004	-0.002197	-0.000004	1.000001	0.000763	
56	0.999995	-0.000007	0.007141	0.000007	0.999995	-0.003662	
57	1.003590	-0.001043	-4.006409	0.001043	1.003590	-1.426231	
58	0.999997	-0.000001	0.002502	0.000001	0.999997	-0.000092	
59	0.999721	0.000864	0.465027	-0.000864	0.999721	1.118896	
60	1.007650	0.009251	-9.317993	-0.009251	1.007650	10.087738	
61	0.999998	-0.000004	0.003967	0.000004	0.999998	0.000183	
62	0.994759	0.000290	-2.098846	-0.000290	0.994759	16.364410	
63	0.994759	0.000290	-2.098846	-0.000290	0.994759	16.364410	
64	1.000000	-0.000000	0.000305	0.000000	1.000000	-0.000183	
65	1.000000	0.000002	-0.002197	-0.000002	1.000000	0.000916	
66	1.000765	-0.000202	-0.974670	0.000202	1.000765	-0.266586	
67	0.990335	-0.000653	3.088318	0.000653	0.990335	8.699646	
68	0.999997	0.000001	0.003113	-0.000001	0.999997	0.002777	
69	0.990013	0.000161	1.535645	-0.000161	0.990013	6.523865	
70	0.999998	-0.000005	0.002991	0.000005	0.999998	-0.003906	
71	0.990453	0.000573	0.453430	-0.000573	0.990453	3.710785	
72	1.000425	-0.003598	-0.225891	0.003598	1.000425	-4.079300	
73	1.000003	-0.000002	0.000183	0.000002	1.000003	-0.003784	
74	1.000002	0.000003	-0.004517	-0.000003	1.000002	0.002533	
75	0.999565	0.000657	1.704529	-0.000657	0.999565	-2.710037	
76	0.996816	0.005273	-1.201477	-0.005273	0.996816	5.104248	
77	1.000003	-0.000003	-0.001221	0.000003	1.000003	-0.003967	
78	1.002165	-0.005656	-2.091797	0.005656	1.002165	-6.618530	
79	1.000003	-0.000002	-0.000610	0.000002	1.000003	-0.002075	
80	0.999333	-0.000411	0.966248	0.000411	0.999333	-0.534775	
81	1.000000	-0.000007	0.000244	0.000007	1.000000	-0.005219	
82	0.999681	-0.000305	0.306396	0.000305	0.999681	-0.210526	
83	0.999995	0.000005	-0.001282	-0.000005	0.999995	-0.000549	
84	0.999383	-0.000533	-0.721130	0.000533	0.999383	-0.743896	
85	0.999997	0.000002	-0.005066	-0.000002	0.999997	0.001190	
86	0.998760	-0.000385	1.107178	0.000385	0.998760	-0.410980	
87	0.995727	-0.001344	4.798401	0.001344	0.995727	-1.343781	
88	0.999986	-0.000040	0.004517	0.000040	0.999986	-0.054749	
89	0.999513	-0.000307	0.311035	0.000307	0.999513	-0.844269	
90	1.000005	0.000001	-0.006714	-0.000001	1.000005	-0.009033	
91	1.002025	0.001824	-2.424255	-0.001824	1.002025	-3.509186	
92	1.003918	0.000380	-0.711426	-0.000380	1.003918	-6.979187	
93	1.000001	0.000000	-0.000549	-0.000000	1.000001	-0.000519	
94	1.000000	-0.000002	0.000671	0.000002	1.000000	-0.001465	
95	1.003984	0.003174	-0.460358	-0.003174	1.003984	-5.256897	
96	1.007826	0.000422	-2.696167	-0.000422	1.007826	-7.208435	
97	0.999999	-0.000001	0.002502	0.000001	0.999999	-0.001801	
98	1.009486	0.000484	-4.588318	-0.000484	1.009486	-6.229156	
99	1.010101	0.001570	-5.734070	-0.001570	1.010101	-3.929718	
100	1.000003	-0.000000	-0.002075	0.000000	1.000003	-0.000885	
101	1.009181	0.002961	-3.158020	-0.002961	1.009181	-2.865601	
102	1.000000	0.000000	-0.000122	-0.000000	1.000000	0.000275	
103	1.002528	0.000272	-0.509552	-0.000272	1.002528	-2.971527	
104	1.005145	0.000047	-1.692139	-0.000047	1.005145	-6.168655	
105	1.000000	0.000000	-0.000244	-0.000000	1.000000	0.000122	
106	1.000000	0.000000	-0.000183	-0.000000	1.000000	0.000183	
107	1.005306	0.001179	-5.628845	-0.001179	1.005306	-4.703827	
108	1.009436	-0.001055	-6.645264	0.001055	1.009436	-8.773285	
109	1.000003	-0.000001	-0.002808	0.000001	1.000003	-0.001404	
110	1.000743	-0.005537	-0.533569	0.005537	1.000743	-6.420868	
111	1.002931	0.000866	-2.824219	-0.000866	1.002931	-4.919220	
112	1.000006	-0.000002	-0.001953	0.000002	1.000006	-0.001953	
113	1.010392	-0.000598	-7.796448	0.000598	1.010392	-10.311615	
114	1.000000	0.000001	0.000000	-0.000001	1.000000	0.000671	
115	1.003712	0.000750	-2.433228	-0.000750	1.003712	-4.432098	
116	1.000002	-0.000003	0.000122	0.000003	1.000002	-0.004150	
117	1.002597	-0.000591	0.898743	0.000591	1.002597	-4.306152	
118	0.999998	0.000001	0.000183	-0.000001	0.999998	0.001099	
119	1.014696	-0.000093	-9.763000	0.000093	1.014696	-9.459137	
120	1.011496	0.000398	-6.599976	-0.000398	1.011496	-7.811859	
121	1.000001	0.000001	-0.002808	-0.000001	1.000001	-0.000427	
122	1.002636	0.000731	-1.075989	-0.000731	1.002636	-2.844894	
123	1.000002	0.000010	-0.005615	-0.000010	1.000002	0.003204	
124	1.014514	-0.000131	-9.599792	0.000131	1.014514	-10.602142	
125	1.000003	0.000001	-0.002014	-0.000001	1.000003	0.000092	
126	1.009051	0.000030	-6.078186	-0.000030	1.009051	-3.985626	
127	1.008620	0.000605	-6.522888	-0.000605	1.008620	-3.098907	
128	1.000007	0.000014	-0.012817	-0.000014	1.000007	0.004303	
129	1.007737	0.000649	-4.135925	-0.000649	1.007737	-2.249847	
130	1.000006	0.000011	-0.010376	-0.000011	1.000006	0.003937	
131	1.007460	0.000998	-5.229065	-0.000998	1.007460	-2.059509	
132	1.003439	0.000636	-8.142151	-0.000636	1.003439	-1.320465	
133	1.000002	-0.000002	-0.000793	0.000002	1.000002	-0.001984	
134	1.000000	0.000002	-0.000610	-0.000002	1.000000	0.001373	
135	1.008611	0.000975	-6.133118	-0.000975	1.008611	-1.916260	
136	1.006321	0.002249	-12.398376	-0.002249	1.006321	-1.058746	
137	1.000002	-0.000000	-0.001221	0.000000	1.000002	-0.001404	
138	1.009684	-0.004120	-11.008057	0.004120	1.009684	-4.347458	
139	1.000000	-0.000000	-0.000427	0.000000	1.000000	-0.000824	
140	1.000000	-0.000000	-0.000427	0.000000	1.000000	-0.000824	
141	0.999996	0.000003	0.001648	-0.000003	0.999996	0.002716	
142	1.000000	-0.000001	0.000671	0.000001	1.000000	-0.000793	
143	1.000000	-0.000001	0.000671	0.000001	1.000000	-0.000793	
144	1.000000	-0.000001	0.000671	0.000001	1.000000	-0.000793	
145	1.000001	-0.000003	0.000122	0.000003	1.000001	-0.000854	
146	0.994677	0.000079	0.692078	-0.000079	0.994677	6.768188	
147	0.994677	0.000079	0.692078	-0.000079	0.994677	6.768188	
148	0.999999	-0.000002	0.001648	0.000002	0.999999	-0.000275	
149	0.999996	-0.000002	0.002197	0.000002	0.999996	0.000793	
150	0.991265	0.001114	3.157837	-0.001114	0.991265	8.251251	
151	0.988441	0.002958	10.462769	-0.002958	0.988441	10.932220	
152	1.000002	-0.000001	-0.000488	0.000001	1.000002	-0.000763	
153	0.999997	-0.000001	0.001892	0.000001	0.999997	0.001007	
154	0.999999	0.000002	0.000366	-0.000002	0.999999	0.001343	
155	0.999514	0.005411	0.181580	-0.005411	0.999514	6.171234	
156	1.000000	0.000002	-0.002136	-0.000002	1.000000	0.002167	
157	0.990831	0.002082	10.128601	-0.002082	0.990831	9.048645	
158	1.000001	0.000001	-0.002197	-0.000001	1.000001	0.000336	
159	0.999981	0.004806	-0.324524	-0.004806	0.999981	5.401947	
160	0.999999	0.000004	0.001282	-0.000004	0.999999	0.003113	
161	0.997696	0.001735	2.482178	-0.001735	0.997696	2.152100	
162	1.000001	0.000002	-0.001587	-0.000002	1.000001	0.002472	
163	0.993965	0.001194	7.513672	-0.001194	0.993965	5.945557	
164	0.993965	0.001194	7.513672	-0.001194	0.993965	5.945557	
165	1.000000	-0.000001	-0.000366	0.000001	1.000000	-0.001678	
166	1.000001	0.000001	-0.000977	-0.000001	1.000001	0.001862	
167	0.997050	0.003437	3.099487	-0.003437	0.997050	4.139877	
168	1.005665	-0.004923	-6.004211	0.004923	1.005665	-5.891846	
169	0.999999	0.000003	-0.001526	-0.000003	0.999999	0.002563	
170	1.001428	-0.001025	-7.685181	0.001025	1.001428	-3.364189	
171	0.999995	-0.000004	0.007141	0.000004	0.999995	-0.000641	
172	0.997559	-0.000328	-2.638245	0.000328	0.997559	-4.848175	
173	0.999999	-0.000002	0.000854	0.000002	0.999999	-0.000702	
174	0.999999	0.000001	0.000305	-0.000001	0.999999	-0.000092	
175	0.997584	-0.000615	-4.048584	0.000615	0.997584	-5.232010	
176	0.997657	0.004777	-2.411621	-0.004777	0.997657	-2.168304	
177	1.000002	0.000002	-0.001526	-0.000002	1.000002	0.000519	
178	0.993919	0.003798	-0.010223	-0.003798	0.993919	-3.924164	
179	0.999999	-0.000000	0.000977	0.000000	0.999999	-0.001251	
180	0.998020	0.000107	-2.022522	-0.000107	0.998020	-7.215942	
181	0.999998	-0.000001	0.002747	0.000001	0.999998	-0.000671	
182	0.994180	-0.000149	3.351105	0.000149	0.994180	-3.986969	
183	0.996068	0.000996	2.115845	-0.000996	0.996068	-3.419708	
184	1.000001	-0.000002	-0.000427	0.000002	1.000001	-0.003632	
185	0.994931	-0.002638	2.296570	0.002638	0.994931	-9.565857	
186	1.000001	0.000005	-0.002319	-0.000005	1.000001	0.004486	
187	0.999244	0.001106	-0.622498	-0.001106	0.999244	-8.520264	
188	1.000009	0.000012	-0.008606	-0.000012	1.000009	0.015839	
189	1.000014	-0.000018	-0.000122	0.000018	1.000014	-0.003632	
190	0.997827	-0.009429	4.732605	0.009429	0.997827	-18.423615	
191	1.000002	0.000001	-0.000977	-0.000001	1.000002	-0.001373	
192	1.004592	-0.001612	-2.210693	0.001612	1.004592	-9.968414	
193	1.000000	0.000000	-0.000305	-0.000000	1.000000	0.000549	
194	1.000002	0.000002	-0.002991	-0.000002	1.000002	0.000397	
195	0.988572	-0.001764	13.137207	0.001764	0.988572	-1.258957	
196	1.000002	-0.000003	-0.000977	0.000003	1.000002	-0.003082	
197	1.000003	-0.000000	-0.002686	0.000000	1.000003	-0.000854	
198	1.000764	0.001632	-0.992065	-0.001632	1.000764	1.798492	
199	0.999998	0.000001	0.000488	-0.000001	0.999998	0.001862	
200	0.992105	0.003984	8.915039	-0.003984	0.992105	5.187775	
201	1.000000	-0.000002	0.001404	0.000002	1.000000	-0.000885	
202	1.000002	0.000000	-0.001404	-0.000000	1.000002	-0.000427	
203	1.006546	0.002996	-7.601562	-0.002996	1.006546	2.951561	
204	0.997682	0.000780	2.590149	-0.000780	0.997682	1.027435	
205	1.000000	0.000002	0.000061	-0.000002	1.000000	0.002197	
206	1.000085	0.001492	-0.192627	-0.001492	1.000085	1.683823	
207	1.000085	0.001492	-0.192627	-0.001492	1.000085	1.683823	
208	1.000006	-0.000001	-0.003357	0.000001	1.000006	-0.001556	
209	0.999999	-0.000004	0.003357	0.000004	0.999999	-0.004120	
210	1.000124	-0.001107	0.001648	0.001107	1.000124	-1.299149	
211	1.000243	-0.000597	-0.133789	0.000597	1.000243	-0.742172	
212	1.000001	-0.000004	0.002258	0.000004	1.000001	-0.002533	
213	1.000001	-0.000004	0.002258	0.000004	1.000001	-0.002533	
214	0.999995	-0.000001	0.003601	0.000001	0.999995	0.000763	
215	0.998223	0.001535	1.913452	-0.001535	0.998223	1.854034	
216	0.998223	0.001535	1.913452	-0.001535	0.998223	1.854034	
217	0.999997	-0.000004	0.005493	0.000004	0.999997	-0.001801	
218	1.007861	-0.005876	-8.241089	0.005876	1.007861	-6.967896	
219	0.999997	0.000004	-0.001221	-0.000004	0.999997	0.002960	
220	1.000800	-0.000694	-0.862061	0.000694	1.000800	-0.835167	
221	1.000001	0.000001	-0.001770	-0.000001	1.000001	0.000488	
222	1.003948	0.006888	-4.825562	-0.006888	1.003948	7.385971	
223	0.999999	0.000001	0.000305	-0.000001	0.999999	0.000397	
224	0.990484	0.000174	10.841980	-0.000174	0.990484	0.858795	
225	1.000018	-0.000004	-0.017944	0.000004	1.000018	-0.010193	
226	1.000018	-0.000004	-0.017944	0.000004	1.000018	-0.010193	
227	1.009449	-0.007237	-9.954773	0.007237	1.009449	-8.641388	
228	1.000000	0.000000	0.000061	-0.000000	1.000000	0.000305	
229	1.000002	0.000000	-0.001770	-0.000000	1.000002	-0.000153	
230	1.005772	-0.000838	-6.462341	0.000838	1.005772	-1.308777	
231	1.004523	-0.002277	-4.949890	0.002277	1.004523	-2.860580	
232	1.000000	0.000001	0.000183	-0.000001	1.000000	0.000336	
233	1.001948	-0.001529	-2.097168	0.001529	1.001948	-1.843231	
234	1.000001	0.000000	-0.001282	-0.000000	1.000001	0.000183	
235	1.000026	-0.000601	0.012939	0.000601	1.000026	-0.690308	
236	1.001874	-0.000816	-2.043701	0.000816	1.001874	-1.073898	
237	1.000000	-0.000001	0.000122	0.000001	1.000000	-0.000641	
238	0.998505	0.002316	1.537231	-0.002316	0.998505	2.725388	
239	1.000000	0.000004	-0.002380	-0.000004	1.000000	0.003723	
240	1.000000	0.000004	-0.002380	-0.000004	1.000000	0.003723	
241	1.000000	0.000001	-0.000244	-0.000001	1.000000	0.000549	
242	1.000000	0.000001	-0.000244	-0.000001	1.000000	0.000549	
243	0.983696	-0.005310	19.513702	0.005310	0.983696	2.812164	
244	0.999998	-0.000003	0.001892	0.000003	0.999998	-0.003479	
245	1.000004	0.000001	-0.003906	-0.000001	1.000004	-0.000183	
246	1.000004	0.000001	-0.003906	-0.000001	1.000004	-0.000183	
247	0.999999	-0.000002	0.001343	0.000002	0.999999	-0.000977	
248	0.971125	-0.005922	27.419373	0.005922	0.971125	10.029541	
249	0.999999	0.000001	-0.000488	-0.000001	0.999999	0.000244	
250	0.981101	-0.001371	10.533691	0.001371	0.981101	6.282837	
251	0.984913	0.000116	5.621887	-0.000116	0.984913	5.990265	
252	0.999998	-0.000001	0.001831	0.000001	0.999998	0.000000	
253	0.986870	-0.000780	6.153351	0.000780	0.986870	7.201385	
254	1.000001	-0.000001	0.000427	0.000001	1.000001	-0.001251	
255	0.985690	0.000695	6.770325	-0.000695	0.985690	6.430939	
256	1.000000	-0.000001	0.002075	0.000001	1.000000	-0.000641	
257	0.999998	-0.000002	0.002441	0.000002	0.999998	-0.000610	
258	0.999998	-0.000002	0.002441	0.000002	0.999998	-0.000610	
259	0.999997	-0.000003	0.003357	0.000003	0.999997	-0.000854	
260	0.999997	-0.000003	0.003357	0.000003	0.999997	-0.000854	
261	1.000007	-0.000003	-0.002808	0.000003	1.000007	-0.002075	
262	0.998250	0.002473	1.810913	-0.002473	0.998250	2.933563	
263	0.999997	0.000000	0.001404	-0.000000	0.999997	0.001038	
264	1.000000	-0.000001	0.000000	0.000001	1.000000	-0.000793	
265	1.000000	-0.000001	0.000000	0.000001	1.000000	-0.000793	
266	0.999999	0.000002	-0.000183	-0.000002	0.999999	0.003296	
267	1.000426	-0.002025	-0.346436	0.002025	1.000426	-2.311203	
268	1.000000	-0.000000	0.000122	0.000000	1.000000	-0.000366	
269	0.994383	0.001266	6.054260	-0.001266	0.994383	1.840576	
270	1.000002	0.000006	-0.006775	-0.000006	1.000002	0.002441	
271	1.000875	-0.000267	-1.045593	0.000267	1.000875	-0.390152	
272	0.996246	-0.000223	4.360291	0.000223	0.996246	0.158508	
273	1.000001	0.000002	-0.001282	-0.000002	1.000001	0.000885	
274	0.999996	-0.000005	0.006958	0.000005	0.999996	-0.002777	
275	0.994331	0.000876	6.376282	-0.000876	0.994331	1.395020	
276	0.999988	-0.000002	0.008057	0.000002	0.999988	-0.000275	
277	0.998707	0.000782	1.403687	-0.000782	0.998707	0.961205	
278	1.000004	-0.000002	0.001648	0.000002	1.000004	-0.003693	
279	0.997809	0.002642	2.587952	-0.002642	0.997809	3.012268	
280	1.000145	0.000884	3.438477	-0.000884	1.000145	1.666351	
281	1.000003	-0.000003	0.000000	0.000003	1.000003	-0.003265	
282	0.997612	0.003469	2.496826	-0.003469	0.997612	4.053741	
283	1.000002	-0.000002	-0.000305	0.000002	1.000002	-0.001709	
284	1.002457	-0.000118	1.983093	0.000118	1.002457	-1.477600	
285	0.999998	-0.000002	0.003174	0.000002	0.999998	-0.001923	
286	1.000064	0.000074	-0.078125	-0.000074	1.000064	0.074028	
287	1.000064	0.000074	-0.078125	-0.000074	1.000064	0.074028	
288	1.000000	-0.000001	-0.000610	0.000001	1.000000	-0.000397	
289	1.000000	-0.000000	-0.000244	0.000000	1.000000	-0.000244	
290	1.007431	-0.000472	1.971497	0.000472	1.007431	-4.569336	
291	0.999982	-0.000008	0.033936	0.000008	0.999982	0.007935	
292	0.999982	-0.000008	0.033936	0.000008	0.999982	0.007935	
293	1.000000	0.000001	-0.000305	-0.000001	1.000000	0.000641	
294	1.000002	-0.000006	0.000305	0.000006	1.000002	-0.006134	
295	1.000002	-0.000006	0.000305	0.000006	1.000002	-0.006134	
296	1.000006	-0.000004	-0.005310	0.000004	1.000006	-0.005402	
297	1.000004	-0.000003	-0.002686	0.000003	1.000004	-0.004150	
298	1.000004	-0.000003	-0.002686	0.000003	1.000004	-0.004150	
299	1.011161	0.001431	-0.014526	-0.001431	1.011161	-4.016968	
300	1.000004	-0.000001	-0.001465	0.000001	1.000004	-0.002075	
301	1.000800	0.001287	-0.986328	-0.001287	1.000800	1.397034	
302	1.000004	-0.000001	-0.002563	0.000001	1.000004	-0.002228	
303	1.013198	0.000482	-2.854248	-0.000482	1.013198	-4.133209	
304	1.010937	0.003573	-3.392334	-0.003573	1.010937	0.338898	
305	1.005847	-0.001268	-0.546204	0.001268	1.005847	-0.564026	
306	1.005304	0.000942	-3.910767	-0.000942	1.005304	1.293152	
307	1.005304	0.000942	-3.910767	-0.000942	1.005304	1.293152	
308	1.000001	0.000002	-0.002014	-0.000002	1.000001	0.000702	
309	1.000000	-0.000001	0.000488	0.000001	1.000000	-0.000275	
310	1.005742	0.004954	-6.541626	-0.004954	1.005742	4.902084	
311	1.004700	0.002205	-5.442017	-0.002205	1.004700	2.171066	
312	1.000002	0.000002	-0.001526	-0.000002	1.000002	0.001831	
313	1.000002	0.000002	-0.001526	-0.000002	1.000002	0.001831	
314	1.000000	0.000000	0.000427	-0.000000	1.000000	0.000122	
315	1.000369	0.005654	-0.770386	-0.005654	1.000369	6.326477	
316	1.000369	0.005654	-0.770386	-0.005654	1.000369	6.326477	
317	1.000001	-0.000003	-0.000549	0.000003	1.000001	-0.002777	
318	1.003793	0.003267	-4.506104	-0.003267	1.003793	3.402954	
319	0.999996	-0.000001	0.004150	0.000001	0.999996	-0.000183	
320	0.999996	-0.000001	0.004150	0.000001	0.999996	-0.000183	
321	1.000001	-0.000002	0.000183	0.000002	1.000001	-0.000549	
322	1.000001	-0.000002	0.000183	0.000002	1.000001	-0.000549	
323	1.000001	-0.000002	0.000183	0.000002	1.000001	-0.000549	
324	0.999998	0.000000	0.001465	-0.000000	0.999998	0.001648	
325	1.000000	0.000001	-0.000427	-0.000001	1.000000	0.000488	
326	1.000000	0.000001	-0.000427	-0.000001	1.000000	0.000488	
327	1.000000	0.000001	-0.000427	-0.000001	1.000000	0.000488	
328	1.000001	0.000001	-0.001282	-0.000001	1.000001	0.000336	
329	1.000000	-0.000000	-0.001038	0.000000	1.000000	-0.001099	
330	1.000000	-0.000000	-0.001038	0.000000	1.000000	-0.001099	
331	1.000038	0.003835	-0.294678	-0.003835	1.000038	4.314003	
332	1.000002	0.000006	-0.005066	-0.000006	1.000002	0.004913	
333	1.000002	0.000006	-0.005066	-0.000006	1.000002	0.004913	
334	1.000000	-0.000001	0.000610	0.000001	1.000000	-0.001282	
335	0.997555	-0.002396	2.919189	0.002396	0.997555	-2.562500	
336	1.000331	-0.000188	-0.341431	0.000188	1.000331	-0.277725	
337	1.000004	0.000003	-0.004456	-0.000003	1.000004	0.000275	
338	1.000004	0.000003	-0.004456	-0.000003	1.000004	0.000275	
339	1.000003	0.000004	-0.002625	-0.000004	1.000003	-0.000244	
340	1.000244	0.002731	-0.453735	-0.002731	1.000244	3.066849	
341	1.000004	0.000006	-0.004333	-0.000006	1.000004	0.005554	
342	1.000270	-0.001012	-0.247192	0.001012	1.000270	-1.154976	
343	1.000270	-0.001012	-0.247192	0.001012	1.000270	-1.154976	
344	1.000001	0.000004	-0.002930	-0.000004	1.000001	0.001892	
345	0.998225	0.002777	1.823364	-0.002777	0.998225	3.264511	
346	1.000003	0.000007	-0.006897	-0.000007	1.000003	0.005127	
347	1.000003	0.000007	-0.006897	-0.000007	1.000003	0.005127	
348	1.000000	-0.000000	-0.000122	0.000000	1.000000	-0.000702	
349	1.000000	-0.000000	-0.000122	0.000000	1.000000	-0.000702	
350	1.000006	0.000002	-0.006042	-0.000002	1.000006	-0.001465	
351	1.000006	0.000002	-0.006042	-0.000002	1.000006	-0.001465	
352	1.000006	0.000002	-0.006042	-0.000002	1.000006	-0.001465	
353	1.000002	-0.000001	-0.001831	0.000001	1.000002	-0.001526	
354	1.000002	-0.000001	-0.001831	0.000001	1.000002	-0.001526	
355	0.984874	0.003387	-1.454712	-0.003387	0.984874	9.672272	
356	0.999999	-0.000002	0.001831	0.000002	0.999999	-0.000671	
357	1.000001	0.000006	-0.005737	-0.000006	1.000001	0.004669	
358	0.984684	0.002831	4.351013	-0.002831	0.984684	8.685059	
359	0.997340	0.001034	-2.921387	-0.001034	0.997340	0.550003	
360	0.999996	-0.000001	0.003113	0.000001	0.999996	-0.000336	
361	0.989712	0.000227	6.691345	-0.000227	0.989712	3.134033	
362	0.999999	0.000001	0.000305	-0.000001	0.999999	0.000427	
363	0.989015	0.002596	6.820251	-0.002596	0.989015	4.030792	
364	0.986666	0.000343	10.262146	-0.000343	0.986666	2.218872	
365	1.000000	0.000001	-0.000122	-0.000001	1.000000	0.000214	
366	1.000002	0.000001	-0.001648	-0.000001	1.000002	-0.001190	
367	0.988899	0.000266	7.618652	-0.000266	0.988899	-2.307648	
368	0.996816	-0.000113	2.509033	0.000113	0.996816	-7.364258	
369	0.999998	0.000000	0.001526	-0.000000	0.999998	0.001007	
370	0.992783	-0.011885	8.808228	0.011885	0.992783	-12.623871	
371	0.997793	-0.000772	1.488861	0.000772	0.997793	-6.514862	
372	1.000000	-0.000001	-0.000305	0.000001	1.000000	-0.001251	
373	1.001246	0.000946	0.632629	-0.000946	1.001246	-5.404144	
374	1.000000	-0.000000	-0.000061	0.000000	1.000000	-0.000244	
375	0.996235	0.001009	2.877380	-0.001009	0.996235	-2.176697	
376	1.000003	-0.000001	-0.002380	0.000001	1.000003	-0.004852	
377	0.993324	-0.000497	7.387573	0.000497	0.993324	-0.263763	
378	0.999993	-0.000004	0.007019	0.000004	0.999993	-0.002869	
379	0.992943	0.000411	7.408325	-0.000411	0.992943	0.956940	
380	0.996486	0.000024	3.789124	-0.000024	0.996486	0.142731	
381	1.000001	-0.000013	0.004089	0.000013	1.000001	-0.012848	
382	0.997307	-0.001239	3.081360	0.001239	0.997307	-1.325073	
383	1.000004	-0.000005	-0.002136	0.000005	1.000004	-0.008423	
384	0.993337	-0.001139	7.588135	0.001139	0.993337	-0.903168	
385	1.000003	-0.000000	-0.000793	0.000000	1.000003	-0.001099	
386	0.995816	0.002422	2.256104	-0.002422	0.995816	0.145905	
387	0.994735	-0.001278	5.937256	0.001278	0.994735	-1.130890	
388	1.000008	-0.000005	-0.002319	0.000005	1.000008	-0.005707	
389	0.999999	0.000001	-0.000366	-0.000001	0.999999	0.000580	
390	0.990511	-0.003961	11.046387	0.003961	0.990511	-3.857300	
391	0.997175	-0.001311	3.273987	0.001311	0.997175	-1.286194	
392	0.999997	-0.000004	0.004395	0.000004	0.999997	-0.002441	
393	1.000000	-0.000003	0.000000	0.000003	1.000000	-0.003906	
394	1.000015	0.000033	0.004211	-0.000033	1.000015	0.040436	
395	0.996189	0.001628	4.240417	-0.001628	0.996189	2.064331	
396	0.998716	0.001101	1.438110	-0.001101	0.998716	1.263062	
397	1.000004	-0.000003	-0.001404	0.000003	1.000004	-0.002502	
398	1.003158	-0.001441	3.021973	0.001441	1.003158	-2.209747	
399	1.006837	-0.002075	2.028320	0.002075	1.006837	-3.582184	
400	1.000000	-0.000002	0.000916	0.000002	1.000000	-0.003174	
401	1.006841	-0.001227	1.487183	0.001227	1.006841	-4.738403	
402	0.999999	-0.000001	0.001038	0.000001	0.999999	-0.000305	
403	1.007940	-0.000992	2.599304	0.000992	1.007940	-4.409882	
404	0.999999	0.000000	0.000427	-0.000000	0.999999	0.000214	
405	1.003671	-0.001277	5.850464	0.001277	1.003671	-2.288147	
406	1.000002	0.000000	-0.001648	-0.000000	1.000002	-0.000702	
407	1.005416	-0.000570	4.387146	0.000570	1.005416	-2.260468	
408	1.004133	-0.001453	3.595764	0.001453	1.004133	-2.658051	
409	1.000001	-0.000002	-0.000671	0.000002	1.000001	-0.001068	
410	1.003827	-0.003876	5.015930	0.003876	1.003827	-4.156342	
411	1.004726	-0.004009	5.769104	0.004009	1.004726	-4.299835	
412	1.000004	-0.000003	-0.002686	0.000003	1.000004	-0.003296	
413	1.000080	-0.003485	2.912964	0.003485	1.000080	-2.520477	
414	0.999999	-0.000001	0.000671	0.000001	0.999999	-0.000061	
415	0.998281	-0.000123	1.905334	0.000123	0.998281	0.001816	
416	1.000002	-0.000000	-0.001282	0.000000	1.000002	-0.002014	
417	0.999998	-0.000002	0.002319	0.000002	0.999998	0.000488	
418	1.000301	-0.000003	-0.336792	0.000003	1.000301	-0.015579	
419	1.000000	0.000000	0.000183	-0.000000	1.000000	0.000275	
420	1.000000	0.000000	0.000183	-0.000000	1.000000	0.000275	
421	0.999997	0.000001	0.001770	-0.000001	0.999997	0.001648	
422	1.003824	0.001499	-4.435059	-0.001499	1.003824	1.470764	
423	0.999998	0.000000	0.000977	-0.000000	0.999998	0.000916	
424	1.005215	-0.009494	-5.105957	0.009494	1.005215	-10.744553	
425	0.999997	0.000004	0.000671	-0.000004	0.999997	0.005676	
426	1.000216	-0.001379	-1.857849	0.001379	1.000216	1.719025	
427	0.995456	0.000353	1.122498	-0.000353	0.995456	4.157654	
428	1.000010	-0.000001	-0.007019	0.000001	1.000010	-0.002563	
429	0.993424	0.001795	0.922485	-0.001795	0.993424	7.071014	
430	1.000000	-0.000001	0.000122	0.000001	1.000000	-0.000214	
431	0.990152	0.000176	4.932861	-0.000176	0.990152	6.412415	
432	1.000003	0.000001	-0.002502	-0.000001	1.000003	-0.000427	
433	0.998064	0.006379	1.724731	-0.006379	0.998064	7.266060	
434	1.000003	-0.000003	-0.001587	0.000003	1.000003	-0.004578	
435	1.000330	0.003179	-0.574951	-0.003179	1.000330	3.554916	
436	1.000001	-0.000003	0.000305	0.000003	1.000001	-0.001831	
437	0.999587	-0.005106	0.774658	0.005106	0.999587	-5.707733	
438	0.999998	0.000000	0.001465	-0.000000	0.999998	0.000183	
439	0.999998	0.000000	0.001465	-0.000000	0.999998	0.000183	
440	0.990594	-0.000081	7.581848	0.000081	0.990594	4.340668	
441	0.999988	0.000008	0.003967	-0.000008	0.999988	0.007751	
442	0.991034	0.000616	5.995056	-0.000616	0.991034	4.230621	
443	0.999978	-0.000004	0.017639	0.000004	0.999978	-0.003632	
444	0.992207	0.000984	4.601013	-0.000984	0.992207	3.262543	
445	0.999998	0.000004	-0.000305	-0.000004	0.999998	0.003235	
446	0.992751	0.000786	2.130798	-0.000786	0.992751	3.117035	
447	0.993976	0.001471	2.322693	-0.001471	0.993976	3.105804	
448	1.000000	-0.000004	0.001160	0.000004	1.000000	-0.003296	
449	0.999260	-0.000115	0.527893	0.000115	0.999260	-0.016113	
450	0.999990	0.000011	0.000488	-0.000011	0.999990	-0.000153	
451	0.997984	0.000585	2.097900	-0.000585	0.997984	0.702606	
452	0.990033	0.001871	11.260376	-0.001871	0.990033	6.729919	
453	0.999994	0.000005	0.004395	-0.000005	0.999994	0.005066	
454	1.000004	0.000005	-0.006409	-0.000005	1.000004	0.001678	
455	0.996194	0.000883	6.833252	-0.000883	0.996194	2.311646	
456	0.994287	0.004111	6.271362	-0.004111	0.994287	5.048096	
457	1.000000	0.000003	-0.000244	-0.000003	1.000000	-0.000031	
458	0.998858	0.000928	5.592590	-0.000928	0.998858	0.464020	
459	0.998858	0.000928	5.592590	-0.000928	0.998858	0.464020	
460	0.999997	0.000007	-0.001160	-0.000007	0.999997	0.006012	
461	0.999997	0.000007	-0.001160	-0.000007	0.999997	0.006012	
462	0.999999	0.000007	-0.003418	-0.000007	0.999999	0.006439	
463	0.997097	-0.000458	3.290588	0.000458	0.997097	-0.305984	
464	1.000005	0.000001	-0.005554	-0.000001	1.000005	-0.002228	
465	0.999939	0.000738	6.784607	-0.000738	0.999939	-2.275635	
466	1.000001	0.000001	-0.001831	-0.000001	1.000001	0.000336	
467	1.000001	0.000001	-0.001831	-0.000001	1.000001	0.000336	
468	1.000000	-0.000000	0.000305	0.000000	1.000000	-0.000397	
469	1.000001	-0.000000	-0.001953	0.000000	1.000001	-0.001587	
470	0.989834	0.011782	10.156311	-0.011782	0.989834	13.361359	
471	0.999999	0.000001	0.000244	-0.000001	0.999999	0.000946	
472	1.007389	-0.004049	-7.992737	0.004049	1.007389	-5.039612	
473	0.999999	-0.000000	0.000916	0.000000	0.999999	-0.000153	
474	1.000001	0.000001	-0.001221	-0.000001	1.000001	0.000763	
475	0.999723	-0.000030	0.314087	0.000030	0.999723	-0.068817	
476	0.998021	-0.004691	2.523804	0.004691	0.998021	-5.219284	
477	1.000002	-0.000000	-0.001892	0.000000	1.000002	-0.000671	
478	1.000001	0.000000	-0.001465	-0.000000	1.000001	-0.000366	
479	1.000001	0.000000	-0.001465	-0.000000	1.000001	-0.000366	
480	1.000001	0.000001	-0.001221	-0.000001	1.000001	0.000641	
481	0.999651	-0.000470	0.421631	0.000470	0.999651	-0.503586	
482	1.000005	-0.000000	-0.004822	0.000000	1.000005	-0.000336	
483	1.003026	0.000915	-8.830872	-0.000915	1.003026	-1.261444	
484	1.001398	-0.001478	-1.481567	0.001478	1.001398	-1.752007	
485	0.999998	0.000003	-0.000488	-0.000003	0.999998	0.001129	
486	1.000004	0.000001	-0.002075	-0.000001	1.000004	-0.000732	
487	1.005988	-0.002295	-6.661865	0.002295	1.005988	-3.036118	
488	1.005196	-0.001845	-5.833374	0.001845	1.005196	-2.478973	
489	1.000003	0.000003	-0.004822	-0.000003	1.000003	0.001801	
490	1.003690	0.000200	-4.457214	-0.000200	1.003690	-0.125580	
491	1.004757	-0.001311	-5.342468	0.001311	1.004757	-1.797546	
492	1.000002	0.000006	-0.005493	-0.000006	1.000002	0.004913	
493	1.000533	-0.000171	-0.589233	0.000171	1.000533	-0.227692	
494	0.999996	-0.000002	0.004700	0.000002	0.999996	-0.000946	
495	1.007450	0.009069	-8.858093	-0.009069	1.007450	9.524094	
496	1.007450	0.009069	-8.858093	-0.009069	1.007450	9.524094	
497	1.000000	-0.000000	0.000061	0.000000	1.000000	0.000092	
498	1.000000	-0.000000	0.000061	0.000000	1.000000	0.000092	
499	0.999998	0.000000	0.001953	-0.000000	0.999998	0.002136	
500	1.006097	-0.004034	-6.719604	0.004034	1.006097	-4.986237	
501	0.999998	0.000001	0.001038	-0.000001	0.999998	0.001465	
502	0.999690	-0.000287	0.437744	0.000287	0.999690	-0.291656	
503	1.005484	-0.002193	-5.910950	0.002193	1.005484	-2.903641	
504	1.000002	0.000000	-0.000916	-0.000000	1.000002	-0.000305	
505	1.000578	-0.002575	-0.408325	0.002575	1.000578	-3.022423	
506	1.000000	-0.000004	0.002686	0.000004	1.000000	-0.002747	
507	0.996755	0.001032	3.731140	-0.001032	0.996755	1.292366	
508	0.999999	-0.000001	0.001709	0.000001	0.999999	-0.000366	
509	0.999999	-0.000001	0.001709	0.000001	0.999999	-0.000366	
510	1.000000	-0.000002	0.001465	0.000002	1.000000	-0.000061	
511	0.998838	-0.000463	1.523682	0.000463	0.998838	-0.589272	
512	1.000004	-0.000004	-0.002258	0.000004	1.000004	-0.004272	
513	1.000004	-0.000004	-0.002258	0.000004	1.000004	-0.004272	
514	1.000002	0.000001	-0.001709	-0.000001	1.000002	0.000153	
515	1.000002	0.000001	-0.001709	-0.000001	1.000002	0.000153	
516	1.000000	-0.000003	0.001648	0.000003	1.000000	-0.001831	
517	1.000000	-0.000003	0.001648	0.000003	1.000000	-0.001831	
518	1.000006	-0.000002	-0.002136	0.000002	1.000006	-0.003082	
519	1.000006	-0.000002	-0.002136	0.000002	1.000006	-0.003082	
520	1.000005	0.000001	-0.002747	-0.000001	1.000005	-0.001495	
521	1.000005	0.000001	-0.002747	-0.000001	1.000005	-0.001495	
522	1.002501	-0.009220	-2.239746	0.009220	1.002501	-10.545731	
523	1.002501	-0.009220	-2.239746	0.009220	1.002501	-10.545731	
524	0.999999	-0.000002	0.002441	0.000002	0.999999	-0.001282	
525	0.999999	-0.000002	0.002380	0.000002	0.999999	-0.000427	
526	0.999999	-0.000002	0.002380	0.000002	0.999999	-0.000427	
527	1.000005	0.000002	-0.003540	-0.000002	1.000005	-0.001190	
528	1.000005	0.000002	-0.003540	-0.000002	1.000005	-0.001190	
529	0.999999	0.000001	0.000122	-0.000001	0.999999	0.001648	
530	1.000001	-0.000001	-0.001099	0.000001	1.000001	-0.000275	
531	1.000001	-0.000001	-0.001099	0.000001	1.000001	-0.000275	
532	0.999807	-0.003476	0.462402	0.003476	0.999807	-3.904755	
533	0.999997	-0.000005	0.006226	0.000005	0.999997	-0.000671	
534	0.999997	-0.000005	0.006226	0.000005	0.999997	-0.000671	
535	0.991500	0.000686	9.369751	-0.000686	0.991500	1.374176	
536	1.000006	-0.000004	-0.000793	0.000004	1.000006	-0.003296	
537	0.991808	0.003992	9.112610	-0.003992	0.991808	5.139725	
538	1.000007	-0.000004	-0.004517	0.000004	1.000007	-0.005005	
539	1.000007	-0.000004	-0.004517	0.000004	1.000007	-0.005005	
540	1.000004	0.000003	-0.002625	-0.000003	1.000004	-0.000946	
541	0.999644	-0.000572	0.462769	0.000572	0.999644	-0.500427	
542	1.000001	0.000001	-0.000427	-0.000001	1.000001	0.001221	
543	0.994731	-0.000701	6.014160	0.000701	0.994731	-0.432571	
544	0.994731	-0.000701	6.014160	0.000701	0.994731	-0.432571	
545	0.999996	-0.000007	0.005249	0.000007	0.999996	-0.002716	
546	0.997195	-0.002983	3.353760	0.002983	0.997195	-3.139999	
547	0.997195	-0.002983	3.353760	0.002983	0.997195	-3.139999	
548	0.999999	-0.000003	0.001709	0.000003	0.999999	-0.001343	
549	1.000006	0.000001	-0.005432	-0.000001	1.000006	-0.000580	
550	0.996278	-0.002604	4.374023	0.002604	0.996278	-2.677948	
551	0.996278	-0.002604	4.374023	0.002604	0.996278	-2.677948	
552	1.000004	0.000003	-0.005981	-0.000003	1.000004	0.000366	
553	1.000004	0.000003	-0.005981	-0.000003	1.000004	0.000366	
554	1.000005	-0.000000	-0.002197	0.000000	1.000005	-0.000214	
555	1.000005	-0.000000	-0.002197	0.000000	1.000005	-0.000214	
556	1.000001	-0.000000	-0.000488	0.000000	1.000001	-0.000580	
557	0.994921	0.003275	5.468506	-0.003275	0.994921	4.036354	
558	1.000000	0.000001	-0.000549	-0.000001	1.000000	0.000732	
559	1.000000	0.000001	-0.000549	-0.000001	1.000000	0.000732	
560	1.000000	-0.000001	0.001404	0.000001	1.000000	0.001160	
561	0.997289	-0.003444	10.625854	0.003444	0.997289	-1.127563	
562	1.000004	0.000016	-0.013184	-0.000016	1.000004	0.010162	
563	1.002775	-0.006183	6.576355	0.006183	1.002775	-5.693054	
564	1.000773	-0.005011	6.595398	0.005011	1.000773	-4.279358	
565	0.999999	0.000001	-0.000427	-0.000001	0.999999	0.000610	
566	0.999999	0.000002	0.000732	-0.000002	0.999999	0.002228	
567	0.997008	0.002462	3.180786	-0.002462	0.997008	2.998840	
568	1.001166	-0.000162	2.167847	0.000162	1.001166	-0.087372	
569	0.999994	-0.000008	0.011780	0.000008	0.999994	-0.002197	
570	0.999961	0.000166	4.779236	-0.000166	0.999961	0.238922	
571	1.000535	0.000364	2.526245	-0.000364	1.000535	-0.056946	
572	1.000002	0.000004	0.006470	-0.000004	1.000002	-0.004303	
573	1.001379	0.000114	1.883606	-0.000114	1.001379	-0.916382	
574	1.000009	0.000000	-0.004028	-0.000000	1.000009	-0.001465	
575	1.003903	0.001735	-0.435669	-0.001735	1.003903	-1.098480	
576	1.000385	-0.001028	-0.266052	0.001028	1.000385	-1.283356	
577	1.000001	-0.000003	0.002502	0.000003	1.000001	-0.002289	
578	0.999984	-0.001101	0.209717	0.001101	0.999984	-1.343826	
579	1.000007	0.000004	-0.004089	-0.000004	1.000007	-0.006683	
580	1.000195	-0.000942	-0.081177	0.000942	1.000195	-1.115868	
581	1.000001	-0.000001	-0.000183	0.000001	1.000001	-0.002167	
582	1.001180	-0.001152	-1.243225	0.001152	1.001180	-1.517120	
583	0.998306	0.009679	1.237549	-0.009679	0.998306	10.943970	
584	1.000002	-0.000003	-0.001953	0.000003	1.000002	-0.003693	
585	1.000002	-0.000003	-0.001953	0.000003	1.000002	-0.003693	
586	1.000003	0.000009	-0.010315	-0.000009	1.000003	0.002441	
587	1.003206	-0.000751	-3.701172	0.000751	1.003206	-1.163742	
588	0.999993	0.000007	-0.001831	-0.000007	0.999993	0.006683	
589	1.000434	0.007002	-0.949890	-0.007002	1.000434	7.845337	
590	1.000002	-0.000000	-0.001526	0.000000	1.000002	-0.000092	
591	1.006052	-0.000258	-6.914185	0.000258	1.006052	-0.767838	
592	1.006052	-0.000258	-6.914185	0.000258	1.006052	-0.767838	
593	1.000001	-0.000000	-0.000183	0.000000	1.000001	-0.000397	
594	0.999996	0.000001	0.002380	-0.000001	0.999996	0.001343	
595	0.999996	0.000001	0.002380	-0.000001	0.999996	0.001343	
596	0.999992	-0.000002	0.007935	0.000002	0.999992	0.002319	
597	0.999996	-0.000004	0.003174	0.000004	0.999996	-0.001770	
598	1.003946	-0.000470	-4.413818	0.000470	1.003946	-0.782333	
599	0.999991	-0.000010	0.015259	0.000010	0.999991	0.009125	
600	1.003236	-0.000136	-3.671265	0.000136	1.003236	-0.368301	
601	1.000000	0.000023	-0.013794	-0.000023	1.000000	0.020050	
602	0.999930	0.000271	-0.011780	-0.000271	0.999930	0.259216	
603	1.000013	-0.000001	-0.012024	0.000001	1.000013	-0.005249	
604	1.000296	-0.001932	-0.209595	0.001932	1.000296	-2.177505	
605	0.996749	0.001128	3.575867	-0.001128	0.996749	1.504608	
606	1.000002	0.000021	-0.021057	-0.000021	1.000002	0.010834	
607	0.999878	-0.000186	0.141174	0.000186	0.999878	-0.221130	
608	1.000001	-0.000000	-0.000793	0.000000	1.000001	-0.000977	
609	1.004495	-0.006410	-4.616760	0.006410	1.004495	-7.547256	
610	1.000003	0.000000	-0.002380	-0.000000	1.000003	-0.000488	
611	0.989869	0.002243	-2.618164	-0.002243	0.989869	5.872528	
612	1.000001	-0.000001	-0.002869	0.000001	1.000001	-0.000793	
613	0.998558	0.000957	-5.558105	-0.000957	0.998558	0.433350	
614	1.000004	0.000005	-0.007202	-0.000005	1.000004	0.001801	
615	0.998595	0.000270	-8.234070	-0.000270	0.998595	0.305634	
616	1.000000	0.000001	-0.001404	-0.000001	1.000000	0.000641	
617	1.004568	-0.007898	-4.643372	0.007898	1.004568	-9.265289	
618	1.000004	0.000005	-0.005554	-0.000005	1.000004	0.002747	
619	0.994250	-0.000987	-0.450745	0.000987	0.994250	-0.052673	
620	1.000004	0.000002	-0.003845	-0.000002	1.000004	-0.000244	
621	1.000000	0.000003	-0.003784	-0.000003	1.000000	0.001923	
622	1.000000	0.000003	-0.003784	-0.000003	1.000000	0.001923	
623	1.000020	0.000011	-0.022400	-0.000011	1.000020	0.000580	
624	1.002352	-0.003126	-2.478882	0.003126	1.002352	-3.675156	
625	1.000002	0.000000	-0.001770	-0.000000	1.000002	-0.001160	
626	1.001292	-0.000228	-1.462402	0.000228	1.001292	-0.345413	
627	1.000042	0.000029	-0.059204	-0.000029	1.000042	-0.000519	
628	1.001101	-0.000886	-1.315735	0.000886	1.001101	-0.967834	
629	1.000012	0.000002	-0.014648	-0.000002	1.000012	-0.005341	
630	1.000017	0.000022	-0.035461	-0.000022	1.000017	0.006439	
631	0.999303	-0.000424	-0.507446	0.000424	0.999303	-0.517731	
632	1.000030	0.000025	-0.051208	-0.000025	1.000030	0.001556	
633	1.000786	-0.000500	-1.059204	0.000500	1.000786	-0.644241	
634	1.000007	0.000013	-0.016296	-0.000013	1.000007	0.005157	
635	1.000664	0.000214	-0.804016	-0.000214	1.000664	0.098663	
636	1.000056	0.000033	-0.063904	-0.000033	1.000056	-0.004791	
637	1.000953	-0.000062	-1.034363	0.000062	1.000953	-0.333313	
638	1.000005	0.000008	-0.009399	-0.000008	1.000005	0.001160	
639	1.001792	-0.001032	-2.017822	0.001032	1.001792	-1.301674	
640	1.000002	-0.000003	-0.002258	0.000003	1.000002	-0.002075	
641	0.998907	0.000620	1.215698	-0.000620	0.998907	0.766800	
642	1.000001	-0.000000	-0.000366	0.000000	1.000001	-0.000610	
643	0.999994	0.000001	0.001587	-0.000001	0.999994	0.002502	
644	0.999994	0.000001	0.001587	-0.000001	0.999994	0.002502	
645	0.999996	0.000005	-0.002136	-0.000005	0.999996	0.005371	
646	1.000520	-0.000100	-0.634399	0.000100	1.000520	-0.108612	
647	1.002531	0.000919	-2.979553	-0.000919	1.002531	0.850876	
648	1.000000	0.000000	0.000061	-0.000000	1.000000	0.000000	
649	0.999995	-0.000008	0.003723	0.000008	0.999995	0.001556	
650	1.002456	0.000332	-2.838989	-0.000332	1.002456	0.206154	
651	1.000005	0.000003	-0.005371	-0.000003	1.000005	0.002197	
652	1.000005	0.000003	-0.005371	-0.000003	1.000005	0.002197	
653	1.000007	0.000008	-0.014343	-0.000008	1.000007	0.003082	
654	1.000586	-0.000393	-0.742920	0.000393	1.000586	-0.406067	
655	1.000586	-0.000393	-0.742920	0.000393	1.000586	-0.406067	
656	0.999988	-0.000007	0.013855	0.000007	0.999988	0.000793	
657	0.996765	0.000795	3.752563	-0.000795	0.996765	1.120361	
658	1.000001	-0.000002	-0.002014	0.000002	1.000001	-0.001770	
659	0.996541	-0.000478	7.035309	0.000478	0.996541	0.056091	
660	1.000001	0.000002	-0.001160	-0.000002	1.000001	0.000549	
661	0.994499	-0.002858	8.156281	0.002858	0.994499	-0.814789	
662	1.000000	0.000002	-0.000488	-0.000002	1.000000	0.000916	
663	0.999961	-0.000041	0.045532	0.000041	0.999961	-0.044014	
664	0.992657	-0.000314	9.949738	0.000314	0.992657	0.659760	
665	0.999996	-0.000003	0.004578	0.000003	0.999996	-0.001587	
666	0.991458	0.001501	9.331177	-0.001501	0.991458	2.259232	
667	1.000000	-0.000002	0.002686	0.000002	1.000000	-0.001556	
668	0.988113	0.000107	13.369141	-0.000107	0.988113	0.858673	
669	0.999999	-0.000004	0.004639	0.000004	0.999999	-0.003632	
670	0.989134	0.000394	12.003357	-0.000394	0.989134	1.180298	
671	0.993931	-0.000185	13.100525	0.000185	0.993931	0.191986	
672	0.999996	0.000003	0.000305	-0.000003	0.999996	0.001678	
673	0.999999	0.000001	-0.000244	-0.000001	0.999999	0.001099	
674	0.999999	0.000001	-0.000244	-0.000001	0.999999	0.001099	
675	0.993398	0.004887	6.833313	-0.004887	0.993398	5.726959	
676	0.999999	-0.000003	-0.003174	0.000003	0.999999	-0.000885	
677	0.999999	-0.000003	-0.003174	0.000003	0.999999	-0.000885	
678	1.000005	0.000002	-0.006348	-0.000002	1.000005	-0.000305	
679	0.994345	0.005605	5.961365	-0.005605	0.994345	6.686447	
680	1.000000	-0.000000	-0.001038	0.000000	1.000000	0.000427	
681	0.998396	0.003171	5.936768	-0.003171	0.998396	4.280350	
682	0.999997	0.000005	-0.000427	-0.000005	0.999997	0.003082	
683	0.999997	0.000005	-0.000427	-0.000005	0.999997	0.003082	
684	0.999372	0.002366	4.840271	-0.002366	0.999372	3.904205	
685	0.999992	-0.000005	0.007263	0.000005	0.999992	0.000671	
686	0.991572	0.001828	8.900208	-0.001828	0.991572	3.037941	
687	0.996196	0.001386	4.197449	-0.001386	0.996196	2.428787	
688	0.999999	-0.000000	0.001221	0.000000	0.999999	-0.000427	
689	1.000001	0.000000	-0.000488	-0.000000	1.000001	0.000885	
690	1.000001	0.000000	-0.000488	-0.000000	1.000001	0.000885	
691	1.000287	-0.000534	2.202698	0.000534	1.000287	1.054749	
692	1.000002	0.000001	-0.001953	-0.000001	1.000002	0.000580	
693	1.000003	-0.000006	0.000427	0.000006	1.000003	-0.005249	
694	0.999998	-0.000004	0.003052	0.000004	0.999998	-0.001862	
695	0.999998	-0.000004	0.003052	0.000004	0.999998	-0.001862	
696	0.997182	0.002058	3.228027	-0.002058	0.997182	3.213646	
697	0.999999	0.000000	0.000122	-0.000000	0.999999	0.000549	
698	1.000000	-0.000007	0.003662	0.000007	1.000000	-0.003235	
699	1.001826	0.000865	0.342834	-0.000865	1.001826	2.420074	
700	0.999998	-0.000002	0.002441	0.000002	0.999998	0.000427	
701	1.000733	0.000612	-0.701416	-0.000612	1.000733	0.868683	
702	1.000001	-0.000005	-0.002869	0.000005	1.000001	-0.007965	
703	1.000865	-0.000293	-1.164124	0.000293	1.000865	-0.150238	
704	1.002013	-0.000643	-2.636841	0.000643	1.002013	-0.962692	
705	0.999999	0.000002	-0.001099	-0.000002	0.999999	0.001587	
706	1.000001	-0.000002	-0.001343	0.000002	1.000001	-0.002533	
707	1.002971	-0.000731	-3.528687	0.000731	1.002971	-1.011688	
708	0.999998	0.000002	0.000549	-0.000002	0.999998	0.002655	
709	0.999998	0.000002	0.000549	-0.000002	0.999998	0.002655	
710	0.999995	-0.000004	0.003784	0.000004	0.999995	-0.000763	
711	0.999995	-0.000004	0.003784	0.000004	0.999995	-0.000763	
712	0.999995	-0.000004	0.003784	0.000004	0.999995	-0.000763	
713	0.999997	-0.000002	0.002991	0.000002	0.999997	0.001038	
714	0.999997	-0.000002	0.002991	0.000002	0.999997	0.001038	
715	0.999997	-0.000002	0.002991	0.000002	0.999997	0.001038	
716	0.999999	-0.000000	-0.000244	0.000000	0.999999	0.000244	
717	1.003426	-0.001957	-13.042572	0.001957	1.003426	-2.235649	
718	1.000002	0.000001	-0.001404	-0.000001	1.000002	0.001495	
719	0.998019	-0.001232	-4.243774	0.001232	0.998019	-0.948853	
720	1.000005	-0.000003	-0.005005	0.000003	1.000005	-0.000793	
721	0.998713	-0.000512	-2.598877	0.000512	0.998713	0.757019	
722	0.999995	-0.000002	0.005554	0.000002	0.999995	0.001678	
723	0.998354	0.000141	-3.412903	-0.000141	0.998354	1.001556	
724	1.000000	0.000000	0.000000	-0.000000	1.000000	0.001068	
725	0.997202	-0.001403	-3.666077	0.001403	0.997202	1.675629	
726	1.000001	0.000002	-0.002808	-0.000002	1.000001	0.004120	
727	0.993168	-0.002659	0.128357	0.002659	0.993168	2.018341	
728	0.992881	-0.000015	-3.458496	0.000015	0.992881	4.487579	
729	1.000002	-0.000012	0.004211	0.000012	1.000002	-0.007599	
730	0.999085	0.000416	0.988220	-0.000416	0.999085	0.727989	
731	0.992742	-0.000437	-6.608948	0.000437	0.992742	4.215759	
732	0.999991	-0.000004	0.008301	0.000004	0.999991	0.001648	
733	0.991989	-0.000806	-5.995239	0.000806	0.991989	4.652893	
734	0.999999	0.000001	0.000793	-0.000001	0.999999	0.000824	
735	0.996295	0.000206	-6.621216	-0.000206	0.996295	1.732117	
736	0.999999	0.000012	-0.004761	-0.000012	0.999999	0.010803	
737	0.991506	-0.000416	-2.581909	0.000416	0.991506	4.063232	
738	0.999996	-0.000000	0.002625	0.000000	0.999996	0.002289	
739	0.980860	-0.000510	-0.731567	0.000510	0.980860	9.096100	
740	0.999974	-0.000008	0.024231	0.000008	0.999974	-0.006683	
741	0.996705	0.000370	0.860657	-0.000370	0.996705	1.798798	
742	0.999986	-0.000007	0.017029	0.000007	0.999986	-0.007172	
743	0.992763	-0.000021	1.820618	0.000021	0.992763	3.667542	
744	0.999994	-0.000001	0.005737	0.000001	0.999994	-0.000427	
745	0.991717	0.000762	2.661316	-0.000762	0.991717	4.538544	
746	0.999989	0.000005	0.010315	-0.000005	0.999989	0.001526	
747	0.990148	0.000536	5.056030	-0.000536	0.990148	5.386719	
748	1.000580	-0.002236	-0.568909	0.002236	1.000580	-2.901489	
749	0.999996	-0.000007	0.006165	0.000007	0.999996	-0.004211	
750	0.991009	0.002205	2.127960	-0.002205	0.991009	5.331665	
751	0.988084	-0.001371	4.849487	0.001371	0.988084	5.646057	
752	1.000001	0.000004	-0.001648	-0.000004	1.000001	-0.000916	
753	0.989827	0.000867	4.374756	-0.000867	0.989827	4.591187	
754	1.000001	-0.000003	0.000244	0.000003	1.000001	-0.004242	
755	0.990665	0.000779	4.198181	-0.000779	0.990665	1.403229	
756	0.991200	0.001428	2.583923	-0.001428	0.991200	-1.248779	
757	1.000003	-0.000001	-0.002808	0.000001	1.000003	0.000366	
758	0.999998	-0.000000	0.001709	0.000000	0.999998	0.000641	
759	0.988505	0.003014	1.268372	-0.003014	0.988505	-4.383698	
760	1.000000	-0.000001	0.000427	0.000001	1.000000	-0.000916	
761	0.987564	-0.000710	1.949951	0.000710	0.987564	0.139801	
762	0.999999	0.000001	0.000793	-0.000001	0.999999	-0.000549	
763	0.994949	0.000781	-0.619568	-0.000781	0.994949	0.752716	
764	1.000004	-0.000002	-0.002380	0.000002	1.000004	-0.003296	
765	0.995720	0.000601	0.060760	-0.000601	0.995720	1.158691	
766	0.999998	0.000003	0.000977	-0.000003	0.999998	0.002533	
767	0.995719	-0.000072	1.893066	0.000072	0.995719	0.079956	
768	0.994357	-0.000359	2.502136	0.000359	0.994357	-0.208191	
769	1.000004	-0.000001	-0.001709	0.000001	1.000004	-0.003174	
770	0.997675	-0.001730	2.163757	0.001730	0.997675	-2.073486	
771	0.995631	-0.000782	4.193298	0.000782	0.995631	-1.017548	
772	1.000002	-0.000001	-0.001099	0.000001	1.000002	-0.002258	
773	0.996113	-0.001388	4.841492	0.001388	0.996113	-1.375977	
774	0.999992	-0.000001	0.005005	0.000001	0.999992	-0.001648	
775	0.996586	-0.001055	4.487610	0.001055	0.996586	-1.305817	
776	1.000010	0.000002	-0.005188	-0.000002	1.000010	-0.004272	
777	0.998185	-0.000648	5.028625	0.000648	0.998185	-1.982056	
778	0.999997	0.000004	0.001526	-0.000004	0.999997	0.000275	
779	1.000000	-0.000813	5.248901	0.000813	1.000000	-2.426422	
780	1.002558	-0.001746	7.089417	0.001746	1.002558	-5.467499	
781	1.000002	0.000000	-0.001587	-0.000000	1.000002	-0.003326	
782	1.001493	-0.000729	3.571899	0.000729	1.001493	-3.509613	
783	1.000001	-0.000002	0.000427	0.000002	1.000001	-0.002014	
784	1.003490	-0.000181	2.505981	0.000181	1.003490	-3.158936	
785	0.999999	-0.000002	0.001587	0.000002	0.999999	-0.002136	
786	1.005682	0.000506	0.687927	-0.000506	1.005682	-2.814911	
787	1.005740	0.000621	0.813843	-0.000621	1.005740	-1.984650	
788	0.999996	-0.000006	0.004456	0.000006	0.999996	-0.004547	
789	1.007113	0.001641	-1.754456	-0.001641	1.007113	-1.025299	
790	1.000001	-0.000003	0.000977	0.000003	1.000001	-0.001526	
791	1.003431	0.001940	1.060242	-0.001940	1.003431	1.145782	
792	0.997661	0.006653	2.193909	-0.006653	0.997661	7.687881	
793	1.000001	-0.000001	-0.000488	0.000001	1.000001	-0.000793	
794	1.000002	-0.000000	-0.001343	0.000000	1.000002	-0.001038	
795	0.998421	0.004442	1.507019	-0.004442	0.998421	5.130173	
796	0.997758	0.002537	2.212036	-0.002537	0.997758	2.909698	
797	1.000005	-0.000001	-0.006836	0.000001	1.000005	-0.001892	
798	1.000005	-0.000001	-0.006836	0.000001	1.000005	-0.001892	
799	1.000005	-0.000001	-0.006836	0.000001	1.000005	-0.001892	
800	1.000001	0.000003	-0.002014	-0.000003	1.000001	0.001129	
801	1.000001	0.000003	-0.002014	-0.000003	1.000001	0.001129	
802	0.993933	0.003009	6.688477	-0.003009	0.993933	3.825119	
