0	1.000000	0.000000	0.000000	0.000000	1.000000	0.000000	
1	0.999560	0.000271	-0.071808	-0.000271	0.999560	0.197449	
2	0.999858	0.000079	-0.095367	-0.000079	0.999858	0.039978	
3	0.999738	0.000052	-0.019287	-0.000052	0.999738	0.092560	
4	0.999300	0.000414	-0.066406	-0.000414	0.999300	0.342468	
5	0.999790	0.000202	-0.056183	-0.000202	0.999790	0.101349	
6	0.999882	0.000172	-0.131622	-0.000172	0.999882	0.039276	
7	1.000177	0.000260	-0.181366	-0.000260	1.000177	-0.053040	
8	1.000126	0.000211	-0.111176	-0.000211	1.000126	-0.030945	
9	1.000071	0.000146	-0.089355	-0.000146	1.000071	-0.018036	
10	1.000143	0.000204	-0.098206	-0.000204	1.000143	-0.041992	
11	1.000026	0.000322	-0.131775	-0.000322	1.000026	0.027374	
12	0.999851	0.000176	-0.066833	-0.000176	0.999851	0.068634	
13	0.999829	0.000062	-0.128693	-0.000062	0.999829	0.044922	
14	0.999729	0.000005	-0.010925	-0.000005	0.999729	0.098602	
15	0.999761	-0.000086	-0.028809	0.000086	0.999761	0.068329	
16	0.999608	-0.000038	-0.055389	0.000038	0.999608	0.142334	
17	0.999781	-0.000059	-0.170959	0.000059	0.999781	0.077728	
18	0.999909	0.000020	-0.118103	-0.000020	0.999909	0.063202	
19	0.999902	-0.000042	-0.066620	0.000042	0.999902	0.041229	
20	0.999976	0.000027	-0.072754	-0.000027	0.999976	0.033630	
21	1.000069	0.000039	-0.032898	-0.000039	1.000069	-0.010345	
22	1.000050	0.000085	-0.085724	-0.000085	1.000050	0.004120	
23	1.000166	0.000023	-0.056702	-0.000023	1.000166	-0.055542	
24	1.000072	0.000074	-0.107056	-0.000074	1.000072	-0.036591	
25	1.000108	0.000022	-0.020386	-0.000022	1.000108	-0.032410	
26	1.000080	0.000060	-0.082031	-0.000060	1.000080	-0.054047	
27	1.000051	0.000123	-0.074066	-0.000123	1.000051	-0.021484	
28	1.000221	0.000108	-0.082306	-0.000108	1.000221	-0.079803	
29	1.000051	0.000107	0.038116	-0.000107	1.000051	-0.041534	
30	1.000243	0.000058	-0.057983	-0.000058	1.000243	-0.075714	
31	1.000183	-0.000121	0.078217	0.000121	1.000183	-0.071289	
32	1.000187	0.000019	0.024445	-0.000019	1.000187	-0.072144	
33	1.000121	-0.000139	0.133209	0.000139	1.000121	-0.070435	
34	1.000247	-0.000086	0.043457	0.000086	1.000247	-0.110962	
35	0.999954	-0.000133	0.149414	0.000133	0.999954	-0.007172	
36	1.000117	-0.000072	0.075745	0.000072	1.000117	-0.067871	
37	1.000117	0.000067	-0.036987	-0.000067	1.000117	-0.051971	
38	1.000272	-0.000114	0.035431	0.000114	1.000272	-0.133179	
39	1.000124	-0.000018	0.020477	0.000018	1.000124	-0.072144	
40	1.000140	-0.000124	0.059418	0.000124	1.000140	-0.095886	
41	0.999996	-0.000036	0.026581	0.000036	0.999996	-0.011749	
42	1.000001	-0.000219	0.125183	0.000219	1.000001	-0.038055	
43	0.999999	-0.000153	0.078278	0.000153	0.999999	-0.022827	
44	1.000011	-0.000239	0.115143	0.000239	1.000011	-0.045380	
45	0.999939	-0.000266	0.128326	0.000266	0.999939	-0.016998	
46	0.999713	-0.000023	0.071564	0.000023	0.999713	0.103790	
47	0.999685	-0.000199	0.129791	0.000199	0.999685	0.091156	
48	0.999822	0.000069	0.024139	-0.000069	0.999822	0.066956	
49	0.999480	-0.000231	0.193420	0.000231	0.999480	0.162231	
50	0.999714	-0.000198	0.129364	0.000198	0.999714	0.087555	
51	0.999874	-0.000092	0.060974	0.000092	0.999874	0.034882	
52	0.999846	0.000105	0.015808	-0.000105	0.999846	0.062103	
53	0.999952	0.000281	0.010742	-0.000281	0.999952	0.059143	
54	0.999667	0.000369	-0.067291	-0.000369	0.999667	0.179230	
55	0.999995	0.000150	0.035400	-0.000150	0.999995	0.023895	
56	0.999868	0.000020	0.047455	-0.000020	0.999868	0.041046	
57	0.999945	-0.000026	0.024261	0.000026	0.999945	0.013367	
58	0.999873	-0.000044	0.049377	0.000044	0.999873	0.023254	
59	0.999857	-0.000126	0.086578	0.000126	0.999857	0.022308	
60	0.999861	-0.000189	0.081818	0.000189	0.999861	0.017456	
61	1.000047	-0.000039	0.007080	0.000039	1.000047	-0.032745	
62	1.000062	-0.000154	0.049927	0.000154	1.000062	-0.053284	
63	0.999985	0.000073	-0.024902	-0.000073	0.999985	0.006653	
64	0.999993	-0.000023	0.012390	0.000023	0.999993	-0.007843	
65	0.999993	-0.000132	0.054901	0.000132	0.999993	-0.026001	
66	1.000009	-0.000002	0.018829	0.000002	1.000009	-0.011169	
67	0.999955	0.000002	0.015686	-0.000002	0.999955	0.013000	
68	1.000053	-0.000002	0.001831	0.000002	1.000053	-0.045197	
69	1.000053	-0.000107	0.048218	0.000107	1.000053	-0.034698	
70	1.000089	-0.000135	0.041595	0.000135	1.000089	-0.061615	
71	1.000125	0.000004	-0.013458	-0.000004	1.000125	-0.046356	
72	1.000325	-0.000009	-0.026489	0.000009	1.000325	-0.115753	
73	1.000231	0.000027	-0.042938	-0.000027	1.000231	-0.086700	
74	1.000154	0.000005	-0.015778	-0.000005	1.000154	-0.039642	
75	1.000172	0.000021	-0.035370	-0.000021	1.000172	-0.044708	
76	1.000175	0.000080	-0.058014	-0.000080	1.000175	-0.039703	
77	1.000046	0.000084	-0.038849	-0.000084	1.000046	-0.004089	
78	1.000006	0.000079	-0.026367	-0.000079	1.000006	0.024567	
79	1.000011	0.000063	-0.048523	-0.000063	1.000011	0.013153	
80	0.999980	0.000000	-0.009369	-0.000000	0.999980	0.032318	
81	0.999831	0.000008	-0.005615	-0.000008	0.999831	0.079895	
82	1.000022	-0.000030	-0.007233	0.000030	1.000022	0.008698	
83	0.999859	0.000075	-0.155151	-0.000075	0.999859	0.064545	
84	0.999807	-0.000006	-0.024841	0.000006	0.999807	0.074677	
85	0.999896	0.000136	-0.176636	-0.000136	0.999896	0.059692	
86	1.000192	0.000149	-0.177002	-0.000149	1.000192	-0.109924	
87	0.999693	0.000129	-0.073669	-0.000129	0.999693	0.140442	
88	1.000173	0.000038	-0.063751	-0.000038	1.000173	-0.080719	
89	0.999918	-0.000021	-0.135651	0.000021	0.999918	-0.008698	
90	1.000361	0.000354	-0.227234	-0.000354	1.000361	-0.089294	
91	0.999890	0.000009	-0.077698	-0.000009	0.999890	0.033569	
92	0.999998	0.000006	-0.132385	-0.000006	0.999998	-0.010834	
93	1.000035	-0.000055	-1.288269	0.000055	1.000035	-0.258118	
94	1.000272	0.000312	-1.474182	-0.000312	1.000272	-0.121063	
95	1.000408	0.000323	-3.632050	-0.000323	1.000408	-0.232147	
96	1.000896	0.000842	-1.994202	-0.000842	1.000896	-0.303131	
97	1.000257	0.000179	-3.156616	-0.000179	1.000257	-0.132812	
98	1.000216	0.000330	-1.569275	-0.000330	1.000216	-0.051422	
99	1.000269	0.000026	-2.893005	-0.000026	1.000269	-0.165863	
100	1.000588	0.000331	-1.579895	-0.000331	1.000588	-0.169769	
101	1.000795	0.000114	-2.929901	-0.000114	1.000795	-0.284058	
102	1.000811	-0.000070	-1.437866	0.000070	1.000811	-0.329102	
103	1.001089	0.000371	-3.172821	-0.000371	1.001089	-0.314819	
104	1.000299	0.000065	-1.413055	-0.000065	1.000299	-0.080261	
105	1.000148	0.000198	-2.979614	-0.000198	1.000148	-0.006866	
106	1.000301	0.000199	-1.187653	-0.000199	1.000301	-0.079956	
107	0.999879	0.000029	-2.118988	-0.000029	0.999879	0.050415	
108	1.000397	0.000077	-1.006195	-0.000077	1.000397	-0.134613	
109	1.000043	0.000035	-1.716492	-0.000035	1.000043	-0.010956	
110	1.000386	0.000052	-0.888367	-0.000052	1.000386	-0.124512	
111	1.000284	-0.000113	-1.403015	0.000113	1.000284	-0.124573	
112	1.000254	0.000043	-0.815216	-0.000043	1.000254	-0.086548	
113	1.000002	0.000019	-1.427673	-0.000019	1.000002	0.011261	
114	1.000130	0.000118	-0.717041	-0.000118	1.000130	-0.006500	
115	1.000379	-0.000052	-1.410614	0.000052	1.000379	-0.099548	
116	1.000554	0.000051	-0.829529	-0.000051	1.000554	-0.197449	
117	1.000753	-0.000100	-1.323273	0.000100	1.000753	-0.268799	
118	1.000454	0.000214	-0.815704	-0.000214	1.000454	-0.123016	
119	1.000348	-0.000033	-1.092041	0.000033	1.000348	-0.119781	
120	1.000167	0.000018	-0.571228	-0.000018	1.000167	-0.027252	
121	1.000110	-0.000073	-0.875366	0.000073	1.000110	-0.017914	
122	1.000027	0.000058	-0.432861	-0.000058	1.000027	0.014648	
123	1.000384	-0.000012	-1.030243	0.000012	1.000384	-0.094452	
124	0.999906	0.000018	-0.295380	-0.000018	0.999906	0.046112	
125	0.999918	0.000089	-0.809357	-0.000089	0.999918	0.044678	
126	1.000202	0.000149	-0.497589	-0.000149	1.000202	-0.054199	
127	1.000242	-0.000210	-0.503754	0.000210	1.000242	-0.137024	
128	1.000363	-0.000046	-0.154877	0.000046	1.000363	-0.123840	
129	1.000252	0.000063	-0.549683	-0.000063	1.000252	-0.080231	
130	1.000860	-0.000059	-0.303986	0.000059	1.000860	-0.373627	
131	1.000578	0.000232	-0.515472	-0.000232	1.000578	-0.177856	
132	1.000966	-0.000009	-0.193817	0.000009	1.000966	-0.387451	
133	1.000340	0.000065	-0.348145	-0.000065	1.000340	-0.092926	
134	1.001029	-0.000294	-0.015411	0.000294	1.001029	-0.474884	
135	1.000173	0.000106	-0.224579	-0.000106	1.000173	0.050690	
136	1.000715	-0.000451	0.108398	0.000451	1.000715	-0.356201	
137	1.000312	0.000039	-0.347107	-0.000039	1.000312	-0.070923	
138	1.000131	-0.000019	-0.121399	0.000019	1.000131	-0.027374	
139	0.999840	0.000061	-0.632294	-0.000061	0.999840	0.114685	
140	1.000191	-0.000115	-0.596313	0.000115	1.000191	-0.102173	
141	0.999957	-0.000118	-1.208893	0.000118	0.999957	-0.021240	
142	1.000063	-0.000017	-0.755096	0.000017	1.000063	-0.042847	
143	0.999909	-0.000177	-1.558594	0.000177	0.999909	-0.044037	
144	1.000069	0.000191	-0.878479	-0.000191	1.000069	0.010162	
145	1.000302	0.000149	-1.642731	-0.000149	1.000302	-0.091278	
146	1.000296	0.000147	-1.085480	-0.000147	1.000296	-0.090942	
147	1.000409	0.000052	-2.106842	-0.000052	1.000409	-0.168549	
148	1.000185	0.000073	-1.102448	-0.000073	1.000185	-0.070404	
149	1.000645	0.000186	-2.682831	-0.000186	1.000645	-0.230072	
150	1.000163	0.000052	-1.229370	-0.000052	1.000163	-0.085571	
151	1.000221	-0.000012	-2.568207	0.000012	1.000221	-0.104919	
152	1.000296	-0.000022	-1.154388	0.000022	1.000296	-0.157104	
153	1.000478	0.000300	-2.639587	-0.000300	1.000478	-0.105194	
154	1.000602	0.000151	-1.308472	-0.000151	1.000602	-0.227905	
155	1.000595	0.000138	-2.422333	-0.000138	1.000595	-0.201294	
156	1.000611	-0.000028	-1.310455	0.000028	1.000611	-0.206818	
157	1.000928	0.000169	-3.344330	-0.000169	1.000928	-0.315002	
158	1.000566	0.000172	-2.149750	-0.000172	1.000566	-0.147247	
159	1.000604	0.000425	-4.324005	-0.000425	1.000604	-0.114807	
160	1.000867	0.000040	-2.600616	-0.000040	1.000867	-0.330475	
161	1.001519	0.000398	-5.769135	-0.000398	1.001519	-0.431427	
162	1.000434	0.000075	-3.080322	-0.000075	1.000434	-0.135803	
163	1.001260	0.000263	-6.599609	-0.000263	1.001260	-0.129517	
164	1.000817	0.000350	-3.612732	-0.000350	1.000817	-0.183411	
165	1.000518	0.000285	-7.339600	-0.000285	1.000518	0.143250	
166	1.000640	0.000165	-3.999847	-0.000165	1.000640	-0.087494	
167	1.000860	0.000620	-8.163086	-0.000620	1.000860	-0.095184	
168	1.001336	0.000440	-4.165100	-0.000440	1.001336	-0.338745	
169	1.001585	0.000106	-7.002808	-0.000106	1.001585	-0.309235	
170	1.000287	0.000179	-2.687805	-0.000179	1.000287	-0.023804	
171	0.999022	0.000480	-3.724533	-0.000480	0.999022	0.730164	
172	0.999968	0.000553	-1.621979	-0.000553	0.999968	-0.006378	
173	0.997173	0.000231	-1.984177	-0.000231	0.997173	1.287109	
174	0.997760	0.000371	-0.668213	-0.000371	0.997760	0.788849	
175	0.995744	-0.000132	-0.104706	0.000132	0.995744	1.800201	
176	0.997163	0.000231	0.140717	-0.000231	0.997163	1.103638	
177	0.994218	0.000155	1.483398	-0.000155	0.994218	2.280029	
178	0.996605	0.000804	0.795959	-0.000804	0.996605	1.280945	
179	0.993419	0.000179	2.061798	-0.000179	0.993419	2.533112	
180	0.996655	0.000710	0.972290	-0.000710	0.996655	1.430176	
181	0.993515	-0.000097	2.297943	0.000097	0.993515	2.506378	
182	0.996563	0.000363	1.139343	-0.000363	0.996563	1.296722	
183	0.993792	-0.000162	2.057465	0.000162	0.993792	2.400757	
184	0.998056	0.000335	0.594330	-0.000335	0.998056	0.791382	
185	0.997850	0.000267	0.294952	-0.000267	0.997850	0.877014	
186	0.999824	0.000396	-0.297241	-0.000396	0.999824	0.131165	
187	1.000166	0.000373	-1.127594	-0.000373	1.000166	-0.100159	
188	1.000309	0.000135	-0.582031	-0.000135	1.000309	-0.134613	
189	1.000606	0.000127	-0.956787	-0.000127	1.000606	-0.251740	
190	1.000462	-0.000003	-0.404816	0.000003	1.000462	-0.258484	
191	1.000523	0.000080	-0.606049	-0.000080	1.000523	-0.214081	
192	1.000236	0.000275	-0.405518	-0.000275	1.000236	-0.098877	
193	1.000483	0.000089	-0.379364	-0.000089	1.000483	-0.255646	
194	1.000014	0.000143	-0.188263	-0.000143	1.000014	0.028687	
195	1.000218	0.000208	-0.303711	-0.000208	1.000218	-0.110840	
196	0.999492	0.000192	-0.190277	-0.000192	0.999492	0.219513	
197	0.999999	0.000246	-0.402435	-0.000246	0.999999	-0.000641	
198	0.999526	0.000231	-0.205566	-0.000231	0.999526	0.208405	
199	1.000348	0.000149	-0.566711	-0.000149	1.000348	-0.127014	
200	0.999519	0.000082	-0.265808	-0.000082	0.999519	0.216980	
201	1.000056	0.000328	-0.801086	-0.000328	1.000056	-0.066803	
202	0.999996	0.000121	-0.539062	-0.000121	0.999996	-0.020691	
203	1.000330	0.000216	-1.213226	-0.000216	1.000330	-0.192261	
204	1.000031	0.000155	-0.739777	-0.000155	1.000031	-0.033203	
205	1.000171	0.000138	-1.124817	-0.000138	1.000171	-0.114532	
206	1.000035	0.000214	-0.540833	-0.000214	1.000035	-0.031769	
207	1.000061	0.000165	-0.751129	-0.000165	1.000061	-0.066193	
208	0.999886	0.000096	-0.349274	-0.000096	0.999886	0.036835	
209	1.000008	0.000030	-0.583923	-0.000030	1.000008	-0.059540	
210	0.999808	-0.000013	-0.149567	0.000013	0.999808	0.043121	
211	0.999667	0.000089	-0.201660	-0.000089	0.999667	0.099243	
212	0.999838	-0.000075	-0.032776	0.000075	0.999838	0.031982	
213	0.999672	-0.000114	-0.006104	0.000114	0.999672	0.100494	
214	0.999782	-0.000134	0.041504	0.000134	0.999782	0.046143	
215	0.999720	-0.000061	-0.007050	0.000061	0.999720	0.082916	
216	0.999805	-0.000002	-0.015869	0.000002	0.999805	0.048981	
217	0.999648	-0.000031	0.028961	0.000031	0.999648	0.120056	
218	0.999889	-0.000259	0.131622	0.000259	0.999889	0.016296	
219	0.999740	-0.000077	0.072357	0.000077	0.999740	0.076660	
220	0.999582	-0.000158	0.191803	0.000158	0.999582	0.132172	
221	0.999756	-0.000138	0.174225	0.000138	0.999756	0.077911	
222	0.999772	-0.000151	0.183441	0.000151	0.999772	0.060760	
223	1.000100	0.000343	-0.027832	-0.000343	1.000100	-0.062561	
224	1.000041	0.000281	-0.095642	-0.000281	1.000041	-0.018005	
225	0.999933	0.000447	-0.158234	-0.000447	0.999933	0.024506	
226	1.000163	0.000258	-0.067291	-0.000258	1.000163	-0.079651	
227	1.000172	0.000119	-0.084381	-0.000119	1.000172	-0.083496	
228	1.000491	0.000133	-0.132996	-0.000133	1.000491	-0.182434	
229	1.001178	0.000268	-0.302856	-0.000268	1.001178	-0.463104	
230	1.001185	-0.000044	-0.028748	0.000044	1.001185	-0.437256	
231	1.000096	0.000125	-0.046799	-0.000125	1.000096	-0.029663	
232	1.000635	-0.000007	-0.017395	0.000007	1.000635	-0.221191	
233	1.000043	0.000017	-0.064560	-0.000017	1.000043	-0.097931	
234	1.000679	0.000291	-0.132355	-0.000291	1.000679	-0.246429	
235	1.000096	-0.000039	0.012817	0.000039	1.000096	-0.047882	
236	1.000439	-0.000086	-0.011856	0.000086	1.000439	-0.222290	
237	1.001432	0.000091	-0.354782	-0.000091	1.001432	-0.609833	
238	1.000241	-0.000120	-1.188583	0.000120	1.000241	-0.260468	
239	1.000549	0.000154	-1.101868	-0.000154	1.000549	-0.296936	
240	1.000762	-0.000137	-2.488358	0.000137	1.000762	-0.413544	
241	1.001978	-0.000596	-1.364197	0.000596	1.001978	-0.994354	
242	1.000624	0.000021	-3.718307	-0.000021	1.000624	-0.325104	
243	1.001079	0.000251	-2.385925	-0.000251	1.001079	-0.396667	
244	1.001134	0.000073	-4.443604	-0.000073	1.001134	-0.439484	
245	1.000666	0.000280	-2.206146	-0.000280	1.000666	-0.185120	
246	1.000830	0.000087	-3.988800	-0.000087	1.000830	-0.303223	
247	1.000381	0.000143	-1.842346	-0.000143	1.000381	-0.109680	
248	1.000501	0.000059	-3.491852	-0.000059	1.000501	-0.129303	
249	1.000111	-0.000005	-1.451385	0.000005	1.000111	-0.046814	
250	1.000050	0.000127	-2.976501	-0.000127	1.000050	0.078217	
251	0.999906	0.000141	-1.267334	-0.000141	0.999906	0.081787	
252	1.000187	0.000095	-2.613770	-0.000095	1.000187	-0.034454	
253	0.999931	0.000242	-1.214172	-0.000242	0.999931	0.205627	
254	1.000224	-0.000123	-1.964294	0.000123	1.000224	0.058075	
255	1.000239	-0.000097	-0.957245	0.000097	1.000239	-0.061951	
256	0.999978	0.000102	-1.487976	-0.000102	0.999978	0.060852	
257	1.000979	0.000012	-0.699829	-0.000012	1.000979	-0.254883	
258	0.999941	-0.000025	-1.024872	0.000025	0.999941	0.167328	
259	1.001380	-0.000030	-0.587891	0.000030	1.001380	-0.603424	
260	1.000345	0.000082	-1.376709	-0.000082	1.000345	-0.062225	
261	1.000407	-0.000187	-0.831268	0.000187	1.000407	-0.130890	
262	1.000136	-0.000165	-2.257339	0.000165	1.000136	-0.041565	
263	1.000342	0.000043	-1.617126	-0.000043	1.000342	-0.002380	
264	1.000557	-0.000044	-3.017136	0.000044	1.000557	-0.201813	
265	1.000303	0.000170	-1.501495	-0.000170	1.000303	-0.062897	
266	1.000238	0.000128	-3.473724	-0.000128	1.000238	-0.105835	
267	1.000210	0.000120	-1.722229	-0.000120	1.000210	-0.092438	
268	1.000509	-0.000005	-3.583115	0.000005	1.000509	-0.116943	
269	1.000225	-0.000124	-1.521301	0.000124	1.000225	-0.052002	
270	1.000088	0.000098	-3.152267	-0.000098	1.000088	0.092224	
271	1.000108	0.000041	-1.336182	-0.000041	1.000108	-0.062561	
272	1.000004	-0.000078	-2.457458	0.000078	1.000004	0.077332	
273	1.000124	0.000091	-1.103943	-0.000091	1.000124	-0.044678	
274	1.000185	0.000122	-2.265350	-0.000122	1.000185	0.059052	
275	1.000182	0.000051	-0.971375	-0.000051	1.000182	-0.020721	
276	1.000126	0.000034	-1.943878	-0.000034	1.000126	-0.031830	
277	1.000090	0.000177	-0.806274	-0.000177	1.000090	0.080841	
278	1.000251	0.000081	-1.674164	-0.000081	1.000251	-0.145111	
279	0.999979	0.000122	-0.816528	-0.000122	0.999979	0.013123	
280	1.000096	0.000029	-1.448730	-0.000029	1.000096	-0.030365	
281	1.000106	0.000066	-0.771027	-0.000066	1.000106	-0.088776	
282	1.000080	0.000012	-1.399109	-0.000012	1.000080	0.011841	
283	1.000187	0.000063	-0.591339	-0.000063	1.000187	-0.036530	
284	1.000004	-0.000074	-0.945190	0.000074	1.000004	0.093597	
285	1.000158	0.000002	-0.522400	-0.000002	1.000158	0.138336	
286	1.000086	-0.000022	-0.528687	0.000022	1.000086	0.161377	
287	1.000214	0.000019	-0.115326	-0.000019	1.000214	0.022186	
288	1.000077	-0.000058	-0.200684	0.000058	1.000077	0.161438	
289	1.000981	-0.000039	0.003113	0.000039	1.000981	-0.337463	
290	0.999976	-0.000018	-0.049042	0.000018	0.999976	0.210205	
291	1.000083	0.000047	-0.003174	-0.000047	1.000083	0.062958	
292	0.999925	-0.000116	-0.008530	0.000116	0.999925	0.187012	
293	1.000041	0.000029	-0.031616	-0.000029	1.000041	0.112549	
294	1.000080	0.000066	-0.001312	-0.000066	1.000080	0.251770	
295	1.000009	0.000037	-0.026917	-0.000037	1.000009	0.017090	
296	1.000040	-0.000005	-0.011078	0.000005	1.000040	0.254089	
297	1.000067	0.000039	-0.031860	-0.000039	1.000067	0.127167	
298	1.000014	-0.000108	0.009613	0.000108	1.000014	0.128052	
299	1.000104	0.000142	-0.094513	-0.000142	1.000104	0.066528	
300	0.999994	-0.000044	-0.067169	0.000044	0.999994	0.093506	
301	1.000111	0.000046	-0.132019	-0.000046	1.000111	0.034790	
302	1.000130	-0.000024	-0.167450	0.000024	1.000130	0.020752	
303	1.000055	-0.000046	-0.108368	0.000046	1.000055	0.052094	
304	0.999879	-0.000040	-0.333740	0.000040	0.999879	0.176910	
305	1.000005	-0.000014	-0.207397	0.000014	1.000005	0.044891	
306	1.000021	-0.000041	-0.475952	0.000041	1.000021	0.085114	
307	1.000046	-0.000017	-0.240265	0.000017	1.000046	0.008698	
308	0.999962	-0.000045	-0.760498	0.000045	0.999962	0.008606	
309	0.999965	-0.000009	-0.600342	0.000009	0.999965	-0.021820	
310	1.000145	0.000116	-1.442444	-0.000116	1.000145	-0.126556	
311	1.000039	0.000026	-0.961456	-0.000026	1.000039	0.015289	
312	1.000528	0.000294	-2.078644	-0.000294	1.000528	-0.192688	
313	1.000009	-0.000019	-0.960815	0.000019	1.000009	-0.030731	
314	1.000150	0.000150	-2.326294	-0.000150	1.000150	-0.060699	
315	1.000188	0.000067	-1.131104	-0.000067	1.000188	-0.068726	
316	1.000322	0.000130	-2.451324	-0.000130	1.000322	-0.091858	
317	1.000054	0.000005	-1.153748	-0.000005	1.000054	0.004425	
318	0.999998	0.000135	-2.483093	-0.000135	0.999998	0.002014	
319	0.999957	0.000064	-1.300903	-0.000064	0.999957	0.043518	
320	0.999785	0.000161	-2.406433	-0.000161	0.999785	0.117401	
321	0.999983	0.000063	-1.199707	-0.000063	0.999983	0.015442	
322	1.000075	0.000131	-2.427185	-0.000131	1.000075	-0.036865	
323	0.999922	0.000048	-1.040588	-0.000048	0.999922	-0.015411	
324	0.999973	0.000114	-2.463989	-0.000114	0.999973	-0.019653	
325	0.999902	-0.000009	-0.833984	0.000009	0.999902	-0.055206	
326	0.999843	0.000101	-1.704285	-0.000101	0.999843	0.069489	
327	0.999883	0.000090	-0.882324	-0.000090	0.999883	-0.003876	
328	0.999807	0.000025	-1.631348	-0.000025	0.999807	0.015259	
329	0.999879	0.000031	-0.613159	-0.000031	0.999879	-0.014343	
330	0.999866	0.000019	-1.277039	-0.000019	0.999866	0.045441	
331	0.998799	-0.000163	0.883118	0.000163	0.998799	0.200195	
332	1.000170	-0.000025	-1.316650	0.000025	1.000170	-0.130707	
333	0.999822	0.000022	-0.141846	-0.000022	0.999822	0.047089	
334	1.000131	-0.000077	-0.826660	0.000077	1.000131	-0.093597	
335	0.999982	-0.000026	-0.288818	0.000026	0.999982	-0.004272	
336	1.000040	-0.000022	-0.773743	0.000022	1.000040	0.033630	
337	1.001167	-0.000258	-1.816895	0.000258	1.001167	-0.844604	
338	0.999890	0.000008	-0.552673	-0.000008	0.999890	0.111969	
339	1.000522	-0.000038	-1.071960	0.000038	1.000522	-0.188385	
340	1.002405	0.000030	-3.691406	-0.000030	1.002405	-0.876282	
341	1.000928	0.000108	-1.376526	-0.000108	1.000928	-0.144470	
342	1.000163	0.000027	-0.497192	-0.000027	1.000163	0.141937	
343	1.000210	0.000025	-0.408508	-0.000025	1.000210	0.119659	
344	1.000122	-0.000061	-0.147766	0.000061	1.000122	0.109467	
345	1.000051	0.000038	-0.069946	-0.000038	1.000051	0.091339	
346	1.000061	-0.000032	-0.037964	0.000032	1.000061	0.152008	
347	1.000128	0.000062	-0.055298	-0.000062	1.000128	0.151825	
348	1.000147	0.000048	-0.075256	-0.000048	1.000147	0.124847	
349	0.999982	0.000050	0.221680	-0.000050	0.999982	0.128326	
350	0.999891	-0.000029	0.543945	0.000029	0.999891	0.204956	
351	0.999891	-0.000055	0.690918	0.000055	0.999891	0.083984	
352	0.998885	-0.000215	2.691895	0.000215	0.998885	0.326019	
353	0.999909	-0.000062	0.922241	0.000062	0.999909	0.017273	
354	0.999894	-0.000102	1.665955	0.000102	0.999894	0.079742	
355	1.000044	-0.000024	0.829285	0.000024	1.000044	0.023407	
356	1.000299	0.000006	1.153564	-0.000006	1.000299	-0.026245	
357	0.999753	-0.000021	1.256104	0.000021	0.999753	0.124176	
358	1.000073	-0.000104	1.514648	0.000104	1.000073	-0.087555	
359	1.000111	-0.000023	0.413391	0.000023	1.000111	-0.085876	
360	1.000016	-0.000069	0.783386	0.000069	1.000016	-0.105438	
361	1.000170	0.000037	0.052917	-0.000037	1.000170	-0.030640	
362	0.999876	-0.000011	0.637756	0.000011	0.999876	0.035004	
363	1.000641	-0.000793	-0.274292	0.000793	1.000641	-1.355316	
364	0.999843	-0.000109	0.636780	0.000109	0.999843	0.131775	
365	1.000023	-0.000038	0.388245	0.000038	1.000023	-0.012421	
366	0.999993	0.000003	0.445312	-0.000003	0.999993	0.006744	
367	1.000013	-0.000020	0.504578	0.000020	1.000013	0.062042	
368	1.000005	0.000091	0.744751	-0.000091	1.000005	0.069336	
369	0.999986	-0.000108	0.544556	0.000108	0.999986	-0.202423	
370	1.000583	-0.000234	1.252777	0.000234	1.000583	-0.321930	
371	0.999650	-0.000081	1.113281	0.000081	0.999650	0.108002	
372	1.000057	-0.000020	1.198914	0.000020	1.000057	0.005188	
373	0.999879	-0.000118	0.927185	0.000118	0.999879	0.031067	
374	1.000014	0.000083	1.910156	-0.000083	1.000014	0.109863	
375	1.000041	-0.000066	1.065247	0.000066	1.000041	-0.014160	
376	1.000573	0.000216	1.203613	-0.000216	1.000573	0.025085	
377	0.999956	-0.000111	1.119019	0.000111	0.999956	0.022797	
378	0.999917	-0.000042	1.627106	0.000042	0.999917	0.061157	
379	1.000078	-0.000076	0.535828	0.000076	1.000078	0.013733	
380	1.000030	-0.000108	0.930725	0.000108	1.000030	0.054443	
381	0.999998	0.000022	0.429199	-0.000022	0.999998	0.124725	
382	0.999900	0.000079	0.609222	-0.000079	0.999900	0.174255	
383	1.000023	-0.000008	0.256897	0.000008	1.000023	0.119781	
384	0.999983	-0.000111	0.328918	0.000111	0.999983	0.157227	
385	1.000095	-0.000014	0.225189	0.000014	1.000095	0.181519	
386	0.999980	-0.000032	0.165955	0.000032	0.999980	0.192596	
387	0.999996	-0.000009	0.087646	0.000009	0.999996	0.165802	
388	1.000086	-0.000039	0.134277	0.000039	1.000086	0.229187	
389	0.999984	-0.000002	0.017517	0.000002	0.999984	0.074402	
390	1.000014	-0.000001	0.072876	0.000001	1.000014	0.263550	
391	1.000014	-0.000023	0.025452	0.000023	1.000014	0.009094	
392	1.000122	-0.000001	0.032074	0.000001	1.000122	0.234802	
393	0.999961	0.000040	0.086151	-0.000040	0.999961	0.021057	
394	0.999940	0.000004	0.029938	-0.000004	0.999940	0.140533	
395	0.999991	-0.000028	-0.003540	0.000028	0.999991	0.088226	
396	0.999538	-0.000054	0.332550	0.000054	0.999538	0.258423	
397	0.999123	0.000054	0.601074	-0.000054	0.999123	0.407959	
398	0.997834	-0.000035	1.350555	0.000035	0.997834	1.020111	
399	0.996252	0.001705	0.291748	-0.001705	0.996252	1.502899	
400	0.996518	-0.000006	2.416443	0.000006	0.996518	1.536133	
401	0.997661	-0.000047	1.478577	0.000047	0.997661	0.997742	
402	0.995083	-0.000039	3.307098	0.000039	0.995083	2.082733	
403	0.997150	-0.000007	2.021362	0.000007	0.997150	1.217865	
404	0.993626	0.000046	4.491211	-0.000046	0.993626	2.656281	
405	0.996757	-0.000071	2.533508	0.000071	0.996757	1.357819	
406	0.993501	-0.000043	5.183411	0.000043	0.993501	2.783142	
407	0.996763	-0.000017	2.746613	0.000017	0.996763	1.497742	
408	0.993667	-0.000191	6.357422	0.000191	0.993667	2.673950	
409	0.996822	0.000028	3.303223	-0.000028	0.996822	1.492706	
410	0.993518	-0.000076	6.863251	0.000076	0.993518	2.932465	
411	0.996909	0.000036	3.086548	-0.000036	0.996909	1.454315	
412	0.995022	-0.000040	5.294861	0.000040	0.995022	2.419006	
413	0.998083	-0.000075	2.265015	0.000075	0.998083	1.070892	
414	1.000088	0.001247	-0.153809	-0.001247	1.000088	1.931976	
415	0.999743	-0.000069	1.046021	0.000069	0.999743	0.470093	
416	0.999831	-0.000033	2.218933	0.000033	0.999831	0.639740	
417	0.999981	-0.000071	1.195251	0.000071	0.999981	0.273407	
418	1.000085	-0.000050	2.670898	0.000050	1.000085	0.377869	
419	0.999946	-0.000011	1.313995	0.000011	0.999946	0.224762	
420	1.000189	-0.000030	2.808105	0.000030	1.000189	0.343506	
421	0.999985	0.000008	1.352295	-0.000008	0.999985	0.159668	
422	1.000088	-0.000046	2.675018	0.000046	1.000088	0.390808	
423	1.000015	0.000010	1.190308	-0.000010	1.000015	0.214569	
424	0.999989	-0.000089	2.738556	0.000089	0.999989	0.185760	
425	0.999956	-0.000078	1.213928	0.000078	0.999956	0.114288	
426	0.999987	-0.000114	2.597321	0.000114	0.999987	0.263947	
427	1.000005	0.000019	1.138306	-0.000019	1.000005	0.129913	
428	1.000022	-0.000089	2.573120	0.000089	1.000022	0.183838	
429	0.996658	0.000365	1.343109	-0.000365	0.996658	1.292480	
430	0.999918	-0.000129	2.775269	0.000129	0.999918	0.229126	
431	0.999802	-0.000014	1.282349	0.000014	0.999802	0.182373	
432	1.000022	-0.000229	3.039215	0.000229	1.000022	0.191437	
433	0.999175	-0.000331	1.623749	0.000331	0.999175	0.268616	
434	0.998551	-0.000178	3.425446	0.000178	0.998551	0.825409	
435	1.000046	-0.000170	1.744629	0.000170	1.000046	0.004120	
436	1.000056	-0.000390	4.168762	0.000390	1.000056	0.124329	
437	1.000033	-0.000234	2.200470	0.000234	1.000033	-0.036163	
438	1.000605	-0.000307	4.454010	0.000307	1.000605	-0.155365	
439	1.000280	-0.000031	2.095551	0.000031	1.000280	-0.102814	
440	1.000049	0.000049	4.015320	-0.000049	1.000049	0.081390	
441	0.999889	0.000170	1.886444	-0.000170	0.999889	0.089264	
442	1.000075	-0.000186	3.493225	0.000186	1.000075	-0.045166	
443	1.000016	0.000118	1.455170	-0.000118	1.000016	-0.042023	
444	0.999921	-0.000140	3.212921	0.000140	0.999921	-0.004547	
445	0.999927	0.000082	1.440247	-0.000082	0.999927	0.075073	
446	0.999503	-0.000491	3.062958	0.000491	0.999503	0.154938	
447	1.000067	-0.000018	1.179047	0.000018	1.000067	-0.036469	
448	1.000307	-0.000115	2.136322	0.000115	1.000307	-0.160828	
449	1.000316	-0.000097	0.789001	0.000097	1.000316	-0.130798	
450	1.000343	-0.000043	1.182190	0.000043	1.000343	-0.174133	
451	1.000154	-0.000098	0.557953	0.000098	1.000154	-0.139862	
452	0.999956	-0.000015	1.003021	0.000015	0.999956	-0.050690	
453	0.999962	-0.000012	0.479370	0.000012	0.999962	-0.040955	
454	0.999983	0.000119	0.738922	-0.000119	0.999983	-0.022919	
455	1.000019	0.000113	0.245361	-0.000113	1.000019	0.010437	
456	1.000091	-0.000064	0.693481	0.000064	1.000091	-0.138214	
457	1.000040	0.000037	0.257660	-0.000037	1.000040	-0.040741	
458	1.000028	-0.000133	0.382080	0.000133	1.000028	-0.112610	
459	1.000092	0.000039	0.033112	-0.000039	1.000092	-0.034668	
460	1.000444	0.000145	-0.002411	-0.000145	1.000444	-0.253479	
461	1.000219	0.000132	0.004517	-0.000132	1.000219	0.018860	
462	1.000733	0.000231	-0.119141	-0.000231	1.000733	-0.306244	
463	1.000166	0.000044	0.013397	-0.000044	1.000166	-0.090668	
464	1.000255	0.000063	-0.016449	-0.000063	1.000255	-0.101593	
465	1.000099	-0.000069	0.043274	0.000069	1.000099	0.000977	
466	1.000360	0.000027	-0.002563	-0.000027	1.000360	-0.259430	
467	1.000255	-0.000125	0.047485	0.000125	1.000255	-0.087616	
468	1.000480	-0.000377	0.130554	0.000377	1.000480	-0.233551	
469	1.000300	-0.000190	0.078888	0.000190	1.000300	-0.122986	
470	1.000301	0.000002	-0.028656	-0.000002	1.000301	-0.117157	
471	1.000235	-0.000190	0.067841	0.000190	1.000235	-0.078003	
472	1.000201	-0.000147	0.014252	0.000147	1.000201	-0.098206	
473	1.000222	-0.000107	0.048279	0.000107	1.000222	-0.059174	
474	1.000373	-0.000205	0.061371	0.000205	1.000373	-0.140076	
475	1.000108	-0.000234	0.098602	0.000234	1.000108	-0.014496	
476	1.000026	-0.000234	-0.008118	0.000234	1.000026	-0.069397	
477	0.999957	-0.000101	-0.015076	0.000101	0.999957	0.022583	
478	0.999574	-0.000070	-0.037262	0.000070	0.999574	0.135010	
479	0.999757	-0.000046	-0.039398	0.000046	0.999757	0.056274	
480	0.999834	0.000003	-0.183868	-0.000003	0.999834	0.014191	
481	0.999786	0.000155	-0.116943	-0.000155	0.999786	0.079437	
482	0.999976	0.000045	-0.239166	-0.000045	0.999976	-0.029541	
483	0.999755	0.000056	-0.062775	-0.000056	0.999755	0.056641	
484	0.999774	0.000177	-0.248505	-0.000177	0.999774	0.065186	
485	0.999605	0.000234	-0.166870	-0.000234	0.999605	0.150482	
486	0.999786	0.000084	-0.331848	-0.000084	0.999786	-0.028656	
487	0.999608	-0.000081	-0.046753	0.000081	0.999608	0.069397	
488	0.999842	0.000051	-0.151611	-0.000051	0.999842	-0.012329	
489	0.999705	0.000106	-0.102417	-0.000106	0.999705	0.078369	
490	0.999975	-0.000012	-0.001373	0.000012	0.999975	0.033752	
491	0.999923	0.000083	-0.038116	-0.000083	0.999923	0.032623	
492	0.999982	-0.000012	-0.009766	0.000012	0.999982	0.024384	
493	1.000054	-0.000094	0.064056	0.000094	1.000054	-0.027130	
494	1.000003	-0.000050	0.033875	0.000050	1.000003	-0.011444	
495	0.999831	-0.000234	0.185364	0.000234	0.999831	0.035034	
496	0.999577	0.000137	0.522598	-0.000137	0.999577	0.291901	
497	0.999793	-0.000380	0.577148	0.000380	0.999793	0.021484	
498	1.000051	-0.000175	0.901184	0.000175	1.000051	-0.036804	
499	0.998957	-0.000736	0.793304	0.000736	0.998957	0.331818	
500	0.999890	-0.000043	0.997742	0.000043	0.999890	0.021637	
501	0.999788	-0.000690	0.895355	0.000690	0.999788	-0.016083	
502	0.999990	-0.000183	1.491821	0.000183	0.999990	-0.017731	
503	1.000051	-0.000311	0.996246	0.000311	1.000051	-0.011902	
504	1.000325	-0.000292	1.794342	0.000292	1.000325	-0.109314	
505	1.000006	-0.000354	1.030457	0.000354	1.000006	-0.028107	
506	0.999677	0.000069	1.821136	-0.000069	0.999677	0.130310	
507	0.999952	-0.000277	1.092773	0.000277	0.999952	0.017456	
508	0.999911	-0.000151	1.935486	0.000151	0.999911	0.100769	
509	1.000031	-0.000549	1.195282	0.000549	1.000031	-0.061554	
510	1.000220	-0.000557	2.495392	0.000557	1.000220	-0.118622	
511	1.000113	-0.000302	1.361084	0.000302	1.000113	-0.040771	
512	1.000694	-0.000476	2.658295	0.000476	1.000694	-0.315063	
513	1.000295	-0.000066	1.271851	0.000066	1.000295	-0.118256	
514	1.000380	-0.000078	2.872559	0.000078	1.000380	-0.102753	
515	1.000417	0.000059	1.317993	-0.000059	1.000417	-0.152679	
516	1.001121	0.000441	2.509277	-0.000441	1.001121	-0.485504	
517	1.000629	0.000515	1.085327	-0.000515	1.000629	-0.126953	
518	0.999671	-0.000013	2.563812	0.000013	0.999671	0.123749	
519	1.000797	0.000573	0.683228	-0.000573	1.000797	-0.259613	
520	0.999942	0.000252	2.232758	-0.000252	0.999942	0.005951	
521	1.000337	0.000371	0.969513	-0.000371	1.000337	-0.126465	
522	0.999832	0.000175	2.276886	-0.000175	0.999832	0.082520	
523	1.000220	0.000361	0.875092	-0.000361	1.000220	-0.056641	
524	0.999604	0.000020	2.340378	-0.000020	0.999604	0.153137	
525	0.999855	0.000159	1.186462	-0.000159	0.999855	0.026276	
526	0.999883	-0.000045	1.999084	0.000045	0.999883	-0.023468	
527	0.999936	0.000078	0.867310	-0.000078	0.999936	-0.042725	
528	1.000118	0.000003	1.093811	-0.000003	1.000118	-0.064941	
529	1.000965	0.000414	0.014618	-0.000414	1.000965	-0.368866	
530	1.000008	0.000017	0.236145	-0.000017	1.000008	-0.069000	
531	1.000271	0.000353	-0.127838	-0.000353	1.000271	-0.095001	
532	1.000175	0.000166	-0.165833	-0.000166	1.000175	-0.069916	
533	1.000191	0.000175	-0.078705	-0.000175	1.000191	-0.051117	
534	0.999982	0.000161	-0.333832	-0.000161	0.999982	-0.173309	
535	1.000274	0.000354	-0.474762	-0.000354	1.000274	-0.182709	
536	1.005828	0.007691	-5.117493	-0.007691	1.005828	-0.687531	
537	1.000421	0.000456	-1.565338	-0.000456	1.000421	-0.133728	
538	1.000818	-0.000367	-4.426727	0.000367	1.000818	-0.705963	
539	1.000660	0.000026	-3.868744	-0.000026	1.000660	-0.406342	
540	1.002391	0.000845	-11.109711	-0.000845	1.002391	-1.142639	
541	1.000601	0.000211	-5.681183	-0.000211	1.000601	-0.292358	
542	1.003891	-0.000607	-11.133194	0.000607	1.003891	-1.958984	
543	1.000862	0.000585	-5.795700	-0.000585	1.000862	-0.262085	
544	1.001443	-0.000091	-10.911606	0.000091	1.001443	-0.698029	
545	1.000761	0.000152	-5.854752	-0.000152	1.000761	-0.372009	
546	1.000875	0.000374	-10.729126	-0.000374	1.000875	-0.211426	
547	1.000190	0.000332	-3.976913	-0.000332	1.000190	0.084930	
548	1.000510	0.000119	-6.106354	-0.000119	1.000510	-0.051025	
549	1.001478	0.000888	-3.470978	-0.000888	1.001478	-0.563599	
550	1.000156	0.000136	-5.725113	-0.000136	1.000156	0.047028	
551	0.999983	0.000084	-3.018265	-0.000084	0.999983	0.080597	
552	1.001314	-0.000051	-5.737549	0.000051	1.001314	-0.033051	
553	1.000033	0.000039	-2.586166	-0.000039	1.000033	0.011627	
554	0.999547	0.000069	-4.112534	-0.000069	0.999547	0.459351	
555	0.999989	-0.000476	-1.100174	0.000476	0.999989	0.062042	
556	0.996842	0.000134	-2.018158	-0.000134	0.996842	1.448090	
557	0.997763	0.000186	-0.541656	-0.000186	0.997763	0.874786	
558	0.993729	0.000031	-0.082733	-0.000031	0.993729	2.441620	
559	0.996051	0.000022	0.539246	-0.000022	0.996051	1.485077	
560	0.991327	0.000020	2.146057	-0.000020	0.991327	3.433350	
561	0.995350	-0.000028	1.573425	0.000028	0.995350	1.765808	
562	0.991162	-0.000028	3.781494	0.000028	0.991162	3.379120	
563	0.995568	0.000005	2.003113	-0.000005	0.995568	1.688385	
564	0.990907	-0.000002	4.401794	0.000002	0.990907	3.349854	
565	0.995495	0.000023	2.105835	-0.000023	0.995495	1.670685	
566	0.990843	0.000104	3.943420	-0.000104	0.990843	3.400421	
567	0.995394	0.000118	1.512268	-0.000118	0.995394	1.787140	
568	0.990818	0.000015	2.056519	-0.000015	0.990818	3.357086	
569	0.995376	0.000068	0.880371	-0.000068	0.995376	1.697540	
570	0.995295	0.000040	0.905457	-0.000040	0.995295	1.829926	
571	0.990959	0.000021	2.097351	-0.000021	0.990959	3.304199	
572	0.995455	0.000033	1.497803	-0.000033	0.995455	1.610626	
573	0.990896	0.000051	3.617249	-0.000051	0.990896	3.449738	
574	0.995624	-0.000004	2.013733	0.000004	0.995624	1.551270	
575	0.990882	0.000001	4.760742	-0.000001	0.990882	3.487030	
576	0.995581	-0.000123	2.371521	0.000123	0.995581	1.801331	
577	0.990969	-0.000098	4.940002	0.000098	0.990969	4.048279	
578	0.995373	0.000020	2.665955	-0.000020	0.995373	2.267273	
579	0.991144	-0.000122	5.410950	0.000122	0.991144	4.794434	
580	0.995499	-0.000009	2.865845	0.000009	0.995499	2.639740	
581	0.992972	-0.000084	4.716736	0.000084	0.992972	4.747498	
582	0.997115	-0.000020	1.882874	0.000020	0.997115	2.154175	
583	0.995354	-0.000063	3.195190	0.000063	0.995354	4.063202	
584	0.998365	0.000065	1.058533	-0.000065	0.998365	1.716888	
585	0.998277	-0.000084	1.373169	0.000084	0.998277	2.810547	
586	0.999599	0.000028	0.322083	-0.000028	0.999599	1.079529	
587	0.999999	0.000226	-0.064575	-0.000226	0.999999	2.050751	
588	0.999946	0.000028	-0.031860	-0.000028	0.999946	0.855133	
589	0.999992	0.000066	-0.010376	-0.000066	0.999992	1.461182	
590	0.999998	0.000135	-0.054199	-0.000135	0.999998	0.744965	
591	1.000026	0.000091	-0.035828	-0.000091	1.000026	1.233673	
592	1.000078	-0.000037	0.019531	0.000037	1.000078	0.465759	
593	1.000014	0.000016	-0.012146	-0.000016	1.000014	0.746857	
594	1.000045	0.000014	-0.036133	-0.000014	1.000045	0.462250	
595	1.000030	0.000014	-0.036987	-0.000014	1.000030	0.887024	
596	1.000027	0.000016	-0.017273	-0.000016	1.000027	0.402374	
597	1.000087	0.000011	-0.083374	-0.000011	1.000087	0.808380	
598	1.000021	0.000092	-0.076477	-0.000092	1.000021	0.443634	
599	1.000059	0.000029	-0.040588	-0.000029	1.000059	0.642334	
600	1.000157	0.000060	-0.144592	-0.000060	1.000157	0.256866	
601	1.000151	0.000121	-0.181824	-0.000121	1.000151	0.322571	
602	1.000200	0.000051	-0.055969	-0.000051	1.000200	0.047333	
603	1.000088	0.000023	-0.103760	-0.000023	1.000088	0.004761	
604	1.000046	0.000063	-0.142090	-0.000063	1.000046	-0.032166	
605	1.000026	0.000356	-0.521484	-0.000356	1.000026	-0.018616	
606	1.000071	0.000024	-0.636230	-0.000024	1.000071	-0.176056	
607	1.000031	0.000156	-1.310364	-0.000156	1.000031	-0.034485	
608	0.999971	0.000113	-0.654968	-0.000113	0.999971	-0.118774	
609	0.999969	0.000045	-1.352966	-0.000045	0.999969	-0.020233	
610	0.999996	0.000010	-0.764771	-0.000010	0.999996	0.094452	
611	0.999919	0.000004	-0.704407	-0.000004	0.999919	0.117828	
612	0.999818	0.000075	-0.123352	-0.000075	0.999818	0.149292	
613	0.999808	0.000002	-0.497253	-0.000002	0.999808	0.143738	
614	0.999692	-0.000108	0.084534	0.000108	0.999692	0.227966	
615	0.999933	0.000039	-0.306824	-0.000039	0.999933	0.248199	
616	0.999800	-0.000279	0.128845	0.000279	0.999800	0.103333	
617	1.000012	-0.000106	0.016113	0.000106	1.000012	0.421417	
618	0.999825	-0.000004	0.129456	0.000004	0.999825	0.348480	
619	0.998633	-0.000079	1.009460	0.000079	0.998633	1.097748	
620	0.998891	-0.000137	0.755249	0.000137	0.998891	0.668701	
621	0.997584	-0.000109	1.546326	0.000109	0.997584	1.454041	
622	0.998684	-0.000020	0.864929	0.000020	0.998684	0.972412	
623	0.997094	-0.001684	1.845520	0.001684	0.997094	1.842529	
624	0.999341	-0.000086	0.332947	0.000086	0.999341	0.848999	
625	0.999290	0.000029	0.459167	-0.000029	0.999290	1.431976	
626	0.999964	-0.000083	0.002625	0.000083	0.999964	0.544617	
627	0.999930	0.000025	0.105164	-0.000025	0.999930	0.937500	
628	1.000138	0.000001	-0.043335	-0.000001	1.000138	0.342468	
629	1.000020	-0.000022	0.006348	0.000022	1.000020	0.701508	
630	1.000094	0.000062	-0.065308	-0.000062	1.000094	0.263489	
631	1.000051	-0.000075	-0.288696	0.000075	1.000051	0.500671	
632	1.000149	0.000203	-0.237610	-0.000203	1.000149	0.239960	
633	0.999457	-0.000052	0.391357	0.000052	0.999457	0.625122	
634	1.000131	0.000156	-0.433838	-0.000156	1.000131	0.362854	
635	1.000033	-0.000013	-0.324097	0.000013	1.000033	0.365387	
636	1.000059	0.000012	-0.231812	-0.000012	1.000059	0.165619	
637	0.999940	0.000008	-0.246399	-0.000008	0.999940	0.329681	
638	1.000086	0.000174	-0.241364	-0.000174	1.000086	0.281677	
639	0.999945	-0.000058	0.004822	0.000058	0.999945	0.209290	
640	1.000257	0.000022	-0.036560	-0.000022	1.000257	-0.058044	
641	1.000028	0.000036	-0.022095	-0.000036	1.000028	0.126617	
642	1.000194	-0.000062	-0.147339	0.000062	1.000194	-0.066498	
643	1.000113	-0.000072	-0.076721	0.000072	1.000113	-0.049652	
644	1.000177	-0.000037	-0.076599	0.000037	1.000177	-0.069366	
645	1.000116	0.000015	-0.055969	-0.000015	1.000116	0.028351	
646	1.000441	0.000007	-0.099670	-0.000007	1.000441	-0.033997	
647	1.000037	-0.000101	0.287842	0.000101	1.000037	0.019501	
648	1.000206	0.000097	0.138367	-0.000097	1.000206	-0.076202	
649	1.000061	-0.000085	1.264099	0.000085	1.000061	0.075562	
650	0.999714	0.000158	1.405945	-0.000158	0.999714	0.240295	
651	0.999108	0.000126	4.837891	-0.000126	0.999108	0.718353	
652	0.998987	-0.000226	3.232300	0.000226	0.998987	0.307373	
653	0.996366	-0.000082	7.080444	0.000082	0.996366	1.754761	
654	0.997713	-0.000009	3.302490	0.000009	0.997713	1.194366	
655	0.995714	-0.000372	4.478455	0.000372	0.995714	1.681244	
656	0.996390	-0.000159	3.064453	0.000159	0.996390	1.610504	
657	0.993145	-0.000878	5.569946	0.000878	0.993145	3.274139	
658	0.996207	-0.000073	2.461975	0.000073	0.996207	1.902588	
659	0.992597	0.000129	4.590820	-0.000129	0.992597	4.155762	
660	0.996168	-0.000100	2.583618	0.000100	0.996168	2.048798	
661	0.992143	-0.000019	5.162659	0.000019	0.992143	4.267487	
662	0.996106	-0.000071	2.554138	0.000071	0.996106	2.231903	
663	0.992463	0.000016	4.828186	-0.000016	0.992463	4.297882	
664	0.996013	0.000079	2.543762	-0.000079	0.996013	2.359253	
665	0.992362	0.000126	4.809753	-0.000126	0.992362	4.428040	
666	0.996166	0.000167	2.439880	-0.000167	0.996166	2.356567	
667	0.992038	0.000008	4.940063	-0.000008	0.992038	4.385223	
668	0.996222	0.000065	2.440002	-0.000065	0.996222	2.142426	
669	0.992460	0.000143	4.783752	-0.000143	0.992460	3.921692	
670	0.996618	-0.000070	2.215942	0.000070	0.996618	1.588440	
671	0.995319	0.000157	3.021790	-0.000157	0.995319	2.476166	
672	0.998344	-0.000090	1.141052	0.000090	0.998344	0.729553	
673	0.998779	-0.000007	0.893433	0.000007	0.998779	0.597778	
674	0.999800	0.000001	0.183167	-0.000001	0.999800	0.170563	
675	0.999894	-0.000011	0.381470	0.000011	0.999894	0.190430	
676	0.999965	0.000060	0.148254	-0.000060	0.999965	0.075867	
677	0.999999	0.000064	0.127441	-0.000064	0.999999	0.031616	
678	0.999955	0.000054	0.026123	-0.000054	0.999955	-0.073914	
679	0.999891	0.000063	0.072021	-0.000063	0.999891	0.049225	
680	0.999931	0.000030	0.022461	-0.000030	0.999931	0.040436	
681	0.999923	0.000026	0.025635	-0.000026	0.999923	0.037018	
682	0.999969	0.000037	-0.038818	-0.000037	0.999969	0.010620	
683	0.999970	0.000014	0.117737	-0.000014	0.999970	0.243195	
684	0.999922	0.000025	0.007141	-0.000025	0.999922	0.060883	
685	0.999999	0.000012	0.105286	-0.000012	0.999999	0.223022	
686	0.999932	0.000077	-0.028381	-0.000077	0.999932	0.185608	
687	0.999970	0.000018	0.000061	-0.000018	0.999970	0.100800	
688	0.999910	0.000050	-0.062378	-0.000050	0.999910	0.096497	
689	0.999958	0.000005	0.125488	-0.000005	0.999958	0.031830	
690	0.999993	0.000025	-0.002136	-0.000025	0.999993	-0.026093	
691	0.999979	0.000002	0.074097	-0.000002	0.999979	-0.023956	
692	0.999922	0.000031	0.084961	-0.000031	0.999922	0.019379	
693	0.999957	-0.000012	0.216614	0.000012	0.999957	-0.117249	
694	0.999986	0.000016	0.029602	-0.000016	0.999986	0.017548	
695	0.999950	-0.000027	0.216614	0.000027	0.999950	-0.104614	
696	0.999966	-0.000049	0.130798	0.000049	0.999966	0.015533	
697	0.999934	0.000006	0.492310	-0.000006	0.999934	-0.324524	
698	0.999947	0.000004	0.337830	-0.000004	0.999947	-0.154785	
699	0.999937	0.000214	0.605591	-0.000214	0.999937	-0.535034	
700	0.999981	0.000004	0.476379	-0.000004	0.999981	-0.598694	
701	0.999848	-0.000008	0.710815	0.000008	0.999848	-1.342468	
702	0.999957	0.000036	0.403992	-0.000036	0.999957	-0.854065	
703	0.999932	0.000078	0.598755	-0.000078	0.999932	-1.575378	
704	0.999986	0.000012	0.339172	-0.000012	0.999986	-0.844055	
705	0.999967	-0.000061	0.607178	0.000061	0.999967	-1.657196	
706	0.999964	0.000052	0.062683	-0.000052	0.999964	-0.818146	
707	1.000613	0.000065	0.085144	-0.000065	1.000613	-1.560211	
708	1.000813	-0.000247	0.164307	0.000247	1.000813	-1.103363	
709	1.002162	-0.000191	-0.331116	0.000191	1.002162	-2.137024	
710	1.001374	0.000027	-0.530640	-0.000027	1.001374	-1.083069	
711	1.003464	-0.000168	-0.974548	0.000168	1.003464	-2.675354	
712	1.002035	-0.000008	-0.926575	0.000008	1.002035	-1.345673	
713	1.004671	-0.000195	-2.010742	0.000195	1.004671	-3.248566	
714	1.002533	-0.000126	-1.372620	0.000126	1.002533	-1.710236	
715	1.005464	0.000037	-3.030945	-0.000037	1.005464	-3.340424	
716	1.002590	-0.000168	-1.611877	0.000168	1.002590	-1.705597	
717	1.005630	0.000016	-3.596069	-0.000016	1.005630	-3.180176	
718	1.002699	-0.000063	-1.749878	0.000063	1.002699	-1.630737	
719	1.005363	-0.000020	-3.090149	0.000020	1.005363	-3.344818	
720	1.002706	-0.000090	-1.491699	0.000090	1.002706	-1.726562	
721	1.005435	-0.000072	-3.066650	0.000072	1.005435	-3.515594	
722	1.002728	0.000066	-1.569885	-0.000066	1.002728	-1.676483	
723	1.005518	-0.000118	-3.276978	0.000118	1.005518	-3.546387	
724	1.002598	-0.000006	-1.735291	0.000006	1.002598	-1.621643	
725	1.005691	-0.000115	-3.565002	0.000115	1.005691	-3.707794	
726	1.002614	-0.000069	-1.701172	0.000069	1.002614	-1.598480	
727	1.005565	-0.000094	-3.220642	0.000094	1.005565	-3.561890	
728	1.002734	-0.000051	-1.468750	0.000051	1.002734	-1.765717	
729	1.005478	-0.000147	-2.589111	0.000147	1.005478	-3.772430	
730	1.002637	-0.000112	-1.352600	0.000112	1.002637	-1.878876	
731	1.005506	-0.000203	-2.306763	0.000203	1.005506	-3.926361	
732	1.002854	-0.000111	-1.228027	0.000111	1.002854	-2.008881	
733	1.005477	-0.000178	-2.624695	0.000178	1.005477	-4.047455	
734	1.002681	-0.000113	-1.472351	0.000113	1.002681	-1.941223	
735	1.005641	-0.000158	-3.006287	0.000158	1.005641	-3.936462	
736	1.002664	-0.000111	-1.575623	0.000111	1.002664	-1.954559	
737	1.005566	-0.000004	-3.500366	0.000004	1.005566	-3.822510	
738	1.002623	-0.000072	-1.652893	0.000072	1.002623	-1.844269	
739	1.005827	-0.000087	-3.611267	0.000087	1.005827	-4.056732	
740	1.002880	-0.000003	-1.847778	0.000003	1.002880	-1.978119	
741	1.006027	-0.000042	-3.898193	0.000042	1.006027	-3.988342	
742	1.002921	-0.000029	-2.019714	0.000029	1.002921	-1.870636	
743	1.006255	-0.000053	-3.981262	0.000053	1.006255	-3.958130	
744	1.003144	-0.000024	-2.146240	0.000024	1.003144	-1.913208	
745	1.006291	-0.000041	-4.222290	0.000041	1.006291	-3.798401	
746	1.003107	-0.000091	-2.050781	0.000091	1.003107	-1.983429	
747	1.006344	0.000018	-4.512146	-0.000018	1.006344	-3.777039	
748	1.003077	0.000059	-2.381775	-0.000059	1.003077	-1.707550	
749	1.006500	-0.000076	-4.959473	0.000076	1.006500	-3.718201	
750	1.003152	0.000084	-2.574097	-0.000084	1.003152	-1.820831	
751	1.006451	-0.000054	-5.473267	0.000054	1.006451	-3.717651	
752	1.003211	-0.000017	-2.837402	0.000017	1.003211	-1.829926	
753	1.006597	0.000157	-5.695496	-0.000157	1.006597	-3.509338	
754	1.003204	0.000048	-2.856140	-0.000048	1.003204	-1.764374	
755	1.006518	-0.000006	-5.603882	0.000006	1.006518	-3.479584	
756	1.003328	0.000099	-2.893372	-0.000099	1.003328	-1.580109	
757	1.006424	-0.000032	-5.599670	0.000032	1.006424	-3.196075	
758	1.003113	-0.000034	-2.601990	0.000034	1.003113	-1.517273	
759	1.006697	0.000115	-5.244507	-0.000115	1.006697	-2.837128	
760	1.003147	0.000050	-2.367371	-0.000050	1.003147	-1.376129	
761	1.006595	0.000175	-4.924744	-0.000175	1.006595	-2.645416	
762	1.003055	-0.000075	-2.220459	0.000075	1.003055	-1.324432	
763	1.004531	-0.000074	-3.246094	0.000074	1.004531	-1.950226	
764	1.001637	0.000055	-1.116455	-0.000055	1.001637	-0.695709	
765	1.001697	-0.000040	-1.186401	0.000040	1.001697	-0.898407	
766	1.000273	0.000019	-0.182678	-0.000019	1.000273	-0.281342	
767	1.000095	-0.000010	0.200989	0.000010	1.000095	-0.255981	
768	1.000032	0.000018	0.105896	-0.000018	1.000032	-0.098114	
769	0.999980	-0.000002	0.500732	0.000002	0.999980	-0.133881	
770	1.000116	-0.000004	0.280518	0.000004	1.000116	-0.111298	
771	0.999993	-0.000034	0.646240	0.000034	0.999993	-0.097198	
772	1.000000	-0.000064	0.264587	0.000064	1.000000	-0.053802	
773	1.000023	0.000010	0.405945	-0.000010	1.000023	-0.052063	
774	1.000006	-0.000000	0.181946	0.000000	1.000006	0.015594	
775	1.000031	-0.000012	0.133606	0.000012	1.000031	-0.029449	
776	0.999968	0.000008	0.154602	-0.000008	0.999968	-0.014008	
777	0.999990	0.000011	0.176636	-0.000011	0.999990	0.015442	
778	0.999979	0.000026	0.031799	-0.000026	0.999979	0.061127	
779	1.000001	-0.000013	0.130188	0.000013	1.000001	0.017365	
780	1.000013	-0.000040	-0.034790	0.000040	1.000013	0.014435	
781	1.000015	0.000001	0.007507	-0.000001	1.000015	0.081024	
782	1.000028	-0.000040	0.001831	0.000040	1.000028	0.006195	
783	0.999988	0.000001	0.041016	-0.000001	0.999988	0.100861	
784	1.000018	0.000009	0.293640	-0.000009	1.000018	0.101807	
785	1.000037	-0.000062	0.487061	0.000062	1.000037	0.223389	
786	0.999979	0.000004	0.343994	-0.000004	0.999979	0.016235	
787	1.000054	-0.000022	0.676575	0.000022	1.000054	0.194855	
788	1.000024	-0.000029	0.447449	0.000029	1.000024	0.148804	
789	1.000069	-0.000042	0.835632	0.000042	1.000069	0.232269	
790	1.000061	-0.000000	0.359863	0.000000	1.000061	0.138031	
791	0.999997	-0.000007	0.926270	0.000007	0.999997	0.228424	
792	0.999980	-0.000040	0.311951	0.000040	0.999980	0.172211	
793	0.999992	0.000038	0.538208	-0.000038	0.999992	0.386322	
794	1.000055	0.000006	0.231323	-0.000006	1.000055	0.312500	
795	1.000048	0.000012	0.263733	-0.000012	1.000048	0.406342	
796	1.000092	0.000027	0.176941	-0.000027	1.000092	0.492218	
797	1.000000	0.000026	0.578064	-0.000026	1.000000	0.839661	
798	1.000088	0.000008	0.315369	-0.000008	1.000088	0.524200	
799	1.000028	0.000079	0.479858	-0.000079	1.000028	1.170013	
800	1.000058	0.000013	0.253601	-0.000013	1.000058	0.718842	
801	0.999844	0.000038	0.816895	-0.000038	0.999844	1.542603	
802	0.999447	0.000041	0.668701	-0.000041	0.999447	1.095276	
803	0.997872	0.000128	2.374573	-0.000128	0.997872	2.575592	
804	0.998661	0.000078	1.433228	-0.000078	0.998661	1.373810	
805	0.996526	-0.000052	3.562256	0.000052	0.996526	2.424408	
806	0.997909	-0.000120	1.710510	0.000120	0.997909	1.169556	
807	0.994994	-0.000066	3.507019	0.000066	0.994994	2.411194	
808	0.997054	-0.000073	2.001770	0.000073	0.997054	1.238800	
809	0.992393	-0.000033	5.015259	0.000033	0.992393	3.209259	
810	0.995462	-0.000031	3.271179	0.000031	0.995462	1.800232	
811	0.990829	0.000035	6.287415	-0.000035	0.990829	3.846344	
812	0.995295	0.000065	3.403320	-0.000065	0.995295	1.988617	
813	0.991011	0.000021	6.155396	-0.000021	0.991011	3.866028	
814	0.995232	0.000012	3.237061	-0.000012	0.995232	2.198120	
815	0.990949	-0.000043	6.000549	0.000043	0.990949	4.138489	
816	0.995435	0.000087	2.930969	-0.000087	0.995435	2.221619	
817	0.990975	-0.000062	5.858337	0.000062	0.990975	4.001923	
818	0.995528	-0.000036	2.797119	0.000036	0.995528	1.829498	
819	0.990904	-0.000046	5.839050	0.000046	0.990904	3.654297	
820	0.996004	-0.000083	2.412292	0.000083	0.996004	1.417480	
821	0.993272	0.000001	4.252869	-0.000001	0.993272	2.683228	
822	0.997337	-0.000057	1.646729	0.000057	0.997337	1.079254	
823	0.995961	-0.000026	2.548767	0.000026	0.995961	1.618134	
824	0.998798	-0.000054	0.653809	0.000054	0.998798	0.453735	
825	0.998884	0.000033	0.737915	-0.000033	0.998884	0.563141	
826	0.999833	0.000036	0.117554	-0.000036	0.999833	0.179810	
827	0.999970	-0.000069	0.034058	0.000069	0.999970	0.131897	
828	0.999970	-0.000011	0.009338	0.000011	0.999970	0.163422	
829	0.999982	-0.000107	0.041687	0.000107	0.999982	0.101410	
830	1.000071	0.000024	-0.133850	-0.000024	1.000071	0.178497	
831	1.000064	-0.000131	0.460205	0.000131	1.000064	0.431610	
832	1.000066	-0.000093	0.531311	0.000093	1.000066	0.221771	
833	1.000257	0.000011	2.935120	-0.000011	1.000257	0.562164	
834	1.000162	-0.000089	2.726807	0.000089	1.000162	0.165100	
835	1.001609	0.000381	4.199463	-0.000381	1.001609	0.205933	
836	1.000217	-0.000024	2.867920	0.000024	1.000217	0.179596	
837	1.002682	0.000369	3.143433	-0.000369	1.002682	-0.097717	
838	1.001114	-0.000028	1.863586	0.000028	1.001114	-0.310883	
839	1.000414	-0.000048	6.041870	0.000048	1.000414	0.164856	
840	1.000251	-0.000086	2.815552	0.000086	1.000251	0.099182	
841	1.000624	0.000015	5.674377	-0.000015	1.000624	0.066528	
842	1.000189	-0.000102	2.841980	0.000102	1.000189	0.012604	
843	1.000229	0.000165	5.898712	-0.000165	1.000229	0.148193	
844	1.000257	-0.000161	2.985657	0.000161	1.000257	-0.066620	
845	0.997547	-0.000533	6.447296	0.000533	0.997547	1.079254	
846	1.000340	-0.000128	2.675903	0.000128	1.000340	-0.139404	
847	1.000785	-0.000225	5.198364	0.000225	1.000785	-0.382751	
848	1.000259	-0.000193	2.641174	0.000193	1.000259	-0.352051	
849	1.000548	-0.000053	4.836914	0.000053	1.000548	-0.187042	
850	1.000103	-0.000003	2.497375	0.000003	1.000103	0.023102	
851	1.000631	-0.000068	4.358948	0.000068	1.000631	-0.228546	
852	1.000045	0.000065	2.125671	-0.000065	1.000045	-0.011169	
853	1.000169	-0.000057	3.524536	0.000057	1.000169	-0.106506	
854	1.000119	0.000089	1.482788	-0.000089	1.000119	0.048309	
855	1.000136	0.000052	2.780518	-0.000052	1.000136	-0.020386	
856	1.001285	0.000795	0.556702	-0.000795	1.001285	-0.250793	
857	1.000258	0.000044	1.703674	-0.000044	1.000258	-0.118011	
858	1.000012	0.000051	0.764709	-0.000051	1.000012	0.020447	
859	1.000047	0.000116	1.152679	-0.000116	1.000047	-0.008240	
860	0.999922	0.000057	0.692200	-0.000057	0.999922	0.060608	
861	1.000020	0.000127	0.912201	-0.000127	1.000020	-0.025360	
862	0.999859	-0.000038	0.475372	0.000038	0.999859	0.007202	
863	0.999901	0.000211	0.046112	-0.000211	0.999901	-0.152100	
864	0.999987	0.000229	-0.827301	-0.000229	0.999987	-0.097565	
865	0.999558	0.000327	-3.832306	-0.000327	0.999558	-0.117401	
866	1.003316	-0.000471	-3.229004	0.000471	1.003316	-1.528900	
867	0.999290	0.000332	-7.129913	-0.000332	0.999290	-0.078064	
868	0.999719	0.000214	-4.211060	-0.000214	0.999719	-0.040253	
869	1.001010	0.000358	-10.157227	-0.000358	1.001010	-0.779633	
870	0.999625	0.000178	-5.010376	-0.000178	0.999625	-0.048309	
871	0.999208	0.000241	-9.255859	-0.000241	0.999208	-0.045593	
872	0.999749	0.000100	-4.462097	-0.000100	0.999749	0.050507	
873	0.999549	0.000229	-8.474792	-0.000229	0.999549	0.075836	
874	0.999435	0.000145	-3.482300	-0.000145	0.999435	0.256042	
875	0.999701	0.000100	-6.515686	-0.000100	0.999701	0.211060	
876	0.999831	0.000083	-2.588440	-0.000083	0.999831	0.073029	
877	0.999721	0.000093	-4.744690	-0.000093	0.999721	0.144867	
878	0.999843	0.000100	-2.279907	-0.000100	0.999843	0.065338	
879	0.999759	0.000036	-4.325500	-0.000036	0.999759	0.112427	
880	0.999980	0.000042	-2.039185	-0.000042	0.999980	0.006134	
881	0.999896	0.000082	-3.738831	-0.000082	0.999896	0.147827	
882	0.999915	0.000033	-1.659058	-0.000033	0.999915	0.060272	
883	0.999885	0.000068	-2.758118	-0.000068	0.999885	0.180054	
884	0.999984	-0.000009	-1.150696	0.000009	0.999984	0.039917	
885	0.999902	-0.000051	-1.923889	0.000051	0.999902	0.047424	
886	0.999937	-0.000089	-0.694519	0.000089	0.999937	0.014404	
887	1.000032	-0.000023	-0.849243	0.000023	1.000032	0.053009	
888	1.000074	0.000058	-0.472290	-0.000058	1.000074	0.046844	
889	0.999917	-0.000188	-0.168396	0.000188	0.999917	0.132660	
890	0.999993	-0.000044	0.013733	0.000044	0.999993	-0.015259	
891	1.000140	-0.000171	0.887512	0.000171	1.000140	0.192902	
892	1.000047	-0.000195	0.981323	0.000195	1.000047	0.040344	
893	1.000158	-0.000089	3.374817	0.000089	1.000158	0.175720	
894	1.000173	-0.000105	2.611816	0.000105	1.000173	0.007904	
895	1.000266	-0.000193	6.660156	0.000193	1.000266	0.111115	
896	1.000094	-0.000167	3.748352	0.000167	1.000094	0.033875	
897	1.000561	-0.000106	7.584167	0.000106	1.000561	0.036194	
898	0.995366	-0.001438	5.259338	0.001438	0.995366	1.463135	
899	0.996432	-0.001917	9.150101	0.001917	0.996432	1.033081	
900	0.999791	-0.000308	4.491333	0.000308	0.999791	-0.101593	
901	1.000557	-0.000084	6.893982	0.000084	1.000557	-0.030243	
902	1.000268	-0.000064	3.210571	0.000064	1.000268	-0.016449	
903	1.000289	-0.000064	3.255981	0.000064	1.000289	0.012268	
904	1.002708	0.000220	4.130005	-0.000220	1.002708	-0.538513	
905	1.000407	-0.000024	3.398926	0.000024	1.000407	-0.078217	
906	1.000721	-0.000070	6.872314	0.000070	1.000721	-0.200012	
907	1.000507	-0.000135	3.383789	0.000135	1.000507	-0.247925	
908	1.000765	-0.000084	6.635315	0.000084	1.000765	-0.244324	
909	1.000463	-0.000038	3.133179	0.000038	1.000463	-0.133514	
910	1.000463	-0.000038	3.133179	0.000038	1.000463	-0.133514	
911	1.000261	-0.000122	3.177856	0.000122	1.000261	-0.152191	
912	0.998701	0.000282	6.590332	-0.000282	0.998701	0.590057	
913	0.999807	-0.000182	3.291901	0.000182	0.999807	-0.004578	
914	0.998440	0.000369	6.490753	-0.000369	0.998440	0.687439	
915	1.000099	0.000003	2.910950	-0.000003	1.000099	-0.061157	
916	0.998440	0.000798	5.990631	-0.000798	0.998440	0.807434	
917	0.999898	0.000004	2.919403	-0.000004	0.999898	0.000153	
918	1.000453	-0.000152	5.344452	0.000152	1.000453	-0.174011	
919	0.998340	0.000800	2.629547	-0.000800	0.998340	0.820465	
920	0.994961	-0.000765	6.558563	0.000765	0.994961	1.616211	
921	0.998994	-0.000080	2.642395	0.000080	0.998994	0.336884	
922	0.998349	0.000173	5.159882	-0.000173	0.998349	0.648895	
923	0.999781	0.000087	2.277252	-0.000087	0.999781	0.055115	
924	0.999316	0.000455	4.312500	-0.000455	0.999316	0.409393	
925	0.999327	0.000461	2.052307	-0.000461	0.999327	0.277832	
926	0.999127	0.000007	4.352081	-0.000007	0.999127	0.304077	
927	0.999626	-0.000132	2.103821	0.000132	0.999626	0.081940	
928	0.998768	0.000575	3.939697	-0.000575	0.998768	0.564789	
929	0.999691	0.000673	1.527344	-0.000673	0.999691	0.246185	
930	1.000014	-0.000185	3.362213	0.000185	1.000014	-0.129486	
931	0.999878	-0.000151	1.449768	0.000151	0.999878	-0.074646	
932	0.999761	-0.000077	2.263245	0.000077	0.999761	0.031830	
933	0.999453	0.000654	0.821289	-0.000654	0.999453	0.366089	
934	1.000186	0.000311	1.183563	-0.000311	1.000186	-0.025391	
935	1.000052	0.000044	0.493073	-0.000044	1.000052	0.000763	
936	0.999823	-0.000101	0.688141	0.000101	0.999823	0.003326	
937	1.000034	-0.000041	0.047821	0.000041	1.000034	-0.021606	
938	1.000250	0.000153	0.025055	-0.000153	1.000250	-0.070251	
939	1.000168	-0.000172	0.071259	0.000172	1.000168	-0.054871	
940	1.000575	-0.000403	0.062531	0.000403	1.000575	-0.393646	
941	1.000353	-0.000090	-0.068420	0.000090	1.000353	-0.098145	
942	1.000666	0.000014	-0.394531	-0.000014	1.000666	-0.247040	
943	1.000549	-0.000068	-0.218872	0.000068	1.000549	-0.273041	
944	1.000522	0.000254	-0.788818	-0.000254	1.000522	-0.174591	
945	1.000658	0.000344	-0.512024	-0.000344	1.000658	-0.151428	
946	1.001574	0.000446	-1.098724	-0.000446	1.001574	-0.512085	
947	1.000529	0.000247	-0.631104	-0.000247	1.000529	-0.105774	
948	1.000485	0.000632	-1.244019	-0.000632	1.000485	-0.093048	
949	1.001045	0.000494	-0.941162	-0.000494	1.001045	-0.222046	
950	1.000966	-0.000693	-1.689972	0.000693	1.000966	-0.635864	
951	1.001431	0.000073	-1.621582	-0.000073	1.001431	-0.679688	
952	1.000705	0.000668	-3.785126	-0.000668	1.000705	-0.343750	
953	1.000335	-0.000102	-2.591766	0.000102	1.000335	-0.253510	
954	1.002421	0.000046	-7.845490	-0.000046	1.002421	-1.187347	
955	1.000640	-0.000352	-4.439423	0.000352	1.000640	-0.464539	
956	1.001343	-0.000241	-9.329895	0.000241	1.001343	-0.856201	
957	1.004545	-0.000545	-5.467499	0.000545	1.004545	-1.694794	
958	1.003059	-0.000250	-8.009735	0.000250	1.003059	-1.401367	
959	0.999738	0.000169	-3.148956	-0.000169	0.999738	0.009094	
960	1.002632	0.001287	-7.786194	-0.001287	1.002632	-0.791809	
961	0.999636	0.000157	-3.470795	-0.000157	0.999636	0.097595	
962	1.001943	0.000566	-8.600723	-0.000566	1.001943	-0.731110	
963	1.002376	0.000352	-5.034775	-0.000352	1.002376	-0.893524	
964	0.999047	0.000351	-9.034454	-0.000351	0.999047	0.430603	
965	1.002762	0.001463	-5.693298	-0.001463	1.002762	-0.773102	
966	1.000399	0.000052	-9.261963	-0.000052	1.000399	-0.197021	
967	1.005123	0.002693	-6.486969	-0.002693	1.005123	-1.229034	
968	0.999084	0.000101	-8.978210	-0.000101	0.999084	0.240356	
969	0.999566	0.000123	-4.692383	-0.000123	0.999566	0.165436	
970	0.999113	0.000089	-9.721680	-0.000089	0.999113	0.153809	
971	1.003190	0.000083	-5.705170	-0.000083	1.003190	-1.260040	
972	0.999286	0.000133	-10.239258	-0.000133	0.999286	0.171173	
973	0.999703	0.000193	-5.031921	-0.000193	0.999703	0.204376	
974	0.999369	0.000539	-10.145691	-0.000539	0.999369	0.679291	
975	0.999687	0.000193	-4.758667	-0.000193	0.999687	0.123566	
976	0.999509	0.000289	-9.326111	-0.000289	0.999509	0.278595	
977	0.999830	0.000141	-4.345032	-0.000141	0.999830	0.129181	
978	1.001758	0.000938	-8.699158	-0.000938	1.001758	-0.399872	
979	0.999735	0.000291	-3.449707	-0.000291	0.999735	0.315948	
980	0.999895	0.000244	-6.615417	-0.000244	0.999895	0.258698	
981	0.999973	0.000022	-2.716980	-0.000022	0.999973	0.064362	
982	1.000012	0.000147	-5.082581	-0.000147	1.000012	0.264313	
983	1.000034	0.000091	-1.923218	-0.000091	1.000034	0.052063	
984	1.000041	0.000140	-3.192200	-0.000140	1.000041	0.172424	
985	0.999938	0.000065	-1.216919	-0.000065	0.999938	0.129944	
986	1.000086	0.000082	-2.485901	-0.000082	1.000086	-0.032654	
987	0.999965	0.000101	-0.958496	-0.000101	0.999965	0.044281	
988	1.000062	0.000036	-1.926941	-0.000036	1.000062	-0.069672	
989	1.000006	0.000061	-0.791077	-0.000061	1.000006	-0.040741	
990	1.000077	0.000015	-1.508362	-0.000015	1.000077	-0.018433	
991	0.999985	0.000067	-0.775146	-0.000067	0.999985	-0.058838	
992	1.000023	-0.000019	-1.431763	0.000019	1.000023	-0.090271	
993	0.999952	-0.000028	-0.624878	0.000028	0.999952	-0.144653	
994	0.999980	-0.000039	-1.173096	0.000039	0.999980	-0.028137	
995	0.999952	-0.000009	-0.479614	0.000009	0.999952	0.010712	
996	0.999964	0.000025	-0.734802	-0.000025	0.999964	0.009979	
997	1.000022	-0.000012	-0.170288	0.000012	1.000022	0.078766	
998	0.999978	0.000064	-0.213440	-0.000064	0.999978	0.174591	
999	1.000005	-0.000112	0.031799	0.000112	1.000005	-0.010559	
1000	1.000073	-0.000175	0.241638	0.000175	1.000073	-0.032501	
1001	1.000020	-0.000032	0.369873	0.000032	1.000020	-0.038269	
1002	1.000063	-0.000149	0.857544	0.000149	1.000063	-0.011505	
