0	1.000000	0.000000	0.000000	0.000000	1.000000	0.000000	
1	1.000024	0.000049	-0.007751	-0.000049	1.000024	0.060791	
2	0.999976	-0.000031	0.050476	0.000031	0.999976	-0.041107	
3	1.000042	0.000024	-0.043762	-0.000024	1.000042	0.047089	
4	0.999959	0.000047	0.058350	-0.000047	0.999959	0.049561	
5	1.000113	0.000109	-0.139709	-0.000109	1.000113	0.186676	
6	1.000035	0.000018	-0.041565	-0.000018	1.000035	0.036743	
7	1.000101	0.000011	-0.128235	-0.000011	1.000101	0.024170	
8	1.000006	0.000018	-0.006653	-0.000018	1.000006	0.027374	
9	0.999962	-0.000054	0.049377	0.000054	0.999962	-0.087250	
10	0.999976	-0.000056	0.016907	0.000056	0.999976	-0.061890	
11	0.999905	-0.000163	0.126038	0.000163	0.999905	-0.306030	
12	1.000090	0.000012	-0.127869	-0.000012	1.000090	0.109253	
13	1.000042	0.000021	-0.042114	-0.000021	1.000042	0.023895	
14	0.999938	0.000043	0.084045	-0.000043	0.999938	0.052094	
15	1.000016	0.000081	-0.007812	-0.000081	1.000016	0.119049	
16	1.000036	0.000086	-0.030823	-0.000086	1.000036	0.123383	
17	1.000027	0.000009	-0.026550	-0.000009	1.000027	0.023621	
18	1.000030	0.000024	-0.030762	-0.000024	1.000030	0.048859	
19	1.000024	-0.000037	0.000854	0.000037	1.000024	-0.135529	
20	1.000063	0.000132	-0.090149	-0.000132	1.000063	0.286743	
21	0.999992	0.000095	0.017029	-0.000095	0.999992	0.115021	
22	1.000017	0.000082	-0.021973	-0.000082	1.000017	0.129669	
23	0.999974	0.000011	0.026978	-0.000011	0.999974	0.005585	
24	0.999972	-0.000012	0.029175	0.000012	0.999972	-0.013977	
25	0.999989	-0.000004	0.014282	0.000004	0.999989	0.003876	
26	0.999931	-0.000088	0.076965	0.000088	0.999931	-0.133087	
27	1.000099	0.000029	-0.117859	-0.000029	1.000099	0.097076	
28	0.999979	0.000037	0.041443	-0.000037	0.999979	0.008026	
29	0.999919	0.000071	0.106384	-0.000071	0.999919	0.089172	
30	0.999971	0.000017	0.037354	-0.000017	0.999971	0.015320	
31	0.999970	0.000019	0.042358	-0.000019	0.999970	0.011810	
32	0.999978	0.000021	0.035400	-0.000021	0.999978	0.021454	
33	1.000018	0.000034	-0.006531	-0.000034	1.000018	0.017792	
34	0.999967	0.000068	0.046997	-0.000068	0.999967	0.081482	
35	0.999994	0.000098	0.015991	-0.000098	0.999994	0.116333	
36	0.999962	0.000028	0.045654	-0.000028	0.999962	0.031494	
37	0.999990	-0.000005	0.014832	0.000005	0.999990	-0.014313	
38	1.000013	-0.000015	-0.009033	0.000015	1.000013	-0.022614	
39	1.000033	-0.000020	-0.031494	0.000020	1.000033	-0.032196	
40	1.000042	-0.000001	-0.043396	0.000001	1.000042	-0.001923	
41	1.000022	0.000010	-0.025452	-0.000010	1.000022	0.014923	
42	1.000020	0.000023	-0.007935	-0.000023	1.000020	0.039673	
43	0.999996	-0.000023	0.010620	0.000023	0.999996	-0.028961	
44	0.999970	-0.000066	0.050232	0.000066	0.999970	-0.175232	
45	1.000031	0.000070	-0.059875	-0.000070	1.000031	0.202484	
46	0.999925	-0.000132	0.116638	0.000132	0.999925	-0.272400	
47	1.000021	0.000024	-0.033691	-0.000024	1.000021	0.083893	
48	0.999992	-0.000029	-0.002563	0.000029	0.999992	-0.037140	
49	0.999957	-0.000027	0.051086	0.000027	0.999957	-0.043793	
50	0.999966	-0.000041	0.037476	0.000041	0.999966	-0.058319	
51	0.999932	-0.000036	0.080444	0.000036	0.999932	-0.061462	
52	0.999956	-0.000029	0.052063	0.000029	0.999956	-0.048065	
53	0.999952	-0.000050	0.052490	0.000050	0.999952	-0.069366	
54	1.000014	-0.000016	-0.015259	0.000016	1.000014	-0.013550	
55	0.999961	-0.000031	0.036804	0.000031	0.999961	-0.034393	
56	0.999988	0.000020	0.005676	-0.000020	0.999988	0.026306	
57	0.999985	-0.000005	0.016663	0.000005	0.999985	-0.004059	
58	0.999985	0.000007	0.016235	-0.000007	0.999985	0.022095	
59	1.000075	-0.000010	-0.094238	0.000010	1.000075	0.006317	
60	1.000033	-0.000013	-0.045654	0.000013	1.000033	-0.013306	
61	1.000036	0.000024	-0.047119	-0.000024	1.000036	0.037048	
62	1.000039	-0.000067	-0.053406	0.000067	1.000039	-0.076172	
63	1.000024	-0.000025	-0.021973	0.000025	1.000024	-0.053375	
64	1.000097	0.000072	-0.125000	-0.000072	1.000097	0.156769	
65	0.999961	0.000028	0.050354	-0.000028	0.999961	0.031219	
66	1.000000	0.000044	0.001282	-0.000044	1.000000	0.045410	
67	1.000011	0.000040	-0.012939	-0.000040	1.000011	0.057129	
68	1.000000	-0.000066	0.005371	0.000066	1.000000	-0.072327	
69	1.000013	-0.000029	-0.013123	0.000029	1.000013	-0.034424	
70	0.999885	-0.000139	0.147278	0.000139	0.999885	-0.245270	
71	0.999985	0.000004	-0.000305	-0.000004	0.999985	0.054596	
72	0.999963	0.000014	0.039246	-0.000014	0.999963	0.018188	
73	1.000077	-0.000005	-0.071716	0.000005	1.000077	-0.037598	
74	0.999981	0.000002	0.024170	-0.000002	0.999981	-0.001404	
75	1.000081	0.000019	-0.112976	-0.000019	1.000081	0.062744	
76	1.000035	-0.000006	-0.047241	0.000006	1.000035	0.015106	
77	1.000062	-0.000006	-0.091614	0.000006	1.000062	0.015778	
78	1.000077	0.000007	-0.103149	-0.000007	1.000077	0.033722	
79	1.000007	0.000005	-0.003967	-0.000005	1.000007	0.002319	
80	0.999937	-0.000021	0.083679	0.000021	0.999937	-0.038177	
81	0.999979	0.000004	0.029602	-0.000004	0.999979	-0.001862	
82	0.999959	0.000013	0.057129	-0.000013	0.999959	0.013489	
83	0.999948	0.000036	0.065979	-0.000036	0.999948	0.045502	
84	1.000004	0.000036	-0.002991	-0.000036	1.000004	0.049774	
85	1.000015	0.000000	-0.019958	-0.000000	1.000015	0.010986	
86	1.000128	-0.000023	-0.166504	0.000023	1.000128	-0.000061	
87	1.000025	-0.000043	-0.043884	0.000043	1.000025	-0.045990	
88	1.000057	0.000002	-0.071106	-0.000002	1.000057	0.018951	
89	1.000031	0.000027	-0.040466	-0.000027	1.000031	0.045807	
90	1.000023	-0.000003	-0.026123	0.000003	1.000023	0.000183	
91	0.999994	-0.000024	0.008911	0.000024	0.999994	-0.020538	
92	1.000023	0.000032	-0.022583	-0.000032	1.000023	0.045013	
93	1.000044	0.000009	-0.041992	-0.000009	1.000044	0.025238	
94	0.999989	-0.000017	0.000977	0.000017	0.999989	-0.021210	
95	1.000028	-0.000034	-0.053162	0.000034	1.000028	0.013275	
96	0.999932	-0.000102	0.095032	0.000102	0.999932	-0.186279	
97	0.999989	0.000057	-0.010376	-0.000057	0.999989	0.143829	
98	0.999972	-0.000043	0.057983	0.000043	0.999972	-0.134460	
99	1.000061	0.000031	-0.090149	-0.000031	1.000061	0.089539	
100	1.000065	0.000004	-0.067749	-0.000004	1.000065	0.004364	
101	0.999973	0.000007	0.029785	-0.000007	0.999973	0.008209	
102	1.000056	0.000052	-0.057434	-0.000052	1.000056	0.081879	
103	0.999984	-0.000008	0.027832	0.000008	0.999984	-0.006805	
104	1.000000	0.000045	0.012024	-0.000045	1.000000	0.050232	
105	1.000035	0.000055	-0.041443	-0.000055	1.000035	0.091522	
106	0.999924	-0.000012	0.093628	0.000012	0.999924	-0.041168	
107	1.000027	0.000046	-0.028748	-0.000046	1.000027	0.080261	
108	0.999921	-0.000039	0.094849	0.000039	0.999921	-0.073578	
109	1.000001	0.000027	0.003662	-0.000027	1.000001	0.044769	
110	0.999989	0.000015	0.015503	-0.000015	0.999989	0.021667	
111	0.999979	0.000003	0.030579	-0.000003	0.999979	-0.015747	
112	1.000065	0.000093	-0.088623	-0.000093	1.000065	0.192657	
113	0.999922	-0.000170	0.137390	0.000170	0.999922	-0.410339	
114	0.999965	-0.000010	0.043884	0.000010	0.999965	-0.015442	
115	1.000060	0.000131	-0.121521	-0.000131	1.000060	0.403473	
116	0.999928	-0.000178	0.129272	0.000178	0.999928	-0.446228	
117	1.000013	0.000124	-0.064209	-0.000124	1.000013	0.341187	
118	1.000009	-0.000002	-0.011597	0.000002	1.000009	-0.024475	
119	1.000000	-0.000046	-0.001526	0.000046	1.000000	-0.067108	
120	0.999953	0.000021	0.049744	-0.000021	0.999953	0.023041	
121	0.999989	0.000027	0.013245	-0.000027	0.999989	0.040802	
122	0.999930	0.000050	0.086243	-0.000050	0.999930	0.065369	
123	1.000004	0.000045	-0.000916	-0.000045	1.000004	0.062347	
124	1.000076	0.000020	-0.092468	-0.000020	1.000076	0.047760	
125	1.000002	0.000078	0.005615	-0.000078	1.000002	0.101654	
126	0.999991	0.000030	0.013123	-0.000030	0.999991	0.031006	
127	1.000031	-0.000005	-0.042847	0.000005	1.000031	0.001343	
128	1.000004	-0.000011	-0.009521	0.000011	1.000004	-0.004700	
129	0.999941	-0.000045	0.077332	0.000045	0.999941	-0.107239	
130	0.999965	-0.000031	0.027832	0.000031	0.999965	-0.037476	
131	1.000009	-0.000082	-0.029846	0.000082	1.000009	-0.065857	
132	0.999975	-0.000031	0.023254	0.000031	0.999975	-0.011749	
133	1.000008	-0.000051	-0.019775	0.000051	1.000008	-0.031525	
134	0.999911	-0.000017	0.101440	0.000017	0.999911	-0.041534	
135	0.999970	-0.000023	0.032166	0.000023	0.999970	-0.017456	
136	0.999960	-0.000017	0.040222	0.000017	0.999960	-0.022278	
137	0.999966	-0.000010	0.032227	0.000010	0.999966	-0.012512	
138	0.999979	-0.000035	0.017578	0.000035	0.999979	-0.039642	
139	0.999992	0.000017	0.009155	-0.000017	0.999992	0.028137	
140	0.999941	-0.000007	0.073120	0.000007	0.999941	-0.011536	
141	0.999931	-0.000017	0.084595	0.000017	0.999931	-0.031128	
142	0.999943	-0.000035	0.061035	0.000035	0.999943	-0.060944	
143	0.999976	-0.000042	0.019775	0.000042	0.999976	-0.056061	
144	0.999892	0.000002	0.136353	-0.000002	0.999892	-0.017517	
145	0.999996	-0.000012	-0.000122	0.000012	0.999996	-0.026459	
146	0.999993	-0.000009	0.012695	0.000009	0.999993	-0.003815	
147	0.999994	0.000031	0.010681	-0.000031	0.999994	0.038605	
148	1.000011	0.000080	-0.001343	-0.000080	1.000011	0.098389	
149	0.999980	-0.000020	0.020874	0.000020	0.999980	-0.039612	
150	0.999925	0.000003	0.093689	-0.000003	0.999925	-0.018188	
151	0.999938	0.000013	0.080994	-0.000013	0.999938	0.002716	
152	0.999975	-0.000039	0.023682	0.000039	0.999975	-0.052124	
153	1.000001	-0.000045	0.000366	0.000045	1.000001	-0.052185	
154	1.000040	0.000052	-0.047485	-0.000052	1.000040	0.091980	
155	1.000009	-0.000001	0.002197	0.000001	1.000009	-0.010834	
156	1.000128	0.000027	-0.156494	-0.000027	1.000128	0.089294	
157	0.999958	0.000023	0.047058	-0.000023	0.999958	0.002106	
158	1.000014	0.000042	-0.016235	-0.000042	1.000014	0.072784	
159	1.000004	0.000027	-0.004761	-0.000027	1.000004	0.049500	
160	1.000047	0.000013	-0.056519	-0.000013	1.000047	0.047638	
161	1.000010	0.000031	-0.014832	-0.000031	1.000010	0.052338	
162	1.000043	0.000042	-0.047791	-0.000042	1.000043	0.064362	
163	1.000044	0.000017	-0.053894	-0.000017	1.000044	0.041229	
164	1.000037	-0.000017	-0.043396	0.000017	1.000037	-0.010712	
165	0.999996	0.000038	0.029175	-0.000038	0.999996	0.053009	
166	0.999991	0.000004	0.012512	-0.000004	0.999991	0.012451	
167	1.000004	0.000010	-0.002869	-0.000010	1.000004	0.025696	
168	1.000048	0.000084	-0.045715	-0.000084	1.000048	0.117859	
169	1.000006	0.000021	0.002258	-0.000021	1.000006	0.026215	
170	0.999989	0.000057	0.024292	-0.000057	0.999989	0.069855	
171	0.999989	0.000066	0.026550	-0.000066	0.999989	0.078400	
172	1.000023	0.000067	-0.010864	-0.000067	1.000023	0.084045	
173	0.999997	0.000059	0.020264	-0.000059	0.999997	0.065765	
174	0.999986	0.000029	0.026062	-0.000029	0.999986	0.032257	
175	0.999984	0.000007	0.025208	-0.000007	0.999984	0.003143	
176	0.999963	0.000025	0.053833	-0.000025	0.999963	0.027039	
177	0.999990	0.000035	0.021729	-0.000035	0.999990	0.041565	
178	0.999988	0.000060	0.027100	-0.000060	0.999988	0.065277	
179	1.000015	0.000033	-0.007446	-0.000033	1.000015	0.041107	
180	0.999997	0.000095	0.020203	-0.000095	0.999997	0.113739	
181	1.000011	0.000075	0.003723	-0.000075	1.000011	0.087616	
182	1.000011	0.000031	-0.004456	-0.000031	1.000011	0.038605	
183	1.000022	0.000004	-0.015503	-0.000004	1.000022	0.006622	
184	0.999998	0.000017	0.010742	-0.000017	0.999998	0.023407	
185	0.999968	0.000032	0.043457	-0.000032	0.999968	0.025848	
186	1.000000	-0.000034	0.001892	0.000034	1.000000	-0.046051	
187	0.999908	-0.000071	0.130371	0.000071	0.999908	-0.155121	
188	1.000054	0.000164	-0.113525	-0.000164	1.000054	0.425568	
189	1.000015	-0.000048	0.051453	0.000048	1.000015	-0.287109	
190	0.999911	0.000057	0.113220	-0.000057	0.999911	0.056183	
191	0.999993	-0.000006	0.004456	0.000006	0.999993	-0.004639	
192	0.999994	0.000034	0.007568	-0.000034	0.999994	0.024902	
193	1.000037	0.000033	-0.044312	-0.000033	1.000037	0.049316	
194	0.999979	0.000047	0.019775	-0.000047	0.999979	0.066742	
195	0.999996	-0.000004	-0.006348	0.000004	0.999996	0.007446	
196	1.000014	-0.000052	-0.027771	0.000052	1.000014	-0.054871	
197	0.999992	-0.000050	-0.004211	0.000050	0.999992	-0.047302	
198	1.000016	-0.000037	-0.029297	0.000037	1.000016	-0.038025	
199	0.999994	-0.000016	0.005615	0.000016	0.999994	-0.018616	
200	0.999961	-0.000096	0.024841	0.000096	0.999961	-0.121002	
201	0.999969	-0.000043	0.034180	0.000043	0.999969	-0.071289	
202	0.999984	-0.000031	0.018188	0.000031	0.999984	-0.040314	
203	0.999967	-0.000018	0.040161	0.000018	0.999967	-0.032104	
204	1.000010	-0.000039	-0.018311	0.000039	1.000010	-0.036682	
205	1.000044	-0.000040	-0.064819	0.000040	1.000044	-0.040588	
206	1.000040	-0.000020	-0.057007	0.000020	1.000040	-0.016632	
207	1.000046	-0.000100	-0.073547	0.000100	1.000046	-0.093964	
208	1.000018	-0.000031	-0.036438	0.000031	1.000018	-0.028107	
209	0.999990	-0.000055	-0.002747	0.000055	0.999990	-0.060577	
210	1.000033	-0.000067	-0.046021	0.000067	1.000033	-0.076263	
211	0.999967	-0.000041	0.044739	0.000041	0.999967	-0.073486	
212	1.000064	0.000020	-0.086365	-0.000020	1.000064	0.046753	
213	0.999952	-0.000036	0.033142	0.000036	0.999952	-0.047852	
214	1.000026	-0.000061	-0.048950	0.000061	1.000026	-0.046448	
215	0.999979	-0.000031	0.015869	0.000031	0.999979	-0.039795	
216	1.000008	-0.000007	-0.012695	0.000007	1.000008	-0.006989	
217	0.999989	0.000034	0.019287	-0.000034	0.999989	0.027771	
218	0.999976	-0.000003	0.027527	0.000003	0.999976	-0.016785	
219	1.000000	0.000014	-0.003235	-0.000014	1.000000	0.016510	
220	1.000019	0.000039	-0.024048	-0.000039	1.000019	0.046417	
221	0.999967	0.000000	0.040955	-0.000000	0.999967	-0.007477	
222	0.999924	0.000018	0.092957	-0.000018	0.999924	0.009827	
223	0.999973	-0.000009	0.031860	0.000009	0.999973	-0.020935	
224	0.999998	-0.000011	-0.001099	0.000011	0.999998	-0.014313	
225	0.999985	-0.000036	0.017944	0.000036	0.999985	-0.044373	
226	0.999983	0.000002	0.025879	-0.000002	0.999983	0.001923	
227	1.000049	-0.000011	-0.059570	0.000011	1.000049	-0.001038	
228	1.000009	0.000026	0.000366	-0.000026	1.000009	0.036285	
229	1.000021	0.000063	-0.018188	-0.000063	1.000021	0.083313	
230	1.000037	-0.000013	-0.046021	0.000013	1.000037	-0.010559	
231	1.000017	-0.000046	-0.021301	0.000046	1.000017	-0.069427	
232	1.000015	-0.000022	-0.026367	0.000022	1.000015	-0.030792	
233	1.000042	-0.000077	-0.064331	0.000077	1.000042	-0.086548	
234	1.000018	-0.000018	-0.030762	0.000018	1.000018	-0.019745	
235	0.999986	0.000002	0.019775	-0.000002	0.999986	0.067688	
236	1.000034	-0.000070	-0.037048	0.000070	1.000034	-0.117371	
237	1.000059	-0.000060	-0.050537	0.000060	1.000059	-0.132019	
238	0.999992	-0.000006	0.004517	0.000006	0.999992	-0.009003	
239	1.000003	-0.000014	-0.005737	0.000014	1.000003	0.000122	
240	0.999989	0.000008	-0.006470	-0.000008	0.999989	0.055115	
241	0.999994	-0.000012	0.007996	0.000012	0.999994	-0.005188	
242	0.999996	-0.000040	0.005066	0.000040	0.999996	-0.054504	
243	0.999994	-0.000055	0.009644	0.000055	0.999994	-0.074738	
244	0.999981	-0.000086	0.016846	0.000086	0.999981	-0.119141	
245	0.999966	-0.000047	0.031433	0.000047	0.999966	-0.090057	
246	0.999994	0.000094	-0.051819	-0.000094	0.999994	0.337097	
247	1.000113	-0.000180	-0.058411	0.000180	1.000113	-0.521667	
248	0.999978	0.000165	-0.047302	-0.000165	0.999978	0.495697	
249	1.000041	-0.000191	0.016418	0.000191	1.000041	-0.463196	
250	0.999952	-0.000018	0.046814	0.000018	0.999952	-0.006012	
251	0.999969	-0.000009	0.040649	0.000009	0.999969	-0.021088	
252	0.999878	-0.000041	0.143616	0.000041	0.999878	-0.087189	
253	1.000073	0.000144	-0.141785	-0.000144	1.000073	0.427856	
254	0.999989	-0.000091	0.034546	0.000091	0.999989	-0.206970	
255	0.999845	-0.000176	0.212708	0.000176	0.999845	-0.392792	
256	1.000190	0.000150	-0.291931	-0.000150	1.000190	0.451752	
257	0.999838	-0.000331	0.235962	0.000331	0.999838	-0.773651	
258	1.000014	0.000115	-0.065796	-0.000115	1.000014	0.312927	
259	0.999977	-0.000025	0.014648	0.000025	0.999977	-0.032471	
260	1.000044	-0.000007	-0.058838	0.000007	1.000044	0.003021	
261	1.000112	0.000020	-0.137634	-0.000020	1.000112	0.113098	
262	1.000098	0.000053	-0.106079	-0.000053	1.000098	0.074951	
263	0.999946	-0.000044	0.071899	0.000044	0.999946	-0.075195	
264	1.000022	0.000065	-0.030823	-0.000065	1.000022	0.096954	
265	1.000011	0.000017	-0.007812	-0.000017	1.000011	0.018188	
266	1.000031	0.000065	-0.046692	-0.000065	1.000031	0.125427	
267	0.999949	-0.000029	0.064331	0.000029	0.999949	-0.055634	
268	1.000158	0.000177	-0.196655	-0.000177	1.000158	0.287903	
269	0.999823	-0.000044	0.218872	0.000044	0.999823	-0.120575	
270	0.999931	0.000055	0.067383	-0.000055	0.999931	0.110657	
271	1.000133	0.000019	-0.114807	-0.000019	1.000133	-0.055908	
272	0.999947	0.000182	0.021790	-0.000182	0.999947	0.350616	
273	0.999968	-0.000089	0.076721	0.000089	0.999968	-0.290497	
274	1.000029	0.000223	-0.115845	-0.000223	1.000029	0.535278	
275	1.000039	-0.000123	0.022095	0.000123	1.000039	-0.386963	
276	0.999849	0.000023	0.140991	-0.000023	0.999849	0.061249	
277	1.000047	-0.000013	-0.042542	0.000013	1.000047	-0.039246	
278	1.000015	-0.000006	-0.023132	0.000006	1.000015	-0.003784	
279	1.000030	0.000017	-0.043762	-0.000017	1.000030	0.040802	
280	0.999936	0.000041	0.060852	-0.000041	0.999936	0.121063	
281	1.000063	-0.000076	-0.052063	0.000076	1.000063	-0.192993	
282	1.000030	0.000084	-0.074158	-0.000084	1.000030	0.264130	
283	0.999924	-0.000124	0.123169	0.000124	0.999924	-0.339600	
284	1.000100	0.000107	-0.138123	-0.000107	1.000100	0.239563	
285	0.999944	-0.000007	0.065613	0.000007	0.999944	-0.026886	
286	0.999949	-0.000006	0.055298	0.000006	0.999949	-0.022217	
287	1.000042	0.000019	-0.057007	-0.000019	1.000042	0.046661	
288	0.999889	-0.000038	0.126526	0.000038	0.999889	-0.079559	
289	1.000110	0.000112	-0.162598	-0.000112	1.000110	0.263672	
290	0.999884	-0.000105	0.157227	0.000105	0.999884	-0.258728	
291	0.999996	-0.000033	0.003967	0.000033	0.999996	-0.050690	
292	0.999897	-0.000084	0.125793	0.000084	0.999897	-0.159882	
293	1.000106	0.000137	-0.160706	-0.000137	1.000106	0.338593	
294	0.999948	-0.000058	0.075806	0.000058	0.999948	-0.117706	
295	0.999996	0.000077	-0.022156	-0.000077	0.999996	0.158661	
296	1.000012	-0.000189	0.066895	0.000189	1.000012	-0.557068	
297	1.000010	0.000141	-0.079773	-0.000141	1.000010	0.467499	
298	0.999916	-0.000146	0.127625	0.000146	0.999916	-0.344971	
299	1.000050	0.000041	-0.082397	-0.000041	1.000050	0.179962	
300	0.999916	-0.000079	0.111328	0.000079	0.999916	-0.227814	
301	0.999980	-0.000023	0.031982	0.000023	0.999980	-0.053131	
302	0.999976	0.000069	0.009521	-0.000069	0.999976	0.173096	
303	0.999972	-0.000124	0.082031	0.000124	0.999972	-0.289185	
304	1.000004	0.000139	-0.065918	-0.000139	1.000004	0.385620	
305	1.000031	-0.000097	0.009521	0.000097	1.000031	-0.268066	
306	1.000037	0.000006	-0.055420	-0.000006	1.000037	0.028625	
307	0.999930	-0.000092	0.095825	0.000092	0.999930	-0.161163	
308	1.000128	0.000038	-0.164185	-0.000038	1.000128	0.116394	
309	0.999955	0.000012	0.018066	-0.000012	0.999955	0.086823	
310	1.000011	-0.000070	-0.001587	0.000070	1.000011	-0.140350	
311	1.000067	0.000046	-0.094604	-0.000046	1.000067	0.146515	
312	0.999985	-0.000092	0.031067	0.000092	0.999985	-0.176086	
313	1.000095	0.000036	-0.118347	-0.000036	1.000095	0.092865	
314	0.999996	-0.000031	0.011597	0.000031	0.999996	-0.056946	
315	0.999987	0.000022	0.020630	-0.000022	0.999987	0.024109	
316	1.000013	-0.000011	-0.006714	0.000011	1.000013	-0.019562	
317	1.000028	-0.000053	-0.028870	0.000053	1.000028	-0.070740	
318	1.000054	0.000023	-0.080933	-0.000023	1.000054	0.085175	
319	0.999960	-0.000077	0.056824	0.000077	0.999960	-0.158752	
320	1.000059	0.000027	-0.077148	-0.000027	1.000059	0.070282	
321	0.999855	-0.000050	0.158325	0.000050	0.999855	-0.039581	
322	1.000239	0.000108	-0.291687	-0.000108	1.000239	0.217194	
323	0.999867	-0.000078	0.169983	0.000078	0.999867	-0.187347	
324	1.000053	-0.000003	-0.051453	0.000003	1.000053	0.000702	
325	0.999806	-0.000084	0.175720	0.000084	0.999806	-0.072632	
326	1.000374	0.000212	-0.301086	-0.000212	1.000374	0.237640	
327	0.999453	-0.000257	0.363586	0.000257	0.999453	-0.111084	
328	1.002145	0.000776	-1.717834	-0.000776	1.002145	-0.416718	
329	0.998210	-0.001068	1.684448	0.001068	0.998210	0.400635	
330	1.000604	0.000761	-0.453918	-0.000761	1.000604	0.054352	
331	1.000073	-0.000283	-0.355103	0.000283	1.000073	-0.408997	
332	0.999833	0.000220	0.382324	-0.000220	0.999833	0.015015	
333	0.999987	-0.000037	0.011475	0.000037	0.999987	0.217224	
334	1.000055	0.000053	-0.091187	-0.000053	1.000055	0.019379	
335	1.000044	0.000039	-0.085083	-0.000039	1.000044	0.112518	
336	0.999967	0.000085	0.073975	-0.000085	0.999967	0.095245	
337	1.000053	-0.000001	-0.029175	0.000001	1.000053	-0.050354	
338	0.999951	-0.000058	0.088257	0.000058	0.999951	-0.182495	
339	1.000233	0.000108	-0.267822	-0.000108	1.000233	0.169220	
340	0.999735	0.000146	0.187317	-0.000146	0.999735	0.156311	
341	1.000140	-0.000107	-0.063538	0.000107	1.000140	-0.019958	
342	1.000064	0.000010	-0.250854	-0.000010	1.000064	0.143585	
343	0.999747	0.000160	0.440796	-0.000160	0.999747	0.113617	
344	1.000245	-0.000117	-0.241821	0.000117	1.000245	-0.141693	
345	0.999751	0.000023	0.276917	-0.000023	0.999751	-0.094604	
346	1.000141	0.000010	-0.201355	-0.000010	1.000141	0.213501	
347	0.999924	-0.000051	-0.048096	0.000051	0.999924	-0.042511	
348	0.999955	0.000132	0.141968	-0.000132	0.999955	0.117462	
349	0.999980	-0.000136	0.057312	0.000136	0.999980	-0.229004	
350	0.999850	0.000081	0.117920	-0.000081	0.999850	0.150421	
351	1.000030	-0.000006	-0.040100	0.000006	1.000030	-0.008484	
352	1.000001	-0.000010	-0.019836	0.000010	1.000001	-0.012177	
353	0.999973	0.000031	0.021240	-0.000031	0.999973	0.028992	
354	1.000147	-0.000040	-0.107788	0.000040	1.000147	-0.163116	
355	0.999753	-0.000021	0.221191	0.000021	0.999753	0.032837	
356	1.000325	0.000126	-0.376343	-0.000126	1.000325	0.304047	
357	0.999866	-0.000204	0.071655	0.000204	0.999866	-0.277588	
358	1.000008	0.000125	0.025757	-0.000125	1.000008	0.081787	
359	0.999985	0.000031	0.017822	-0.000031	0.999985	0.182343	
360	1.000131	0.000079	-0.121765	-0.000079	1.000131	0.048889	
361	0.999818	-0.000227	0.069946	0.000227	0.999818	-0.330231	
362	1.000066	0.000277	0.048706	-0.000277	1.000066	0.294830	
363	1.000037	-0.000174	-0.084351	0.000174	1.000037	-0.155273	
364	1.000007	0.000160	-0.070984	-0.000160	1.000007	0.190094	
365	1.000109	-0.000087	-0.098328	0.000087	1.000109	-0.067688	
366	0.999846	0.000077	0.144531	-0.000077	0.999846	-0.014008	
367	1.000061	-0.000035	0.069763	0.000035	1.000061	-0.087128	
368	1.000095	0.000003	-0.242310	-0.000003	1.000095	0.174500	
369	0.999701	0.000006	0.408813	-0.000006	0.999701	-0.196899	
370	1.000173	-0.000038	-0.238281	0.000038	1.000173	0.110779	
371	1.000000	0.000199	0.101685	-0.000199	1.000000	0.278381	
372	1.000014	-0.000111	-0.073486	0.000111	1.000014	-0.157013	
373	0.999876	0.000043	0.188049	-0.000043	0.999876	-0.078705	
374	0.999956	0.000046	0.040405	-0.000046	0.999956	0.120972	
375	1.000025	0.000036	-0.058838	-0.000036	1.000025	-0.008209	
376	1.000082	0.000039	-0.104736	-0.000039	1.000082	0.093903	
377	1.000000	0.000031	0.001343	-0.000031	1.000000	0.040070	
378	1.000013	0.000019	-0.016235	-0.000019	1.000013	0.027374	
379	1.000072	0.000009	-0.082581	-0.000009	1.000072	0.017578	
380	1.000005	-0.000008	-0.006653	0.000008	1.000005	-0.028412	
381	1.000016	-0.000048	-0.026672	0.000048	1.000016	-0.065308	
382	0.999993	0.000057	-0.004700	-0.000057	0.999993	0.088562	
383	0.999987	-0.000018	0.036194	0.000018	0.999987	-0.049072	
384	0.999922	0.000001	0.090088	-0.000001	0.999922	0.002869	
385	0.999966	-0.000037	0.050476	0.000037	0.999966	-0.062256	
386	0.999991	0.000030	0.016968	-0.000030	0.999991	0.033417	
387	1.000041	0.000049	-0.040833	-0.000049	1.000041	0.078796	
388	1.000029	-0.000068	-0.030457	0.000068	1.000029	-0.086853	
389	0.999955	0.000109	0.068726	-0.000109	0.999955	0.138824	
390	0.999900	0.000080	0.136108	-0.000080	0.999900	0.076080	
391	0.999863	0.000000	0.175293	-0.000000	0.999863	-0.055878	
392	0.999828	0.000050	0.225891	-0.000050	0.999828	-0.008911	
393	1.000059	0.000252	-0.101318	-0.000252	1.000059	0.514038	
394	1.000100	-0.000025	-0.219604	0.000025	1.000100	-0.067535	
395	0.999946	0.000259	0.144409	-0.000259	0.999946	0.528870	
396	1.000134	-0.000058	-0.100830	0.000058	1.000134	-0.298889	
397	1.000078	0.000083	-0.063477	-0.000083	1.000078	0.113068	
398	0.999956	-0.000043	0.077087	0.000043	0.999956	-0.124359	
399	1.000016	0.000118	-0.034668	-0.000118	1.000016	0.202179	
400	0.999934	0.000061	0.041687	-0.000061	0.999934	0.156464	
401	1.000065	0.000006	-0.097900	-0.000006	1.000065	0.070923	
402	1.000050	-0.000088	-0.018799	0.000088	1.000050	-0.186493	
403	0.999722	-0.000246	0.433472	0.000246	0.999722	-0.634979	
404	1.000026	0.000185	-0.095032	-0.000185	1.000026	0.519623	
405	0.999919	-0.000158	0.052307	0.000158	0.999919	-0.292358	
406	1.000118	0.000204	-0.185669	-0.000204	1.000118	0.409027	
407	1.000151	-0.000005	-0.159912	0.000005	1.000151	-0.020782	
408	1.000021	0.000002	-0.021973	-0.000002	1.000021	0.007538	
409	1.000018	-0.000050	-0.006287	0.000050	1.000018	-0.094299	
410	0.999974	-0.000094	0.021545	0.000094	0.999974	-0.130981	
411	0.999907	-0.000125	0.105835	0.000125	0.999907	-0.211121	
412	1.000092	0.000143	-0.137878	-0.000143	1.000092	0.339417	
413	1.000038	-0.000002	-0.019958	0.000002	1.000038	-0.000275	
414	1.000056	-0.000016	-0.036987	0.000016	1.000056	-0.032806	
415	1.000078	0.000035	-0.063416	-0.000035	1.000078	0.047882	
416	1.000006	0.000028	0.002869	-0.000028	1.000006	0.046417	
417	0.999863	0.000064	0.171570	-0.000064	0.999863	0.075592	
418	0.999894	0.000002	0.139648	-0.000002	0.999894	-0.025879	
419	0.999916	0.000068	0.094299	-0.000068	0.999916	0.121307	
420	0.999966	-0.000010	0.063843	0.000010	0.999966	-0.025330	
421	1.000014	0.000029	-0.011902	-0.000029	1.000014	0.049225	
422	0.999952	-0.000060	0.111084	0.000060	0.999952	-0.266846	
423	1.000002	0.000138	-0.037964	-0.000138	1.000002	0.364532	
424	0.999915	0.000008	0.093018	-0.000008	0.999915	-0.014313	
425	1.000180	0.000164	-0.206665	-0.000164	1.000180	0.276703	
426	1.000008	0.000057	0.007996	-0.000057	1.000008	0.045471	
427	0.999992	0.000095	0.027954	-0.000095	0.999992	0.118683	
428	0.999874	0.000029	0.170410	-0.000029	0.999874	-0.012085	
429	0.999926	0.000053	0.109192	-0.000053	0.999926	0.047607	
430	0.999861	0.000000	0.178650	-0.000000	0.999861	-0.021027	
431	0.999991	0.000122	0.033875	-0.000122	0.999991	0.138947	
432	1.000017	0.000010	-0.023499	-0.000010	1.000017	0.027557	
433	1.000089	0.000016	-0.088562	-0.000016	1.000089	-0.037079	
434	1.000029	-0.000057	-0.057190	0.000057	1.000029	-0.007874	
435	1.000038	-0.000055	-0.037598	0.000055	1.000038	-0.104309	
436	1.000031	-0.000034	-0.042358	0.000034	1.000031	-0.045990	
437	1.000025	-0.000003	-0.043945	0.000003	1.000025	0.018250	
438	1.000000	-0.000012	-0.008972	0.000012	1.000000	0.006805	
439	1.000028	-0.000031	-0.042969	0.000031	1.000028	-0.029785	
440	1.000058	-0.000052	-0.072083	0.000052	1.000058	-0.061951	
441	0.999952	-0.000049	0.061279	0.000049	0.999952	-0.091888	
442	1.000054	-0.000026	-0.074585	0.000026	1.000054	0.004242	
443	0.999937	-0.000094	0.073364	0.000094	0.999937	-0.152954	
444	1.000082	0.000005	-0.102112	-0.000005	1.000082	0.052124	
445	0.999895	-0.000123	0.129517	0.000123	0.999895	-0.213898	
446	1.000058	-0.000009	-0.062988	0.000009	1.000058	-0.030426	
447	0.999994	0.000021	-0.012451	-0.000021	0.999994	0.090271	
448	0.999985	-0.000038	0.019592	0.000038	0.999985	-0.053467	
449	0.999991	-0.000105	0.018921	0.000105	0.999991	-0.148621	
450	1.000007	-0.000044	-0.012634	0.000044	1.000007	-0.058807	
451	1.000042	0.000008	-0.050903	-0.000008	1.000042	0.021271	
452	1.000096	0.000043	-0.100098	-0.000043	1.000096	0.078064	
453	0.999980	-0.000078	0.050476	0.000078	0.999980	-0.150482	
454	1.000027	-0.000013	-0.025085	0.000013	1.000027	-0.006500	
455	1.000028	-0.000083	-0.024963	0.000083	1.000028	-0.123260	
456	0.999938	0.000028	0.013184	-0.000028	0.999938	0.112885	
457	1.000034	-0.000034	-0.034546	0.000034	1.000034	-0.044037	
458	1.000010	-0.000014	0.000488	0.000014	1.000010	-0.021240	
459	1.000005	-0.000002	0.010925	0.000002	1.000005	-0.019958	
460	0.999991	0.000016	0.029541	-0.000016	0.999991	-0.002930	
461	0.999976	-0.000010	0.022583	0.000010	0.999976	-0.027252	
462	0.999931	0.000021	0.054932	-0.000021	0.999931	0.041260	
463	1.000071	0.000144	-0.129761	-0.000144	1.000071	0.366791	
464	1.000112	-0.000013	-0.093445	0.000013	1.000112	-0.125763	
465	0.999995	-0.000002	0.020203	0.000002	0.999995	-0.031403	
466	0.999940	-0.000055	0.089111	0.000055	0.999940	-0.108795	
467	1.000064	0.000012	-0.073059	-0.000012	1.000064	0.018463	
468	1.000029	-0.000047	-0.032837	0.000047	1.000029	-0.066223	
469	0.999977	-0.000008	0.009277	0.000008	0.999977	-0.029053	
470	1.000142	0.000046	-0.154114	-0.000046	1.000142	0.066803	
471	0.999814	0.000008	0.175903	-0.000008	0.999814	0.024048	
472	1.000131	0.000093	-0.152832	-0.000093	1.000131	0.236420	
473	1.000082	-0.000048	-0.055237	0.000048	1.000082	-0.176025	
474	1.000007	0.000060	0.007751	-0.000060	1.000007	0.067322	
475	1.000000	0.000017	0.012146	-0.000017	1.000000	0.017548	
476	0.999950	0.000016	0.058533	-0.000016	0.999950	0.020691	
477	0.999955	0.000049	0.041565	-0.000049	0.999955	0.060608	
478	1.000119	0.000103	-0.145935	-0.000103	1.000119	0.180908	
479	0.999994	0.000013	0.011169	-0.000013	0.999994	0.000488	
480	0.999872	-0.000106	0.226929	0.000106	0.999872	-0.308197	
481	0.999979	0.000026	-0.006836	-0.000026	0.999979	0.098816	
482	1.000021	0.000007	0.005554	-0.000007	1.000021	-0.007904	
483	1.000054	0.000087	-0.122437	-0.000087	1.000054	0.311371	
484	0.999952	-0.000054	0.103027	0.000054	0.999952	-0.188171	
485	1.000006	0.000031	0.002930	-0.000031	1.000006	0.046204	
486	0.999876	-0.000105	0.153809	0.000105	0.999876	-0.216431	
487	0.999998	0.000120	-0.053223	-0.000120	0.999998	0.308472	
488	0.999923	-0.000033	0.083313	0.000033	0.999923	-0.077667	
489	1.000006	-0.000014	-0.011841	0.000014	1.000006	-0.017609	
490	0.999972	-0.000031	0.031799	0.000031	0.999972	-0.049835	
491	1.000052	0.000007	-0.059814	-0.000007	1.000052	0.013153	
492	1.000054	0.000028	-0.062561	-0.000028	1.000054	0.044739	
493	1.000026	0.000023	-0.039368	-0.000023	1.000026	0.044769	
494	1.000023	0.000066	-0.026306	-0.000066	1.000023	0.094818	
495	0.999958	0.000000	0.041931	-0.000000	0.999958	-0.001343	
496	0.999966	-0.000053	0.030701	0.000053	0.999966	-0.075684	
497	0.999927	0.000002	0.085815	-0.000002	0.999927	-0.026245	
498	0.999909	-0.000057	0.117126	0.000057	0.999909	-0.133911	
499	1.000031	0.000074	-0.039246	-0.000074	1.000031	0.119904	
500	1.000014	0.000028	-0.006958	-0.000028	1.000014	0.054138	
501	1.000025	0.000040	-0.026978	-0.000040	1.000025	0.060577	
502	1.000004	0.000006	-0.012695	-0.000006	1.000004	0.002808	
503	0.999994	-0.000039	-0.002319	0.000039	0.999994	-0.056458	
504	0.999994	-0.000028	-0.002075	0.000028	0.999994	-0.041077	
505	0.999968	-0.000095	0.012207	0.000095	0.999968	-0.135498	
506	1.000034	-0.000002	-0.042236	0.000002	1.000034	0.015503	
507	0.999962	0.000035	0.062317	-0.000035	0.999962	0.006958	
508	0.999984	0.000028	0.055969	-0.000028	0.999984	-0.002533	
509	0.999959	-0.000073	0.063416	0.000073	0.999959	-0.123566	
510	0.999926	0.000020	0.095825	-0.000020	0.999926	0.013580	
511	1.000012	0.000031	-0.009888	-0.000031	1.000012	0.046295	
512	1.000067	0.000170	-0.105591	-0.000170	1.000067	0.350006	
513	1.000020	0.000136	0.028381	-0.000136	1.000020	0.046387	
514	0.999974	0.000158	0.051025	-0.000158	0.999974	0.216187	
515	1.000013	-0.000004	0.019653	0.000004	1.000013	-0.041412	
516	0.999810	-0.000047	0.222168	0.000047	0.999810	-0.088715	
517	1.000084	0.000023	-0.141785	-0.000023	1.000084	0.150208	
518	0.999913	-0.000009	0.101562	0.000009	0.999913	-0.041473	
519	1.000059	0.000096	-0.079834	-0.000096	1.000059	0.180878	
520	0.999969	0.000038	0.041077	-0.000038	0.999969	0.040192	
521	0.999994	-0.000093	0.060303	0.000093	0.999994	-0.250427	
522	0.999937	0.000043	0.049011	-0.000043	0.999937	0.127991	
523	0.999982	-0.000002	0.015991	0.000002	0.999982	0.021698	
524	1.000015	0.000067	-0.028198	-0.000067	1.000015	0.122620	
525	0.999993	0.000015	0.003845	-0.000015	0.999993	0.017334	
526	1.000021	0.000071	-0.012329	-0.000071	1.000021	0.079163	
527	1.000034	0.000002	-0.035339	-0.000002	1.000034	0.004791	
528	1.000077	0.000017	-0.083435	-0.000017	1.000077	0.027618	
529	1.000031	-0.000000	-0.040894	0.000000	1.000031	0.015564	
530	1.000054	0.000028	-0.056152	-0.000028	1.000054	0.035645	
531	1.000022	-0.000013	-0.021667	0.000013	1.000022	-0.028442	
532	1.000017	-0.000028	-0.027588	0.000028	1.000017	-0.025665	
533	0.999967	-0.000018	0.029175	0.000018	0.999967	-0.043243	
534	1.000015	0.000025	-0.022278	-0.000025	1.000015	0.045135	
535	0.999946	-0.000020	0.055237	0.000020	0.999946	-0.018463	
536	1.000097	0.000024	-0.114929	-0.000024	1.000097	0.057922	
537	1.000051	0.000007	-0.056946	-0.000007	1.000051	-0.001465	
538	1.000019	-0.000009	-0.015625	0.000009	1.000019	-0.016296	
539	1.000021	-0.000019	-0.014771	0.000019	1.000021	-0.017609	
540	1.000105	-0.000011	-0.108826	0.000011	1.000105	0.015350	
541	0.999989	-0.000041	0.025818	0.000041	0.999989	-0.091522	
542	1.000026	0.000038	-0.027527	-0.000038	1.000026	0.077545	
543	1.000038	0.000013	-0.029053	-0.000013	1.000038	0.011261	
544	1.000064	0.000064	-0.087341	-0.000064	1.000064	0.142029	
545	1.000099	0.000008	-0.093628	-0.000008	1.000099	-0.012390	
546	1.000085	-0.000040	-0.082825	0.000040	1.000085	-0.142639	
547	1.000056	-0.000015	-0.047913	0.000015	1.000056	-0.016724	
548	0.999973	0.000005	0.015747	-0.000005	0.999973	0.074829	
549	1.000100	0.000039	-0.105164	-0.000039	1.000100	0.084106	
550	1.000137	-0.000025	-0.148254	0.000025	1.000137	-0.021484	
551	1.000037	-0.000006	-0.029175	0.000006	1.000037	-0.018066	
552	1.000060	-0.000008	-0.054199	0.000008	1.000060	-0.000824	
553	1.000020	0.000009	-0.007751	-0.000009	1.000020	0.011292	
554	1.000029	0.000033	-0.032471	-0.000033	1.000029	0.063232	
555	1.000059	0.000004	-0.046753	-0.000004	1.000059	-0.008484	
556	1.000149	-0.000018	-0.153870	0.000018	1.000149	-0.085358	
557	1.000023	0.000034	-0.016235	-0.000034	1.000023	0.066132	
558	1.000075	-0.000009	-0.068726	0.000009	1.000075	0.008636	
559	1.000018	-0.000035	-0.033447	0.000035	1.000018	-0.029724	
560	1.000001	0.000046	0.021912	-0.000046	1.000001	0.051300	
561	0.999973	0.000006	0.033203	-0.000006	0.999973	-0.012970	
562	1.000009	-0.000005	-0.002563	0.000005	1.000009	-0.016724	
563	0.999997	-0.000010	0.005981	0.000010	0.999997	-0.022308	
564	0.999989	0.000006	0.012634	-0.000006	0.999989	0.006531	
565	0.999963	0.000020	0.034241	-0.000020	0.999963	0.013916	
566	0.999970	-0.000020	0.038818	0.000020	0.999970	-0.032104	
567	1.000003	-0.000002	0.002075	0.000002	1.000003	-0.001923	
568	1.000001	0.000006	-0.004944	-0.000006	1.000001	0.012207	
569	1.000020	0.000047	-0.013672	-0.000047	1.000020	0.064331	
570	0.999980	0.000010	0.027588	-0.000010	0.999980	0.015686	
571	0.999968	0.000019	0.050537	-0.000019	0.999968	0.009796	
572	0.999955	-0.000028	0.045959	0.000028	0.999955	-0.032654	
573	0.999990	0.000025	0.018677	-0.000025	0.999990	0.040710	
574	1.000018	0.000018	-0.005920	-0.000018	1.000018	0.012360	
575	1.000021	-0.000007	-0.006897	0.000007	1.000021	-0.008972	
576	1.000015	0.000013	-0.009338	-0.000013	1.000015	0.012299	
577	1.000016	-0.000002	-0.011902	0.000002	1.000016	-0.029938	
578	0.999911	0.000005	0.100708	-0.000005	0.999911	0.007751	
579	0.999942	0.000026	0.071960	-0.000026	0.999942	0.020142	
580	0.999960	0.000054	0.052063	-0.000054	0.999960	0.061066	
581	1.000035	0.000076	-0.027100	-0.000076	1.000035	0.097351	
582	1.000023	-0.000012	-0.023560	0.000012	1.000023	-0.024780	
583	0.999978	-0.000015	0.015686	0.000015	0.999978	-0.018555	
584	0.999985	-0.000062	0.008728	0.000062	0.999985	-0.071259	
585	1.000026	-0.000013	-0.030396	0.000013	1.000026	-0.008728	
586	1.000043	0.000008	-0.050171	-0.000008	1.000043	0.013885	
587	1.000009	0.000023	-0.009399	-0.000023	1.000009	0.035461	
588	1.000006	-0.000016	-0.009644	0.000016	1.000006	-0.010773	
589	0.999975	0.000022	0.026917	-0.000022	0.999975	0.040497	
590	1.000001	0.000006	-0.008484	-0.000006	1.000001	0.019775	
591	0.999998	-0.000017	0.002075	0.000017	0.999998	-0.019653	
592	1.000089	0.000030	-0.108704	-0.000030	1.000089	0.086578	
593	0.999972	-0.000101	0.064270	0.000101	0.999972	-0.213287	
594	1.000002	-0.000021	-0.004211	0.000021	1.000002	-0.032104	
595	0.999994	-0.000008	0.001831	0.000008	0.999994	0.002136	
596	1.000013	0.000019	-0.010376	-0.000019	1.000013	0.032104	
597	0.999973	0.000024	0.021118	-0.000024	0.999973	0.049408	
598	0.999995	-0.000012	0.006287	0.000012	0.999995	-0.015991	
599	1.000049	-0.000057	-0.064087	0.000057	1.000049	-0.057190	
600	1.000009	-0.000034	-0.004944	0.000034	1.000009	-0.058838	
601	0.999989	-0.000030	0.020508	0.000030	0.999989	-0.060333	
602	0.999969	0.000006	0.035889	-0.000006	0.999969	0.010223	
603	1.000054	0.000020	-0.072144	-0.000020	1.000054	0.067780	
604	1.000014	0.000015	-0.012817	-0.000015	1.000014	0.033051	
605	1.000022	0.000009	-0.019043	-0.000009	1.000022	-0.002563	
606	1.000005	0.000002	-0.004639	-0.000002	1.000005	-0.012878	
607	1.000008	0.000039	-0.014038	-0.000039	1.000008	0.049713	
608	1.000024	-0.000032	-0.023560	0.000032	1.000024	-0.029633	
609	1.000013	0.000012	-0.014160	-0.000012	1.000013	0.018372	
610	1.000028	0.000012	-0.038330	-0.000012	1.000028	0.032379	
611	1.000001	-0.000017	-0.001709	0.000017	1.000001	-0.013733	
612	1.000026	0.000000	-0.032471	-0.000000	1.000026	0.000458	
613	1.000006	0.000007	-0.004761	-0.000007	1.000006	0.016235	
614	1.000006	-0.000002	-0.010620	0.000002	1.000006	0.004974	
615	1.000012	0.000016	-0.013367	-0.000016	1.000012	0.023071	
616	0.999977	0.000009	0.026184	-0.000009	0.999977	0.018005	
617	0.999952	-0.000000	0.041382	0.000000	0.999952	0.001434	
618	1.000004	0.000033	-0.003113	-0.000033	1.000004	0.025574	
619	0.999924	-0.000011	0.094604	0.000011	0.999924	-0.015747	
620	0.999955	-0.000056	0.051819	0.000056	0.999955	-0.047302	
621	0.999912	-0.000056	0.093689	0.000056	0.999912	-0.044739	
622	0.999826	-0.000212	0.208923	0.000212	0.999826	-0.361206	
623	1.000150	0.000155	-0.242493	-0.000155	1.000150	0.491272	
624	1.000015	-0.000231	0.029541	0.000231	1.000015	-0.537659	
625	0.999766	0.000054	0.218445	-0.000054	0.999766	0.174377	
626	1.000065	0.000129	-0.094727	-0.000129	1.000065	0.236237	
627	1.000009	-0.000021	-0.002930	0.000021	1.000009	-0.050415	
628	1.000019	-0.000070	0.018555	0.000070	1.000019	-0.145630	
629	0.999859	-0.000108	0.182922	0.000108	0.999859	-0.246429	
630	1.000014	0.000076	-0.047302	-0.000076	1.000014	0.230194	
631	0.999959	-0.000001	0.051575	0.000001	0.999959	-0.008240	
632	0.999998	0.000002	0.004211	-0.000002	0.999998	-0.002136	
633	0.999964	-0.000074	0.069885	0.000074	0.999964	-0.155518	
634	0.999908	-0.000020	0.097595	0.000020	0.999908	-0.009857	
635	0.999944	-0.000012	0.061340	0.000012	0.999944	-0.010956	
636	0.999937	-0.000040	0.061279	0.000040	0.999937	-0.046753	
637	0.999940	0.000003	0.066650	-0.000003	0.999940	0.032135	
638	0.999969	0.000031	0.025391	-0.000031	0.999969	0.054047	
639	0.999943	0.000022	0.058594	-0.000022	0.999943	0.032867	
640	0.999978	0.000041	0.014771	-0.000041	0.999978	0.081360	
641	1.000004	0.000018	-0.014648	-0.000018	1.000004	0.043274	
642	1.000002	0.000061	0.001770	-0.000061	1.000002	0.079956	
643	0.999855	0.000098	0.183167	-0.000098	0.999855	0.142365	
644	0.999941	-0.000023	0.076904	0.000023	0.999941	-0.023895	
645	0.999946	-0.000018	0.068359	0.000018	0.999946	-0.027100	
646	0.999941	-0.000069	0.075928	0.000069	0.999941	-0.085724	
647	0.999978	-0.000002	0.023560	0.000002	0.999978	-0.004364	
648	0.999971	-0.000008	0.028992	0.000008	0.999971	-0.013275	
649	0.999985	0.000027	0.021912	-0.000027	0.999985	0.034607	
650	0.999938	-0.000013	0.077759	0.000013	0.999938	-0.017670	
651	1.000011	0.000029	-0.001160	-0.000029	1.000011	0.013458	
652	0.999985	0.000018	0.019226	-0.000018	0.999985	0.024414	
653	0.999969	0.000022	0.038269	-0.000022	0.999969	0.028046	
654	1.000034	0.000022	-0.039917	-0.000022	1.000034	0.031555	
655	0.999998	-0.000001	-0.004089	0.000001	0.999998	0.010376	
656	1.000039	0.000009	-0.033630	-0.000009	1.000039	-0.009216	
657	0.999949	-0.000041	0.056091	0.000041	0.999949	-0.090881	
658	1.000098	-0.000011	-0.166382	0.000011	1.000098	0.045166	
659	0.999815	0.000023	0.185608	-0.000023	0.999815	-0.051605	
660	1.000308	0.000117	-0.194519	-0.000117	1.000308	0.206268	
661	0.999690	-0.000382	0.126770	0.000382	0.999690	-0.416626	
662	1.000093	-0.000006	0.067627	0.000006	1.000093	-0.050781	
663	1.000104	0.000248	-0.164673	-0.000248	1.000104	0.204315	
664	0.999956	-0.000059	0.105042	0.000059	0.999956	0.022705	
665	1.000025	0.000126	-0.070679	-0.000126	1.000025	0.149017	
666	0.999998	0.000005	0.018433	-0.000005	0.999998	0.012299	
667	1.000021	0.000023	0.025269	-0.000023	1.000021	-0.021912	
668	0.999989	0.000000	0.012329	-0.000000	0.999989	0.003632	
669	0.999949	0.000107	0.080017	-0.000107	0.999949	0.132080	
670	0.999839	-0.000051	0.216492	0.000051	0.999839	-0.154144	
671	1.000105	0.000087	-0.128235	-0.000087	1.000105	0.167725	
672	1.000027	-0.000007	-0.048584	0.000007	1.000027	0.009247	
673	1.000053	-0.000033	-0.080994	0.000033	1.000053	0.010834	
674	1.000040	-0.000016	-0.050049	0.000016	1.000040	0.002258	
675	0.999998	-0.000058	-0.010376	0.000058	0.999998	-0.071869	
676	1.000036	-0.000042	-0.044128	0.000042	1.000036	-0.039459	
677	0.999972	0.000012	0.024170	-0.000012	0.999972	0.019836	
678	0.999975	-0.000063	0.018311	0.000063	0.999975	-0.080597	
679	0.999936	0.000008	0.087769	-0.000008	0.999936	0.004822	
680	0.999998	-0.000008	-0.000183	0.000008	0.999998	-0.009308	
681	1.000072	-0.000024	-0.087708	0.000024	1.000072	-0.026184	
682	1.000012	-0.000003	-0.029541	0.000003	1.000012	0.010284	
683	1.000004	0.000054	-0.010132	-0.000054	1.000004	0.074646	
684	1.000019	0.000036	-0.021667	-0.000036	1.000019	0.054230	
685	0.999952	0.000001	0.061829	-0.000001	0.999952	0.000397	
686	0.999975	0.000000	0.034424	-0.000000	0.999975	-0.003876	
687	0.999991	-0.000019	0.003479	0.000019	0.999991	-0.039490	
688	1.000041	0.000091	-0.041870	-0.000091	1.000041	0.132019	
689	1.000031	0.000029	-0.031006	-0.000029	1.000031	0.036713	
690	1.000005	0.000052	-0.003906	-0.000052	1.000005	0.076263	
691	0.999994	-0.000056	0.001160	0.000056	0.999994	-0.061676	
692	0.999987	-0.000022	0.016541	0.000022	0.999987	-0.027893	
693	0.999941	-0.000053	0.068359	0.000053	0.999941	-0.087921	
694	0.999975	-0.000007	0.029480	0.000007	0.999975	-0.003876	
695	0.999956	0.000011	0.040527	-0.000011	0.999956	0.036926	
696	1.000021	-0.000005	-0.020935	0.000005	1.000021	-0.017029	
697	1.000060	-0.000019	-0.072021	0.000019	1.000060	-0.027130	
698	1.000058	-0.000018	-0.078979	0.000018	1.000058	-0.016418	
699	1.000071	0.000023	-0.086792	-0.000023	1.000071	0.029602	
700	0.999993	0.000004	0.011658	-0.000004	0.999993	0.016296	
701	0.999964	0.000027	0.047668	-0.000027	0.999964	0.031830	
702	0.999998	0.000034	0.012451	-0.000034	0.999998	0.040100	
703	0.999991	-0.000021	0.011963	0.000021	0.999991	-0.022949	
704	0.999991	0.000001	0.006104	-0.000001	0.999991	0.007751	
705	1.000021	-0.000057	-0.013733	0.000057	1.000021	-0.097748	
706	1.000033	0.000012	-0.042725	-0.000012	1.000033	0.020233	
707	1.000001	-0.000002	-0.002319	0.000002	1.000001	-0.006531	
708	0.999982	0.000001	0.023438	-0.000001	0.999982	0.004913	
709	0.999984	-0.000003	0.017944	0.000003	0.999984	-0.009399	
710	1.000004	-0.000010	0.002197	0.000010	1.000004	-0.016571	
711	0.999968	0.000033	0.040405	-0.000033	0.999968	0.051147	
712	1.000027	-0.000009	-0.010010	0.000009	1.000027	-0.067780	
713	0.999985	0.000012	0.025146	-0.000012	0.999985	0.014099	
714	0.999931	0.000033	0.092529	-0.000033	0.999931	0.030243	
715	0.999942	0.000004	0.071167	-0.000004	0.999942	-0.005005	
716	0.999982	0.000027	0.029541	-0.000027	0.999982	0.037964	
717	0.999976	-0.000005	0.030273	0.000005	0.999976	-0.005707	
718	0.999990	0.000000	0.015137	-0.000000	0.999990	0.011322	
719	0.999993	0.000010	0.012695	-0.000010	0.999993	0.015778	
720	0.999964	0.000007	0.040649	-0.000007	0.999964	0.013397	
721	0.999978	-0.000004	0.027832	0.000004	0.999978	-0.006775	
722	1.000005	0.000027	-0.008301	-0.000027	1.000005	0.045166	
723	0.999983	0.000054	0.031372	-0.000054	0.999983	0.086243	
724	0.999955	0.000043	0.063843	-0.000043	0.999955	0.056366	
725	0.999957	0.000054	0.067627	-0.000054	0.999957	0.057281	
726	0.999998	0.000005	0.016113	-0.000005	0.999998	-0.002991	
727	0.999935	-0.000084	0.101929	0.000084	0.999935	-0.177979	
728	0.999984	0.000070	-0.008057	-0.000070	0.999984	0.133514	
729	0.999998	0.000033	-0.009766	-0.000033	0.999998	0.102386	
730	1.000089	0.000110	-0.131104	-0.000110	1.000089	0.248138	
731	1.000073	-0.000021	-0.051025	0.000021	1.000073	-0.121918	
732	0.999986	0.000025	0.014771	-0.000025	0.999986	0.027161	
733	1.000054	-0.000010	-0.058594	0.000010	1.000054	-0.010162	
734	0.999897	-0.000064	0.130371	0.000064	0.999897	-0.146271	
735	1.000122	0.000070	-0.162109	-0.000070	1.000122	0.173706	
736	1.000026	0.000001	-0.027100	-0.000001	1.000026	-0.009491	
737	1.000006	-0.000035	-0.011108	0.000035	1.000006	-0.051697	
738	1.000024	0.000004	-0.025757	-0.000004	1.000024	0.001770	
739	1.000044	-0.000022	-0.053833	0.000022	1.000044	-0.023743	
740	1.000026	0.000016	-0.022461	-0.000016	1.000026	-0.004272	
741	0.999988	-0.000052	0.022949	0.000052	0.999988	-0.111298	
742	1.000037	0.000012	-0.048340	-0.000012	1.000037	0.026215	
743	1.000005	-0.000013	-0.014893	0.000013	1.000005	0.008270	
744	1.000018	0.000006	-0.018982	-0.000006	1.000018	0.012238	
745	1.000025	-0.000045	-0.035645	0.000045	1.000025	-0.056396	
746	1.000029	0.000002	-0.034180	-0.000002	1.000029	0.002991	
747	1.000039	-0.000034	-0.050049	0.000034	1.000039	-0.040558	
748	1.000046	0.000026	-0.048279	-0.000026	1.000046	0.047607	
749	1.000039	0.000033	-0.040283	-0.000033	1.000039	0.039642	
750	1.000047	0.000009	-0.058105	-0.000009	1.000047	0.013031	
751	1.000054	0.000002	-0.071289	-0.000002	1.000054	0.020721	
752	1.000057	0.000005	-0.076721	-0.000005	1.000057	0.022278	
753	1.000062	0.000031	-0.074341	-0.000031	1.000062	0.052643	
754	1.000015	-0.000010	-0.029175	0.000010	1.000015	-0.007263	
755	1.000003	-0.000023	-0.003601	0.000023	1.000003	-0.025848	
756	1.000010	-0.000017	-0.012268	0.000017	1.000010	-0.013153	
757	1.000000	0.000031	0.001648	-0.000031	1.000000	0.045654	
758	1.000019	-0.000005	-0.018188	0.000005	1.000019	-0.008575	
759	1.000057	0.000014	-0.063110	-0.000014	1.000057	0.005371	
760	0.999952	-0.000021	0.054138	0.000021	0.999952	-0.043976	
761	1.000030	0.000024	-0.054810	-0.000024	1.000030	0.063507	
762	1.000107	0.000047	-0.127991	-0.000047	1.000107	0.086060	
763	0.999954	-0.000014	0.035034	0.000014	0.999954	0.024536	
764	1.000084	-0.000047	-0.092102	0.000047	1.000084	-0.077667	
765	0.999970	-0.000072	0.052673	0.000072	0.999970	-0.156799	
766	0.999931	0.000101	0.054932	-0.000101	0.999931	0.174561	
767	1.000003	0.000083	-0.005920	-0.000083	1.000003	0.080933	
768	1.000010	0.000026	-0.006287	-0.000026	1.000010	0.046021	
769	1.000089	0.000117	-0.126770	-0.000117	1.000089	0.207886	
770	1.000012	0.000006	0.016663	-0.000006	1.000012	-0.055298	
771	0.999987	-0.000028	0.019226	0.000028	0.999987	-0.018982	
772	0.999998	-0.000066	-0.002380	0.000066	0.999998	-0.072479	
773	1.000000	-0.000009	0.002502	0.000009	1.000000	-0.006134	
774	1.000006	-0.000036	-0.009277	0.000036	1.000006	-0.032043	
775	0.999977	-0.000036	0.022827	0.000036	0.999977	-0.053894	
776	0.999996	-0.000035	-0.000061	0.000035	0.999996	-0.054810	
777	1.000004	-0.000002	-0.000671	0.000002	1.000004	-0.004028	
778	0.999994	-0.000007	0.000000	0.000007	0.999994	-0.007050	
779	0.999960	-0.000012	0.043884	0.000012	0.999960	-0.030304	
780	0.999982	-0.000072	0.011902	0.000072	0.999982	-0.100891	
781	1.000020	0.000045	-0.015869	-0.000045	1.000020	0.044739	
782	0.999948	0.000037	0.080627	-0.000037	0.999948	0.023071	
783	0.999928	-0.000009	0.080933	0.000009	0.999928	-0.027405	
784	0.999960	0.000015	0.053345	-0.000015	0.999960	0.009430	
785	0.999959	0.000015	0.048035	-0.000015	0.999959	0.006409	
786	1.000165	0.000072	-0.195190	-0.000072	1.000165	0.119110	
787	1.000022	0.000047	-0.023376	-0.000047	1.000022	0.058136	
788	1.000033	0.000031	-0.037720	-0.000031	1.000033	0.041840	
789	1.000042	0.000038	-0.046143	-0.000038	1.000042	0.050110	
790	1.000005	0.000004	-0.008240	-0.000004	1.000005	0.002380	
791	1.000037	0.000063	-0.035461	-0.000063	1.000037	0.076141	
792	1.000034	0.000009	-0.036377	-0.000009	1.000034	0.005463	
793	1.000019	-0.000018	-0.026306	0.000018	1.000019	-0.016815	
794	1.000019	-0.000038	-0.022461	0.000038	1.000019	-0.037567	
795	0.999995	-0.000003	-0.010376	0.000003	0.999995	0.005127	
796	0.999965	-0.000014	0.027954	0.000014	0.999965	-0.017303	
797	0.999917	0.000072	0.091248	-0.000072	0.999917	0.080505	
798	1.000029	-0.000025	-0.037964	0.000025	1.000029	-0.027069	
799	1.000027	0.000026	-0.036255	-0.000026	1.000027	0.022217	
800	1.000039	0.000050	-0.034729	-0.000050	1.000039	0.061005	
801	1.000023	0.000070	-0.014038	-0.000070	1.000023	0.084991	
802	0.999974	-0.000020	0.038757	0.000020	0.999974	-0.019623	
803	0.999981	-0.000033	0.017029	0.000033	0.999981	-0.043732	
804	0.999975	-0.000066	0.026855	0.000066	0.999975	-0.082855	
805	0.999988	-0.000050	0.012268	0.000050	0.999988	-0.059906	
806	1.000022	0.000017	-0.033447	-0.000017	1.000022	0.022247	
807	1.000052	-0.000016	-0.056152	0.000016	1.000052	-0.027710	
808	1.000030	-0.000005	-0.018799	0.000005	1.000030	-0.009216	
809	1.000049	0.000024	-0.055420	-0.000024	1.000049	0.065063	
810	1.000003	0.000015	0.010803	-0.000015	1.000003	-0.007141	
811	1.000008	0.000046	-0.004822	-0.000046	1.000008	0.060638	
812	0.999943	0.000020	0.072021	-0.000020	0.999943	0.019745	
813	0.999903	0.000029	0.105713	-0.000029	0.999903	0.031982	
814	0.999908	-0.000053	0.117493	0.000053	0.999908	-0.092285	
815	0.999905	-0.000046	0.115601	0.000046	0.999905	-0.073975	
816	0.999893	-0.000003	0.109314	0.000003	0.999893	-0.004700	
817	1.000048	-0.000000	-0.055054	0.000000	1.000048	0.022827	
818	1.000029	0.000047	-0.039551	-0.000047	1.000029	0.069458	
819	1.000084	0.000002	-0.089417	-0.000002	1.000084	0.014954	
820	0.999932	-0.000028	0.081909	0.000028	0.999932	-0.059204	
821	0.999964	0.000025	0.050293	-0.000025	0.999964	0.021637	
822	0.999899	-0.000032	0.120667	0.000032	0.999899	-0.052368	
823	1.000007	-0.000006	-0.002747	0.000006	1.000007	-0.002655	
824	1.000089	0.000086	-0.094055	-0.000086	1.000089	0.118622	
825	1.000088	-0.000022	-0.107056	0.000022	1.000088	-0.010620	
826	1.000061	-0.000002	-0.072327	0.000002	1.000061	0.005341	
827	1.000026	0.000066	-0.032349	-0.000066	1.000026	0.090179	
828	0.999977	-0.000000	0.024841	0.000000	0.999977	-0.007690	
829	0.999969	-0.000036	0.043640	0.000036	0.999969	-0.062469	
830	0.999949	-0.000041	0.064453	0.000041	0.999949	-0.068817	
831	0.999971	-0.000025	0.043518	0.000025	0.999971	-0.058258	
832	1.000018	-0.000009	-0.017395	0.000009	1.000018	-0.026764	
833	0.999976	0.000088	-0.010132	-0.000088	0.999976	0.167450	
834	1.000095	0.000087	-0.127808	-0.000087	1.000095	0.173553	
835	1.000041	-0.000025	-0.020081	0.000025	1.000041	-0.076172	
836	0.999990	0.000015	0.038696	-0.000015	0.999990	-0.025055	
837	0.999900	-0.000047	0.128418	0.000047	0.999900	-0.118530	
838	0.999974	-0.000001	0.024719	0.000001	0.999974	0.010651	
839	0.999983	-0.000036	0.015686	0.000036	0.999983	-0.054352	
840	1.000025	0.000012	-0.029419	-0.000012	1.000025	0.016724	
841	1.000028	0.000018	-0.028503	-0.000018	1.000028	0.019104	
842	0.999948	-0.000002	0.072266	0.000002	0.999948	-0.020966	
843	1.000086	0.000079	-0.105469	-0.000079	1.000086	0.143585	
844	0.999952	-0.000010	0.057556	0.000010	0.999952	-0.051636	
845	1.000090	0.000060	-0.114075	-0.000060	1.000090	0.128387	
846	0.999831	-0.000137	0.191833	0.000137	0.999831	-0.236481	
847	1.000116	0.000070	-0.141724	-0.000070	1.000116	0.156647	
848	0.999926	-0.000054	0.087891	0.000054	0.999926	-0.109009	
849	0.999997	-0.000006	-0.010010	0.000006	0.999997	0.010010	
850	1.000077	-0.000039	-0.091370	0.000039	1.000077	-0.047882	
851	1.000000	-0.000006	-0.001099	0.000006	1.000000	-0.005188	
852	0.999955	-0.000050	0.046204	0.000050	0.999955	-0.067841	
853	1.000067	-0.000096	-0.060181	0.000096	1.000067	-0.194763	
854	0.999918	-0.000005	0.060120	0.000005	0.999918	0.053711	
855	0.999976	-0.000044	0.007141	0.000044	0.999976	-0.063934	
856	0.999907	-0.000008	0.076965	0.000008	0.999907	0.063202	
857	1.000056	-0.000019	-0.041626	0.000019	1.000056	-0.112305	
858	1.000112	0.000006	-0.137390	-0.000006	1.000112	0.016968	
859	0.999887	-0.000118	0.135986	0.000118	0.999887	-0.177887	
860	1.000156	0.000056	-0.187927	-0.000056	1.000156	0.126831	
861	0.999926	-0.000039	0.090698	0.000039	0.999926	-0.085571	
862	1.000069	0.000027	-0.086060	-0.000027	1.000069	0.070709	
863	0.999981	-0.000036	0.013062	0.000036	0.999981	-0.063354	
864	1.000050	-0.000046	-0.075317	0.000046	1.000050	-0.052277	
865	0.999972	-0.000100	0.025146	0.000100	0.999972	-0.157501	
866	1.000106	-0.000024	-0.148926	0.000024	1.000106	0.037506	
867	0.999919	-0.000051	0.097290	0.000051	0.999919	-0.123627	
868	1.000047	0.000025	-0.062988	-0.000025	1.000047	0.069550	
869	0.999985	-0.000016	0.031677	0.000016	0.999985	-0.040314	
870	1.000036	-0.000003	-0.030334	0.000003	1.000036	-0.004425	
871	0.999982	0.000011	0.029358	-0.000011	0.999982	0.039734	
872	1.000059	0.000019	-0.043274	-0.000019	1.000059	-0.015137	
873	0.999987	0.000040	0.029602	-0.000040	0.999987	0.052063	
874	0.999960	-0.000019	0.054443	0.000019	0.999960	-0.028107	
875	1.000039	-0.000002	-0.037659	0.000002	1.000039	-0.005341	
876	0.999972	-0.000006	0.062866	0.000006	0.999972	-0.024139	
877	0.999990	0.000009	0.007080	-0.000009	0.999990	0.015656	
878	1.000029	-0.000007	-0.037109	0.000007	1.000029	0.004486	
879	0.999982	-0.000009	0.016968	0.000009	0.999982	-0.006256	
880	1.000055	0.000024	-0.070129	-0.000024	1.000055	0.038116	
881	1.000015	-0.000036	-0.022949	0.000036	1.000015	-0.037018	
882	1.000019	-0.000001	-0.007141	0.000001	1.000019	-0.012207	
883	0.999993	-0.000003	0.009460	0.000003	0.999993	-0.011169	
884	0.999991	-0.000012	0.013489	0.000012	0.999991	-0.018158	
885	0.999995	-0.000016	0.010559	0.000016	0.999995	-0.031097	
886	0.999980	0.000004	0.026001	-0.000004	0.999980	-0.005981	
887	0.999984	-0.000003	0.017639	0.000003	0.999984	-0.020477	
888	0.999970	-0.000026	0.031067	0.000026	0.999970	-0.052032	
889	1.000053	0.000022	-0.057983	-0.000022	1.000053	0.032166	
890	1.000108	-0.000002	-0.127930	0.000002	1.000108	0.019287	
891	1.000065	0.000008	-0.076538	-0.000008	1.000065	0.028290	
892	1.000027	0.000003	-0.030762	-0.000003	1.000027	0.017578	
893	1.000033	0.000017	-0.038086	-0.000017	1.000033	0.033966	
894	1.000040	-0.000010	-0.052917	0.000010	1.000040	-0.002991	
895	1.000038	0.000005	-0.044556	-0.000005	1.000038	0.015106	
896	1.000025	0.000020	-0.024780	-0.000020	1.000025	0.035126	
897	1.000027	-0.000011	-0.030945	0.000011	1.000027	-0.001404	
898	1.000018	0.000015	-0.019104	-0.000015	1.000018	0.025330	
899	0.999989	0.000028	0.017151	-0.000028	0.999989	0.034943	
900	0.999940	0.000039	0.064087	-0.000039	0.999940	0.052795	
901	1.000017	0.000104	-0.026428	-0.000104	1.000017	0.179901	
902	0.999826	-0.000111	0.205383	0.000111	0.999826	-0.246765	
903	1.000074	0.000186	-0.095398	-0.000186	1.000074	0.352173	
904	0.999972	-0.000169	0.046509	0.000169	0.999972	-0.350189	
905	1.000021	0.000255	0.042419	-0.000255	1.000021	0.417358	
906	0.999965	-0.000203	-0.036316	0.000203	0.999965	-0.209320	
907	0.999645	0.000160	0.436890	-0.000160	0.999645	-0.015320	
908	1.000214	0.000069	-0.084290	-0.000069	1.000214	0.307831	
909	0.999964	0.000124	-0.019531	-0.000124	0.999964	0.095306	
910	1.000024	-0.000336	-0.049500	0.000336	1.000024	-0.415802	
911	0.999954	0.000311	-0.104736	-0.000311	0.999954	0.464264	
912	1.000056	0.000049	0.122437	-0.000049	1.000056	-0.002197	
913	1.000081	-0.000142	-0.189514	0.000142	1.000081	-0.191895	
914	0.999878	0.000123	0.210815	-0.000123	0.999878	0.135529	
915	1.000021	0.000118	-0.039917	-0.000118	1.000021	0.167084	
916	0.999824	0.000119	0.186890	-0.000119	0.999824	0.248566	
917	1.000064	0.000061	-0.004333	-0.000061	1.000064	-0.068573	
918	0.999686	0.000187	0.294983	-0.000187	0.999686	0.479584	
919	1.000191	0.000025	-0.191833	-0.000025	1.000191	0.010101	
920	0.999868	0.000149	0.233765	-0.000149	0.999868	-0.028992	
921	0.999933	0.000045	0.135742	-0.000045	0.999933	0.092438	
922	0.999863	0.000177	0.124023	-0.000177	0.999863	0.266418	
923	1.000089	0.000033	0.000549	-0.000033	1.000089	-0.035980	
924	0.999989	0.000104	-0.029175	-0.000104	0.999989	0.192413	
925	1.000014	-0.000020	0.055725	0.000020	1.000014	-0.203308	
926	0.999966	0.000126	-0.019348	-0.000126	0.999966	0.412048	
927	1.000064	0.000006	-0.009521	-0.000006	1.000064	-0.174591	
928	1.000088	-0.000026	-0.077698	0.000026	1.000088	-0.068848	
929	0.999931	0.000059	0.066956	-0.000059	0.999931	0.104340	
930	0.999958	-0.000045	0.028015	0.000045	0.999958	-0.037476	
931	1.000117	0.000122	-0.108154	-0.000122	1.000117	0.201172	
932	0.999914	-0.000145	0.066223	0.000145	0.999914	-0.263611	
933	0.999978	0.000173	0.097107	-0.000173	0.999978	0.217560	
934	1.000035	-0.000135	-0.099121	0.000135	1.000035	-0.151337	
935	1.000177	0.000020	-0.109558	-0.000020	1.000177	0.078247	
936	0.999777	-0.000185	0.126953	0.000185	0.999777	-0.313110	
937	1.000189	0.000214	-0.107727	-0.000214	1.000189	0.371704	
938	0.999830	-0.000297	0.089600	0.000297	0.999830	-0.470825	
939	1.000142	0.000052	-0.164368	-0.000052	1.000142	0.244324	
940	0.999803	-0.000025	0.275696	0.000025	0.999803	-0.352234	
941	1.000156	0.000039	-0.182251	-0.000039	1.000156	0.362457	
942	0.999882	-0.000198	0.106018	0.000198	0.999882	-0.583191	
943	1.000084	0.000050	-0.103394	-0.000050	1.000084	0.298981	
944	0.999902	-0.000133	0.071167	0.000133	0.999902	-0.272064	
945	0.999941	-0.000028	0.050964	0.000028	0.999941	-0.022644	
946	1.000053	0.000048	-0.034729	-0.000048	1.000053	0.032135	
947	0.999917	-0.000140	0.049866	0.000140	0.999917	-0.139282	
948	1.000040	0.000059	-0.015808	-0.000059	1.000040	0.055115	
949	1.000047	-0.000029	-0.059021	0.000029	1.000047	-0.018311	
950	1.000022	-0.000020	-0.036011	0.000020	1.000022	-0.025146	
951	1.000038	-0.000025	-0.048401	0.000025	1.000038	-0.039642	
952	0.999953	0.000017	0.051514	-0.000017	0.999953	0.022339	
953	0.999946	0.000018	0.051636	-0.000018	0.999946	0.043915	
954	1.000051	0.000008	-0.058105	-0.000008	1.000051	-0.018311	
955	0.999965	-0.000055	0.010132	0.000055	0.999965	-0.007172	
956	1.000034	0.000007	-0.042603	-0.000007	1.000034	0.018463	
957	1.000041	-0.000042	-0.033936	0.000042	1.000041	-0.104218	
958	1.000008	0.000050	-0.046509	-0.000050	1.000008	0.184570	
959	1.000029	-0.000069	-0.035645	0.000069	1.000029	-0.143799	
960	1.000024	0.000068	0.013000	-0.000068	1.000024	0.061523	
961	0.999938	-0.000094	0.046448	0.000094	0.999938	-0.149902	
962	1.000067	0.000173	-0.070007	-0.000173	1.000067	0.311340	
963	0.999997	-0.000136	-0.003418	0.000136	0.999997	-0.235474	
964	0.999947	-0.000002	0.071289	0.000002	0.999947	-0.009186	
965	0.999991	0.000004	0.014038	-0.000004	0.999991	0.007690	
966	1.000091	0.000067	-0.122192	-0.000067	1.000091	0.180695	
967	0.999875	-0.000126	0.165405	0.000126	0.999875	-0.263947	
968	1.000001	-0.000034	0.005615	0.000034	1.000001	-0.079681	
969	1.000049	-0.000098	-0.015625	0.000098	1.000049	-0.217438	
970	0.999931	0.000068	0.054443	-0.000068	0.999931	0.156219	
971	1.000021	0.000030	-0.040649	-0.000030	1.000021	0.074097	
972	0.999952	0.000082	0.011597	-0.000082	0.999952	0.219360	
973	1.000129	0.000098	-0.165894	-0.000098	1.000129	0.237854	
974	1.000084	-0.000098	-0.041992	0.000098	1.000084	-0.290985	
975	1.000003	0.000001	0.002502	-0.000001	1.000003	-0.011566	
976	0.999961	-0.000004	0.034668	0.000004	0.999961	0.003815	
977	1.000038	0.000087	-0.052612	-0.000087	1.000038	0.144836	
978	1.000072	0.000135	-0.119873	-0.000135	1.000072	0.305450	
979	1.000083	0.000077	-0.063538	-0.000077	1.000083	0.028442	
980	0.999878	-0.000097	0.170349	0.000097	0.999878	-0.238281	
981	0.999927	-0.000006	0.075928	0.000006	0.999927	-0.002045	
982	0.999969	0.000012	0.019897	-0.000012	0.999969	0.038513	
983	1.000061	-0.000029	-0.093994	0.000029	1.000061	-0.049927	
984	1.000066	0.000167	-0.161499	-0.000167	1.000066	0.435760	
985	1.000014	-0.000065	0.031738	0.000065	1.000014	-0.173279	
986	0.999866	-0.000070	0.187744	0.000070	0.999866	-0.168762	
987	0.999996	0.000021	0.056885	-0.000021	0.999996	-0.046051	
988	1.000010	0.000029	-0.039917	-0.000029	1.000010	0.064117	
989	0.999996	0.000044	0.000610	-0.000044	0.999996	0.089630	
990	0.999992	0.000061	0.024841	-0.000061	0.999992	0.085144	
991	0.999931	-0.000008	0.088867	0.000008	0.999931	-0.005341	
992	0.999983	-0.000044	0.028931	0.000044	0.999983	-0.064484	
993	0.999927	0.000054	0.095459	-0.000054	0.999927	0.062408	
994	0.999962	0.000006	0.065063	-0.000006	0.999962	-0.013580	
995	1.000021	0.000019	-0.019409	-0.000019	1.000021	0.023224	
996	0.999975	0.000032	0.046143	-0.000032	0.999975	0.031799	
997	0.999992	0.000016	0.012390	-0.000016	0.999992	0.028473	
998	0.999953	-0.000022	0.062439	0.000022	0.999953	-0.042297	
999	1.000004	0.000016	-0.005493	-0.000016	1.000004	0.027191	
1000	1.000062	0.000023	-0.067749	-0.000023	1.000062	0.030334	
1001	1.000091	-0.000009	-0.100586	0.000009	1.000091	-0.012695	
1002	1.000033	-0.000017	-0.052673	0.000017	1.000033	-0.003418	
1003	1.000019	-0.000003	-0.018066	0.000003	1.000019	-0.017059	
1004	1.000019	-0.000049	-0.023560	0.000049	1.000019	-0.056915	
1005	0.999979	-0.000076	0.005493	0.000076	0.999979	-0.079102	
1006	1.000059	-0.000101	-0.086792	0.000101	1.000059	-0.123199	
1007	1.000052	-0.000029	-0.068970	0.000029	1.000052	-0.033142	
1008	1.000044	-0.000096	-0.061523	0.000096	1.000044	-0.103119	
1009	1.000078	-0.000050	-0.093628	0.000050	1.000078	-0.058044	
1010	1.000058	-0.000082	-0.084961	0.000082	1.000058	-0.090759	
1011	1.000035	-0.000052	-0.053223	0.000052	1.000035	-0.052765	
1012	1.000118	-0.000058	-0.153503	0.000058	1.000118	-0.047119	
1013	1.000044	-0.000038	-0.066528	0.000038	1.000044	-0.032227	
1014	1.000001	-0.000021	-0.011108	0.000021	1.000001	-0.014801	
1015	0.999990	0.000001	0.004822	-0.000001	0.999990	-0.008392	
1016	0.999991	-0.000019	0.004578	0.000019	0.999991	-0.027100	
1017	0.999995	-0.000029	-0.007751	0.000029	0.999995	-0.030304	
1018	1.000001	0.000005	-0.004944	-0.000005	1.000001	0.016113	
1019	0.999951	0.000015	0.065857	-0.000015	0.999951	0.026672	
1020	0.999940	0.000022	0.081482	-0.000022	0.999940	0.026245	
1021	0.999965	0.000016	0.047363	-0.000016	0.999965	0.025269	
1022	1.000009	0.000031	-0.001282	-0.000031	1.000009	0.047760	
1023	0.999996	0.000032	0.012512	-0.000032	0.999996	0.048187	
1024	0.999951	0.000006	0.064087	-0.000006	0.999951	0.008728	
1025	0.999941	0.000060	0.073486	-0.000060	0.999941	0.070618	
1026	0.999937	0.000038	0.083496	-0.000038	0.999937	0.044952	
1027	0.999960	0.000026	0.052979	-0.000026	0.999960	0.033997	
1028	0.999996	0.000064	0.015503	-0.000064	0.999996	0.080170	
1029	1.000024	0.000036	-0.029419	-0.000036	1.000024	0.053894	
1030	1.000003	0.000073	0.013550	-0.000073	1.000003	0.090027	
1031	1.000026	0.000103	-0.009399	-0.000103	1.000026	0.125031	
1032	1.000003	0.000114	0.016785	-0.000114	1.000003	0.138214	
1033	0.999987	0.000068	0.024109	-0.000068	0.999987	0.085968	
1034	0.999992	0.000078	0.021667	-0.000078	0.999992	0.094025	
1035	0.999958	0.000053	0.065491	-0.000053	0.999958	0.044495	
1036	0.999978	-0.000011	0.043579	0.000011	0.999978	-0.028107	
1037	0.999990	-0.000054	0.014954	0.000054	0.999990	-0.056183	
1038	0.999997	0.000008	0.003906	-0.000008	0.999997	0.014160	
1039	1.000029	-0.000027	-0.043396	0.000027	1.000029	-0.019104	
1040	0.999970	0.000024	0.033264	-0.000024	0.999970	0.037750	
1041	0.999957	0.000067	0.063416	-0.000067	0.999957	0.082977	
1042	0.999942	-0.000005	0.064087	0.000005	0.999942	-0.009613	
1043	1.000009	-0.000007	-0.022095	0.000007	1.000009	0.002319	
1044	1.000031	-0.000017	-0.050903	0.000017	1.000031	-0.006653	
1045	0.999987	-0.000020	0.009277	0.000020	0.999987	-0.025665	
1046	0.999978	-0.000019	0.021729	0.000019	0.999978	-0.024628	
1047	0.999973	-0.000014	0.033813	0.000014	0.999973	-0.021759	
1048	0.999988	-0.000013	0.018921	0.000013	0.999988	-0.020752	
1049	1.000004	0.000006	-0.015259	-0.000006	1.000004	0.027496	
1050	1.000057	0.000026	-0.080933	-0.000026	1.000057	0.077850	
1051	0.999926	0.000037	0.095581	-0.000037	0.999926	-0.006409	
1052	1.000029	0.000045	-0.042114	-0.000045	1.000029	0.117188	
1053	0.999966	-0.000033	0.049316	0.000033	0.999966	-0.085754	
1054	0.999984	0.000003	0.007324	-0.000003	0.999984	0.009674	
1055	1.000005	0.000085	-0.005615	-0.000085	1.000005	0.119141	
1056	1.000012	0.000053	-0.006958	-0.000053	1.000012	0.077026	
1057	0.999983	0.000093	0.035278	-0.000093	0.999983	0.112427	
1058	0.999959	-0.000020	0.059570	0.000020	0.999959	-0.046509	
1059	1.000012	0.000017	-0.003906	-0.000017	1.000012	0.020508	
1060	0.999977	0.000053	0.026367	-0.000053	0.999977	0.112274	
1061	1.000049	0.000037	-0.037109	-0.000037	1.000049	0.028564	
1062	1.000016	0.000021	-0.010864	-0.000021	1.000016	0.042358	
1063	1.000140	0.000104	-0.153809	-0.000104	1.000140	0.144043	
1064	0.999988	0.000066	0.010986	-0.000066	0.999988	0.089417	
1065	0.999906	0.000050	0.124756	-0.000050	0.999906	0.036774	
1066	0.999939	0.000009	0.063721	-0.000009	0.999939	0.033356	
1067	0.999957	-0.000033	0.070435	0.000033	0.999957	-0.089661	
1068	0.999968	0.000057	0.037720	-0.000057	0.999968	0.104340	
1069	1.000010	0.000029	-0.001099	-0.000029	1.000010	0.041199	
1070	1.000015	0.000054	-0.010376	-0.000054	1.000015	0.079163	
1071	1.000052	0.000058	-0.055054	-0.000058	1.000052	0.111023	
1072	1.000069	0.000025	-0.065308	-0.000025	1.000069	-0.001495	
1073	1.000001	0.000060	-0.015503	-0.000060	1.000001	0.146057	
1074	1.000087	0.000005	-0.083008	-0.000005	1.000087	-0.048798	
1075	1.000055	0.000031	-0.065186	-0.000031	1.000055	0.062805	
1076	0.999929	-0.000055	0.083008	0.000055	0.999929	-0.076599	
1077	0.999956	-0.000042	0.048096	0.000042	0.999956	-0.068726	
1078	0.999985	-0.000017	0.019531	0.000017	0.999985	-0.030975	
1079	0.999970	-0.000018	0.040894	0.000018	0.999970	-0.030823	
1080	1.000009	0.000011	-0.009888	-0.000011	1.000009	0.014008	
1081	1.000032	-0.000030	-0.053162	0.000030	1.000032	-0.016907	
1082	1.000061	-0.000009	-0.089661	0.000009	1.000061	0.020813	
1083	1.000078	0.000012	-0.103821	-0.000012	1.000078	0.047119	
1084	0.999994	-0.000045	0.009155	0.000045	0.999994	-0.077515	
1085	1.000077	0.000042	-0.102051	-0.000042	1.000077	0.100555	
1086	1.000018	0.000042	-0.020996	-0.000042	1.000018	0.112793	
1087	0.999963	0.000020	0.049255	-0.000020	0.999963	-0.026398	
1088	0.999970	0.000006	0.037476	-0.000006	0.999970	-0.011230	
1089	0.999964	-0.000023	0.043091	0.000023	0.999964	-0.039124	
1090	0.999952	0.000030	0.050049	-0.000030	0.999952	0.078217	
1091	1.000055	0.000018	-0.063599	-0.000018	1.000055	0.025482	
1092	1.000045	0.000018	-0.052307	-0.000018	1.000045	0.024841	
1093	1.000026	0.000002	-0.028076	-0.000002	1.000026	0.005859	
1094	1.000055	0.000025	-0.063965	-0.000025	1.000055	0.050415	
1095	1.000019	-0.000000	-0.013062	0.000000	1.000019	-0.014435	
1096	0.999914	-0.000033	0.115967	0.000033	0.999914	-0.093323	
1097	1.000117	0.000088	-0.139038	-0.000088	1.000117	0.156219	
1098	0.999998	0.000013	0.009155	-0.000013	0.999998	0.019623	
1099	0.999986	-0.000026	0.024353	0.000026	0.999986	-0.036804	
1100	1.000009	-0.000060	-0.001465	0.000060	1.000009	-0.101746	
1101	0.999880	-0.000087	0.149963	0.000087	0.999880	-0.209320	
1102	1.000041	0.000023	-0.084839	-0.000023	1.000041	0.152557	
1103	0.999955	-0.000001	0.059265	0.000001	0.999955	-0.010651	
1104	0.999915	-0.000005	0.104553	0.000005	0.999915	-0.009491	
1105	0.999956	0.000035	0.069519	-0.000035	0.999956	0.023041	
1106	1.000078	0.000048	-0.105957	-0.000048	1.000078	0.092590	
1107	1.000001	-0.000047	-0.009644	0.000047	1.000001	-0.060028	
1108	1.000032	-0.000013	-0.039062	0.000013	1.000032	-0.001862	
1109	1.000001	0.000056	-0.002502	-0.000056	1.000001	0.083740	
1110	0.999999	0.000054	-0.004883	-0.000054	0.999999	0.099945	
1111	1.000087	-0.000004	-0.112976	0.000004	1.000087	0.035828	
1112	1.000058	-0.000035	-0.068176	0.000035	1.000058	-0.035889	
1113	1.000079	-0.000011	-0.087036	0.000011	1.000079	0.000061	
1114	1.000036	-0.000028	-0.026428	0.000028	1.000036	-0.074005	
1115	0.999937	0.000043	0.068970	-0.000043	0.999937	0.060638	
1116	0.999951	0.000051	0.049561	-0.000051	0.999951	0.065674	
1117	0.999948	0.000026	0.054871	-0.000026	0.999948	0.015442	
1118	1.000019	0.000043	-0.040039	-0.000043	1.000019	0.082672	
1119	0.999983	-0.000003	0.027222	0.000003	0.999983	-0.041138	
1120	1.000037	0.000018	-0.033569	-0.000018	1.000037	0.014313	
1121	0.999993	-0.000050	0.003540	0.000050	0.999993	-0.054108	
1122	1.000001	-0.000056	-0.002380	0.000056	1.000001	-0.068695	
1123	0.999994	-0.000000	0.008728	0.000000	0.999994	-0.003174	
1124	0.999983	0.000034	0.028259	-0.000034	0.999983	0.044464	
1125	0.999988	-0.000028	0.026550	0.000028	0.999988	-0.051422	
1126	0.999995	-0.000008	0.017944	0.000008	0.999995	-0.031982	
1127	0.999970	-0.000055	0.036255	0.000055	0.999970	-0.075470	
1128	0.999990	-0.000007	0.018188	0.000007	0.999990	-0.023224	
1129	1.000008	-0.000018	-0.001343	0.000018	1.000008	-0.035492	
1130	0.999966	-0.000004	0.053040	0.000004	0.999966	-0.016144	
1131	0.999968	0.000083	0.063416	-0.000083	0.999968	0.085083	
1132	0.999977	0.000017	0.043030	-0.000017	0.999977	0.009399	
1133	1.000000	0.000058	-0.003662	-0.000058	1.000000	0.058411	
1134	0.999991	0.000012	0.010681	-0.000012	0.999991	-0.009186	
1135	1.000020	0.000020	-0.023376	-0.000020	1.000020	0.029846	
1136	1.000042	0.000061	-0.044189	-0.000061	1.000042	0.076141	
1137	1.000029	0.000069	-0.029602	-0.000069	1.000029	0.089874	
1138	1.000031	0.000031	-0.034668	-0.000031	1.000031	0.044434	
1139	1.000032	0.000038	-0.038025	-0.000038	1.000032	0.049469	
1140	1.000028	0.000095	-0.029785	-0.000095	1.000028	0.118988	
1141	1.000076	0.000065	-0.079346	-0.000065	1.000076	0.082672	
1142	1.000038	0.000038	-0.043396	-0.000038	1.000038	0.057587	
1143	1.000034	-0.000030	-0.041016	0.000030	1.000034	-0.038818	
1144	1.000012	-0.000026	-0.008911	0.000026	1.000012	-0.037933	
1145	0.999985	-0.000003	0.020935	0.000003	0.999985	-0.004089	
1146	0.999875	-0.000075	0.171631	0.000075	0.999875	-0.175751	
1147	0.999982	0.000081	-0.019409	-0.000081	0.999982	0.258606	
1148	0.999955	-0.000072	0.084717	0.000072	0.999955	-0.237762	
1149	0.999983	0.000057	0.022034	-0.000057	0.999983	0.077942	
1150	1.000001	0.000027	-0.000610	-0.000027	1.000001	0.023163	
1151	0.999988	0.000007	0.009705	-0.000007	0.999988	0.001099	
1152	0.999972	0.000046	0.032104	-0.000046	0.999972	0.042023	
1153	0.999958	0.000012	0.048523	-0.000012	0.999958	0.018311	
1154	0.999961	0.000028	0.043152	-0.000028	0.999961	0.044128	
1155	0.999972	0.000013	0.037170	-0.000013	0.999972	0.011200	
1156	0.999956	0.000004	0.053345	-0.000004	0.999956	0.012390	
1157	0.999949	-0.000093	0.050720	0.000093	0.999949	-0.103088	
1158	0.999962	-0.000005	0.042847	0.000005	0.999962	-0.001953	
1159	0.999959	0.000026	0.046875	-0.000026	0.999959	0.029999	
1160	1.000017	0.000013	-0.020447	-0.000013	1.000017	0.015381	
1161	1.000000	0.000018	-0.001221	-0.000018	1.000000	0.026337	
1162	0.999990	0.000030	0.014160	-0.000030	0.999990	0.037354	
1163	0.999994	0.000034	0.007263	-0.000034	0.999994	0.044464	
1164	0.999994	-0.000023	0.005981	0.000023	0.999994	-0.020996	
1165	0.999986	0.000061	0.022461	-0.000061	0.999986	0.075775	
1166	1.000004	0.000032	-0.010620	-0.000032	1.000004	0.037018	
1167	1.000005	0.000035	-0.003418	-0.000035	1.000005	0.050629	
1168	0.999968	-0.000004	0.035706	0.000004	0.999968	0.006439	
1169	0.999980	-0.000046	0.024780	0.000046	0.999980	-0.051361	
1170	1.000046	0.000063	-0.065613	-0.000063	1.000046	0.142792	
1171	0.999838	-0.000073	0.209351	0.000073	0.999838	-0.232697	
1172	1.000147	0.000024	-0.183655	-0.000024	1.000147	0.124298	
1173	0.999930	-0.000059	0.065674	0.000059	0.999930	-0.087585	
1174	0.999993	-0.000035	0.002808	0.000035	0.999993	-0.040527	
1175	1.000061	-0.000033	-0.083557	0.000033	1.000061	-0.014618	
1176	1.000053	0.000026	-0.052429	-0.000026	1.000053	0.047516	
1177	0.999973	-0.000032	0.029724	0.000032	0.999973	-0.043030	
1178	0.999985	-0.000001	0.022461	0.000001	0.999985	-0.009552	
1179	0.999975	-0.000011	0.028687	0.000011	0.999975	-0.012115	
1180	0.999992	0.000053	-0.006104	-0.000053	0.999992	0.077911	
1181	0.999996	0.000038	-0.030151	-0.000038	0.999996	0.064117	
1182	1.000161	0.000114	-0.206299	-0.000114	1.000161	0.259430	
1183	0.999915	-0.000091	0.128784	0.000091	0.999915	-0.243195	
1184	0.999985	0.000015	0.024658	-0.000015	0.999985	0.022644	
1185	0.999977	-0.000052	0.025269	0.000052	0.999977	-0.066010	
1186	1.000005	-0.000023	-0.005005	0.000023	1.000005	-0.037292	
1187	0.999989	0.000023	0.013489	-0.000023	0.999989	0.019287	
1188	0.999983	0.000024	0.021362	-0.000024	0.999983	0.020874	
1189	1.000000	0.000069	0.003601	-0.000069	1.000000	0.072327	
1190	1.000012	0.000020	-0.011658	-0.000020	1.000012	0.020538	
1191	1.000052	-0.000027	-0.073853	0.000027	1.000052	-0.035309	
1192	1.000034	0.000015	-0.045776	-0.000015	1.000034	0.016510	
1193	1.000044	-0.000022	-0.056091	0.000022	1.000044	-0.020844	
1194	1.000019	-0.000030	-0.021790	0.000030	1.000019	-0.041443	
1195	1.000032	-0.000049	-0.039490	0.000049	1.000032	-0.051727	
1196	0.999974	0.000008	0.050476	-0.000008	0.999974	-0.012115	
1197	0.999981	-0.000010	0.026062	0.000010	0.999981	-0.014618	
1198	0.999976	-0.000006	0.030701	0.000006	0.999976	-0.013428	
1199	1.000008	0.000004	-0.005737	-0.000004	1.000008	0.008545	
1200	0.999987	0.000011	0.018860	-0.000011	0.999987	0.003632	
1201	1.000033	0.000024	-0.034668	-0.000024	1.000033	0.031219	
