0	1.000000	0.000000	0.000000	0.000000	1.000000	0.000000	
1	1.000000	0.000000	0.000000	0.000000	1.000000	0.000000	
2	1.000000	0.000000	0.000000	0.000000	1.000000	0.000000	
3	1.000000	0.000000	0.000000	0.000000	1.000000	0.000000	
4	1.000000	0.000000	0.000000	0.000000	1.000000	0.000000	
5	1.000000	0.000000	0.000000	0.000000	1.000000	0.000000	
6	0.999900	0.002251	-4.922852	-0.002251	0.999900	-0.525452	
7	0.999900	0.002251	-4.922852	-0.002251	0.999900	-0.525452	
8	0.999900	0.002251	-4.922852	-0.002251	0.999900	-0.525452	
9	0.999900	0.002251	-4.922852	-0.002251	0.999900	-0.525452	
10	1.014525	0.006131	-13.063538	-0.006131	1.014525	1.551849	
11	1.014525	0.006131	-13.063538	-0.006131	1.014525	1.551849	
12	0.995292	0.002567	0.680725	-0.002567	0.995292	4.183624	
13	0.995292	0.002567	0.680725	-0.002567	0.995292	4.183624	
14	0.997503	0.005082	-0.824036	-0.005082	0.997503	3.688965	
15	0.997503	0.005082	-0.824036	-0.005082	0.997503	3.688965	
16	0.999016	0.004036	-1.346191	-0.004036	0.999016	2.361847	
17	0.999016	0.004036	-1.346191	-0.004036	0.999016	2.361847	
18	0.999016	0.004036	-1.346191	-0.004036	0.999016	2.361847	
19	0.999016	0.004036	-1.346191	-0.004036	0.999016	2.361847	
20	1.000579	0.000101	-0.543091	-0.000101	1.000579	-0.340881	
21	1.000579	0.000101	-0.543091	-0.000101	1.000579	-0.340881	
22	1.002077	-0.001104	-1.570251	0.001104	1.002077	-1.373505	
23	1.002077	-0.001104	-1.570251	0.001104	1.002077	-1.373505	
24	1.001173	-0.000091	-1.195068	0.000091	1.001173	-0.990204	
25	1.001173	-0.000091	-1.195068	0.000091	1.001173	-0.990204	
26	1.003178	-0.014636	0.123657	0.014636	1.003178	-9.505280	
27	1.003178	-0.014636	0.123657	0.014636	1.003178	-9.505280	
28	1.002049	0.000823	-2.155457	-0.000823	1.002049	-0.272797	
29	1.002049	0.000823	-2.155457	-0.000823	1.002049	-0.272797	
30	1.003846	0.003391	-4.132568	-0.003391	1.003846	-0.930573	
31	1.004944	0.004215	-5.155029	-0.004215	1.004944	-1.293579	
32	0.999564	-0.000083	0.220215	0.000083	0.999564	-0.195496	
33	0.999564	-0.000083	0.220215	0.000083	0.999564	-0.195496	
34	1.002830	-0.000430	-1.932983	0.000430	1.002830	-1.883301	
35	1.004957	0.001184	-3.961609	-0.001184	1.004957	-1.907898	
36	1.000186	0.000328	-0.298462	-0.000328	1.000186	-0.010437	
37	1.001251	0.000631	-0.903015	-0.000631	1.001251	-0.820374	
38	1.000583	0.000418	-0.442627	-0.000418	1.000583	-0.117157	
39	1.000583	0.000418	-0.442627	-0.000418	1.000583	-0.117157	
40	1.000583	0.000418	-0.442627	-0.000418	1.000583	-0.117157	
41	1.000583	0.000418	-0.442627	-0.000418	1.000583	-0.117157	
42	1.001289	-0.000864	-0.527222	0.000864	1.001289	-1.701996	
43	1.001289	-0.000864	-0.527222	0.000864	1.001289	-1.701996	
44	1.000040	-0.002840	1.070129	0.002840	1.000040	-2.451569	
45	1.000040	-0.002840	1.070129	0.002840	1.000040	-2.451569	
46	1.000690	-0.001132	0.161499	0.001132	1.000690	-1.326752	
47	1.003315	-0.004166	1.038483	0.004166	1.003315	-2.744873	
48	1.000382	-0.000055	-0.276550	0.000055	1.000382	0.332123	
49	1.001223	-0.001789	0.614502	0.001789	1.001223	-1.548187	
50	1.000262	0.000186	-0.111511	-0.000186	1.000262	-0.096619	
51	1.000262	0.000186	-0.111511	-0.000186	1.000262	-0.096619	
52	0.997437	0.004409	-0.183411	-0.004409	0.997437	6.033051	
53	0.997437	0.004409	-0.183411	-0.004409	0.997437	6.033051	
54	0.999581	0.000359	-0.102783	-0.000359	0.999581	0.572968	
55	0.999881	0.000006	0.212769	-0.000006	0.999881	0.026245	
56	0.999575	0.000112	0.069092	-0.000112	0.999575	0.200836	
57	0.999446	0.000454	0.168823	-0.000454	0.999446	0.386322	
58	0.999662	-0.000211	0.197571	0.000211	0.999662	-0.266754	
59	0.999866	0.000225	0.010803	-0.000225	0.999866	0.176422	
60	0.999444	0.000607	-0.052124	-0.000607	0.999444	0.704285	
61	0.999901	0.000203	0.016052	-0.000203	0.999901	0.120667	
62	1.000321	-0.000634	0.228088	0.000634	1.000321	-0.743317	
63	1.000381	0.000366	-0.304504	-0.000366	1.000381	-0.388580	
64	1.000373	-0.000071	-0.256226	0.000071	1.000373	-0.540375	
65	1.001329	-0.000907	-0.736206	0.000907	1.001329	-1.693787	
66	1.000399	-0.000138	-0.138062	0.000138	1.000399	-0.520355	
67	1.000885	0.000115	-0.290405	-0.000115	1.000885	-0.699402	
68	1.000348	-0.000169	-0.047668	0.000169	1.000348	-0.430634	
69	1.001085	0.000824	-0.529053	-0.000824	1.001085	-0.569336	
70	1.001163	-0.000167	-0.604065	0.000167	1.001163	-1.264038	
71	1.002630	0.002308	-1.662598	-0.002308	1.002630	-1.056702	
72	1.000736	0.000816	-0.683594	-0.000816	1.000736	-0.456177	
73	0.999522	-0.000996	1.215454	0.000996	0.999522	-0.556183	
74	1.000532	-0.003092	0.963257	0.003092	1.000532	-1.137054	
75	1.000532	-0.003092	0.963257	0.003092	1.000532	-1.137054	
76	1.000937	-0.000603	-0.438049	0.000603	1.000937	-0.532043	
77	1.003400	0.000862	-2.619141	-0.000862	1.003400	-1.626678	
78	0.999250	0.000270	0.209106	-0.000270	0.999250	0.598450	
79	0.999250	0.000270	0.209106	-0.000270	0.999250	0.598450	
80	0.999867	-0.000394	0.399841	0.000394	0.999867	-0.340790	
81	1.000193	-0.000640	0.319519	0.000640	1.000193	-0.295990	
82	1.000550	-0.000822	0.122070	0.000822	1.000550	-0.561066	
83	0.999859	-0.000870	0.607361	0.000870	0.999859	-0.128784	
84	1.000485	0.000203	-0.463196	-0.000203	1.000485	-0.155701	
85	0.996782	0.002706	1.115662	-0.002706	0.996782	4.079742	
86	1.000138	0.002009	-1.420471	-0.002009	1.000138	1.752411	
87	1.000138	0.002009	-1.420471	-0.002009	1.000138	1.752411	
88	1.003047	-0.006519	0.121155	0.006519	1.003047	-5.205933	
89	1.003047	-0.006519	0.121155	0.006519	1.003047	-5.205933	
90	1.002245	-0.000532	-0.845093	0.000532	1.002245	-1.614899	
91	1.002245	-0.000532	-0.845093	0.000532	1.002245	-1.614899	
92	1.002245	-0.000532	-0.845093	0.000532	1.002245	-1.614899	
93	1.002245	-0.000532	-0.845093	0.000532	1.002245	-1.614899	
94	1.000513	-0.000730	0.017944	0.000730	1.000513	-0.696625	
95	1.000254	-0.001107	0.609802	0.001107	1.000254	-0.557770	
96	1.000916	-0.000389	-0.323730	0.000389	1.000916	-0.518524	
97	1.000916	-0.000389	-0.323730	0.000389	1.000916	-0.518524	
98	1.002308	0.000019	-1.325134	-0.000019	1.002308	-0.600739	
99	1.002308	0.000019	-1.325134	-0.000019	1.002308	-0.600739	
100	0.998898	0.002610	-0.112183	-0.002610	0.998898	3.703156	
101	0.998898	0.002610	-0.112183	-0.002610	0.998898	3.703156	
102	0.998418	0.000071	0.310852	-0.000071	0.998418	0.989899	
103	0.998418	0.000071	0.310852	-0.000071	0.998418	0.989899	
104	0.999246	0.000048	0.321533	-0.000048	0.999246	0.332886	
105	1.000311	0.000271	-0.362427	-0.000271	1.000311	-0.201599	
106	0.999570	-0.000142	0.460266	0.000142	0.999570	-0.025604	
107	0.999802	-0.000036	0.220764	0.000036	0.999802	0.145325	
108	0.999610	-0.000701	0.797363	0.000701	0.999610	-0.354156	
109	1.000009	-0.000408	0.283386	0.000408	1.000009	-0.513672	
110	0.999926	-0.000681	0.413086	0.000681	0.999926	-0.720490	
111	0.999763	-0.000529	0.443054	0.000529	0.999763	-0.363678	
112	0.999976	-0.000591	0.350098	0.000591	0.999976	-0.661743	
113	0.999519	-0.000630	0.730225	0.000630	0.999519	-0.422150	
114	0.999740	-0.000249	0.294434	0.000249	0.999740	-0.207886	
115	1.000135	-0.000256	0.078064	0.000256	1.000135	-0.572296	
116	0.999807	-0.000125	0.110046	0.000125	0.999807	-0.068817	
117	0.998872	-0.000676	0.771973	0.000676	0.998872	-0.024384	
118	0.999521	-0.000199	0.353210	0.000199	0.999521	0.057098	
119	1.000067	-0.000321	0.208435	0.000321	1.000067	-0.392639	
120	1.000010	-0.000057	0.099854	0.000057	1.000010	-0.097473	
121	0.999565	-0.000167	0.611877	0.000167	0.999565	-0.134857	
122	0.999482	-0.000324	0.550720	0.000324	0.999482	-0.093567	
123	0.999180	-0.000226	0.863770	0.000226	0.999180	0.071167	
124	1.000000	-0.000450	0.290161	0.000450	1.000000	-0.373077	
125	1.000522	-0.000802	0.094604	0.000802	1.000522	-1.023438	
126	1.000036	-0.000376	0.218506	0.000376	1.000036	-0.382294	
127	1.000493	-0.000789	0.362671	0.000789	1.000493	-0.887299	
128	1.000398	-0.000371	0.004028	0.000371	1.000398	-0.597382	
129	1.000982	-0.000094	-0.451599	0.000094	1.000982	-0.650269	
130	1.000278	0.000048	-0.158081	-0.000048	1.000278	-0.139282	
131	1.000469	-0.000082	0.261414	0.000082	1.000469	-0.537292	
132	1.001798	0.001726	-1.951172	-0.001726	1.001798	0.936890	
133	0.999037	-0.001781	1.131165	0.001781	0.999037	-0.411621	
134	1.000466	-0.000080	0.240479	0.000080	1.000466	-0.572296	
135	1.001299	-0.000562	-0.214539	0.000562	1.001299	-1.523560	
136	1.001460	-0.000286	-0.143738	0.000286	1.001460	-1.367920	
137	1.001460	-0.000286	-0.143738	0.000286	1.001460	-1.367920	
138	0.998234	-0.005916	3.141052	0.005916	0.998234	-4.286011	
139	0.997842	-0.002793	3.256226	0.002793	0.997842	-0.282745	
140	0.995976	0.001081	2.734497	-0.001081	0.995976	2.895355	
141	0.999965	0.000120	0.530640	-0.000120	0.999965	0.024384	
142	0.999846	0.000396	-0.100342	-0.000396	0.999846	0.476837	
143	0.999846	0.000396	-0.100342	-0.000396	0.999846	0.476837	
144	0.992379	0.001915	3.895447	-0.001915	0.992379	6.486084	
145	0.992379	0.001915	3.895447	-0.001915	0.992379	6.486084	
146	0.999420	-0.007188	1.799072	0.007188	0.999420	-3.052185	
147	1.002612	0.003397	-3.121399	-0.003397	1.002612	0.968018	
148	1.008008	-0.002352	-5.079224	0.002352	1.008008	-4.762817	
149	0.998956	-0.000916	0.125916	0.000916	0.998956	-0.241302	
150	0.999842	-0.000122	0.032166	0.000122	0.999842	-0.013031	
151	0.999892	-0.000390	0.101624	0.000390	0.999892	-0.270233	
152	1.000441	0.003662	-1.876892	-0.003662	1.000441	1.873535	
153	0.999304	-0.000553	0.737793	0.000553	0.999304	-0.204681	
154	0.999796	-0.000135	0.259094	0.000135	0.999796	-0.066528	
155	0.999544	-0.000063	0.462097	0.000063	0.999544	0.174164	
156	0.999720	-0.000304	0.454651	0.000304	0.999720	-0.043243	
157	0.998814	-0.000794	1.295105	0.000794	0.998814	0.018555	
158	1.001345	-0.000233	-0.750366	0.000233	1.001345	-0.440674	
159	1.000382	-0.000490	0.528870	0.000490	1.000382	-0.326508	
160	1.000882	0.000106	-0.157104	-0.000106	1.000882	-0.409576	
161	1.000138	-0.001031	0.774597	0.001031	1.000138	-0.884979	
162	1.000737	0.000670	-0.606934	-0.000670	1.000737	-0.007141	
163	1.000737	0.000670	-0.606934	-0.000670	1.000737	-0.007141	
164	1.000675	-0.001363	0.386963	0.001363	1.000675	-1.660583	
165	1.000675	-0.001363	0.386963	0.001363	1.000675	-1.660583	
166	0.999637	-0.000168	0.153259	0.000168	0.999637	0.292053	
167	0.999637	-0.000168	0.153259	0.000168	0.999637	0.292053	
168	0.999836	0.000124	0.134644	-0.000124	0.999836	0.045044	
169	0.999836	0.000124	0.134644	-0.000124	0.999836	0.045044	
170	0.986450	0.002435	8.397644	-0.002435	0.986450	11.922150	
171	0.986450	0.002435	8.397644	-0.002435	0.986450	11.922150	
172	0.986566	-0.004910	10.709351	0.004910	0.986566	1.792023	
173	0.986566	-0.004910	10.709351	0.004910	0.986566	1.792023	
174	0.984888	-0.003033	10.734070	0.003033	0.984888	-3.265015	
175	0.984888	-0.003033	10.734070	0.003033	0.984888	-3.265015	
176	0.984888	-0.003033	10.734070	0.003033	0.984888	-3.265015	
177	0.984888	-0.003033	10.734070	0.003033	0.984888	-3.265015	
178	0.997644	0.001003	1.102295	-0.001003	0.997644	1.933838	
179	0.982455	0.001554	10.630066	-0.001554	0.982455	6.356293	
180	0.992930	-0.003715	5.963928	0.003715	0.992930	0.883179	
181	0.992930	-0.003715	5.963928	0.003715	0.992930	0.883179	
182	0.992930	-0.003715	5.963928	0.003715	0.992930	0.883179	
183	0.992930	-0.003715	5.963928	0.003715	0.992930	0.883179	
184	0.999570	0.004818	-1.356018	-0.004818	0.999570	4.756744	
185	0.999570	0.004818	-1.356018	-0.004818	0.999570	4.756744	
186	0.992745	-0.001152	5.242859	0.001152	0.992745	-1.605682	
187	0.992745	-0.001152	5.242859	0.001152	0.992745	-1.605682	
188	0.995031	0.004487	2.076294	-0.004487	0.995031	6.256317	
189	0.995031	0.004487	2.076294	-0.004487	0.995031	6.256317	
190	0.992449	-0.008919	7.668335	0.008919	0.992449	-2.624481	
191	0.992344	0.016932	-0.920166	-0.016932	0.992344	11.995483	
192	0.994903	-0.000669	2.726868	0.000669	0.994903	-1.526306	
193	0.994903	-0.000669	2.726868	0.000669	0.994903	-1.526306	
194	0.990657	-0.000025	5.752075	0.000025	0.990657	5.270569	
195	0.990657	-0.000025	5.752075	0.000025	0.990657	5.270569	
196	0.993223	0.012333	-0.833984	-0.012333	0.993223	14.239624	
197	0.993223	0.012333	-0.833984	-0.012333	0.993223	14.239624	
198	0.998144	-0.001087	1.975708	0.001087	0.998144	0.164276	
199	0.986887	-0.003306	10.745300	0.003306	0.986887	2.084137	
200	0.998244	0.000505	1.383423	-0.000505	0.998244	0.777954	
201	0.998244	0.000505	1.383423	-0.000505	0.998244	0.777954	
202	1.005063	0.002338	-3.573242	-0.002338	1.005063	0.506165	
203	1.005063	0.002338	-3.573242	-0.002338	1.005063	0.506165	
204	1.005063	0.002338	-3.573242	-0.002338	1.005063	0.506165	
205	1.005063	0.002338	-3.573242	-0.002338	1.005063	0.506165	
206	1.005063	0.002338	-3.573242	-0.002338	1.005063	0.506165	
207	1.005063	0.002338	-3.573242	-0.002338	1.005063	0.506165	
208	1.000647	0.001734	-1.413025	-0.001734	1.000647	1.191833	
209	1.003002	0.001679	-2.068848	-0.001679	1.003002	-0.664398	
210	1.002663	0.000387	-1.196777	-0.000387	1.002663	-1.566956	
211	1.002663	0.000387	-1.196777	-0.000387	1.002663	-1.566956	
212	1.005836	-0.019046	3.632874	0.019046	1.005836	-14.047577	
213	1.005836	-0.019046	3.632874	0.019046	1.005836	-14.047577	
214	1.006588	0.008319	-5.761719	-0.008319	1.006588	1.425568	
215	1.006588	0.008319	-5.761719	-0.008319	1.006588	1.425568	
216	1.009475	0.001493	-7.210938	-0.001493	1.009475	-6.650543	
217	1.009475	0.001493	-7.210938	-0.001493	1.009475	-6.650543	
218	1.007011	-0.016856	-0.137573	0.016856	1.007011	-10.961517	
219	1.007011	-0.016856	-0.137573	0.016856	1.007011	-10.961517	
220	1.006008	-0.004371	-2.931030	0.004371	1.006008	-4.893951	
221	1.006008	-0.004371	-2.931030	0.004371	1.006008	-4.893951	
222	1.006008	-0.004371	-2.931030	0.004371	1.006008	-4.893951	
223	1.006008	-0.004371	-2.931030	0.004371	1.006008	-4.893951	
224	1.007450	-0.006326	-5.056213	0.006326	1.007450	-6.098846	
225	1.007450	-0.006326	-5.056213	0.006326	1.007450	-6.098846	
226	1.007450	-0.006326	-5.056213	0.006326	1.007450	-6.098846	
227	1.007450	-0.006326	-5.056213	0.006326	1.007450	-6.098846	
228	0.993111	-0.000902	3.449341	0.000902	0.993111	0.051117	
229	0.993111	-0.000902	3.449341	0.000902	0.993111	0.051117	
230	1.003899	-0.005289	-1.297119	0.005289	1.003899	-8.023804	
231	1.003899	-0.005289	-1.297119	0.005289	1.003899	-8.023804	
232	1.005128	-0.006680	-1.728088	0.006680	1.005128	-6.501740	
233	1.005128	-0.006680	-1.728088	0.006680	1.005128	-6.501740	
234	0.996733	0.000388	1.221802	-0.000388	0.996733	1.886139	
235	0.997552	0.001653	1.043823	-0.001653	0.997552	2.719727	
236	1.003407	-0.002743	-1.146423	0.002743	1.003407	-2.432129	
237	1.003407	-0.002743	-1.146423	0.002743	1.003407	-2.432129	
238	0.997209	-0.000463	1.835022	0.000463	0.997209	1.610931	
239	0.997209	-0.000463	1.835022	0.000463	0.997209	1.610931	
240	1.004198	-0.008156	0.135742	0.008156	1.004198	-6.534424	
241	1.004198	-0.008156	0.135742	0.008156	1.004198	-6.534424	
242	1.001244	0.003044	-3.330261	-0.003044	1.001244	2.331238	
243	1.001244	0.003044	-3.330261	-0.003044	1.001244	2.331238	
244	0.999058	0.000812	0.312012	-0.000812	0.999058	1.169708	
245	0.999058	0.000812	0.312012	-0.000812	0.999058	1.169708	
246	1.005465	0.000490	-2.030212	-0.000490	1.005465	-3.222870	
247	1.005465	0.000490	-2.030212	-0.000490	1.005465	-3.222870	
248	1.000144	0.000875	-0.703491	-0.000875	1.000144	-0.124969	
249	1.000133	-0.000356	0.410889	0.000356	1.000133	0.009125	
250	0.999175	0.000289	0.821777	-0.000289	0.999175	0.618164	
251	0.999175	0.000289	0.821777	-0.000289	0.999175	0.618164	
252	0.999453	0.003409	-0.849731	-0.003409	0.999453	2.613983	
253	0.999453	0.003409	-0.849731	-0.003409	0.999453	2.613983	
254	0.996374	-0.004516	3.336212	0.004516	0.996374	0.813324	
255	1.001701	0.001260	-1.505371	-0.001260	1.001701	-0.125549	
256	0.998150	0.003234	0.089172	-0.003234	0.998150	3.865784	
257	0.998150	0.003234	0.089172	-0.003234	0.998150	3.865784	
258	0.998730	0.001352	0.038269	-0.001352	0.998730	1.383575	
259	0.997463	0.001507	0.397888	-0.001507	0.997463	2.494415	
260	0.997463	0.001507	0.397888	-0.001507	0.997463	2.494415	
261	0.997463	0.001507	0.397888	-0.001507	0.997463	2.494415	
262	1.000244	0.008137	-2.827271	-0.008137	1.000244	2.343323	
263	1.000244	0.008137	-2.827271	-0.008137	1.000244	2.343323	
264	1.000244	0.008137	-2.827271	-0.008137	1.000244	2.343323	
265	1.000244	0.008137	-2.827271	-0.008137	1.000244	2.343323	
266	1.000244	0.008137	-2.827271	-0.008137	1.000244	2.343323	
267	1.000244	0.008137	-2.827271	-0.008137	1.000244	2.343323	
268	0.999679	-0.000507	0.288879	0.000507	0.999679	-0.061401	
269	0.999679	-0.000507	0.288879	0.000507	0.999679	-0.061401	
270	0.999679	-0.000507	0.288879	0.000507	0.999679	-0.061401	
271	0.999679	-0.000507	0.288879	0.000507	0.999679	-0.061401	
272	0.996430	0.000862	2.147888	-0.000862	0.996430	2.846680	
273	0.996430	0.000862	2.147888	-0.000862	0.996430	2.846680	
274	1.001606	0.001462	-2.123291	-0.001462	1.001606	-0.018646	
275	1.001606	0.001462	-2.123291	-0.001462	1.001606	-0.018646	
276	0.998443	0.001607	-0.841919	-0.001607	0.998443	-0.535126	
277	0.998443	0.001607	-0.841919	-0.001607	0.998443	-0.535126	
278	0.998443	0.001607	-0.841919	-0.001607	0.998443	-0.535126	
279	0.998443	0.001607	-0.841919	-0.001607	0.998443	-0.535126	
280	0.999138	-0.000154	0.440491	0.000154	0.999138	0.477356	
281	0.999138	-0.000154	0.440491	0.000154	0.999138	0.477356	
282	0.999563	0.002931	-1.564270	-0.002931	0.999563	2.071198	
283	0.998293	0.001195	0.749512	-0.001195	0.998293	2.191833	
284	0.997275	-0.000555	2.127502	0.000555	0.997275	1.751312	
285	0.997275	-0.000555	2.127502	0.000555	0.997275	1.751312	
286	1.002661	0.002582	-2.985779	-0.002582	1.002661	-0.085754	
287	1.002661	0.002582	-2.985779	-0.002582	1.002661	-0.085754	
288	1.002661	0.002582	-2.985779	-0.002582	1.002661	-0.085754	
289	1.002661	0.002582	-2.985779	-0.002582	1.002661	-0.085754	
290	1.002661	0.002582	-2.985779	-0.002582	1.002661	-0.085754	
291	1.002661	0.002582	-2.985779	-0.002582	1.002661	-0.085754	
292	1.002621	-0.003704	0.726990	0.003704	1.002621	-1.920074	
293	1.002621	-0.003704	0.726990	0.003704	1.002621	-1.920074	
294	1.001064	0.000949	-1.282898	-0.000949	1.001064	-0.112610	
295	1.001064	0.000949	-1.282898	-0.000949	1.001064	-0.112610	
296	0.999312	-0.000454	0.503113	0.000454	0.999312	0.525543	
297	0.999609	-0.000204	0.429749	0.000204	0.999609	0.219299	
298	0.998628	-0.000276	0.918701	0.000276	0.998628	0.558594	
299	0.998628	-0.000276	0.918701	0.000276	0.998628	0.558594	
300	1.000187	-0.001254	0.686951	0.001254	1.000187	-0.997192	
301	0.998880	-0.002570	1.856628	0.002570	0.998880	-0.052460	
302	0.999945	0.000335	-0.252686	-0.000335	0.999945	0.533966	
303	1.001894	0.000774	-1.987793	-0.000774	1.001894	-0.062347	
304	1.000044	-0.002193	1.398682	0.002193	1.000044	-2.166016	
305	1.000044	-0.002193	1.398682	0.002193	1.000044	-2.166016	
306	0.999880	0.002647	-1.326843	-0.002647	0.999880	1.781738	
307	0.999880	0.002647	-1.326843	-0.002647	0.999880	1.781738	
308	0.998620	-0.000299	0.695618	0.000299	0.998620	1.356445	
309	0.998620	-0.000299	0.695618	0.000299	0.998620	1.356445	
310	0.998620	-0.000299	0.695618	0.000299	0.998620	1.356445	
311	0.998620	-0.000299	0.695618	0.000299	0.998620	1.356445	
312	1.004214	0.003265	-4.999390	-0.003265	1.004214	-1.925751	
313	1.004214	0.003265	-4.999390	-0.003265	1.004214	-1.925751	
314	1.004214	0.003265	-4.999390	-0.003265	1.004214	-1.925751	
315	1.004214	0.003265	-4.999390	-0.003265	1.004214	-1.925751	
316	0.999684	-0.000611	0.549133	0.000611	0.999684	-0.042236	
317	0.999684	-0.000611	0.549133	0.000611	0.999684	-0.042236	
318	0.999684	-0.000611	0.549133	0.000611	0.999684	-0.042236	
319	0.999684	-0.000611	0.549133	0.000611	0.999684	-0.042236	
320	0.989455	-0.000483	2.405396	0.000483	0.989455	6.318085	
321	0.989455	-0.000483	2.405396	0.000483	0.989455	6.318085	
322	1.001111	-0.000383	-0.069031	0.000383	1.001111	-0.888306	
323	1.001111	-0.000383	-0.069031	0.000383	1.001111	-0.888306	
324	1.009136	-0.005840	-6.217224	0.005840	1.009136	-10.766754	
325	1.009136	-0.005840	-6.217224	0.005840	1.009136	-10.766754	
326	1.009136	-0.005840	-6.217224	0.005840	1.009136	-10.766754	
327	1.009136	-0.005840	-6.217224	0.005840	1.009136	-10.766754	
328	1.009136	-0.005840	-6.217224	0.005840	1.009136	-10.766754	
329	1.009136	-0.005840	-6.217224	0.005840	1.009136	-10.766754	
330	1.009136	-0.005840	-6.217224	0.005840	1.009136	-10.766754	
331	1.009136	-0.005840	-6.217224	0.005840	1.009136	-10.766754	
332	1.009136	-0.005840	-6.217224	0.005840	1.009136	-10.766754	
333	1.009136	-0.005840	-6.217224	0.005840	1.009136	-10.766754	
334	0.998212	-0.005885	5.072327	0.005885	0.998212	-3.856720	
335	0.998212	-0.005885	5.072327	0.005885	0.998212	-3.856720	
336	0.998661	0.004932	1.787354	-0.004932	0.998661	2.202637	
337	0.998661	0.004932	1.787354	-0.004932	0.998661	2.202637	
338	0.997711	0.001246	2.763123	-0.001246	0.997711	4.186615	
339	0.997711	0.001246	2.763123	-0.001246	0.997711	4.186615	
340	0.998966	-0.000893	1.267151	0.000893	0.998966	0.276459	
341	0.998966	-0.000893	1.267151	0.000893	0.998966	0.276459	
342	1.001111	-0.001765	0.173218	0.001765	1.001111	-5.391968	
343	1.001111	-0.001765	0.173218	0.001765	1.001111	-5.391968	
344	0.996531	-0.001620	3.480896	0.001620	0.996531	-0.100708	
345	0.996542	0.000104	0.635437	-0.000104	0.996542	3.268494	
346	0.995815	-0.002316	4.216919	0.002316	0.995815	1.129303	
347	1.002430	0.001682	-1.504242	-0.001682	1.002430	-1.255463	
348	0.999378	0.003792	-0.383972	-0.003792	0.999378	2.092102	
349	0.999378	0.003792	-0.383972	-0.003792	0.999378	2.092102	
350	0.997280	0.004367	-0.494080	-0.004367	0.997280	5.778229	
351	0.997280	0.004367	-0.494080	-0.004367	0.997280	5.778229	
352	1.002957	-0.000032	-2.148376	0.000032	1.002957	-1.782257	
353	1.002957	-0.000032	-2.148376	0.000032	1.002957	-1.782257	
354	1.002118	0.003193	-2.995483	-0.003193	1.002118	-1.957489	
355	1.002118	0.003193	-2.995483	-0.003193	1.002118	-1.957489	
356	1.000869	-0.002778	-1.837891	0.002778	1.000869	-0.765320	
357	1.000869	-0.002778	-1.837891	0.002778	1.000869	-0.765320	
358	0.999270	0.001693	-0.592957	-0.001693	0.999270	1.131836	
359	0.999270	0.001693	-0.592957	-0.001693	0.999270	1.131836	
360	0.999270	0.001693	-0.592957	-0.001693	0.999270	1.131836	
361	0.999270	0.001693	-0.592957	-0.001693	0.999270	1.131836	
362	0.994844	0.009993	0.590820	-0.009993	0.994844	12.492432	
363	0.994844	0.009993	0.590820	-0.009993	0.994844	12.492432	
364	0.997871	-0.001713	3.532227	0.001713	0.997871	-0.105499	
365	0.997871	-0.001713	3.532227	0.001713	0.997871	-0.105499	
366	0.997871	-0.001713	3.532227	0.001713	0.997871	-0.105499	
367	0.997871	-0.001713	3.532227	0.001713	0.997871	-0.105499	
368	1.004457	-0.000477	-5.377380	0.000477	1.004457	-0.000549	
369	1.004457	-0.000477	-5.377380	0.000477	1.004457	-0.000549	
370	0.996320	-0.000778	2.333557	0.000778	0.996320	1.515167	
371	0.996320	-0.000778	2.333557	0.000778	0.996320	1.515167	
372	1.003377	0.003699	-5.115417	-0.003699	1.003377	-1.654877	
373	1.003377	0.003699	-5.115417	-0.003699	1.003377	-1.654877	
374	1.006983	0.010850	-10.808105	-0.010850	1.006983	10.091125	
375	1.006983	0.010850	-10.808105	-0.010850	1.006983	10.091125	
376	0.996126	-0.009908	5.587585	0.009908	0.996126	-6.235016	
377	0.996126	-0.009908	5.587585	0.009908	0.996126	-6.235016	
378	0.997446	0.001380	0.750122	-0.001380	0.997446	-2.587036	
379	0.997446	0.001380	0.750122	-0.001380	0.997446	-2.587036	
380	0.991769	0.005703	5.355042	-0.005703	0.991769	8.136719	
381	0.991769	0.005703	5.355042	-0.005703	0.991769	8.136719	
382	0.999861	-0.000873	0.849060	0.000873	0.999861	-0.205963	
383	0.999861	-0.000873	0.849060	0.000873	0.999861	-0.205963	
384	0.999861	-0.000873	0.849060	0.000873	0.999861	-0.205963	
385	0.999861	-0.000873	0.849060	0.000873	0.999861	-0.205963	
386	0.999861	-0.000873	0.849060	0.000873	0.999861	-0.205963	
387	0.999861	-0.000873	0.849060	0.000873	0.999861	-0.205963	
388	0.999861	-0.000873	0.849060	0.000873	0.999861	-0.205963	
389	0.999861	-0.000873	0.849060	0.000873	0.999861	-0.205963	
390	1.003118	-0.001578	-1.528381	0.001578	1.003118	-5.337311	
391	1.003118	-0.001578	-1.528381	0.001578	1.003118	-5.337311	
392	1.001069	-0.002552	-0.344299	0.002552	1.001069	-1.273193	
393	1.001069	-0.002552	-0.344299	0.002552	1.001069	-1.273193	
394	0.998158	-0.003093	2.823364	0.003093	0.998158	-0.471741	
395	0.998158	-0.003093	2.823364	0.003093	0.998158	-0.471741	
396	1.003573	0.000781	-3.019897	-0.000781	1.003573	-2.557953	
397	1.003573	0.000781	-3.019897	-0.000781	1.003573	-2.557953	
398	1.003833	0.005230	-5.136963	-0.005230	1.003833	4.847504	
399	1.003833	0.005230	-5.136963	-0.005230	1.003833	4.847504	
400	0.998983	-0.001480	1.262634	0.001480	0.998983	-1.979370	
401	0.998983	-0.001480	1.262634	0.001480	0.998983	-1.979370	
402	1.001441	-0.003065	-0.211670	0.003065	1.001441	-5.202393	
403	1.001441	-0.003065	-0.211670	0.003065	1.001441	-5.202393	
404	1.001141	0.002800	-1.061951	-0.002800	1.001141	4.545258	
405	1.001141	0.002800	-1.061951	-0.002800	1.001141	4.545258	
406	1.002844	-0.000092	-1.396210	0.000092	1.002844	-1.358368	
407	1.002844	-0.000092	-1.396210	0.000092	1.002844	-1.358368	
408	0.998870	0.000519	-0.344116	-0.000519	0.998870	0.617676	
409	0.998870	0.000519	-0.344116	-0.000519	0.998870	0.617676	
410	1.002926	0.009310	-4.545410	-0.009310	1.002926	9.228363	
411	1.002926	0.009310	-4.545410	-0.009310	1.002926	9.228363	
412	1.001162	0.003930	-3.028992	-0.003930	1.001162	2.991302	
413	1.001162	0.003930	-3.028992	-0.003930	1.001162	2.991302	
414	1.001698	0.000062	-0.553894	-0.000062	1.001698	-1.233551	
415	1.001698	0.000062	-0.553894	-0.000062	1.001698	-1.233551	
416	0.998590	-0.000449	1.553528	0.000449	0.998590	2.759857	
417	0.998590	-0.000449	1.553528	0.000449	0.998590	2.759857	
418	0.999580	-0.000727	1.167419	0.000727	0.999580	0.078461	
419	0.999580	-0.000727	1.167419	0.000727	0.999580	0.078461	
420	1.002291	0.004074	-2.779724	-0.004074	1.002291	-0.349915	
421	1.002291	0.004074	-2.779724	-0.004074	1.002291	-0.349915	
422	0.996116	-0.002024	1.778595	0.002024	0.996116	2.910248	
423	0.996116	-0.002024	1.778595	0.002024	0.996116	2.910248	
424	1.000816	-0.003736	0.803650	0.003736	1.000816	-3.630310	
425	1.000816	-0.003736	0.803650	0.003736	1.000816	-3.630310	
426	1.001945	-0.003330	0.265564	0.003330	1.001945	-5.315552	
427	1.001945	-0.003330	0.265564	0.003330	1.001945	-5.315552	
428	0.995532	-0.002590	4.359436	0.002590	0.995532	1.344543	
429	0.995532	-0.002590	4.359436	0.002590	0.995532	1.344543	
430	1.003066	-0.000996	-0.547058	0.000996	1.003066	-2.075134	
431	1.003066	-0.000996	-0.547058	0.000996	1.003066	-2.075134	
432	1.003066	-0.000996	-0.547058	0.000996	1.003066	-2.075134	
433	1.003066	-0.000996	-0.547058	0.000996	1.003066	-2.075134	
434	0.995380	-0.004231	4.291687	0.004231	0.995380	-0.370819	
435	0.995380	-0.004231	4.291687	0.004231	0.995380	-0.370819	
436	0.998151	-0.000954	1.468506	0.000954	0.998151	0.778931	
437	0.998151	-0.000954	1.468506	0.000954	0.998151	0.778931	
438	1.000783	0.000189	-0.357239	-0.000189	1.000783	-1.010345	
439	1.000783	0.000189	-0.357239	-0.000189	1.000783	-1.010345	
440	1.000558	-0.002402	0.277832	0.002402	1.000558	0.620850	
441	1.001992	-0.001282	-0.492249	0.001282	1.001992	-1.563171	
442	1.001390	-0.000008	-1.487122	0.000008	1.001390	-1.548462	
443	1.001390	-0.000008	-1.487122	0.000008	1.001390	-1.548462	
444	1.003407	0.005161	-4.606689	-0.005161	1.003407	0.168152	
445	1.003407	0.005161	-4.606689	-0.005161	1.003407	0.168152	
446	0.998902	-0.003415	1.212646	0.003415	0.998902	-0.030365	
447	0.998902	-0.003415	1.212646	0.003415	0.998902	-0.030365	
448	0.999600	-0.000537	0.588440	0.000537	0.999600	0.030975	
449	0.999600	-0.000537	0.588440	0.000537	0.999600	0.030975	
450	1.003204	0.006387	-3.576904	-0.006387	1.003204	-0.317810	
451	1.003204	0.006387	-3.576904	-0.006387	1.003204	-0.317810	
452	0.997411	-0.001470	1.666473	0.001470	0.997411	3.193604	
453	0.999651	-0.000517	0.723328	0.000517	0.999651	0.049561	
454	1.001103	-0.000445	-0.751709	0.000445	1.001103	-1.004150	
455	1.001103	-0.000445	-0.751709	0.000445	1.001103	-1.004150	
456	1.002264	0.005719	-3.789185	-0.005719	1.002264	-0.055725	
457	1.002264	0.005719	-3.789185	-0.005719	1.002264	-0.055725	
458	0.992727	-0.000554	2.343475	0.000554	0.992727	3.783722	
459	0.992727	-0.000554	2.343475	0.000554	0.992727	3.783722	
460	0.996749	-0.003525	3.064514	0.003525	0.996749	0.715271	
461	0.996749	-0.003525	3.064514	0.003525	0.996749	0.715271	
462	0.996749	-0.003525	3.064514	0.003525	0.996749	0.715271	
463	0.996749	-0.003525	3.064514	0.003525	0.996749	0.715271	
464	0.996749	-0.003525	3.064514	0.003525	0.996749	0.715271	
465	0.996749	-0.003525	3.064514	0.003525	0.996749	0.715271	
466	1.000187	-0.005089	2.612183	0.005089	1.000187	-1.363525	
467	1.000187	-0.005089	2.612183	0.005089	1.000187	-1.363525	
468	0.999998	-0.000007	0.004639	0.000007	0.999998	-0.002808	
469	0.999998	-0.000007	0.004639	0.000007	0.999998	-0.002808	
470	0.998337	0.000408	1.058289	-0.000408	0.998337	1.087006	
471	0.998337	0.000408	1.058289	-0.000408	0.998337	1.087006	
472	0.997580	0.000099	2.126282	-0.000099	0.997580	1.828003	
473	0.997580	0.000099	2.126282	-0.000099	0.997580	1.828003	
474	1.000266	0.000427	0.035645	-0.000427	1.000266	-0.161987	
475	1.000266	0.000427	0.035645	-0.000427	1.000266	-0.161987	
476	0.999649	-0.002382	1.096741	0.002382	0.999649	-0.082184	
477	0.999649	-0.002382	1.096741	0.002382	0.999649	-0.082184	
478	1.001938	-0.002167	-0.163086	0.002167	1.001938	-2.758453	
479	1.001938	-0.002167	-0.163086	0.002167	1.001938	-2.758453	
480	1.001938	-0.002167	-0.163086	0.002167	1.001938	-2.758453	
481	1.001938	-0.002167	-0.163086	0.002167	1.001938	-2.758453	
482	1.003290	-0.000811	-2.352661	0.000811	1.003290	0.585144	
483	0.999656	-0.001370	0.306091	0.001370	0.999656	-0.049347	
484	0.997598	0.000301	1.310913	-0.000301	0.997598	2.354889	
485	0.997598	0.000301	1.310913	-0.000301	0.997598	2.354889	
486	1.002308	0.006473	-4.493774	-0.006473	1.002308	2.297150	
487	1.002308	0.006473	-4.493774	-0.006473	1.002308	2.297150	
488	1.002308	0.006473	-4.493774	-0.006473	1.002308	2.297150	
489	1.002308	0.006473	-4.493774	-0.006473	1.002308	2.297150	
490	1.001750	-0.002374	-2.444092	0.002374	1.001750	-2.288147	
491	1.001750	-0.002374	-2.444092	0.002374	1.001750	-2.288147	
492	0.990830	-0.005556	7.317688	0.005556	0.990830	-2.357574	
493	0.990830	-0.005556	7.317688	0.005556	0.990830	-2.357574	
494	0.993124	0.003305	3.056763	-0.003305	0.993124	6.088623	
495	0.993124	0.003305	3.056763	-0.003305	0.993124	6.088623	
496	0.999480	-0.000203	0.048767	0.000203	0.999480	0.102417	
497	0.999480	-0.000203	0.048767	0.000203	0.999480	0.102417	
498	1.001135	-0.000103	-0.636047	0.000103	1.001135	-3.160522	
499	1.001135	-0.000103	-0.636047	0.000103	1.001135	-3.160522	
500	1.000114	0.000394	-0.645081	-0.000394	1.000114	0.259308	
501	0.998829	0.009579	-2.135315	-0.009579	0.998829	12.383423	
502	1.001237	0.001426	-1.308075	-0.001426	1.001237	0.971161	
503	1.000627	0.002117	-2.163879	-0.002117	1.000627	1.400146	
504	0.998648	0.005910	-2.380981	-0.005910	0.998648	1.978821	
505	0.998648	0.005910	-2.380981	-0.005910	0.998648	1.978821	
506	0.999900	0.000117	-1.023315	-0.000117	0.999900	1.130310	
507	0.997842	0.000201	-0.110260	-0.000201	0.997842	3.235291	
508	0.999078	-0.000487	0.616394	0.000487	0.999078	0.529785	
509	0.999558	-0.002530	1.816589	0.002530	0.999558	-2.999420	
510	0.999668	-0.000803	0.501709	0.000803	0.999668	-0.320251	
511	0.999668	-0.000803	0.501709	0.000803	0.999668	-0.320251	
512	0.996706	0.002062	0.716644	-0.002062	0.996706	3.008820	
513	0.996706	0.002062	0.716644	-0.002062	0.996706	3.008820	
514	1.001440	-0.000503	-0.309875	0.000503	1.001440	-0.190460	
515	0.998357	-0.000641	0.144104	0.000641	0.998357	-0.274445	
516	0.999602	0.000922	-0.185608	-0.000922	0.999602	-0.111298	
517	0.999602	0.000922	-0.185608	-0.000922	0.999602	-0.111298	
518	0.999259	-0.003869	0.517853	0.003869	0.999259	-0.223969	
519	0.999259	-0.003869	0.517853	0.003869	0.999259	-0.223969	
520	0.999353	-0.001158	0.457672	0.001158	0.999353	-0.128387	
521	1.001485	-0.004250	0.222839	0.004250	1.001485	-3.723846	
522	0.998346	0.000585	0.917175	-0.000585	0.998346	-0.241089	
523	0.998346	0.000585	0.917175	-0.000585	0.998346	-0.241089	
524	1.000869	0.006284	-1.702209	-0.006284	1.000869	3.152740	
525	1.000869	0.006284	-1.702209	-0.006284	1.000869	3.152740	
526	0.998797	-0.000299	0.500000	0.000299	0.998797	1.106567	
527	0.998797	-0.000299	0.500000	0.000299	0.998797	1.106567	
528	0.999835	-0.002081	-0.029846	0.002081	0.999835	-1.309845	
529	0.999835	-0.002081	-0.029846	0.002081	0.999835	-1.309845	
530	1.004392	-0.002596	-4.032715	0.002596	1.004392	-3.745209	
531	1.004392	-0.002596	-4.032715	0.002596	1.004392	-3.745209	
532	1.000516	-0.002683	1.013855	0.002683	1.000516	-2.919342	
533	1.000516	-0.002683	1.013855	0.002683	1.000516	-2.919342	
534	1.001541	0.000801	-0.930664	-0.000801	1.001541	-1.196381	
535	1.001541	0.000801	-0.930664	-0.000801	1.001541	-1.196381	
536	0.997074	0.000979	2.789124	-0.000979	0.997074	-0.500244	
537	0.997074	0.000979	2.789124	-0.000979	0.997074	-0.500244	
538	0.999189	0.005028	0.274231	-0.005028	0.999189	3.785858	
539	0.999189	0.005028	0.274231	-0.005028	0.999189	3.785858	
540	1.003697	0.003606	-3.630188	-0.003606	1.003697	5.885132	
541	1.003697	0.003606	-3.630188	-0.003606	1.003697	5.885132	
542	1.002265	-0.005903	-0.377319	0.005903	1.002265	-2.337891	
543	1.002265	-0.005903	-0.377319	0.005903	1.002265	-2.337891	
544	1.002351	-0.003108	-0.450134	0.003108	1.002351	-3.996674	
545	1.002351	-0.003108	-0.450134	0.003108	1.002351	-3.996674	
546	1.002351	-0.003108	-0.450134	0.003108	1.002351	-3.996674	
547	1.002351	-0.003108	-0.450134	0.003108	1.002351	-3.996674	
548	1.003024	0.002670	-4.051697	-0.002670	1.003024	0.294647	
549	1.003024	0.002670	-4.051697	-0.002670	1.003024	0.294647	
550	1.003024	0.002670	-4.051697	-0.002670	1.003024	0.294647	
551	1.003024	0.002670	-4.051697	-0.002670	1.003024	0.294647	
552	0.999185	0.002635	-0.534912	-0.002635	0.999185	1.541199	
553	0.999185	0.002635	-0.534912	-0.002635	0.999185	1.541199	
554	0.999185	0.002635	-0.534912	-0.002635	0.999185	1.541199	
555	0.999185	0.002635	-0.534912	-0.002635	0.999185	1.541199	
556	0.996286	0.004309	0.183716	-0.004309	0.996286	4.278717	
557	0.996286	0.004309	0.183716	-0.004309	0.996286	4.278717	
558	0.996286	0.004309	0.183716	-0.004309	0.996286	4.278717	
559	0.996286	0.004309	0.183716	-0.004309	0.996286	4.278717	
560	0.995795	-0.001054	1.178009	0.001054	0.995795	1.747986	
561	0.995795	-0.001054	1.178009	0.001054	0.995795	1.747986	
562	0.996732	-0.001724	0.105042	0.001724	0.996732	0.042419	
563	0.996732	-0.001724	0.105042	0.001724	0.996732	0.042419	
564	1.012523	-0.005019	-2.023621	0.005019	1.012523	-8.005371	
565	1.012523	-0.005019	-2.023621	0.005019	1.012523	-8.005371	
566	1.012523	-0.005019	-2.023621	0.005019	1.012523	-8.005371	
567	1.012523	-0.005019	-2.023621	0.005019	1.012523	-8.005371	
568	0.995436	0.002759	-0.346832	-0.002759	0.995436	2.695465	
569	0.995436	0.002759	-0.346832	-0.002759	0.995436	2.695465	
570	0.995436	0.002759	-0.346832	-0.002759	0.995436	2.695465	
571	0.995436	0.002759	-0.346832	-0.002759	0.995436	2.695465	
572	0.995436	0.002759	-0.346832	-0.002759	0.995436	2.695465	
573	0.995436	0.002759	-0.346832	-0.002759	0.995436	2.695465	
574	1.009532	-0.006866	-1.240540	0.006866	1.009532	-5.574860	
575	1.009532	-0.006866	-1.240540	0.006866	1.009532	-5.574860	
576	1.000166	-0.000180	-0.371155	0.000180	1.000166	-0.698120	
577	1.000166	-0.000180	-0.371155	0.000180	1.000166	-0.698120	
578	0.992798	0.000218	1.212677	-0.000218	0.992798	2.143616	
579	0.992798	0.000218	1.212677	-0.000218	0.992798	2.143616	
580	0.998539	-0.000423	0.717529	0.000423	0.998539	0.719635	
581	0.998539	-0.000423	0.717529	0.000423	0.998539	0.719635	
582	1.010267	0.003476	-4.643860	-0.003476	1.010267	-3.871216	
583	1.010267	0.003476	-4.643860	-0.003476	1.010267	-3.871216	
584	1.001160	-0.002496	-1.089233	0.002496	1.001160	-2.542572	
585	1.001160	-0.002496	-1.089233	0.002496	1.001160	-2.542572	
586	0.999930	-0.000329	0.229797	0.000329	0.999930	-0.347961	
587	0.999930	-0.000329	0.229797	0.000329	0.999930	-0.347961	
588	1.003193	-0.006023	0.547913	0.006023	1.003193	-7.678741	
589	1.003193	-0.006023	0.547913	0.006023	1.003193	-7.678741	
590	1.003193	-0.006023	0.547913	0.006023	1.003193	-7.678741	
591	1.003193	-0.006023	0.547913	0.006023	1.003193	-7.678741	
592	1.003193	-0.006023	0.547913	0.006023	1.003193	-7.678741	
593	1.003193	-0.006023	0.547913	0.006023	1.003193	-7.678741	
594	1.003193	-0.006023	0.547913	0.006023	1.003193	-7.678741	
595	1.003193	-0.006023	0.547913	0.006023	1.003193	-7.678741	
596	1.003193	-0.006023	0.547913	0.006023	1.003193	-7.678741	
597	1.003193	-0.006023	0.547913	0.006023	1.003193	-7.678741	
598	0.996600	-0.002629	2.799011	0.002629	0.996600	2.375671	
599	0.996600	-0.002629	2.799011	0.002629	0.996600	2.375671	
600	0.997488	-0.000362	1.793884	0.000362	0.997488	2.285400	
601	0.997488	-0.000362	1.793884	0.000362	0.997488	2.285400	
602	1.000310	0.002262	-1.322998	-0.002262	1.000310	3.128967	
603	1.000490	-0.000689	-1.319824	0.000689	1.000490	1.770569	
604	0.998455	0.001870	0.314880	-0.001870	0.998455	2.214386	
605	0.997404	0.004934	0.251953	-0.004934	0.997404	4.124176	
606	0.999560	0.000529	0.147644	-0.000529	0.999560	0.260803	
607	0.999055	0.000145	0.365662	-0.000145	0.999055	-0.343903	
608	0.999745	-0.000497	0.304443	0.000497	0.999745	-0.313812	
609	0.999760	-0.001704	0.557739	0.001704	0.999760	-0.980743	
610	0.999645	-0.000270	0.206604	0.000270	0.999645	0.061920	
611	0.999305	0.000867	-0.156860	-0.000867	0.999305	0.724121	
612	0.999815	0.000650	-0.265747	-0.000650	0.999815	0.146637	
613	1.000090	0.000971	-0.539673	-0.000971	1.000090	0.125183	
614	1.000111	-0.000183	-0.036072	0.000183	1.000111	-0.107635	
615	1.000228	0.000835	-0.390930	-0.000835	1.000228	0.392426	
616	0.999803	0.000131	0.025818	-0.000131	0.999803	0.256287	
617	0.999887	0.000784	-0.320435	-0.000784	0.999887	0.209686	
618	0.999972	0.000537	-0.189453	-0.000537	0.999972	0.062683	
619	1.000379	0.000902	-0.462708	-0.000902	1.000379	0.359894	
620	0.999836	0.000076	0.204041	-0.000076	0.999836	0.409546	
621	1.000316	0.001090	-0.667969	-0.001090	1.000316	1.241364	
622	0.999809	-0.000371	0.294556	0.000371	0.999809	0.043488	
623	1.001256	0.002112	-1.048279	-0.002112	1.001256	-0.146027	
624	1.000509	0.001138	-0.586487	-0.001138	1.000509	0.260345	
625	1.000820	-0.002112	0.848511	0.002112	1.000820	-2.500702	
626	1.000108	-0.000904	0.720276	0.000904	1.000108	-0.009064	
627	0.999295	0.000153	-0.049988	-0.000153	0.999295	0.466248	
628	0.999832	-0.000023	0.160095	0.000023	0.999832	0.129608	
629	0.999294	0.000444	-0.117920	-0.000444	0.999294	0.302795	
630	1.000893	0.000414	-0.615784	-0.000414	1.000893	-0.313629	
631	1.002109	0.000524	-1.238525	-0.000524	1.002109	-0.906616	
632	1.000781	-0.000817	-0.100037	0.000817	1.000781	-0.672974	
633	0.999890	-0.000864	-0.055237	0.000864	0.999890	-0.523346	
634	1.000840	-0.000747	-0.374451	0.000747	1.000840	-0.817200	
635	0.999335	-0.001442	0.434937	0.001442	0.999335	-0.981598	
636	0.999808	-0.000011	-0.086853	0.000011	0.999808	-0.175995	
637	1.000106	-0.000335	0.088684	0.000335	1.000106	-0.195923	
638	1.001024	-0.001272	-0.195923	0.001272	1.001024	-0.973907	
639	0.999376	0.000490	0.591858	-0.000490	0.999376	0.728333	
640	1.001633	-0.001411	-0.631287	0.001411	1.001633	-1.698303	
641	1.000252	-0.000981	0.669983	0.000981	1.000252	-1.099091	
642	1.001431	0.000957	-1.377136	-0.000957	1.001431	-0.763245	
643	1.000316	-0.000409	-0.033508	0.000409	1.000316	-0.434662	
644	1.000841	0.001656	-0.880737	-0.001656	1.000841	0.710327	
645	1.005370	0.000007	-2.907776	-0.000007	1.005370	-1.669342	
646	1.001304	0.000344	-0.826477	-0.000344	1.001304	-0.444733	
647	1.000368	0.000473	-0.720581	-0.000473	1.000368	-0.473297	
648	1.000290	0.000109	-0.302368	-0.000109	1.000290	-0.267029	
649	1.000764	0.000093	-0.497864	-0.000093	1.000764	-0.829590	
650	1.000089	-0.000112	-0.177002	0.000112	1.000089	-0.108612	
651	1.002438	0.000096	-0.939423	-0.000096	1.002438	-1.265625	
652	0.999560	-0.000375	0.212646	0.000375	0.999560	0.045044	
653	0.999294	0.000395	0.298706	-0.000395	0.999294	0.638123	
654	1.000206	-0.000058	-0.170532	0.000058	1.000206	-0.569824	
655	0.999783	-0.000019	-0.197510	0.000019	0.999783	-0.664124	
656	1.000155	-0.000176	-0.094849	0.000176	1.000155	-0.264709	
657	1.000667	-0.001218	0.100159	0.001218	1.000667	-0.773804	
658	1.000509	0.000199	-0.411499	-0.000199	1.000509	-0.194763	
659	1.001195	-0.000036	-0.615234	0.000036	1.001195	-0.708557	
660	1.000265	0.000097	-0.231750	-0.000097	1.000265	-0.261108	
661	1.001658	-0.001292	-0.911316	0.001292	1.001658	-1.654144	
662	1.000063	-0.000258	0.088379	0.000258	1.000063	-0.057434	
663	0.999542	-0.000423	0.700684	0.000423	0.999542	0.115356	
664	1.000685	-0.000008	-0.338379	0.000008	1.000685	-0.478058	
665	1.003965	0.002215	-3.224915	-0.002215	1.003965	-0.765991	
666	1.002588	0.002513	-1.584045	-0.002513	1.002588	-0.686279	
667	1.002179	-0.004530	1.191345	0.004530	1.002179	-3.058624	
668	1.001290	0.000596	-0.752869	-0.000596	1.001290	-0.372192	
669	1.001383	0.003093	-1.484711	-0.003093	1.001383	-0.323364	
670	1.000344	-0.000207	0.079193	0.000207	1.000344	-0.197388	
671	0.998590	-0.005848	2.906647	0.005848	0.998590	-2.786224	
672	1.000140	-0.000850	0.302246	0.000850	1.000140	-0.270599	
673	1.000140	-0.000850	0.302246	0.000850	1.000140	-0.270599	
674	1.001133	-0.003810	1.753815	0.003810	1.001133	-1.487915	
675	1.001956	-0.006402	2.988556	0.006402	1.001956	-1.911804	
676	0.999981	-0.000243	0.244171	0.000243	0.999981	-0.008057	
677	1.000078	0.000309	-0.376190	-0.000309	1.000078	0.212524	
678	0.999663	-0.000589	0.505859	0.000589	0.999663	0.326263	
679	0.987220	-0.005931	6.546570	0.005931	0.987220	6.015106	
680	0.994347	-0.009653	4.554321	0.009653	0.994347	1.506317	
681	0.994347	-0.009653	4.554321	0.009653	0.994347	1.506317	
682	0.994347	-0.009653	4.554321	0.009653	0.994347	1.506317	
683	0.994347	-0.009653	4.554321	0.009653	0.994347	1.506317	
684	1.004103	0.014387	-8.352539	-0.014387	1.004103	4.496765	
685	1.004103	0.014387	-8.352539	-0.014387	1.004103	4.496765	
686	1.007328	0.006261	-4.691833	-0.006261	1.007328	-3.487640	
687	1.007328	0.006261	-4.691833	-0.006261	1.007328	-3.487640	
688	0.995506	0.006109	1.328552	-0.006109	0.995506	9.305420	
689	0.995506	0.006109	1.328552	-0.006109	0.995506	9.305420	
690	0.998807	0.001398	-0.225037	-0.001398	0.998807	0.295471	
691	0.998807	0.001398	-0.225037	-0.001398	0.998807	0.295471	
692	0.999440	-0.000081	0.487488	0.000081	0.999440	0.050842	
693	0.998241	-0.000004	1.088074	0.000004	0.998241	0.969421	
694	1.000251	0.001955	-1.368713	-0.001955	1.000251	0.663696	
695	0.999804	-0.000221	-0.156921	0.000221	0.999804	0.053528	
696	0.999804	-0.000221	-0.156921	0.000221	0.999804	0.053528	
697	0.999804	-0.000221	-0.156921	0.000221	0.999804	0.053528	
698	0.999804	-0.000221	-0.156921	0.000221	0.999804	0.053528	
699	0.999804	-0.000221	-0.156921	0.000221	0.999804	0.053528	
700	0.999804	-0.000221	-0.156921	0.000221	0.999804	0.053528	
701	0.999804	-0.000221	-0.156921	0.000221	0.999804	0.053528	
702	1.001099	-0.001063	0.145447	0.001063	1.001099	-1.222961	
703	1.001099	-0.001063	0.145447	0.001063	1.001099	-1.222961	
704	1.001099	-0.001063	0.145447	0.001063	1.001099	-1.222961	
705	1.001099	-0.001063	0.145447	0.001063	1.001099	-1.222961	
706	1.001099	-0.001063	0.145447	0.001063	1.001099	-1.222961	
707	1.001099	-0.001063	0.145447	0.001063	1.001099	-1.222961	
708	0.992556	-0.007544	8.175049	0.007544	0.992556	-7.380371	
709	0.992556	-0.007544	8.175049	0.007544	0.992556	-7.380371	
710	0.992556	-0.007544	8.175049	0.007544	0.992556	-7.380371	
711	0.992556	-0.007544	8.175049	0.007544	0.992556	-7.380371	
712	1.000525	0.001109	-0.978455	-0.001109	1.000525	0.677246	
713	0.999310	-0.000322	1.141296	0.000322	0.999310	-0.029846	
714	0.999179	0.000882	0.452454	-0.000882	0.999179	1.088928	
715	0.999179	0.000882	0.452454	-0.000882	0.999179	1.088928	
716	0.994619	-0.002217	5.306091	0.002217	0.994619	1.448608	
717	0.994619	-0.002217	5.306091	0.002217	0.994619	1.448608	
718	0.994619	-0.002217	5.306091	0.002217	0.994619	1.448608	
719	0.994619	-0.002217	5.306091	0.002217	0.994619	1.448608	
720	0.994619	-0.002217	5.306091	0.002217	0.994619	1.448608	
721	0.994619	-0.002217	5.306091	0.002217	0.994619	1.448608	
722	0.993563	-0.001595	5.417053	0.001595	0.993563	3.205597	
723	0.993563	-0.001595	5.417053	0.001595	0.993563	3.205597	
724	0.997300	-0.000593	1.673340	0.000593	0.997300	3.404388	
725	0.997300	-0.000593	1.673340	0.000593	0.997300	3.404388	
726	0.996839	0.000704	1.116394	-0.000704	0.996839	2.068756	
727	0.995977	0.002883	0.267151	-0.002883	0.995977	4.611633	
728	0.995864	-0.000743	2.758057	0.000743	0.995864	0.799500	
729	0.995864	-0.000743	2.758057	0.000743	0.995864	0.799500	
730	0.995864	-0.000743	2.758057	0.000743	0.995864	0.799500	
731	0.995864	-0.000743	2.758057	0.000743	0.995864	0.799500	
732	1.000078	0.001450	-0.288330	-0.001450	1.000078	-2.231598	
733	1.000078	0.001450	-0.288330	-0.001450	1.000078	-2.231598	
734	0.995598	0.001821	2.594238	-0.001821	0.995598	5.891876	
735	0.995598	0.001821	2.594238	-0.001821	0.995598	5.891876	
736	0.986529	0.010374	9.227966	-0.010374	0.986529	14.369171	
737	0.986529	0.010374	9.227966	-0.010374	0.986529	14.369171	
738	0.999191	-0.000282	0.415100	0.000282	0.999191	-0.561768	
739	0.998859	-0.002220	2.202942	0.002220	0.998859	-1.311646	
740	0.998031	-0.001684	0.949585	0.001684	0.998031	-0.024658	
741	0.998031	-0.001684	0.949585	0.001684	0.998031	-0.024658	
742	1.000168	-0.000102	-1.217834	0.000102	1.000168	-0.243317	
743	1.000168	-0.000102	-1.217834	0.000102	1.000168	-0.243317	
744	0.999110	-0.001629	0.314941	0.001629	0.999110	-2.887573	
745	0.999110	-0.001629	0.314941	0.001629	0.999110	-2.887573	
746	0.998240	-0.001073	1.557434	0.001073	0.998240	1.260712	
747	0.998240	-0.001073	1.557434	0.001073	0.998240	1.260712	
748	0.996621	0.000800	1.791199	-0.000800	0.996621	2.108978	
749	0.985870	-0.005241	10.323669	0.005241	0.985870	-0.632172	
750	0.997605	-0.000084	1.213501	0.000084	0.997605	-0.236633	
751	1.006115	-0.000859	0.160858	0.000859	1.006115	-3.464142	
752	0.998662	-0.000731	0.967834	0.000731	0.998662	0.093903	
753	0.998662	-0.000731	0.967834	0.000731	0.998662	0.093903	
754	1.004028	-0.002904	0.245087	0.002904	1.004028	-1.203003	
755	0.997785	0.006434	-0.015564	-0.006434	0.997785	1.644897	
756	0.999058	0.002277	0.092194	-0.002277	0.999058	0.056885	
757	1.003083	0.008351	-2.196381	-0.008351	1.003083	0.742950	
758	0.997171	-0.000932	2.592224	0.000932	0.997171	0.736420	
759	0.999123	-0.007997	4.016418	0.007997	0.999123	-1.240295	
760	0.996658	0.000053	2.205566	-0.000053	0.996658	0.559082	
761	0.996658	0.000053	2.205566	-0.000053	0.996658	0.559082	
762	0.998632	0.001997	0.851196	-0.001997	0.998632	0.549683	
763	0.998632	0.001997	0.851196	-0.001997	0.998632	0.549683	
764	0.998873	-0.000795	1.626465	0.000795	0.998873	4.012451	
765	0.998873	-0.000795	1.626465	0.000795	0.998873	4.012451	
766	0.998873	-0.000795	1.626465	0.000795	0.998873	4.012451	
767	0.998873	-0.000795	1.626465	0.000795	0.998873	4.012451	
768	0.998873	-0.000795	1.626465	0.000795	0.998873	4.012451	
769	0.998873	-0.000795	1.626465	0.000795	0.998873	4.012451	
770	0.998873	-0.000795	1.626465	0.000795	0.998873	4.012451	
771	0.998873	-0.000795	1.626465	0.000795	0.998873	4.012451	
772	0.999459	0.002968	-0.964966	-0.002968	0.999459	8.842285	
773	0.995597	0.002589	1.675842	-0.002589	0.995597	4.927124	
774	0.999112	-0.000091	0.730225	0.000091	0.999112	0.086914	
775	1.002802	-0.003778	0.511475	0.003778	1.002802	-5.013123	
776	0.999147	0.000417	0.370422	-0.000417	0.999147	0.954559	
777	0.998614	0.000061	1.146667	-0.000061	0.998614	1.046173	
778	0.999622	-0.000326	0.286438	0.000326	0.999622	0.018188	
779	1.000315	0.000035	-0.114380	-0.000035	1.000315	-0.122620	
780	0.999935	0.000169	-0.037170	-0.000169	0.999935	0.168152	
781	0.999971	0.000321	-0.288574	-0.000321	0.999971	0.206268	
782	1.001038	0.000032	-0.632263	-0.000032	1.001038	-0.232971	
783	1.000860	0.000000	-0.594543	-0.000000	1.000860	-0.500549	
784	1.000818	0.000264	-0.605713	-0.000264	1.000818	-0.235535	
785	1.001457	0.000269	-0.743042	-0.000269	1.001457	-0.785034	
786	1.001915	0.000339	-1.294556	-0.000339	1.001915	-1.020813	
787	1.004160	-0.001216	-1.078766	0.001216	1.004160	-2.131348	
788	0.999833	0.000308	-0.019531	-0.000308	0.999833	0.307831	
789	1.005361	0.002199	-2.386139	-0.002199	1.005361	2.325958	
790	0.999329	0.004257	-1.866089	-0.004257	0.999329	4.417969	
791	0.999329	0.004257	-1.866089	-0.004257	0.999329	4.417969	
792	1.000789	0.004671	-3.282532	-0.004671	1.000789	4.310394	
793	0.990602	0.001612	7.994263	-0.001612	0.990602	6.786163	
794	0.990790	-0.006251	9.181641	0.006251	0.990790	1.575684	
795	0.990790	-0.006251	9.181641	0.006251	0.990790	1.575684	
796	0.996506	0.003286	0.650696	-0.003286	0.996506	4.665802	
797	0.999402	0.000707	-0.423096	-0.000707	0.999402	0.692505	
798	0.998523	0.001230	0.111633	-0.001230	0.998523	1.342529	
799	0.998523	0.001230	0.111633	-0.001230	0.998523	1.342529	
800	0.998523	0.001230	0.111633	-0.001230	0.998523	1.342529	
801	0.998523	0.001230	0.111633	-0.001230	0.998523	1.342529	
802	0.998789	-0.000519	0.450378	0.000519	0.998789	0.487671	
803	0.998789	-0.000519	0.450378	0.000519	0.998789	0.487671	
804	0.997474	-0.003033	3.696533	0.003033	0.997474	-0.358582	
805	0.997474	-0.003033	3.696533	0.003033	0.997474	-0.358582	
806	0.997474	-0.003033	3.696533	0.003033	0.997474	-0.358582	
807	0.997474	-0.003033	3.696533	0.003033	0.997474	-0.358582	
808	1.005297	-0.001590	-2.940918	0.001590	1.005297	-4.395203	
809	1.005297	-0.001590	-2.940918	0.001590	1.005297	-4.395203	
810	1.005297	-0.001590	-2.940918	0.001590	1.005297	-4.395203	
811	1.005297	-0.001590	-2.940918	0.001590	1.005297	-4.395203	
812	1.005297	-0.001590	-2.940918	0.001590	1.005297	-4.395203	
813	1.005297	-0.001590	-2.940918	0.001590	1.005297	-4.395203	
814	1.005297	-0.001590	-2.940918	0.001590	1.005297	-4.395203	
815	1.005297	-0.001590	-2.940918	0.001590	1.005297	-4.395203	
816	1.005297	-0.001590	-2.940918	0.001590	1.005297	-4.395203	
817	1.005297	-0.001590	-2.940918	0.001590	1.005297	-4.395203	
818	1.005297	-0.001590	-2.940918	0.001590	1.005297	-4.395203	
819	1.005297	-0.001590	-2.940918	0.001590	1.005297	-4.395203	
820	1.005297	-0.001590	-2.940918	0.001590	1.005297	-4.395203	
821	1.005297	-0.001590	-2.940918	0.001590	1.005297	-4.395203	
822	1.005297	-0.001590	-2.940918	0.001590	1.005297	-4.395203	
823	1.005297	-0.001590	-2.940918	0.001590	1.005297	-4.395203	
824	1.005297	-0.001590	-2.940918	0.001590	1.005297	-4.395203	
825	1.005297	-0.001590	-2.940918	0.001590	1.005297	-4.395203	
826	1.005297	-0.001590	-2.940918	0.001590	1.005297	-4.395203	
827	1.005297	-0.001590	-2.940918	0.001590	1.005297	-4.395203	
828	1.005297	-0.001590	-2.940918	0.001590	1.005297	-4.395203	
829	1.005297	-0.001590	-2.940918	0.001590	1.005297	-4.395203	
830	1.005297	-0.001590	-2.940918	0.001590	1.005297	-4.395203	
831	1.005297	-0.001590	-2.940918	0.001590	1.005297	-4.395203	
832	1.005297	-0.001590	-2.940918	0.001590	1.005297	-4.395203	
833	1.005297	-0.001590	-2.940918	0.001590	1.005297	-4.395203	
834	1.005502	-0.004171	-3.607117	0.004171	1.005502	-3.046753	
835	1.005502	-0.004171	-3.607117	0.004171	1.005502	-3.046753	
836	1.005502	-0.004171	-3.607117	0.004171	1.005502	-3.046753	
837	1.005502	-0.004171	-3.607117	0.004171	1.005502	-3.046753	
838	1.005502	-0.004171	-3.607117	0.004171	1.005502	-3.046753	
839	1.005502	-0.004171	-3.607117	0.004171	1.005502	-3.046753	
840	1.005502	-0.004171	-3.607117	0.004171	1.005502	-3.046753	
841	1.005502	-0.004171	-3.607117	0.004171	1.005502	-3.046753	
842	0.999519	0.003285	1.381714	-0.003285	0.999519	2.776276	
843	0.999519	0.003285	1.381714	-0.003285	0.999519	2.776276	
844	0.999519	0.003285	1.381714	-0.003285	0.999519	2.776276	
845	0.999519	0.003285	1.381714	-0.003285	0.999519	2.776276	
846	1.016275	-0.000101	-6.593079	0.000101	1.016275	-1.260620	
847	1.016275	-0.000101	-6.593079	0.000101	1.016275	-1.260620	
848	1.016275	-0.000101	-6.593079	0.000101	1.016275	-1.260620	
849	1.016275	-0.000101	-6.593079	0.000101	1.016275	-1.260620	
850	1.016275	-0.000101	-6.593079	0.000101	1.016275	-1.260620	
851	1.016275	-0.000101	-6.593079	0.000101	1.016275	-1.260620	
852	1.016275	-0.000101	-6.593079	0.000101	1.016275	-1.260620	
853	1.016275	-0.000101	-6.593079	0.000101	1.016275	-1.260620	
854	1.016275	-0.000101	-6.593079	0.000101	1.016275	-1.260620	
855	1.016275	-0.000101	-6.593079	0.000101	1.016275	-1.260620	
856	1.016275	-0.000101	-6.593079	0.000101	1.016275	-1.260620	
857	1.016275	-0.000101	-6.593079	0.000101	1.016275	-1.260620	
858	1.016275	-0.000101	-6.593079	0.000101	1.016275	-1.260620	
859	1.016275	-0.000101	-6.593079	0.000101	1.016275	-1.260620	
860	1.016275	-0.000101	-6.593079	0.000101	1.016275	-1.260620	
861	1.016275	-0.000101	-6.593079	0.000101	1.016275	-1.260620	
862	1.016275	-0.000101	-6.593079	0.000101	1.016275	-1.260620	
863	1.016275	-0.000101	-6.593079	0.000101	1.016275	-1.260620	
864	1.016275	-0.000101	-6.593079	0.000101	1.016275	-1.260620	
865	1.016275	-0.000101	-6.593079	0.000101	1.016275	-1.260620	
866	1.016275	-0.000101	-6.593079	0.000101	1.016275	-1.260620	
867	1.016275	-0.000101	-6.593079	0.000101	1.016275	-1.260620	
868	1.016275	-0.000101	-6.593079	0.000101	1.016275	-1.260620	
869	1.016275	-0.000101	-6.593079	0.000101	1.016275	-1.260620	
870	1.016275	-0.000101	-6.593079	0.000101	1.016275	-1.260620	
871	1.016275	-0.000101	-6.593079	0.000101	1.016275	-1.260620	
872	1.000851	0.002589	-1.061890	-0.002589	1.000851	5.488098	
873	1.000851	0.002589	-1.061890	-0.002589	1.000851	5.488098	
874	1.001031	-0.000997	-0.526642	0.000997	1.001031	-2.853394	
875	1.001031	-0.000997	-0.526642	0.000997	1.001031	-2.853394	
876	0.999608	-0.003048	1.316284	0.003048	0.999608	-7.625549	
877	0.999608	-0.003048	1.316284	0.003048	0.999608	-7.625549	
878	0.999608	-0.003048	1.316284	0.003048	0.999608	-7.625549	
879	0.999608	-0.003048	1.316284	0.003048	0.999608	-7.625549	
880	1.001784	0.006574	-2.533386	-0.006574	1.001784	2.462753	
881	1.001784	0.006574	-2.533386	-0.006574	1.001784	2.462753	
882	1.004529	0.002788	-3.477905	-0.002788	1.004529	5.562073	
883	1.004529	0.002788	-3.477905	-0.002788	1.004529	5.562073	
884	0.995336	0.004684	-0.445129	-0.004684	0.995336	5.163361	
885	0.995336	0.004684	-0.445129	-0.004684	0.995336	5.163361	
886	0.995336	0.004684	-0.445129	-0.004684	0.995336	5.163361	
887	0.995336	0.004684	-0.445129	-0.004684	0.995336	5.163361	
888	0.995336	0.004684	-0.445129	-0.004684	0.995336	5.163361	
889	0.995336	0.004684	-0.445129	-0.004684	0.995336	5.163361	
890	0.995336	0.004684	-0.445129	-0.004684	0.995336	5.163361	
891	0.995336	0.004684	-0.445129	-0.004684	0.995336	5.163361	
892	1.004773	0.004538	-4.716370	-0.004538	1.004773	1.006500	
893	0.999771	0.000279	-0.021973	-0.000279	0.999771	0.316467	
894	0.999460	0.001575	-0.686035	-0.001575	0.999460	0.965485	
895	1.007807	-0.002097	-4.340759	0.002097	1.007807	-2.762177	
896	1.002675	0.001371	-2.445435	-0.001371	1.002675	-0.398071	
897	1.003968	-0.001795	-0.967590	0.001795	1.003968	-2.707977	
898	1.000843	-0.002570	0.985840	0.002570	1.000843	-1.863129	
899	1.001447	0.000563	-0.985107	-0.000563	1.001447	-0.676666	
900	0.999239	-0.000828	1.212769	0.000828	0.999239	-0.247192	
901	1.000928	-0.003417	1.556580	0.003417	1.000928	-3.145294	
902	1.000340	0.000703	-0.282104	-0.000703	1.000340	0.471252	
903	1.000419	-0.000867	0.103210	0.000867	1.000419	-0.457581	
904	0.999610	0.000797	-0.177734	-0.000797	0.999610	0.464294	
905	1.001167	-0.000293	-0.814941	0.000293	1.001167	-1.022644	
906	1.000298	-0.000170	-0.066223	0.000170	1.000298	-0.417542	
907	1.000339	-0.000796	0.328003	0.000796	1.000339	-0.812622	
908	0.997460	-0.001036	1.784424	0.001036	0.997460	0.987823	
909	0.997460	-0.001036	1.784424	0.001036	0.997460	0.987823	
910	0.998109	0.000825	0.913879	-0.000825	0.998109	1.562164	
911	0.998109	0.000825	0.913879	-0.000825	0.998109	1.562164	
912	1.000016	0.002351	-1.363342	-0.002351	1.000016	1.950348	
913	1.000016	0.002351	-1.363342	-0.002351	1.000016	1.950348	
914	0.997790	-0.000132	1.340759	0.000132	0.997790	1.257629	
915	0.995568	0.000096	2.862183	-0.000096	0.995568	2.556335	
916	0.999743	0.003305	-1.288239	-0.003305	0.999743	1.939819	
917	0.996464	0.000531	1.011169	-0.000531	0.996464	2.732117	
918	1.000100	0.000390	-0.452759	-0.000390	1.000100	0.266418	
919	1.002777	-0.000193	-1.448547	0.000193	1.002777	-1.768921	
920	1.000292	0.000190	-0.384338	-0.000190	1.000292	-0.545807	
921	0.997272	0.002025	-0.041626	-0.002025	0.997272	0.328247	
922	1.002114	-0.004021	0.352234	0.004021	1.002114	-3.547028	
923	0.998933	-0.006436	3.281250	0.006436	0.998933	-2.440979	
924	1.000706	-0.001317	0.444702	0.001317	1.000706	-1.448486	
925	1.000706	-0.001317	0.444702	0.001317	1.000706	-1.448486	
926	1.000148	-0.000077	-0.031311	0.000077	1.000148	-0.183228	
927	1.000148	-0.000077	-0.031311	0.000077	1.000148	-0.183228	
928	1.000625	-0.000586	0.286804	0.000586	1.000625	-0.911316	
929	1.000625	-0.000586	0.286804	0.000586	1.000625	-0.911316	
930	1.000625	-0.000586	0.286804	0.000586	1.000625	-0.911316	
931	0.999269	-0.001093	1.109436	0.001093	0.999269	0.145325	
932	0.998365	-0.006011	3.854431	0.006011	0.998365	-3.916565	
933	0.993128	-0.000151	7.697510	0.000151	0.993128	3.710785	
934	0.996163	0.004318	3.121338	-0.004318	0.996163	3.516296	
935	0.996163	0.004318	3.121338	-0.004318	0.996163	3.516296	
936	0.999984	0.000889	-0.645752	-0.000889	0.999984	0.329254	
937	0.999984	0.000889	-0.645752	-0.000889	0.999984	0.329254	
938	1.000559	-0.000246	-0.109192	0.000246	1.000559	-0.372620	
939	0.999556	-0.000140	0.126465	0.000140	0.999556	0.256287	
940	0.999869	-0.000440	0.071045	0.000440	0.999869	-0.170685	
941	1.002369	-0.000062	-1.552551	0.000062	1.002369	-1.667267	
942	1.000236	0.000526	-0.470947	-0.000526	1.000236	0.156952	
943	1.001043	0.001103	-1.577881	-0.001103	1.001043	-0.011536	
944	1.000935	-0.000878	0.010559	0.000878	1.000935	-0.993683	
945	0.999427	0.002118	-0.996704	-0.002118	0.999427	1.507172	
946	1.002826	0.000393	-1.924927	-0.000393	1.002826	-1.819366	
947	1.002826	0.000393	-1.924927	-0.000393	1.002826	-1.819366	
948	1.002607	0.001819	-2.088440	-0.001819	1.002607	3.405121	
949	1.002607	0.001819	-2.088440	-0.001819	1.002607	3.405121	
950	1.000652	-0.000035	-0.415710	0.000035	1.000652	7.130707	
951	1.000652	-0.000035	-0.415710	0.000035	1.000652	7.130707	
952	0.997948	-0.002865	3.212830	0.002865	0.997948	0.145935	
953	1.002915	0.003378	-3.685913	-0.003378	1.002915	1.971771	
954	1.002559	0.002266	-2.126709	-0.002266	1.002559	-1.080139	
955	1.016532	0.007688	-14.341736	-0.007688	1.016532	-6.536682	
956	1.013324	0.006832	-11.978210	-0.006832	1.013324	-4.708527	
957	1.013324	0.006832	-11.978210	-0.006832	1.013324	-4.708527	
958	1.004740	-0.005061	-1.332336	0.005061	1.004740	-10.195282	
959	1.004740	-0.005061	-1.332336	0.005061	1.004740	-10.195282	
960	1.001106	-0.006062	2.108948	0.006062	1.001106	-6.977264	
961	1.001106	-0.006062	2.108948	0.006062	1.001106	-6.977264	
962	0.999958	-0.002065	1.231934	0.002065	0.999958	-1.029053	
963	0.999958	-0.002065	1.231934	0.002065	0.999958	-1.029053	
964	0.999958	-0.002065	1.231934	0.002065	0.999958	-1.029053	
965	0.999958	-0.002065	1.231934	0.002065	0.999958	-1.029053	
966	1.008622	-0.003620	-6.578003	0.003620	1.008622	-4.642792	
967	1.001156	-0.002809	0.694641	0.002809	1.001156	-1.426819	
968	1.003720	-0.007131	-1.674255	0.007131	1.003720	-6.316345	
969	1.003720	-0.007131	-1.674255	0.007131	1.003720	-6.316345	
970	1.001137	-0.000805	-0.982910	0.000805	1.001137	0.349518	
971	1.001137	-0.000805	-0.982910	0.000805	1.001137	0.349518	
972	0.999568	0.000831	-0.119080	-0.000831	0.999568	0.572876	
973	0.999568	0.000831	-0.119080	-0.000831	0.999568	0.572876	
974	0.998125	0.001054	1.483582	-0.001054	0.998125	1.402405	
975	0.998125	0.001054	1.483582	-0.001054	0.998125	1.402405	
976	0.997133	0.001913	1.184387	-0.001913	0.997133	2.634949	
977	0.997133	0.001913	1.184387	-0.001913	0.997133	2.634949	
978	0.995802	0.001146	1.707214	-0.001146	0.995802	1.956635	
979	0.995802	0.001146	1.707214	-0.001146	0.995802	1.956635	
980	0.995664	-0.002113	3.641357	0.002113	0.995664	0.648224	
981	0.991979	-0.005383	7.583008	0.005383	0.991979	0.883698	
982	0.996523	0.003234	2.127136	-0.003234	0.996523	1.642151	
983	0.996523	0.003234	2.127136	-0.003234	0.996523	1.642151	
984	1.004279	0.003456	-2.835999	-0.003456	1.004279	-0.935730	
985	1.004279	0.003456	-2.835999	-0.003456	1.004279	-0.935730	
986	1.004279	0.003456	-2.835999	-0.003456	1.004279	-0.935730	
987	1.004279	0.003456	-2.835999	-0.003456	1.004279	-0.935730	
988	0.998556	-0.001828	1.343750	0.001828	0.998556	0.307983	
989	0.998556	-0.001828	1.343750	0.001828	0.998556	0.307983	
990	0.998556	-0.001828	1.343750	0.001828	0.998556	0.307983	
991	0.998556	-0.001828	1.343750	0.001828	0.998556	0.307983	
992	0.998556	-0.001828	1.343750	0.001828	0.998556	0.307983	
993	0.998556	-0.001828	1.343750	0.001828	0.998556	0.307983	
994	0.999625	-0.002439	1.306885	0.002439	0.999625	-0.205322	
995	1.001802	0.001543	-1.644714	-0.001543	1.001802	-0.370270	
996	1.004871	0.002950	-2.315674	-0.002950	1.004871	-2.178192	
997	1.004871	0.002950	-2.315674	-0.002950	1.004871	-2.178192	
998	1.004871	0.002950	-2.315674	-0.002950	1.004871	-2.178192	
999	1.004871	0.002950	-2.315674	-0.002950	1.004871	-2.178192	
1000	1.004871	0.002950	-2.315674	-0.002950	1.004871	-2.178192	
1001	1.004871	0.002950	-2.315674	-0.002950	1.004871	-2.178192	
1002	1.000096	-0.000309	0.890869	0.000309	1.000096	1.315460	
1003	1.000974	-0.002100	1.265381	0.002100	1.000974	-1.323792	
1004	1.000047	0.000415	-0.139099	-0.000415	1.000047	0.143097	
1005	1.000810	-0.000556	-0.364380	0.000556	1.000810	-1.516937	
1006	1.003992	0.002467	-2.666443	-0.002467	1.003992	-1.251862	
1007	1.003992	0.002467	-2.666443	-0.002467	1.003992	-1.251862	
1008	1.001494	0.000781	-1.762512	-0.000781	1.001494	-0.463501	
1009	1.002659	-0.006608	-1.558533	0.006608	1.002659	-5.442352	
1010	0.999101	-0.001883	-0.957581	0.001883	0.999101	-2.134979	
1011	0.995221	0.000020	1.040222	-0.000020	0.995221	2.323975	
1012	0.995574	0.002939	0.862000	-0.002939	0.995574	1.332214	
1013	0.996452	-0.000390	0.420349	0.000390	0.996452	-1.287079	
1014	1.000241	-0.001057	0.003235	0.001057	1.000241	-2.902618	
1015	1.000241	-0.001057	0.003235	0.001057	1.000241	-2.902618	
1016	0.999279	-0.007779	2.941833	0.007779	0.999279	-6.010834	
1017	0.999279	-0.007779	2.941833	0.007779	0.999279	-6.010834	
1018	0.998434	0.000374	1.231079	-0.000374	0.998434	-0.087463	
1019	0.999141	0.009501	-1.833862	-0.009501	0.999141	1.662201	
1020	0.999247	0.008130	-2.396729	-0.008130	0.999247	2.681000	
1021	1.001838	0.001730	-1.606018	-0.001730	1.001838	-1.000977	
1022	1.000183	0.002185	-1.276184	-0.002185	1.000183	1.730499	
1023	0.999144	-0.001258	0.856323	0.001258	0.999144	-0.283264	
1024	0.999170	0.000899	0.046753	-0.000899	0.999170	1.351379	
1025	1.000096	-0.000138	0.082642	0.000138	1.000096	0.101410	
1026	0.998673	0.000581	0.516541	-0.000581	0.998673	1.324402	
1027	0.998673	0.000581	0.516541	-0.000581	0.998673	1.324402	
1028	0.998591	-0.000789	1.821472	0.000789	0.998591	2.337341	
1029	0.998591	-0.000789	1.821472	0.000789	0.998591	2.337341	
1030	0.999668	0.000482	-0.132141	-0.000482	0.999668	0.135376	
1031	0.999668	0.000482	-0.132141	-0.000482	0.999668	0.135376	
1032	0.999668	0.000482	-0.132141	-0.000482	0.999668	0.135376	
1033	0.999668	0.000482	-0.132141	-0.000482	0.999668	0.135376	
1034	0.999668	0.000482	-0.132141	-0.000482	0.999668	0.135376	
1035	0.999668	0.000482	-0.132141	-0.000482	0.999668	0.135376	
1036	0.999435	-0.000460	0.656982	0.000460	0.999435	0.111206	
1037	0.999435	-0.000460	0.656982	0.000460	0.999435	0.111206	
1038	0.999849	-0.000264	0.486938	0.000264	0.999849	0.311737	
1039	0.997566	0.000902	1.448730	-0.000902	0.997566	2.491760	
1040	1.001237	-0.000362	-0.499207	0.000362	1.001237	-1.015137	
1041	1.001561	0.001230	-1.391846	-0.001230	1.001561	-0.490234	
1042	1.000599	-0.000113	-0.142700	0.000113	1.000599	-0.461517	
1043	1.000599	-0.000113	-0.142700	0.000113	1.000599	-0.461517	
1044	0.998693	0.002388	-1.117554	-0.002388	0.998693	1.231384	
1045	1.000982	0.000062	-0.652100	-0.000062	1.000982	-0.618286	
1046	1.001289	-0.000169	-1.518127	0.000169	1.001289	-1.059509	
1047	1.001289	-0.000169	-1.518127	0.000169	1.001289	-1.059509	
1048	1.002880	0.004279	-3.421387	-0.004279	1.002880	-0.073578	
1049	1.002880	0.004279	-3.421387	-0.004279	1.002880	-0.073578	
1050	1.001076	0.002384	-1.795410	-0.002384	1.001076	0.271912	
1051	0.998710	0.000814	0.938110	-0.000814	0.998710	1.438660	
1052	0.996851	-0.003641	2.790466	0.003641	0.996851	0.414764	
1053	0.996851	-0.003641	2.790466	0.003641	0.996851	0.414764	
1054	1.000303	-0.001543	0.439972	0.001543	1.000303	0.181427	
1055	1.000303	-0.001543	0.439972	0.001543	1.000303	0.181427	
1056	1.000303	-0.001543	0.439972	0.001543	1.000303	0.181427	
1057	1.000303	-0.001543	0.439972	0.001543	1.000303	0.181427	
1058	1.000303	-0.001543	0.439972	0.001543	1.000303	0.181427	
1059	1.000303	-0.001543	0.439972	0.001543	1.000303	0.181427	
1060	0.998256	-0.003973	-0.929626	0.003973	0.998256	0.655457	
1061	0.998256	-0.003973	-0.929626	0.003973	0.998256	0.655457	
1062	0.999693	-0.002398	-2.016663	0.002398	0.999693	-0.021851	
1063	0.999693	-0.002398	-2.016663	0.002398	0.999693	-0.021851	
1064	0.999277	0.001273	-2.815002	-0.001273	0.999277	0.931458	
1065	1.005984	-0.002272	-7.535706	0.002272	1.005984	-4.156128	
1066	1.002056	-0.000921	-3.142151	0.000921	1.002056	-1.294800	
1067	0.999503	-0.001631	-1.749268	0.001631	0.999503	-0.948273	
1068	1.002257	-0.001484	-2.633911	0.001484	1.002257	-1.504364	
1069	0.998796	0.001229	-0.140259	-0.001229	0.998796	1.927673	
1070	0.999122	0.000634	-0.167542	-0.000634	0.999122	0.953796	
1071	0.999122	0.000634	-0.167542	-0.000634	0.999122	0.953796	
1072	0.995623	-0.004165	3.565613	0.004165	0.995623	-2.414795	
1073	0.995623	-0.004165	3.565613	0.004165	0.995623	-2.414795	
1074	1.004911	0.003913	-3.413757	-0.003913	1.004911	-2.183807	
1075	1.004911	0.003913	-3.413757	-0.003913	1.004911	-2.183807	
1076	0.999906	0.003469	1.642334	-0.003469	0.999906	3.942017	
1077	0.999906	0.003469	1.642334	-0.003469	0.999906	3.942017	
1078	0.998100	-0.004536	5.970337	0.004536	0.998100	-2.559174	
1079	0.998100	-0.004536	5.970337	0.004536	0.998100	-2.559174	
1080	0.998100	-0.004536	5.970337	0.004536	0.998100	-2.559174	
1081	0.998100	-0.004536	5.970337	0.004536	0.998100	-2.559174	
1082	0.995871	-0.000957	7.228577	0.000957	0.995871	2.440155	
1083	0.995871	-0.000957	7.228577	0.000957	0.995871	2.440155	
1084	1.002515	-0.001351	0.793701	0.001351	1.002515	-2.767944	
1085	1.002515	-0.001351	0.793701	0.001351	1.002515	-2.767944	
1086	1.002515	-0.001351	0.793701	0.001351	1.002515	-2.767944	
1087	1.002515	-0.001351	0.793701	0.001351	1.002515	-2.767944	
1088	1.002821	0.004350	-3.776978	-0.004350	1.002821	4.328827	
1089	1.002821	0.004350	-3.776978	-0.004350	1.002821	4.328827	
1090	1.002821	0.004350	-3.776978	-0.004350	1.002821	4.328827	
1091	1.002821	0.004350	-3.776978	-0.004350	1.002821	4.328827	
1092	0.999566	0.001837	-3.648987	-0.001837	0.999566	1.472717	
1093	0.999566	0.001837	-3.648987	-0.001837	0.999566	1.472717	
1094	1.002428	-0.000212	-5.059082	0.000212	1.002428	-0.219818	
1095	1.002428	-0.000212	-5.059082	0.000212	1.002428	-0.219818	
1096	0.999781	-0.005550	-0.047180	0.005550	0.999781	-4.311340	
1097	0.999781	-0.005550	-0.047180	0.005550	0.999781	-4.311340	
1098	0.999781	-0.005550	-0.047180	0.005550	0.999781	-4.311340	
1099	0.999781	-0.005550	-0.047180	0.005550	0.999781	-4.311340	
1100	0.999781	-0.005550	-0.047180	0.005550	0.999781	-4.311340	
1101	0.999781	-0.005550	-0.047180	0.005550	0.999781	-4.311340	
1102	1.000534	-0.000079	-0.194336	0.000079	1.000534	-0.410522	
1103	1.000534	-0.000079	-0.194336	0.000079	1.000534	-0.410522	
1104	1.000534	-0.000079	-0.194336	0.000079	1.000534	-0.410522	
1105	1.000534	-0.000079	-0.194336	0.000079	1.000534	-0.410522	
1106	1.000555	-0.000109	-0.132812	0.000109	1.000555	-0.145660	
1107	1.000555	-0.000109	-0.132812	0.000109	1.000555	-0.145660	
1108	1.003975	-0.003514	0.212616	0.003514	1.003975	-3.770935	
1109	1.003975	-0.003514	0.212616	0.003514	1.003975	-3.770935	
1110	1.003975	-0.003514	0.212616	0.003514	1.003975	-3.770935	
1111	1.003975	-0.003514	0.212616	0.003514	1.003975	-3.770935	
1112	1.003975	-0.003514	0.212616	0.003514	1.003975	-3.770935	
1113	1.003975	-0.003514	0.212616	0.003514	1.003975	-3.770935	
1114	0.999055	-0.001422	1.282715	0.001422	0.999055	-0.100830	
1115	0.999055	-0.001422	1.282715	0.001422	0.999055	-0.100830	
1116	1.001710	-0.000285	-0.918091	0.000285	1.001710	-1.456024	
1117	1.001710	-0.000285	-0.918091	0.000285	1.001710	-1.456024	
1118	1.000337	0.000168	0.370544	-0.000168	1.000337	0.012085	
1119	1.000337	0.000168	0.370544	-0.000168	1.000337	0.012085	
1120	0.994184	-0.003747	5.003296	0.003747	0.994184	1.948364	
1121	1.001545	-0.002711	0.725403	0.002711	1.001545	-1.751404	
1122	0.999623	0.001264	-0.525757	-0.001264	0.999623	0.899384	
1123	0.999623	0.001264	-0.525757	-0.001264	0.999623	0.899384	
1124	0.998198	-0.003309	2.222107	0.003309	0.998198	0.233673	
1125	1.001894	0.000081	-1.503723	-0.000081	1.001894	-1.291992	
1126	1.001894	0.000081	-1.503723	-0.000081	1.001894	-1.291992	
1127	1.001894	0.000081	-1.503723	-0.000081	1.001894	-1.291992	
1128	1.001894	0.000081	-1.503723	-0.000081	1.001894	-1.291992	
1129	1.001894	0.000081	-1.503723	-0.000081	1.001894	-1.291992	
1130	0.998343	-0.003633	0.512360	0.003633	0.998343	2.389465	
1131	0.998343	-0.003633	0.512360	0.003633	0.998343	2.389465	
1132	0.998343	-0.003633	0.512360	0.003633	0.998343	2.389465	
1133	0.998343	-0.003633	0.512360	0.003633	0.998343	2.389465	
1134	0.996907	0.002948	0.649048	-0.002948	0.996907	3.675598	
1135	1.000176	0.000146	-0.415649	-0.000146	1.000176	0.285187	
1136	0.999717	0.001026	-0.613892	-0.001026	0.999717	0.637268	
1137	0.997735	-0.000066	1.273560	0.000066	0.997735	1.163177	
1138	0.999123	0.000280	0.278320	-0.000280	0.999123	0.579132	
1139	0.999123	0.000280	0.278320	-0.000280	0.999123	0.579132	
1140	0.999427	-0.001353	1.393921	0.001353	0.999427	-0.701721	
1141	0.999427	-0.001353	1.393921	0.001353	0.999427	-0.701721	
1142	1.002961	0.001809	-1.462311	-0.001809	1.002961	-1.001495	
1143	1.001129	-0.003415	1.349548	0.003415	1.001129	-3.361389	
1144	1.001383	-0.001843	-0.052612	0.001843	1.001383	-2.304108	
1145	1.002932	0.001861	-2.175049	-0.001861	1.002932	-0.898651	
1146	1.002020	0.002607	-1.959412	-0.002607	1.002020	-0.893982	
1147	1.000729	0.001730	-1.543274	-0.001730	1.000729	0.877045	
1148	0.998115	0.001033	0.203369	-0.001033	0.998115	1.871124	
1149	0.998115	0.001033	0.203369	-0.001033	0.998115	1.871124	
1150	0.996415	-0.000208	1.402771	0.000208	0.996415	2.425598	
1151	0.996415	-0.000208	1.402771	0.000208	0.996415	2.425598	
1152	0.999296	-0.002191	2.593933	0.002191	0.999296	-3.373291	
1153	0.999296	-0.002191	2.593933	0.002191	0.999296	-3.373291	
1154	0.999296	-0.002191	2.593933	0.002191	0.999296	-3.373291	
1155	0.999296	-0.002191	2.593933	0.002191	0.999296	-3.373291	
1156	0.999296	-0.002191	2.593933	0.002191	0.999296	-3.373291	
1157	0.999296	-0.002191	2.593933	0.002191	0.999296	-3.373291	
1158	1.002725	-0.000759	1.494629	0.000759	1.002725	0.213531	
1159	1.002725	-0.000759	1.494629	0.000759	1.002725	0.213531	
1160	1.003312	-0.000526	0.167358	0.000526	1.003312	-1.324646	
1161	1.003312	-0.000526	0.167358	0.000526	1.003312	-1.324646	
1162	1.002482	-0.004778	2.392120	0.004778	1.002482	-2.717194	
1163	1.002482	-0.004778	2.392120	0.004778	1.002482	-2.717194	
1164	1.000919	0.000845	-0.239624	-0.000845	1.000919	-0.104736	
1165	1.000619	0.001266	-0.077332	-0.001266	1.000619	0.297943	
1166	1.001121	0.000929	-0.560730	-0.000929	1.001121	-0.191559	
1167	1.001121	0.000929	-0.560730	-0.000929	1.001121	-0.191559	
1168	1.002595	0.001299	-2.538757	-0.001299	1.002595	-0.175659	
1169	1.002595	0.001299	-2.538757	-0.001299	1.002595	-0.175659	
1170	0.999871	-0.000022	0.338013	0.000022	0.999871	-0.026642	
1171	1.005845	-0.009031	-3.274170	0.009031	1.005845	-9.098053	
1172	1.002437	-0.003793	-1.652344	0.003793	1.002437	-4.658813	
1173	1.002437	-0.003793	-1.652344	0.003793	1.002437	-4.658813	
1174	0.996889	-0.000296	2.107544	0.000296	0.996889	1.438934	
1175	0.996889	-0.000296	2.107544	0.000296	0.996889	1.438934	
1176	0.996889	-0.000296	2.107544	0.000296	0.996889	1.438934	
1177	0.996889	-0.000296	2.107544	0.000296	0.996889	1.438934	
1178	0.996889	-0.000296	2.107544	0.000296	0.996889	1.438934	
1179	0.996889	-0.000296	2.107544	0.000296	0.996889	1.438934	
1180	0.996889	-0.000296	2.107544	0.000296	0.996889	1.438934	
1181	0.996889	-0.000296	2.107544	0.000296	0.996889	1.438934	
1182	1.001340	-0.000007	0.076355	0.000007	1.001340	-0.504150	
1183	1.001340	-0.000007	0.076355	0.000007	1.001340	-0.504150	
1184	0.999829	-0.000704	0.842712	0.000704	0.999829	-0.159302	
1185	0.999829	-0.000704	0.842712	0.000704	0.999829	-0.159302	
1186	0.999829	-0.000704	0.842712	0.000704	0.999829	-0.159302	
1187	0.999829	-0.000704	0.842712	0.000704	0.999829	-0.159302	
1188	1.000196	0.001599	0.148010	-0.001599	1.000196	-4.856537	
1189	1.000196	0.001599	0.148010	-0.001599	1.000196	-4.856537	
1190	1.000196	0.001599	0.148010	-0.001599	1.000196	-4.856537	
1191	1.000196	0.001599	0.148010	-0.001599	1.000196	-4.856537	
1192	1.001427	-0.000602	-0.691833	0.000602	1.001427	-1.147095	
1193	0.996371	-0.002216	3.463745	0.002216	0.996371	3.404266	
1194	0.999871	0.002716	-0.501282	-0.002716	0.999871	2.998383	
1195	0.997050	-0.000863	2.487671	0.000863	0.997050	1.181732	
1196	1.000471	0.001686	-0.461334	-0.001686	1.000471	0.007202	
1197	1.000471	0.001686	-0.461334	-0.001686	1.000471	0.007202	
1198	0.997656	0.002303	0.302124	-0.002303	0.997656	3.035004	
1199	0.997656	0.002303	0.302124	-0.002303	0.997656	3.035004	
1200	0.997656	0.002303	0.302124	-0.002303	0.997656	3.035004	
1201	0.997656	0.002303	0.302124	-0.002303	0.997656	3.035004	
1202	0.997656	0.002303	0.302124	-0.002303	0.997656	3.035004	
