0	1.000000	0.000000	0.000000	0.000000	1.000000	0.000000	
1	1.002133	-0.001237	-0.959473	0.001237	1.002133	-1.317993	
2	0.998292	-0.001899	0.249329	0.001899	0.998292	2.420593	
3	0.998634	-0.002183	-0.099854	0.002183	0.998634	2.627136	
4	0.999730	-0.003253	0.632446	0.003253	0.999730	-0.296204	
5	1.002439	-0.002049	-3.583984	0.002049	1.002439	0.174744	
6	1.001885	-0.001419	-4.507507	0.001419	1.001885	2.020508	
7	1.001885	-0.001419	-4.507507	0.001419	1.001885	2.020508	
8	1.001885	-0.001419	-4.507507	0.001419	1.001885	2.020508	
9	1.001885	-0.001419	-4.507507	0.001419	1.001885	2.020508	
10	1.001414	0.001186	-8.656677	-0.001186	1.001414	4.520447	
11	1.001414	0.001186	-8.656677	-0.001186	1.001414	4.520447	
12	1.001414	0.001186	-8.656677	-0.001186	1.001414	4.520447	
13	1.001414	0.001186	-8.656677	-0.001186	1.001414	4.520447	
14	1.001414	0.001186	-8.656677	-0.001186	1.001414	4.520447	
15	1.001414	0.001186	-8.656677	-0.001186	1.001414	4.520447	
16	0.998348	0.001454	5.198364	-0.001454	0.998348	-7.721497	
17	0.998348	0.001454	5.198364	-0.001454	0.998348	-7.721497	
18	1.000076	-0.000575	2.360168	0.000575	1.000076	0.565979	
19	1.000076	-0.000575	2.360168	0.000575	1.000076	0.565979	
20	1.000076	-0.000575	2.360168	0.000575	1.000076	0.565979	
21	1.000076	-0.000575	2.360168	0.000575	1.000076	0.565979	
22	1.000076	-0.000575	2.360168	0.000575	1.000076	0.565979	
23	1.000076	-0.000575	2.360168	0.000575	1.000076	0.565979	
24	1.000076	-0.000575	2.360168	0.000575	1.000076	0.565979	
25	1.000076	-0.000575	2.360168	0.000575	1.000076	0.565979	
26	0.989159	-0.002439	15.637878	0.002439	0.989159	9.825867	
27	0.989159	-0.002439	15.637878	0.002439	0.989159	9.825867	
28	0.989159	-0.002439	15.637878	0.002439	0.989159	9.825867	
29	0.989159	-0.002439	15.637878	0.002439	0.989159	9.825867	
30	0.991270	0.001082	9.222473	-0.001082	0.991270	3.592712	
31	0.978198	0.001233	19.186340	-0.001233	0.978198	7.976929	
32	0.987653	-0.001386	12.320129	0.001386	0.987653	4.041809	
33	0.963605	-0.007294	40.964417	0.007294	0.963605	15.389038	
34	0.979015	-0.005428	23.865417	0.005428	0.979015	9.701172	
35	0.989817	-0.002653	10.627869	0.002653	0.989817	9.978210	
36	0.999779	-0.001922	0.989838	0.001922	0.999779	-1.217041	
37	0.999779	-0.001922	0.989838	0.001922	0.999779	-1.217041	
38	1.004316	-0.004153	-3.233673	0.004153	1.004316	-2.615540	
39	1.030621	-0.003090	-27.570496	0.003090	1.030621	-20.851501	
40	1.000475	0.000008	-1.977692	-0.000008	1.000475	-0.887756	
41	0.999519	-0.003814	2.633270	0.003814	0.999519	-6.450684	
42	1.000019	-0.000847	0.114441	0.000847	1.000019	-4.217346	
43	0.999503	0.000597	2.481262	-0.000597	0.999503	-9.654053	
44	1.000215	-0.000640	1.236511	0.000640	1.000215	-5.222961	
45	1.000542	-0.000225	3.490021	0.000225	1.000542	-9.868896	
46	1.000393	0.001001	1.524719	-0.001001	1.000393	-3.054749	
47	1.000425	0.003327	3.315063	-0.003327	1.000425	-5.449341	
48	1.000229	0.000757	5.925873	-0.000757	1.000229	-2.856506	
49	1.000192	0.000249	17.377289	-0.000249	1.000192	-10.679077	
50	0.999196	-0.000871	6.539307	0.000871	0.999196	-5.345276	
51	1.001768	0.001443	7.838043	-0.001443	1.001768	-10.943176	
52	1.000715	0.000070	1.689850	-0.000070	1.000715	-2.408325	
53	1.002561	-0.001651	5.863495	0.001651	1.002561	-7.568787	
54	1.000630	-0.000071	1.028137	0.000071	1.000630	-1.549805	
55	1.000375	0.000462	1.271790	-0.000462	1.000375	-3.602295	
56	1.000434	-0.000023	-0.917389	0.000023	1.000434	-2.654480	
57	0.999504	-0.001671	2.532776	0.001671	0.999504	-6.299316	
58	0.999990	-0.001547	0.050659	0.001547	0.999990	-3.409912	
59	1.000518	-0.002224	1.058151	0.002224	1.000518	-6.934998	
60	1.000452	-0.001779	1.064362	0.001779	1.000452	-4.719543	
61	0.999830	-0.003600	0.332733	0.003600	0.999830	-6.927551	
62	1.000847	0.000010	-0.990204	-0.000010	1.000847	-3.674561	
63	1.012921	0.001708	-16.308014	-0.001708	1.012921	-11.407471	
64	1.019169	0.000561	-22.619995	-0.000561	1.019169	-12.343445	
65	1.019169	0.000561	-22.619995	-0.000561	1.019169	-12.343445	
66	1.015722	0.002432	-21.498077	-0.002432	1.015722	-6.588379	
67	1.015722	0.002432	-21.498077	-0.002432	1.015722	-6.588379	
68	1.016371	0.000737	-12.140198	-0.000737	1.016371	-11.222778	
69	1.016371	0.000737	-12.140198	-0.000737	1.016371	-11.222778	
70	1.006199	0.001960	-6.602295	-0.001960	1.006199	-1.378601	
71	1.006199	0.001960	-6.602295	-0.001960	1.006199	-1.378601	
72	1.014591	0.000237	-12.391052	-0.000237	1.014591	-8.936646	
73	1.014591	0.000237	-12.391052	-0.000237	1.014591	-8.936646	
74	1.009997	-0.004082	-4.212769	0.004082	1.009997	-9.654968	
75	1.009997	-0.004082	-4.212769	0.004082	1.009997	-9.654968	
76	1.002095	0.006745	-3.064087	-0.006745	1.002095	6.991943	
77	1.002095	0.006745	-3.064087	-0.006745	1.002095	6.991943	
78	1.000190	-0.000079	0.714905	0.000079	1.000190	-0.173889	
79	1.000190	-0.000079	0.714905	0.000079	1.000190	-0.173889	
80	1.003135	-0.000445	1.152344	0.000445	1.003135	-2.824097	
81	1.003135	-0.000445	1.152344	0.000445	1.003135	-2.824097	
82	0.999048	0.003971	5.706482	-0.003971	0.999048	0.330139	
83	0.999048	0.003971	5.706482	-0.003971	0.999048	0.330139	
84	0.997996	0.002994	7.914062	-0.002994	0.997996	0.396729	
85	0.997996	0.002994	7.914062	-0.002994	0.997996	0.396729	
86	0.999613	0.002211	5.354553	-0.002211	0.999613	-0.677673	
87	0.999613	0.002211	5.354553	-0.002211	0.999613	-0.677673	
88	1.001432	-0.000303	2.940430	0.000303	1.001432	-0.577820	
89	1.001432	-0.000303	2.940430	0.000303	1.001432	-0.577820	
90	0.999790	-0.000337	3.904541	0.000337	0.999790	-0.625122	
91	0.999790	-0.000337	3.904541	0.000337	0.999790	-0.625122	
92	1.000249	-0.000945	3.578949	0.000945	1.000249	0.308960	
93	1.000249	-0.000945	3.578949	0.000945	1.000249	0.308960	
94	1.000000	0.000113	1.317719	-0.000113	1.000000	0.643616	
95	1.000000	0.000113	1.317719	-0.000113	1.000000	0.643616	
96	0.999514	-0.000631	0.293518	0.000631	0.999514	1.544739	
97	0.995379	-0.000420	0.080597	0.000420	0.995379	7.427673	
98	0.999589	0.000565	-1.387390	-0.000565	0.999589	2.031494	
99	1.001938	-0.001015	-4.174606	0.001015	1.001938	2.391602	
100	1.001938	-0.001015	-4.174606	0.001015	1.001938	2.391602	
101	1.001938	-0.001015	-4.174606	0.001015	1.001938	2.391602	
102	1.001938	-0.001015	-4.174606	0.001015	1.001938	2.391602	
103	0.998393	-0.000106	-5.399323	0.000106	0.998393	4.676392	
104	0.997509	0.001755	-3.019775	-0.001755	0.997509	3.605591	
105	0.997509	0.001755	-3.019775	-0.001755	0.997509	3.605591	
106	1.003160	-0.000808	-6.945923	0.000808	1.003160	-2.876648	
107	0.999929	0.000153	-4.209717	-0.000153	0.999929	0.617004	
108	1.003078	0.000437	-7.262268	-0.000437	1.003078	-1.774170	
109	0.997008	0.005499	-5.561890	-0.005499	0.997008	6.709229	
110	0.997850	0.000803	-0.912415	-0.000803	0.997850	1.999573	
111	0.997850	0.000803	-0.912415	-0.000803	0.997850	1.999573	
112	0.995873	-0.002436	1.727600	0.002436	0.995873	2.546326	
113	0.995873	-0.002436	1.727600	0.002436	0.995873	2.546326	
114	0.996966	-0.001246	-0.084290	0.001246	0.996966	1.932922	
115	0.996372	-0.001277	0.739746	0.001277	0.996372	0.947693	
116	0.999656	0.000051	-0.355103	-0.000051	0.999656	-1.379456	
117	0.999656	0.000051	-0.355103	-0.000051	0.999656	-1.379456	
118	1.000770	-0.008071	0.534363	0.008071	1.000770	-12.757874	
119	1.000770	-0.008071	0.534363	0.008071	1.000770	-12.757874	
120	0.996088	0.003813	-4.470093	-0.003813	0.996088	2.998596	
121	1.012472	-0.005019	-15.817078	0.005019	1.012472	-17.304626	
122	1.001925	-0.001745	-5.635559	0.001745	1.001925	-4.549438	
123	1.001925	-0.001745	-5.635559	0.001745	1.001925	-4.549438	
124	0.998851	0.000675	-0.644714	-0.000675	0.998851	-0.007507	
125	0.997428	0.000938	-2.125427	-0.000938	0.997428	0.423584	
126	0.998361	-0.000537	-1.175537	0.000537	0.998361	-0.945312	
127	0.998361	-0.000537	-1.175537	0.000537	0.998361	-0.945312	
128	1.001535	-0.000734	-2.793396	0.000734	1.001535	-2.792725	
129	1.003693	-0.000358	-4.636475	0.000358	1.003693	-3.490540	
130	0.999984	-0.000917	1.663513	0.000917	0.999984	-1.637512	
131	1.001182	0.000374	-2.498474	-0.000374	1.001182	-2.033508	
132	1.000611	-0.002785	2.617065	0.002785	1.000611	-1.173523	
133	1.000611	-0.002785	2.617065	0.002785	1.000611	-1.173523	
134	1.000660	-0.004592	3.521362	0.004592	1.000660	-3.327881	
135	1.000660	-0.004592	3.521362	0.004592	1.000660	-3.327881	
136	1.000047	-0.000361	0.602844	0.000361	1.000047	-0.963379	
137	1.000027	-0.000023	-0.885071	0.000023	1.000027	-0.388062	
138	0.999993	-0.000250	-0.347351	0.000250	0.999993	-0.547974	
139	1.003052	-0.000205	-1.171631	0.000205	1.003052	-3.148010	
140	1.000153	-0.000053	-0.391602	0.000053	1.000153	-0.229370	
141	1.000153	-0.000053	-0.391602	0.000053	1.000153	-0.229370	
142	1.000054	-0.000170	0.242188	0.000170	1.000054	-0.431641	
143	1.000523	0.000180	-1.188080	-0.000180	1.000523	-0.894836	
144	1.000162	0.000125	-0.903259	-0.000125	1.000162	-0.082397	
145	1.000162	0.000125	-0.903259	-0.000125	1.000162	-0.082397	
146	1.000690	0.000538	-1.052551	-0.000538	1.000690	-0.115906	
147	1.000690	0.000538	-1.052551	-0.000538	1.000690	-0.115906	
148	1.000215	-0.000862	0.407227	0.000862	1.000215	-0.838257	
149	1.002409	-0.003307	-0.299438	0.003307	1.002409	-2.527863	
150	0.999508	0.000065	0.977600	-0.000065	0.999508	0.678894	
151	1.000064	0.000236	-0.884033	-0.000236	1.000064	-0.362122	
152	0.999743	-0.000605	1.222626	0.000605	0.999743	-0.039185	
153	0.999743	-0.000605	1.222626	0.000605	0.999743	-0.039185	
154	0.998733	-0.003735	3.402283	0.003735	0.998733	6.263519	
155	1.000153	0.000037	0.921570	-0.000037	1.000153	-0.517395	
156	0.998257	-0.005574	6.270996	0.005574	0.998257	0.632019	
157	0.998257	-0.005574	6.270996	0.005574	0.998257	0.632019	
158	0.998908	-0.003082	3.929474	0.003082	0.998908	0.023254	
159	0.998908	-0.003082	3.929474	0.003082	0.998908	0.023254	
160	1.000057	-0.000314	1.039886	0.000314	1.000057	-1.266663	
161	0.999923	-0.000150	1.668091	0.000150	0.999923	-1.582031	
162	0.999862	0.000102	0.440063	-0.000102	0.999862	-0.945068	
163	1.000121	0.000052	1.012268	-0.000052	1.000121	-1.645325	
164	1.004452	0.001066	-0.465057	-0.001066	1.004452	-4.017822	
165	1.003181	-0.000665	-0.667114	0.000665	1.003181	-3.622864	
166	0.999964	-0.000303	0.297668	0.000303	0.999964	-0.541931	
167	0.999964	-0.000303	0.297668	0.000303	0.999964	-0.541931	
168	0.999964	-0.000303	0.297668	0.000303	0.999964	-0.541931	
169	0.999964	-0.000303	0.297668	0.000303	0.999964	-0.541931	
170	0.999964	-0.000303	0.297668	0.000303	0.999964	-0.541931	
171	0.999964	-0.000303	0.297668	0.000303	0.999964	-0.541931	
172	1.000955	0.000421	-5.684448	-0.000421	1.000955	1.607544	
173	1.000955	0.000421	-5.684448	-0.000421	1.000955	1.607544	
174	1.002715	0.000831	-8.728455	-0.000831	1.002715	2.964722	
175	1.002715	0.000831	-8.728455	-0.000831	1.002715	2.964722	
176	1.002715	0.000831	-8.728455	-0.000831	1.002715	2.964722	
177	1.002715	0.000831	-8.728455	-0.000831	1.002715	2.964722	
178	0.999607	0.002927	-7.321472	-0.002927	0.999607	3.788635	
179	0.999607	0.002927	-7.321472	-0.002927	0.999607	3.788635	
180	0.999607	0.002927	-7.321472	-0.002927	0.999607	3.788635	
181	0.999607	0.002927	-7.321472	-0.002927	0.999607	3.788635	
182	0.999607	0.002927	-7.321472	-0.002927	0.999607	3.788635	
183	0.999607	0.002927	-7.321472	-0.002927	0.999607	3.788635	
184	1.000886	0.005044	-8.524597	-0.005044	1.000886	11.736694	
185	1.000886	0.005044	-8.524597	-0.005044	1.000886	11.736694	
186	1.001551	0.005723	-7.757263	-0.005723	1.001551	7.541260	
187	1.001551	0.005723	-7.757263	-0.005723	1.001551	7.541260	
188	1.000797	0.007370	-4.733215	-0.007370	1.000797	0.991577	
189	1.000797	0.007370	-4.733215	-0.007370	1.000797	0.991577	
190	1.000797	0.007370	-4.733215	-0.007370	1.000797	0.991577	
191	1.001441	-0.000516	-0.372559	0.000516	1.001441	-4.292847	
192	1.001706	-0.002166	0.307434	0.002166	1.001706	-3.425171	
193	1.001706	-0.002166	0.307434	0.002166	1.001706	-3.425171	
194	1.000812	0.002662	0.002197	-0.002662	1.000812	-0.796204	
195	1.000812	0.002662	0.002197	-0.002662	1.000812	-0.796204	
196	1.000135	0.000413	2.059326	-0.000413	1.000135	-1.356934	
197	1.002901	0.001105	2.872498	-0.001105	1.002901	-4.496765	
198	1.000297	-0.001823	5.373352	0.001823	1.000297	-4.462646	
199	1.003193	0.004159	5.736084	-0.004159	1.003193	-4.987000	
200	1.000373	0.000420	7.778442	-0.000420	1.000373	-2.721191	
201	1.008493	0.000892	16.827637	-0.000892	1.008493	-13.796814	
202	0.999729	-0.001094	7.720581	0.001094	0.999729	-1.740051	
203	1.001062	-0.000184	10.947815	0.000184	1.001062	-6.318909	
204	1.000569	-0.000496	7.212952	0.000496	1.000569	-4.823425	
205	1.000442	0.000504	13.632446	-0.000504	1.000442	-6.201233	
206	1.002086	0.001970	5.100159	-0.001970	1.002086	-3.130676	
207	1.002086	0.001970	5.100159	-0.001970	1.002086	-3.130676	
208	1.002086	0.001970	5.100159	-0.001970	1.002086	-3.130676	
209	1.002086	0.001970	5.100159	-0.001970	1.002086	-3.130676	
210	0.998587	0.001145	7.936905	-0.001145	0.998587	-2.633301	
211	0.998587	0.001145	7.936905	-0.001145	0.998587	-2.633301	
212	0.998587	0.001145	7.936905	-0.001145	0.998587	-2.633301	
213	0.998587	0.001145	7.936905	-0.001145	0.998587	-2.633301	
214	1.000406	0.000233	6.098755	-0.000233	1.000406	-2.654175	
215	1.000406	0.000233	6.098755	-0.000233	1.000406	-2.654175	
216	1.000042	0.000526	3.482361	-0.000526	1.000042	-0.837036	
217	1.000042	0.000526	3.482361	-0.000526	1.000042	-0.837036	
218	0.999516	-0.000131	3.838745	0.000131	0.999516	-0.979126	
219	0.999516	-0.000131	3.838745	0.000131	0.999516	-0.979126	
220	1.001944	0.003850	0.424721	-0.003850	1.001944	-2.425232	
221	0.999880	-0.000696	8.567978	0.000696	0.999880	-2.729675	
222	1.000028	-0.000333	2.880920	0.000333	1.000028	-0.667114	
223	1.000028	-0.000333	2.880920	0.000333	1.000028	-0.667114	
224	0.988694	0.010178	-2.779907	-0.010178	0.988694	7.876831	
225	0.988694	0.010178	-2.779907	-0.010178	0.988694	7.876831	
226	1.000443	-0.001977	-0.446106	0.001977	1.000443	1.114868	
227	1.001364	0.000752	-15.229904	-0.000752	1.001364	8.601379	
228	1.000064	0.000088	-8.113892	-0.000088	1.000064	2.126160	
229	0.999748	-0.000282	2.259247	0.000282	0.999748	-0.803833	
230	0.999566	-0.003667	0.544136	0.003667	0.999566	2.872437	
231	1.000272	-0.001039	-12.448364	0.001039	1.000272	13.392029	
232	1.000006	-0.000378	-0.154541	0.000378	1.000006	2.107666	
233	1.001073	-0.000424	-11.060287	0.000424	1.001073	9.867676	
234	1.001073	-0.000424	-11.060287	0.000424	1.001073	9.867676	
235	1.000106	-0.001434	-6.839813	0.001434	1.000106	5.012268	
236	1.000312	0.000142	-5.786041	-0.000142	1.000312	3.249573	
237	1.000066	0.001275	-5.097595	-0.001275	1.000066	3.700684	
238	1.000066	0.001275	-5.097595	-0.001275	1.000066	3.700684	
239	0.986204	0.005136	20.510742	-0.005136	0.986204	18.935608	
240	0.986204	0.005136	20.510742	-0.005136	0.986204	18.935608	
241	0.999906	-0.000348	2.524475	0.000348	0.999906	-0.667480	
242	0.999906	-0.000348	2.524475	0.000348	0.999906	-0.667480	
243	1.000167	-0.000902	2.092041	0.000902	1.000167	-2.725342	
244	0.979221	-0.000183	15.648956	0.000183	0.979221	14.404358	
245	0.994998	0.001340	6.880310	-0.001340	0.994998	3.609802	
246	0.976802	-0.000355	16.915894	0.000355	0.976802	16.718811	
247	0.995767	-0.001765	7.002686	0.001765	0.995767	-0.790710	
248	0.978637	0.000109	17.752167	-0.000109	0.978637	14.216736	
249	0.993053	-0.000056	9.639526	0.000056	0.993053	2.892151	
250	0.979010	0.000321	18.151794	-0.000321	0.979010	12.937561	
251	0.993982	0.001060	8.173676	-0.001060	0.993982	2.268677	
252	0.978838	-0.001770	20.127617	0.001770	0.978838	11.823730	
253	0.992913	0.000281	7.486694	-0.000281	0.992913	3.550781	
254	0.985181	0.000206	17.049957	-0.000206	0.985181	8.257874	
255	0.992415	0.000374	8.396545	-0.000374	0.992415	4.324524	
256	0.980115	0.000284	16.343719	-0.000284	0.980115	13.182617	
257	0.992172	0.001015	7.650940	-0.001015	0.992172	4.287476	
258	0.980601	0.000343	15.684723	-0.000343	0.980601	12.244141	
259	0.992003	0.000521	7.566711	-0.000521	0.992003	4.362549	
260	0.992003	0.000521	7.566711	-0.000521	0.992003	4.362549	
261	0.991388	0.000735	7.485352	-0.000735	0.991388	5.828552	
262	0.980764	0.000345	14.262085	-0.000345	0.980764	10.510132	
263	0.993049	0.000076	6.938690	-0.000076	0.993049	4.061890	
264	0.976363	0.000413	18.119980	-0.000413	0.976363	15.328735	
265	0.984820	-0.000907	14.698029	0.000907	0.984820	9.247986	
266	0.964949	-0.001778	32.883972	0.001778	0.964949	20.797424	
267	0.988253	-0.002051	11.795776	0.002051	0.988253	6.851746	
268	1.000975	-0.003632	1.991882	0.003632	1.000975	0.175781	
269	0.999991	-0.000888	0.861328	0.000888	0.999991	1.078552	
270	0.999690	0.001031	6.125854	-0.001031	0.999690	1.249207	
271	1.009533	-0.000280	-2.559326	0.000280	1.009533	-4.823120	
272	1.015111	0.000847	-1.919220	-0.000847	1.015111	-5.149780	
273	0.999679	0.000330	4.720154	-0.000330	0.999679	1.548828	
274	0.998959	0.001447	19.219788	-0.001447	0.998959	2.482056	
275	0.999586	0.000069	9.578918	-0.000069	0.999586	-0.504456	
276	0.999360	-0.000050	8.067261	0.000050	0.999360	3.773865	
277	0.999618	0.000166	4.050354	-0.000166	0.999618	0.764404	
278	0.999813	0.000077	7.439819	-0.000077	0.999813	3.273499	
279	0.999618	0.000211	4.129639	-0.000211	0.999618	0.445801	
280	1.001241	0.000185	5.308258	-0.000185	1.001241	0.954956	
281	0.999428	0.000648	1.655884	-0.000648	0.999428	2.026428	
282	0.999021	0.001010	0.428101	-0.001010	0.999021	2.333435	
283	0.998674	-0.000012	0.656982	0.000012	0.998674	2.171997	
284	0.999556	-0.000352	-1.113251	0.000352	0.999556	2.171021	
285	0.998881	-0.000440	0.062500	0.000440	0.998881	1.271790	
286	0.997133	-0.000749	0.684692	0.000749	0.997133	3.122498	
287	0.999084	-0.000464	-1.936890	0.000464	0.999084	0.901611	
288	0.997640	-0.000427	-6.742737	0.000427	0.997640	1.348877	
289	0.999465	-0.000530	-1.953247	0.000530	0.999465	0.293823	
290	0.999711	0.000320	-3.814850	-0.000320	0.999711	0.916016	
291	0.998220	0.000147	-2.172729	-0.000147	0.998220	1.559265	
292	1.000216	-0.000190	-11.150238	0.000190	1.000216	-0.630615	
293	0.997101	0.001170	-0.140320	-0.001170	0.997101	2.721863	
294	0.999553	0.000297	-3.567780	-0.000297	0.999553	1.678162	
295	1.000296	0.000198	-3.065338	-0.000198	1.000296	-0.095947	
296	0.999850	-0.000053	-2.293091	0.000053	0.999850	-0.930054	
297	0.999190	0.000190	-1.007202	-0.000190	0.999190	0.404358	
298	0.999077	0.000315	-1.354553	-0.000315	0.999077	0.019714	
299	0.999230	0.000193	-0.223267	-0.000193	0.999230	0.188599	
300	0.999203	0.000111	0.267395	-0.000111	0.999203	0.348389	
301	0.998196	0.000193	-0.080994	-0.000193	0.998196	1.457581	
302	0.999916	-0.000281	0.257874	0.000281	0.999916	-0.546875	
303	0.998684	0.000549	-0.001587	-0.000549	0.998684	1.106323	
304	0.996507	0.001158	-0.987701	-0.001158	0.996507	2.581909	
305	0.998030	-0.000225	1.175476	0.000225	0.998030	1.117981	
306	0.995833	0.001225	-1.007812	-0.001225	0.995833	3.493530	
307	0.998273	-0.000256	0.357178	0.000256	0.998273	1.271912	
308	0.999771	-0.000519	-0.846619	0.000519	0.999771	0.100098	
309	0.998034	-0.000759	0.441040	0.000759	0.998034	1.167236	
310	0.996832	-0.002007	2.103027	0.002007	0.996832	2.072266	
311	0.998433	-0.002199	1.032013	0.002199	0.998433	0.412598	
312	1.000044	-0.000251	-0.346588	0.000251	1.000044	-1.042786	
313	0.999680	-0.000071	0.447693	0.000071	0.999680	0.284302	
314	0.999899	0.000239	0.787292	-0.000239	0.999899	-0.150452	
315	0.999908	0.000128	0.536224	-0.000128	0.999908	0.061890	
316	0.999964	0.000208	1.135651	-0.000208	0.999964	-0.875000	
317	0.997626	-0.002025	2.437927	0.002025	0.997626	1.173340	
318	1.000072	-0.000217	1.173828	0.000217	1.000072	-0.937744	
319	0.998338	-0.000572	1.091431	0.000572	0.998338	0.787048	
320	1.001937	-0.000750	-0.858337	0.000750	1.001937	-1.379211	
321	0.997674	0.001307	-0.080139	-0.001307	0.997674	1.335754	
322	0.999746	-0.000143	0.777496	0.000143	0.999746	-0.347290	
323	0.997480	0.001254	-1.225189	-0.001254	0.997480	2.340393	
324	1.000625	-0.000181	0.228729	0.000181	1.000625	-0.814636	
325	1.000276	0.000027	0.208069	-0.000027	1.000276	-0.678650	
326	1.000939	0.000152	-1.406525	-0.000152	1.000939	-0.725769	
327	0.999583	0.000061	-0.237610	-0.000061	0.999583	-0.076538	
328	0.999686	0.000320	-1.774536	-0.000320	0.999686	-0.210754	
329	1.003155	0.000432	-1.370758	-0.000432	1.003155	-2.854065	
330	1.000013	0.000150	-1.186035	-0.000150	1.000013	0.224670	
331	0.997876	-0.000552	0.319611	0.000552	0.997876	1.305359	
332	0.999887	-0.000115	-0.582520	0.000115	0.999887	-0.704834	
333	0.997297	-0.000697	0.572144	0.000697	0.997297	1.581848	
334	1.000227	0.000424	-1.285919	-0.000424	1.000227	-0.132568	
335	0.996356	0.000221	1.005310	-0.000221	0.996356	2.891785	
336	0.999883	-0.000341	-0.000183	0.000341	0.999883	-0.450500	
337	1.000082	-0.000102	-0.386108	0.000102	1.000082	-0.135132	
338	1.000399	0.000075	0.114929	-0.000075	1.000399	-0.251404	
339	1.000412	0.000003	0.054260	-0.000003	1.000412	-0.718811	
340	1.000362	0.000262	-1.733154	-0.000262	1.000362	-0.367981	
341	1.000043	-0.000036	0.198547	0.000036	1.000043	-0.572571	
342	1.000590	0.000093	-1.066666	-0.000093	1.000590	-0.770752	
343	0.997690	0.000259	-0.294617	-0.000259	0.997690	1.730530	
344	1.000040	0.000097	-1.369965	-0.000097	1.000040	-0.167480	
345	1.003132	0.000117	-1.010376	-0.000117	1.003132	-2.602844	
346	0.998808	-0.000195	-1.487610	0.000195	0.998808	0.078003	
347	1.003180	-0.000839	-0.782867	0.000839	1.003180	-3.112915	
348	0.994100	0.002688	-0.975464	-0.002688	0.994100	4.477783	
349	0.996642	0.000778	-0.307587	-0.000778	0.996642	2.807739	
350	0.999438	-0.000888	-0.387695	0.000888	0.999438	-0.468018	
351	0.997424	-0.000315	-0.151093	0.000315	0.997424	1.585693	
352	0.999705	0.000212	0.535934	-0.000212	0.999705	-0.584595	
353	0.999995	-0.000286	0.661819	0.000286	0.999995	-0.172424	
354	0.999984	0.000106	0.946442	-0.000106	0.999984	0.085083	
355	0.998025	-0.003287	4.025024	0.003287	0.998025	0.539001	
356	0.999864	0.000314	2.057953	-0.000314	0.999864	1.296387	
357	0.999910	0.000180	1.680328	-0.000180	0.999910	0.568420	
358	1.000361	0.000123	2.489441	-0.000123	1.000361	0.428284	
359	0.998690	-0.001809	3.037354	0.001809	0.998690	0.497192	
360	1.000044	-0.000451	3.151642	0.000451	1.000044	0.368896	
361	0.996450	-0.002525	3.074249	0.002525	0.996450	2.423462	
362	1.000288	-0.000081	0.654907	0.000081	1.000288	0.671692	
363	1.000189	-0.000352	0.628601	0.000352	1.000189	-0.772522	
364	1.000201	-0.000468	0.058716	0.000468	1.000201	0.114319	
365	1.000102	-0.000058	-0.151215	0.000058	1.000102	0.420044	
366	1.000578	0.000391	-0.179291	-0.000391	1.000578	0.071899	
367	0.999914	0.000075	-0.450684	-0.000075	0.999914	0.089783	
368	0.999598	-0.000180	0.194183	0.000180	0.999598	0.002380	
369	1.001164	0.000490	-0.812958	-0.000490	1.001164	-0.495361	
370	0.999998	0.000118	-0.465668	-0.000118	0.999998	0.474121	
371	1.000750	0.000181	-0.651825	-0.000181	1.000750	-0.620056	
372	1.000551	0.000002	-1.395813	-0.000002	1.000551	0.373718	
373	1.000058	-0.000187	-0.474396	0.000187	1.000058	-0.802246	
374	0.999898	-0.000345	-0.242493	0.000345	0.999898	-0.965515	
375	0.995705	-0.000368	-0.208954	0.000368	0.995705	3.643127	
376	1.000815	0.001229	-1.865128	-0.001229	1.000815	0.113281	
377	0.999411	-0.000141	-0.120392	0.000141	0.999411	0.203613	
378	1.000207	-0.000539	-2.174408	0.000539	1.000207	-0.416138	
379	0.999589	0.000210	-0.229919	-0.000210	0.999589	0.372620	
380	0.999786	-0.000126	-0.419434	0.000126	0.999786	-1.517578	
381	0.999662	0.000262	-0.702637	-0.000262	0.999662	-0.245605	
382	0.999962	0.000024	-1.254089	-0.000024	0.999962	-0.495483	
383	0.999960	0.000244	-0.666321	-0.000244	0.999960	-0.028503	
384	0.999897	-0.000183	-0.305298	0.000183	0.999897	-0.771118	
385	1.001014	0.000080	-1.161255	-0.000080	1.001014	-0.873352	
386	1.001009	0.000209	-0.204102	-0.000209	1.001009	-1.248230	
387	1.001783	-0.000382	-0.298401	0.000382	1.001783	-2.132141	
388	1.000054	-0.000222	-0.332153	0.000222	1.000054	-0.673767	
389	1.002339	-0.001468	0.437195	0.001468	1.002339	-1.599915	
390	0.999994	0.000112	-0.028107	-0.000112	0.999994	0.959473	
391	1.000170	-0.000370	0.097687	0.000370	1.000170	0.011719	
392	1.000217	-0.000092	-0.607849	0.000092	1.000217	-0.425537	
393	0.999843	0.000149	0.675659	-0.000149	0.999843	0.356445	
394	0.999796	-0.000210	0.038910	0.000210	0.999796	-1.154968	
395	1.000075	0.000004	0.493042	-0.000004	1.000075	-0.424194	
396	0.999651	0.000294	0.413727	-0.000294	0.999651	-0.088623	
397	0.999862	0.000080	0.761322	-0.000080	0.999862	0.760010	
398	1.000010	0.000235	0.760345	-0.000235	1.000010	0.280518	
399	1.000075	0.000014	0.986237	-0.000014	1.000075	0.274658	
400	0.999788	0.000369	1.325653	-0.000369	0.999788	0.222229	
401	0.999987	-0.000240	1.271454	0.000240	0.999987	-0.518066	
402	1.000120	0.000063	0.684753	-0.000063	1.000120	1.186646	
403	1.000178	0.000097	0.591064	-0.000097	1.000178	0.271545	
404	0.999958	-0.000077	1.440460	0.000077	0.999958	0.418640	
405	0.999533	-0.000112	0.352356	0.000112	0.999533	0.946350	
406	1.000043	0.000335	0.999481	-0.000335	1.000043	0.485962	
407	1.000139	0.000112	0.761749	-0.000112	1.000139	-0.673645	
408	0.999994	0.000025	0.584625	-0.000025	0.999994	-0.943665	
409	1.001632	0.000002	0.530060	-0.000002	1.001632	-1.285278	
410	1.000292	-0.000303	0.494507	0.000303	1.000292	1.114807	
411	1.000285	0.000151	0.105225	-0.000151	1.000285	0.472778	
412	1.000137	0.000325	0.033417	-0.000325	1.000137	1.356262	
413	0.999960	0.000244	0.369293	-0.000244	0.999960	0.228943	
414	1.000099	-0.000117	0.205322	0.000117	1.000099	-0.939880	
415	1.002350	0.002235	-2.491577	-0.002235	1.002350	-0.583191	
416	0.999970	0.000279	0.580719	-0.000279	0.999970	1.975281	
417	0.998851	0.001026	-0.529633	-0.001026	0.998851	2.094055	
418	0.998476	0.002894	-3.001068	-0.002894	0.998476	4.804199	
419	1.001707	0.000468	-1.054993	-0.000468	1.001707	0.421814	
420	0.998828	0.002445	-1.791718	-0.002445	0.998828	3.427246	
421	1.000341	0.000204	-0.656921	-0.000204	1.000341	-0.311584	
422	1.000109	0.000044	-1.132874	-0.000044	1.000109	-0.492859	
423	0.999952	0.000381	-0.804474	-0.000381	0.999952	-0.015564	
424	1.000513	0.000079	-0.906250	-0.000079	1.000513	0.868958	
425	1.000549	0.000354	-0.792236	-0.000354	1.000549	0.328003	
426	1.000079	0.000539	-1.392456	-0.000539	1.000079	0.956848	
427	1.000090	0.000144	-0.693909	-0.000144	1.000090	-0.124634	
428	0.999733	0.000896	-2.552704	-0.000896	0.999733	1.581909	
429	1.000618	-0.000285	0.065247	0.000285	1.000618	-0.144592	
430	0.999883	-0.000326	-1.917419	0.000326	0.999883	0.064148	
431	1.000259	-0.000795	-0.645935	0.000795	1.000259	0.705872	
432	0.999711	0.000435	-1.009888	-0.000435	0.999711	0.130615	
433	1.000022	-0.001120	0.051758	0.001120	1.000022	-1.088501	
434	1.001957	-0.001640	-0.390869	0.001640	1.001957	-3.576721	
435	1.001374	-0.000583	-0.516327	0.000583	1.001374	-1.945129	
436	1.000352	0.000230	-1.932831	-0.000230	1.000352	-0.381897	
437	0.999771	-0.001398	0.156219	0.001398	0.999771	-0.075195	
438	0.999020	-0.001925	0.877197	0.001925	0.999020	1.922974	
439	1.000046	-0.000389	-0.715149	0.000389	1.000046	0.387329	
440	1.000785	-0.001001	-0.163177	0.001001	1.000785	-0.562378	
441	0.999151	-0.000850	0.045624	0.000850	0.999151	1.931641	
442	0.999875	-0.000210	-1.339966	0.000210	0.999875	1.543945	
443	0.999669	0.000108	-0.565948	-0.000108	0.999669	0.314880	
444	1.000440	-0.000439	-1.655060	0.000439	1.000440	0.558289	
445	1.000107	-0.000411	0.061829	0.000411	1.000107	0.662415	
446	1.000433	-0.000214	0.095825	0.000214	1.000433	2.038940	
447	1.000363	-0.000160	-0.743042	0.000160	1.000363	0.827087	
448	1.000195	-0.000438	0.110657	0.000438	1.000195	-0.460022	
449	1.000008	-0.000225	0.023315	0.000225	1.000008	-1.004395	
450	0.999925	-0.000651	0.004456	0.000651	0.999925	-0.398804	
451	1.000275	-0.000007	-0.660217	0.000007	1.000275	0.654968	
452	1.000326	0.000074	-0.690674	-0.000074	1.000326	0.585266	
453	0.999916	-0.000199	0.285828	0.000199	0.999916	0.610962	
454	0.999998	-0.000473	0.537537	0.000473	0.999998	-1.390564	
455	1.000071	0.000179	-0.681274	-0.000179	1.000071	0.937866	
456	1.000065	-0.000008	0.987000	0.000008	1.000065	2.504700	
457	0.999802	0.000115	-0.167053	-0.000115	0.999802	1.054871	
458	1.000047	0.001000	-0.925232	-0.001000	1.000047	4.877319	
459	0.999963	0.000997	0.062561	-0.000997	0.999963	3.780212	
460	0.999611	0.001636	0.163757	-0.001636	0.999611	7.308350	
461	0.999813	0.000010	0.265564	-0.000010	0.999813	0.164124	
462	1.000049	-0.000711	1.565735	0.000711	1.000049	2.097534	
463	1.000268	-0.000147	-0.201477	0.000147	1.000268	2.771301	
464	1.000718	-0.000262	-1.164185	0.000262	1.000718	4.375793	
465	1.000130	-0.000195	-0.730957	0.000195	1.000130	2.046631	
466	1.000302	-0.000163	-4.295898	0.000163	1.000302	6.627686	
467	1.000392	0.000172	-2.586365	-0.000172	1.000392	3.162659	
468	1.000311	-0.000130	-3.773987	0.000130	1.000311	5.265747	
469	0.999832	0.000299	-2.399536	-0.000299	0.999832	2.793640	
470	0.999889	0.000138	-3.712891	-0.000138	0.999889	4.998535	
471	0.999833	0.000021	-1.433960	-0.000021	0.999833	2.281982	
472	0.999147	-0.000371	-1.425781	0.000371	0.999147	3.972595	
473	0.999707	0.000283	-1.063354	-0.000283	0.999707	2.034729	
474	0.999776	0.000395	-0.374207	-0.000395	0.999776	2.543640	
475	0.999949	0.000129	-0.151794	-0.000129	0.999949	0.227600	
476	0.999813	-0.000164	0.317993	0.000164	0.999813	0.514893	
477	1.000113	-0.000152	-0.043457	0.000152	1.000113	-0.618042	
478	1.000082	-0.000386	-0.411072	0.000386	1.000082	-2.421021	
479	1.000061	-0.000079	-0.281982	0.000079	1.000061	-1.656799	
480	0.999299	-0.000212	1.979126	0.000212	0.999299	-5.044250	
481	0.999649	-0.000110	3.798218	0.000110	0.999649	-8.609741	
482	0.999554	0.000335	6.347351	-0.000335	0.999554	-12.346619	
483	0.999777	0.000034	5.128235	-0.000034	0.999777	-5.993347	
484	0.999655	0.000127	3.390808	-0.000127	0.999655	-5.192383	
485	0.999706	0.000061	0.466125	-0.000061	0.999706	-1.832886	
486	0.999791	-0.000427	1.628906	0.000427	0.999791	-4.255554	
487	1.000245	-0.000315	0.903564	0.000315	1.000245	-3.267639	
488	1.000262	-0.000528	1.484802	0.000528	1.000262	-5.515625	
489	1.000154	0.000139	-0.100342	-0.000139	1.000154	-2.397217	
490	1.000040	-0.000335	1.367310	0.000335	1.000040	-3.970398	
491	0.999958	-0.000261	0.822815	0.000261	0.999958	-0.844360	
492	0.999944	0.000319	0.958801	-0.000319	0.999944	-2.515930	
493	0.999867	0.000057	0.355835	-0.000057	0.999867	-1.141357	
494	1.000494	-0.000204	-0.350525	0.000204	1.000494	-2.834656	
495	1.000174	-0.000147	0.986206	0.000147	1.000174	-1.568420	
496	0.999782	0.000118	0.346191	-0.000118	0.999782	-1.355286	
497	0.999892	0.000232	0.595764	-0.000232	0.999892	-0.219482	
498	1.000300	0.000220	0.116211	-0.000220	1.000300	-1.417297	
499	1.000030	-0.000251	0.147949	0.000251	1.000030	-0.860413	
500	0.999999	-0.001442	0.751007	0.001442	0.999999	-3.531250	
501	0.999609	-0.000739	1.666199	0.000739	0.999609	-1.077759	
502	1.000003	-0.000317	0.288849	0.000317	1.000003	-1.767029	
503	1.000005	0.000079	0.514099	-0.000079	1.000005	-1.101440	
504	1.000012	-0.000656	0.843658	0.000656	1.000012	-3.416931	
505	0.999477	-0.000526	1.144928	0.000526	0.999477	-1.074097	
506	0.999372	-0.000361	0.672760	0.000361	0.999372	-1.008057	
507	1.000314	0.000007	0.378479	-0.000007	1.000314	-0.718018	
508	1.000342	-0.000462	1.895477	0.000462	1.000342	-2.448669	
509	0.999783	-0.000389	0.670624	0.000389	0.999783	-1.261963	
510	1.000131	-0.000389	0.368866	0.000389	1.000131	-1.442261	
511	1.000044	0.000087	0.310547	-0.000087	1.000044	-0.358459	
512	1.000430	0.000488	0.431549	-0.000488	1.000430	-1.138916	
513	0.999923	-0.000227	-0.093475	0.000227	0.999923	-0.428223	
514	1.000735	-0.000488	-0.080536	0.000488	1.000735	-0.922974	
515	0.999957	-0.000171	0.462250	0.000171	0.999957	-0.380127	
516	0.999823	0.000519	-0.741547	-0.000519	0.999823	0.475159	
517	0.999772	-0.000121	-0.483521	0.000121	0.999772	0.131531	
518	1.000298	-0.000271	0.577118	0.000271	1.000298	-1.414307	
519	0.999767	0.000079	-0.734741	-0.000079	0.999767	0.171265	
520	1.000113	-0.000186	-1.004639	0.000186	1.000113	-1.310913	
521	0.999964	-0.000105	-0.638245	0.000105	0.999964	-0.413330	
522	0.999829	-0.000181	-0.144073	0.000181	0.999829	-0.931091	
523	1.000122	-0.000062	-0.869995	0.000062	1.000122	-0.828613	
524	0.999463	-0.000097	0.154938	0.000097	0.999463	-1.191589	
525	0.999924	-0.000105	-0.252686	0.000105	0.999924	-0.302185	
526	0.999956	0.000192	-0.266479	-0.000192	0.999956	-1.551575	
527	1.000064	-0.000340	-0.332092	0.000340	1.000064	-0.906860	
528	0.999830	0.000127	-0.207733	-0.000127	0.999830	-0.395691	
529	0.999924	-0.000169	0.284088	0.000169	0.999924	-0.413513	
530	0.999485	-0.000490	0.258881	0.000490	0.999485	-1.111389	
531	0.999988	-0.000278	-0.146301	0.000278	0.999988	-0.466736	
532	0.999984	0.000202	-0.895111	-0.000202	0.999984	0.106323	
533	1.000032	-0.000000	-0.302307	0.000000	1.000032	-0.166626	
534	1.000023	-0.000078	-0.301270	0.000078	1.000023	0.109192	
535	1.000117	-0.000039	0.111664	0.000039	1.000117	0.213074	
536	0.999845	-0.000350	-0.305298	0.000350	0.999845	-0.595764	
537	0.999821	-0.000429	0.524200	0.000429	0.999821	-0.471008	
538	0.999879	-0.000283	-0.181976	0.000283	0.999879	0.347168	
539	0.999947	-0.000168	-0.319519	0.000168	0.999947	0.348755	
540	1.000013	0.000088	0.307495	-0.000088	1.000013	-0.000793	
541	0.999891	-0.000193	-0.119537	0.000193	0.999891	0.244629	
542	1.000163	-0.000089	-0.805481	0.000089	1.000163	1.109558	
543	0.999865	0.000043	0.303131	-0.000043	0.999865	0.843994	
544	0.999633	0.000279	0.363342	-0.000279	0.999633	1.168457	
545	0.999387	0.000091	0.268799	-0.000091	0.999387	1.426575	
546	0.999828	-0.000032	0.518188	0.000032	0.999828	2.409119	
547	1.000120	-0.000330	-0.288574	0.000330	1.000120	1.041992	
548	1.000217	-0.000448	0.659943	0.000448	1.000217	1.887512	
549	0.999811	0.000346	0.093018	-0.000346	0.999811	1.726624	
550	0.999527	-0.000097	-0.358704	0.000097	0.999527	3.854614	
551	0.999866	-0.000078	0.440186	0.000078	0.999866	0.885925	
552	1.000142	0.000308	-0.038086	-0.000308	1.000142	2.673706	
553	1.000257	0.000102	-0.187561	-0.000102	1.000257	0.399780	
554	1.000137	-0.000679	1.195099	0.000679	1.000137	-0.591064	
555	1.000285	0.000128	-1.176697	-0.000128	1.000285	1.424866	
556	1.000800	-0.000122	-1.227570	0.000122	1.000800	-0.463135	
557	1.000117	0.000012	-0.691132	-0.000012	1.000117	1.670349	
558	0.999085	0.000396	-0.187927	-0.000396	0.999085	2.166443	
559	0.999987	-0.000307	1.082489	0.000307	0.999987	1.090576	
560	1.000492	-0.001076	2.438995	0.001076	1.000492	-1.025574	
561	1.000224	-0.000045	1.932312	0.000045	1.000224	-0.843201	
562	1.000528	0.000616	0.984406	-0.000616	1.000528	-0.864685	
563	1.000366	0.000203	0.497742	-0.000203	1.000366	-0.126526	
564	1.000165	0.000627	2.039673	-0.000627	1.000165	-1.629150	
565	0.999842	-0.000049	1.068207	0.000049	0.999842	-0.830017	
566	0.999938	0.000102	0.450439	-0.000102	0.999938	-1.110779	
567	1.000239	0.000310	0.361481	-0.000310	1.000239	-1.104919	
568	1.000447	-0.000245	-0.542358	0.000245	1.000447	-1.835083	
569	1.008911	0.000347	-9.240601	-0.000347	1.008911	-5.440063	
570	1.010996	0.000225	-12.956726	-0.000225	1.010996	-6.968506	
571	1.018401	-0.001999	-21.719131	0.001999	1.018401	-10.426208	
572	1.014310	0.001385	-14.963837	-0.001385	1.014310	-8.305847	
573	1.023571	-0.000705	-23.276978	0.000705	1.023571	-15.318237	
574	1.011945	0.000350	-11.750336	-0.000350	1.011945	-7.989258	
575	1.021630	-0.000727	-21.514877	0.000727	1.021630	-13.282227	
576	1.010127	0.000150	-10.770325	-0.000150	1.010127	-6.344727	
577	1.020638	0.000440	-20.983307	-0.000440	1.020638	-11.848511	
578	1.009999	-0.000118	-9.947357	0.000118	1.009999	-6.356262	
579	1.022065	-0.001710	-20.929260	0.001710	1.022065	-13.491943	
580	1.010489	-0.000215	-10.297943	0.000215	1.010489	-6.455200	
581	1.022781	0.000963	-22.061035	-0.000963	1.022781	-13.862427	
582	1.010565	0.000365	-10.428406	-0.000365	1.010565	-7.237366	
583	1.020676	0.000057	-22.324570	-0.000057	1.020676	-12.578857	
584	1.010792	0.001235	-11.855133	-0.001235	1.010792	-6.538940	
585	1.017922	0.000422	-21.104843	-0.000422	1.017922	-11.771545	
586	1.012787	0.000282	-11.678162	-0.000282	1.012787	-8.637085	
587	1.022212	0.000827	-22.927856	-0.000827	1.022212	-15.076721	
588	1.011339	0.000583	-11.850708	-0.000583	1.011339	-7.463318	
589	1.022496	0.000445	-23.445984	-0.000445	1.022496	-14.699280	
590	1.011549	0.000361	-12.091797	-0.000361	1.011549	-8.119690	
591	1.021262	0.001076	-23.006531	-0.001076	1.021262	-13.063965	
592	1.010283	0.000491	-10.920471	-0.000491	1.010283	-7.008850	
593	1.021536	0.000666	-22.664734	-0.000666	1.021536	-14.928406	
594	1.015161	-0.000813	-15.388245	0.000813	1.015161	-10.205688	
595	1.028625	-0.007663	-25.050720	0.007663	1.028625	-26.328735	
596	1.012304	0.000376	-11.182556	-0.000376	1.012304	-8.840271	
597	1.022874	-0.000904	-20.728455	0.000904	1.022874	-15.618225	
598	1.009531	0.000451	-8.954651	-0.000451	1.009531	-6.428101	
599	1.017852	0.000681	-15.019897	-0.000681	1.017852	-12.927490	
600	1.005928	-0.000073	-4.259460	0.000073	1.005928	-4.724182	
601	1.016187	0.001183	-11.945374	-0.001183	1.016187	-11.700134	
602	1.007990	0.000260	-5.041504	-0.000260	1.007990	-7.483582	
603	1.014989	0.001067	-6.127930	-0.001067	1.014989	-12.141602	
604	1.007646	0.000165	-2.739319	-0.000165	1.007646	-6.340881	
605	1.016389	-0.000034	-4.043579	0.000034	1.016389	-15.560486	
606	1.008812	-0.000090	-3.528259	0.000090	1.008812	-9.199707	
607	1.017876	-0.000366	-7.416321	0.000366	1.017876	-15.873169	
608	1.008530	-0.000299	-4.179993	0.000299	1.008530	-7.815186	
609	1.017083	-0.000146	-10.349182	0.000146	1.017083	-13.958984	
610	1.009053	0.000106	-7.543152	-0.000106	1.009053	-7.422241	
611	1.016044	-0.000608	-12.516724	0.000608	1.016044	-10.576721	
612	1.009682	0.000073	-8.382629	-0.000073	1.009682	-6.083069	
613	1.018026	0.000451	-18.362976	-0.000451	1.018026	-10.207642	
614	1.009675	-0.000835	-9.095825	0.000835	1.009675	-6.438416	
615	1.017354	-0.000955	-18.940247	0.000955	1.017354	-10.576111	
616	1.009002	-0.000241	-10.431702	0.000241	1.009002	-4.899292	
617	1.018107	-0.000434	-22.237671	0.000434	1.018107	-9.335510	
618	1.008767	0.000357	-12.835754	-0.000357	1.008767	-3.132874	
619	1.016989	0.000785	-22.949951	-0.000785	1.016989	-9.148865	
620	1.009063	0.000834	-11.067444	-0.000834	1.009063	-5.189941	
621	1.019880	0.000380	-21.847534	-0.000380	1.019880	-13.275574	
622	1.009821	0.000427	-10.104797	-0.000427	1.009821	-6.929077	
623	1.019460	-0.000225	-19.632324	0.000225	1.019460	-14.451416	
624	1.010449	-0.000590	-11.668274	0.000590	1.010449	-7.464233	
625	1.018674	0.000576	-19.158325	-0.000576	1.018674	-11.187256	
626	1.005924	-0.000437	-5.316833	0.000437	1.005924	-5.248840	
627	1.000526	0.000083	-0.474304	-0.000083	1.000526	-1.593628	
628	0.999977	-0.000092	0.728027	0.000092	0.999977	-0.849426	
629	0.999571	-0.000565	3.289246	0.000565	0.999571	-3.176514	
630	0.999695	-0.000270	1.088806	0.000270	0.999695	-1.387024	
631	0.999985	-0.000449	3.965698	0.000449	0.999985	-5.629395	
632	0.999900	-0.000179	2.440430	0.000179	0.999900	-1.990051	
633	0.999916	-0.000584	6.034058	0.000584	0.999916	-6.379639	
634	0.999936	-0.000455	1.239868	0.000455	0.999936	-2.832581	
635	1.000336	-0.000012	2.260864	0.000012	1.000336	-5.878174	
636	1.000234	-0.000019	1.261963	0.000019	1.000234	-2.153748	
637	1.000520	-0.000448	0.587097	0.000448	1.000520	-4.536987	
638	1.000152	-0.000106	0.465576	0.000106	1.000152	-1.919922	
639	1.000482	0.000084	-2.166199	-0.000084	1.000482	-3.106506	
640	1.000378	-0.000064	-1.400696	0.000064	1.000378	-1.245728	
641	1.000114	0.000181	-3.863831	-0.000181	1.000114	-0.898499	
642	1.000436	0.000248	-1.474731	-0.000248	1.000436	-1.160522	
643	1.000405	-0.000165	-3.476257	0.000165	1.000405	-1.419922	
644	1.000043	0.000297	-1.758118	-0.000297	1.000043	0.097900	
645	1.000882	-0.000678	-3.582642	0.000678	1.000882	-1.995422	
646	1.000518	-0.000036	-3.255066	0.000036	1.000518	0.126160	
647	1.001115	-0.000825	-4.091309	0.000825	1.001115	-2.748901	
648	1.000799	-0.000147	-2.581421	0.000147	1.000799	-0.615906	
649	1.000019	-0.000038	-3.535950	0.000038	1.000019	1.413086	
650	1.000257	-0.000080	-1.589600	0.000080	1.000257	-0.342834	
651	1.002200	-0.003076	-3.953369	0.003076	1.002200	-4.885742	
652	1.000101	-0.000441	-2.675903	0.000441	1.000101	0.790527	
653	1.001291	-0.000231	-4.911377	0.000231	1.001291	-1.035034	
654	1.000264	-0.000195	-2.523743	0.000195	1.000264	-0.088196	
655	0.999805	-0.000365	-3.462219	0.000365	0.999805	0.835938	
656	0.999871	-0.000533	0.139526	0.000533	0.999871	-0.405029	
657	1.003411	-0.003585	-2.844543	0.003585	1.003411	-5.655151	
658	0.999436	-0.000899	0.140625	0.000899	0.999436	0.247803	
659	1.001807	-0.004914	0.916443	0.004914	1.001807	-5.106689	
660	1.008520	-0.003227	-6.686401	0.003227	1.008520	-9.813232	
661	1.008520	-0.003227	-6.686401	0.003227	1.008520	-9.813232	
662	1.008520	-0.003227	-6.686401	0.003227	1.008520	-9.813232	
663	1.008520	-0.003227	-6.686401	0.003227	1.008520	-9.813232	
664	0.999934	-0.000785	-0.970459	0.000785	0.999934	-0.481873	
665	1.007203	-0.005913	-2.964478	0.005913	1.007203	-11.767151	
666	0.999179	-0.002671	1.417480	0.002671	0.999179	-2.335938	
667	0.999179	-0.002671	1.417480	0.002671	0.999179	-2.335938	
668	0.999018	0.000623	-1.031494	-0.000623	0.999018	0.866028	
669	0.999018	0.000623	-1.031494	-0.000623	0.999018	0.866028	
670	0.999487	0.000225	-2.118347	-0.000225	0.999487	1.208557	
671	0.999487	0.000225	-2.118347	-0.000225	0.999487	1.208557	
672	0.998052	0.000751	-1.804382	-0.000751	0.998052	2.700500	
673	0.998052	0.000751	-1.804382	-0.000751	0.998052	2.700500	
674	0.999650	-0.000835	0.488220	0.000835	0.999650	0.253784	
675	0.999650	-0.000835	0.488220	0.000835	0.999650	0.253784	
676	1.000331	0.001531	-0.835266	-0.001531	1.000331	0.914429	
677	1.000331	0.001531	-0.835266	-0.001531	1.000331	0.914429	
678	1.003663	-0.000044	-0.305176	0.000044	1.003663	-3.155273	
679	1.003663	-0.000044	-0.305176	0.000044	1.003663	-3.155273	
680	1.000032	-0.000028	0.932556	0.000028	1.000032	-0.882568	
681	1.000032	-0.000028	0.932556	0.000028	1.000032	-0.882568	
682	0.998055	-0.000025	1.267578	0.000025	0.998055	1.697632	
683	0.998055	-0.000025	1.267578	0.000025	0.998055	1.697632	
684	0.998055	-0.000025	1.267578	0.000025	0.998055	1.697632	
685	0.998055	-0.000025	1.267578	0.000025	0.998055	1.697632	
686	1.000057	0.000229	2.097107	-0.000229	1.000057	-0.864624	
687	1.000057	0.000229	2.097107	-0.000229	1.000057	-0.864624	
688	1.005099	0.002298	-6.153198	-0.002298	1.005099	0.913727	
689	1.005099	0.002298	-6.153198	-0.002298	1.005099	0.913727	
690	1.005099	0.002298	-6.153198	-0.002298	1.005099	0.913727	
691	1.005099	0.002298	-6.153198	-0.002298	1.005099	0.913727	
692	1.000006	0.000039	0.492920	-0.000039	1.000006	0.476624	
693	1.000006	0.000039	0.492920	-0.000039	1.000006	0.476624	
694	1.000006	0.000039	0.492920	-0.000039	1.000006	0.476624	
695	1.000006	0.000039	0.492920	-0.000039	1.000006	0.476624	
696	1.000302	-0.000807	0.981201	0.000807	1.000302	-1.126038	
697	1.000302	-0.000807	0.981201	0.000807	1.000302	-1.126038	
698	1.000092	0.000195	-1.059204	-0.000195	1.000092	-0.254944	
699	1.000092	0.000195	-1.059204	-0.000195	1.000092	-0.254944	
700	1.000166	-0.001413	0.588135	0.001413	1.000166	-3.771118	
701	1.000166	-0.001413	0.588135	0.001413	1.000166	-3.771118	
702	1.003273	0.003554	-4.959534	-0.003554	1.003273	-3.162659	
703	1.003273	0.003554	-4.959534	-0.003554	1.003273	-3.162659	
704	1.003273	0.003554	-4.959534	-0.003554	1.003273	-3.162659	
705	1.003273	0.003554	-4.959534	-0.003554	1.003273	-3.162659	
706	0.999907	0.000137	-1.214233	-0.000137	0.999907	-0.321777	
707	0.999907	0.000137	-1.214233	-0.000137	0.999907	-0.321777	
708	0.999907	0.000137	-1.214233	-0.000137	0.999907	-0.321777	
709	0.999907	0.000137	-1.214233	-0.000137	0.999907	-0.321777	
710	1.000297	0.000146	-4.361633	-0.000146	1.000297	-0.875916	
711	1.000297	0.000146	-4.361633	-0.000146	1.000297	-0.875916	
712	1.000297	0.000146	-4.361633	-0.000146	1.000297	-0.875916	
713	1.000297	0.000146	-4.361633	-0.000146	1.000297	-0.875916	
714	1.000297	0.000146	-4.361633	-0.000146	1.000297	-0.875916	
715	1.000297	0.000146	-4.361633	-0.000146	1.000297	-0.875916	
716	1.000297	0.000146	-4.361633	-0.000146	1.000297	-0.875916	
717	1.000297	0.000146	-4.361633	-0.000146	1.000297	-0.875916	
718	1.008072	-0.012392	-3.319397	0.012392	1.008072	-23.032104	
719	1.008072	-0.012392	-3.319397	0.012392	1.008072	-23.032104	
720	1.004078	-0.001751	-3.095520	0.001751	1.004078	-9.271667	
721	1.004078	-0.001751	-3.095520	0.001751	1.004078	-9.271667	
722	1.004078	-0.001751	-3.095520	0.001751	1.004078	-9.271667	
723	1.004078	-0.001751	-3.095520	0.001751	1.004078	-9.271667	
724	1.004078	-0.001751	-3.095520	0.001751	1.004078	-9.271667	
725	1.004078	-0.001751	-3.095520	0.001751	1.004078	-9.271667	
726	1.002694	0.000876	-0.020935	-0.000876	1.002694	-9.205231	
727	1.002694	0.000876	-0.020935	-0.000876	1.002694	-9.205231	
728	1.003196	0.002649	0.482483	-0.002649	1.003196	-13.465759	
729	1.003196	0.002649	0.482483	-0.002649	1.003196	-13.465759	
730	1.006336	-0.000130	-2.342529	0.000130	1.006336	-13.555756	
731	1.006336	-0.000130	-2.342529	0.000130	1.006336	-13.555756	
732	1.006336	-0.000130	-2.342529	0.000130	1.006336	-13.555756	
733	1.006336	-0.000130	-2.342529	0.000130	1.006336	-13.555756	
734	1.000429	0.000399	-0.128296	-0.000399	1.000429	-1.463501	
735	0.999486	-0.000586	0.673340	0.000586	0.999486	1.413574	
736	0.999959	-0.001979	2.145020	0.001979	0.999959	-0.332092	
737	1.000240	-0.000629	0.918457	0.000629	1.000240	4.748596	
738	1.000258	0.000304	0.158325	-0.000304	1.000258	2.598206	
739	1.000321	0.000417	0.868286	-0.000417	1.000321	5.277527	
740	1.000125	-0.000354	0.719849	0.000354	1.000125	1.946777	
741	1.000125	-0.000354	0.719849	0.000354	1.000125	1.946777	
742	1.001354	-0.000152	-0.481384	0.000152	1.001354	0.065918	
743	1.000129	0.001096	0.903748	-0.001096	1.000129	2.933167	
744	0.999834	0.000080	0.069397	-0.000080	0.999834	1.957825	
745	1.000176	0.000198	0.556091	-0.000198	1.000176	3.658447	
746	0.999887	0.000254	0.599304	-0.000254	0.999887	1.248413	
747	1.000203	0.000598	2.046997	-0.000598	1.000203	2.806702	
748	1.000650	-0.000552	0.936646	0.000552	1.000650	0.218445	
749	1.000650	-0.000552	0.936646	0.000552	1.000650	0.218445	
750	1.000650	-0.000552	0.936646	0.000552	1.000650	0.218445	
751	1.000650	-0.000552	0.936646	0.000552	1.000650	0.218445	
752	1.000023	0.000125	0.473877	-0.000125	1.000023	0.500610	
753	0.999953	0.000195	1.565063	-0.000195	0.999953	0.997498	
754	0.999953	0.000195	1.565063	-0.000195	0.999953	0.997498	
755	0.999953	0.000195	1.565063	-0.000195	0.999953	0.997498	
756	0.999954	0.000131	2.176575	-0.000131	0.999954	-0.000183	
757	0.999954	0.000131	2.176575	-0.000131	0.999954	-0.000183	
758	1.000740	0.000148	2.829041	-0.000148	1.000740	-0.273376	
759	0.999663	0.000443	6.832764	-0.000443	0.999663	-0.568115	
760	1.000298	0.000183	4.091614	-0.000183	1.000298	-0.154968	
761	0.999366	0.000083	12.332214	-0.000083	0.999366	-0.838135	
762	0.999366	0.000083	12.332214	-0.000083	0.999366	-0.838135	
763	1.000845	0.000171	8.781555	-0.000171	1.000845	-0.842957	
764	1.000226	-0.000789	4.123901	0.000789	1.000226	-1.349304	
765	1.000226	-0.000789	4.123901	0.000789	1.000226	-1.349304	
766	1.000201	-0.000129	1.625549	0.000129	1.000201	0.247803	
767	1.000201	-0.000129	1.625549	0.000129	1.000201	0.247803	
768	1.000181	0.000119	-0.394470	-0.000119	1.000181	1.166626	
769	1.000181	0.000119	-0.394470	-0.000119	1.000181	1.166626	
770	0.999530	-0.000193	0.313599	0.000193	0.999530	0.323486	
771	0.999530	-0.000193	0.313599	0.000193	0.999530	0.323486	
772	0.999929	-0.000128	-1.340027	0.000128	0.999929	0.583069	
773	0.999929	-0.000128	-1.340027	0.000128	0.999929	0.583069	
774	0.999929	-0.000128	-1.340027	0.000128	0.999929	0.583069	
775	0.999932	-0.000012	-5.479797	0.000012	0.999932	1.454346	
776	0.999932	-0.000012	-5.479797	0.000012	0.999932	1.454346	
777	0.999932	-0.000012	-5.479797	0.000012	0.999932	1.454346	
778	0.999932	-0.000012	-5.479797	0.000012	0.999932	1.454346	
779	1.000014	-0.000047	-5.020264	0.000047	1.000014	2.472168	
780	1.000014	-0.000047	-5.020264	0.000047	1.000014	2.472168	
781	1.000014	-0.000047	-5.020264	0.000047	1.000014	2.472168	
782	0.999892	0.000044	-0.978027	-0.000044	0.999892	1.130432	
783	1.000012	-0.000163	-2.325684	0.000163	1.000012	1.510803	
784	0.999364	0.000296	-1.892273	-0.000296	0.999364	1.182007	
785	0.999970	-0.000566	-4.518616	0.000566	0.999970	1.087952	
786	1.000007	0.000013	-3.635559	-0.000013	1.000007	0.683228	
787	1.000007	0.000013	-3.635559	-0.000013	1.000007	0.683228	
788	1.000007	0.000013	-3.635559	-0.000013	1.000007	0.683228	
789	0.999765	0.000062	-16.166321	-0.000062	0.999765	0.915039	
790	0.998717	0.000282	-5.750610	-0.000282	0.998717	1.762085	
791	0.998717	0.000282	-5.750610	-0.000282	0.998717	1.762085	
792	0.998717	0.000282	-5.750610	-0.000282	0.998717	1.762085	
793	0.998717	0.000282	-5.750610	-0.000282	0.998717	1.762085	
794	0.998717	0.000282	-5.750610	-0.000282	0.998717	1.762085	
795	1.000128	-0.000138	-2.325317	0.000138	1.000128	-0.065552	
796	1.000128	-0.000138	-2.325317	0.000138	1.000128	-0.065552	
797	1.000128	-0.000138	-2.325317	0.000138	1.000128	-0.065552	
798	1.000024	-0.000079	0.030701	0.000079	1.000024	0.000610	
799	1.000024	-0.000079	0.030701	0.000079	1.000024	0.000610	
800	1.000024	-0.000079	0.030701	0.000079	1.000024	0.000610	
801	1.000553	0.000456	2.760803	-0.000456	1.000553	-0.738464	
802	1.000553	0.000456	2.760803	-0.000456	1.000553	-0.738464	
803	1.000553	0.000456	2.760803	-0.000456	1.000553	-0.738464	
804	1.000553	0.000456	2.760803	-0.000456	1.000553	-0.738464	
805	1.000553	0.000456	2.760803	-0.000456	1.000553	-0.738464	
806	1.000784	0.000071	2.180298	-0.000071	1.000784	0.086365	
807	1.000784	0.000071	2.180298	-0.000071	1.000784	0.086365	
808	1.000784	0.000071	2.180298	-0.000071	1.000784	0.086365	
809	1.000784	0.000071	2.180298	-0.000071	1.000784	0.086365	
810	1.000784	0.000071	2.180298	-0.000071	1.000784	0.086365	
811	1.000784	0.000071	2.180298	-0.000071	1.000784	0.086365	
812	1.000784	0.000071	2.180298	-0.000071	1.000784	0.086365	
813	0.999929	-0.000053	2.302917	0.000053	0.999929	2.006592	
814	0.999929	-0.000053	2.302917	0.000053	0.999929	2.006592	
815	0.999929	-0.000053	2.302917	0.000053	0.999929	2.006592	
816	0.986558	0.003020	10.175720	-0.003020	0.986558	8.691650	
817	0.986558	0.003020	10.175720	-0.003020	0.986558	8.691650	
818	0.999900	0.000720	4.144348	-0.000720	0.999900	0.172546	
819	0.999900	0.000720	4.144348	-0.000720	0.999900	0.172546	
820	1.000298	-0.000036	2.596008	0.000036	1.000298	1.539185	
821	1.000048	-0.000203	4.516968	0.000203	1.000048	3.235657	
822	1.000048	-0.000203	4.516968	0.000203	1.000048	3.235657	
823	1.000048	-0.000203	4.516968	0.000203	1.000048	3.235657	
824	1.000048	-0.000203	4.516968	0.000203	1.000048	3.235657	
825	1.000048	-0.000203	4.516968	0.000203	1.000048	3.235657	
826	1.000048	-0.000203	4.516968	0.000203	1.000048	3.235657	
827	1.000048	-0.000203	4.516968	0.000203	1.000048	3.235657	
828	1.000048	-0.000203	4.516968	0.000203	1.000048	3.235657	
829	1.000048	-0.000203	4.516968	0.000203	1.000048	3.235657	
830	1.000643	0.000706	-3.820740	-0.000706	1.000643	4.794617	
831	1.000643	0.000706	-3.820740	-0.000706	1.000643	4.794617	
832	1.000643	0.000706	-3.820740	-0.000706	1.000643	4.794617	
833	1.000643	0.000706	-3.820740	-0.000706	1.000643	4.794617	
834	0.995390	-0.006419	3.215942	0.006419	0.995390	-2.690399	
835	0.995390	-0.006419	3.215942	0.006419	0.995390	-2.690399	
836	0.983387	0.001225	14.238281	-0.001225	0.983387	11.844757	
837	0.983387	0.001225	14.238281	-0.001225	0.983387	11.844757	
838	0.983387	0.001225	14.238281	-0.001225	0.983387	11.844757	
839	0.983387	0.001225	14.238281	-0.001225	0.983387	11.844757	
840	0.987476	-0.005370	14.518188	0.005370	0.987476	4.851868	
841	0.987476	-0.005370	14.518188	0.005370	0.987476	4.851868	
842	0.987476	-0.005370	14.518188	0.005370	0.987476	4.851868	
843	0.987476	-0.005370	14.518188	0.005370	0.987476	4.851868	
844	0.987476	-0.005370	14.518188	0.005370	0.987476	4.851868	
845	0.987476	-0.005370	14.518188	0.005370	0.987476	4.851868	
846	0.991226	0.012810	3.652222	-0.012810	0.991226	11.589661	
847	0.991226	0.012810	3.652222	-0.012810	0.991226	11.589661	
848	0.982014	0.005798	15.818848	-0.005798	0.982014	16.018707	
849	0.982014	0.005798	15.818848	-0.005798	0.982014	16.018707	
850	0.987931	-0.001704	13.166443	0.001704	0.987931	8.263031	
851	0.987931	-0.001704	13.166443	0.001704	0.987931	8.263031	
852	0.999134	0.000043	0.060852	-0.000043	0.999134	8.566528	
853	0.999134	0.000043	0.060852	-0.000043	0.999134	8.566528	
854	0.999134	0.000043	0.060852	-0.000043	0.999134	8.566528	
855	0.999134	0.000043	0.060852	-0.000043	0.999134	8.566528	
856	0.999330	-0.004251	3.071350	0.004251	0.999330	2.691223	
857	0.999330	-0.004251	3.071350	0.004251	0.999330	2.691223	
858	0.999330	-0.004251	3.071350	0.004251	0.999330	2.691223	
859	0.999330	-0.004251	3.071350	0.004251	0.999330	2.691223	
860	0.999330	-0.004251	3.071350	0.004251	0.999330	2.691223	
861	0.999974	-0.000290	0.248962	0.000290	0.999974	0.805786	
862	0.999974	-0.000290	0.248962	0.000290	0.999974	0.805786	
863	0.999974	-0.000290	0.248962	0.000290	0.999974	0.805786	
864	1.000908	-0.004077	3.335815	0.004077	1.000908	-5.613586	
865	1.000908	-0.004077	3.335815	0.004077	1.000908	-5.613586	
866	1.000908	-0.004077	3.335815	0.004077	1.000908	-5.613586	
867	1.000908	-0.004077	3.335815	0.004077	1.000908	-5.613586	
868	1.000908	-0.004077	3.335815	0.004077	1.000908	-5.613586	
869	1.000908	-0.004077	3.335815	0.004077	1.000908	-5.613586	
870	1.000908	-0.004077	3.335815	0.004077	1.000908	-5.613586	
871	1.000908	-0.004077	3.335815	0.004077	1.000908	-5.613586	
872	0.999782	-0.000209	1.161804	0.000209	0.999782	-0.645813	
873	0.999782	-0.000209	1.161804	0.000209	0.999782	-0.645813	
874	1.000239	-0.000271	1.603394	0.000271	1.000239	-1.339783	
875	1.000239	-0.000271	1.603394	0.000271	1.000239	-1.339783	
876	1.004728	-0.003362	-1.690369	0.003362	1.004728	-7.230652	
877	1.004728	-0.003362	-1.690369	0.003362	1.004728	-7.230652	
878	1.004728	-0.003362	-1.690369	0.003362	1.004728	-7.230652	
879	1.000045	-0.000390	1.458557	0.000390	1.000045	-0.569763	
880	1.000213	0.000103	1.458923	-0.000103	1.000213	0.022827	
881	1.000213	0.000103	1.458923	-0.000103	1.000213	0.022827	
882	1.000213	0.000103	1.458923	-0.000103	1.000213	0.022827	
883	1.000017	0.000094	2.206726	-0.000094	1.000017	-0.368042	
884	1.000101	-0.000003	0.027466	0.000003	1.000101	-0.022888	
885	1.000101	-0.000003	0.027466	0.000003	1.000101	-0.022888	
886	1.001342	-0.008569	4.079590	0.008569	1.001342	-7.594727	
887	1.001342	-0.008569	4.079590	0.008569	1.001342	-7.594727	
888	0.999905	0.000013	-0.111572	-0.000013	0.999905	-0.631836	
889	0.999845	-0.000264	1.732849	0.000264	0.999845	-3.158020	
890	1.000197	-0.000048	0.757080	0.000048	1.000197	-1.744263	
891	1.002692	-0.000302	1.332520	0.000302	1.002692	-5.821533	
892	1.000105	0.000138	0.590515	-0.000138	1.000105	-1.862000	
893	1.000849	0.000835	1.734924	-0.000835	1.000849	-5.639893	
894	1.000207	0.000106	0.187622	-0.000106	1.000207	-3.130249	
895	1.000120	-0.000086	0.558899	0.000086	1.000120	-5.073364	
896	1.000059	-0.000052	-0.819275	0.000052	1.000059	-2.670898	
897	1.000162	-0.000183	-2.709412	0.000183	1.000162	-3.979553	
898	0.998715	-0.000200	-1.358215	0.000200	0.998715	-0.701294	
899	0.999488	-0.002301	-6.462769	0.002301	0.999488	-4.034790	
900	1.000844	-0.001270	-4.207092	0.001270	1.000844	-2.453552	
901	0.999551	-0.000505	-9.656616	0.000505	0.999551	-3.080994	
902	0.999984	-0.000681	-3.747559	0.000681	0.999984	-1.190552	
903	1.000863	-0.000308	-3.434326	0.000308	1.000863	-2.506470	
904	1.000646	0.005030	-9.142578	-0.005030	1.000646	2.564575	
905	1.003117	0.001597	-7.244385	-0.001597	1.003117	-1.275940	
906	1.003117	0.001597	-7.244385	-0.001597	1.003117	-1.275940	
907	1.000732	0.001516	-3.301636	-0.001516	1.000732	-0.581787	
908	1.000732	0.001516	-3.301636	-0.001516	1.000732	-0.581787	
909	1.000732	0.001516	-3.301636	-0.001516	1.000732	-0.581787	
910	1.000732	0.001516	-3.301636	-0.001516	1.000732	-0.581787	
911	1.000732	0.001516	-3.301636	-0.001516	1.000732	-0.581787	
912	1.000732	0.001516	-3.301636	-0.001516	1.000732	-0.581787	
913	1.000044	-0.000122	-1.669189	0.000122	1.000044	-0.361450	
914	1.000044	-0.000122	-1.669189	0.000122	1.000044	-0.361450	
915	1.000044	-0.000122	-1.669189	0.000122	1.000044	-0.361450	
916	1.000044	-0.000122	-1.669189	0.000122	1.000044	-0.361450	
917	1.000044	-0.000122	-1.669189	0.000122	1.000044	-0.361450	
918	1.000044	-0.000122	-1.669189	0.000122	1.000044	-0.361450	
919	1.000044	-0.000122	-1.669189	0.000122	1.000044	-0.361450	
920	1.000044	-0.000122	-1.669189	0.000122	1.000044	-0.361450	
921	0.991944	0.004975	12.169983	-0.004975	0.991944	-3.024048	
922	0.991944	0.004975	12.169983	-0.004975	0.991944	-3.024048	
923	1.002879	0.021139	-4.412720	-0.021139	1.002879	13.105804	
924	0.992330	0.004457	25.321289	-0.004457	0.992330	2.607056	
925	0.995930	0.007336	12.116089	-0.007336	0.995930	11.819153	
926	0.995930	0.007336	12.116089	-0.007336	0.995930	11.819153	
927	0.995930	0.007336	12.116089	-0.007336	0.995930	11.819153	
928	0.995930	0.007336	12.116089	-0.007336	0.995930	11.819153	
929	0.995930	0.007336	12.116089	-0.007336	0.995930	11.819153	
930	0.995930	0.007336	12.116089	-0.007336	0.995930	11.819153	
931	0.995930	0.007336	12.116089	-0.007336	0.995930	11.819153	
932	0.995930	0.007336	12.116089	-0.007336	0.995930	11.819153	
933	1.000027	0.002271	8.568237	-0.002271	1.000027	-0.023163	
934	1.000027	0.002271	8.568237	-0.002271	1.000027	-0.023163	
935	1.000027	0.002271	8.568237	-0.002271	1.000027	-0.023163	
936	0.999403	-0.000398	-1.535095	0.000398	0.999403	0.974548	
937	1.000680	0.000507	-2.112732	-0.000507	1.000680	-0.794922	
938	1.000226	-0.000134	-3.497498	0.000134	1.000226	-0.115845	
939	1.000466	-0.000259	-3.836914	0.000259	1.000466	-1.019104	
940	1.000466	-0.000259	-3.836914	0.000259	1.000466	-1.019104	
941	1.000466	-0.000259	-3.836914	0.000259	1.000466	-1.019104	
942	1.000466	-0.000259	-3.836914	0.000259	1.000466	-1.019104	
943	0.991466	-0.003215	14.160889	0.003215	0.991466	-3.538910	
944	0.991466	-0.003215	14.160889	0.003215	0.991466	-3.538910	
945	0.991466	-0.003215	14.160889	0.003215	0.991466	-3.538910	
946	0.991466	-0.003215	14.160889	0.003215	0.991466	-3.538910	
947	1.012173	-0.005216	-20.247803	0.005216	1.012173	-13.427856	
948	1.012173	-0.005216	-20.247803	0.005216	1.012173	-13.427856	
949	1.004309	-0.006674	-6.169189	0.006674	1.004309	-13.247925	
950	1.004309	-0.006674	-6.169189	0.006674	1.004309	-13.247925	
951	1.004309	-0.006674	-6.169189	0.006674	1.004309	-13.247925	
952	1.004309	-0.006674	-6.169189	0.006674	1.004309	-13.247925	
953	1.003499	0.001523	-4.308594	-0.001523	1.003499	-0.151123	
954	1.003499	0.001523	-4.308594	-0.001523	1.003499	-0.151123	
955	1.003499	0.001523	-4.308594	-0.001523	1.003499	-0.151123	
956	1.003499	0.001523	-4.308594	-0.001523	1.003499	-0.151123	
957	1.003499	0.001523	-4.308594	-0.001523	1.003499	-0.151123	
958	1.003499	0.001523	-4.308594	-0.001523	1.003499	-0.151123	
959	1.003499	0.001523	-4.308594	-0.001523	1.003499	-0.151123	
960	1.003499	0.001523	-4.308594	-0.001523	1.003499	-0.151123	
961	1.003499	0.001523	-4.308594	-0.001523	1.003499	-0.151123	
962	1.003499	0.001523	-4.308594	-0.001523	1.003499	-0.151123	
963	1.003499	0.001523	-4.308594	-0.001523	1.003499	-0.151123	
964	1.003499	0.001523	-4.308594	-0.001523	1.003499	-0.151123	
965	1.003499	0.001523	-4.308594	-0.001523	1.003499	-0.151123	
966	1.003499	0.001523	-4.308594	-0.001523	1.003499	-0.151123	
967	1.003499	0.001523	-4.308594	-0.001523	1.003499	-0.151123	
968	1.003499	0.001523	-4.308594	-0.001523	1.003499	-0.151123	
969	1.003499	0.001523	-4.308594	-0.001523	1.003499	-0.151123	
970	1.003499	0.001523	-4.308594	-0.001523	1.003499	-0.151123	
971	0.999623	0.000289	-1.952209	-0.000289	0.999623	0.537109	
972	0.999623	0.000289	-1.952209	-0.000289	0.999623	0.537109	
973	0.999623	0.000289	-1.952209	-0.000289	0.999623	0.537109	
974	0.999278	0.000517	-0.707642	-0.000517	0.999278	0.722839	
975	0.999851	-0.000243	0.672607	0.000243	0.999851	-0.807617	
976	0.998627	-0.002979	3.789795	0.002979	0.998627	-0.765869	
977	1.000045	-0.000241	1.557739	0.000241	1.000045	-0.860168	
978	0.999720	-0.000669	6.243164	0.000669	0.999720	-0.123718	
979	1.000285	0.000483	2.843628	-0.000483	1.000285	-0.441223	
980	1.001341	-0.000126	5.177856	0.000126	1.001341	-1.515869	
981	1.000003	0.000090	2.687744	-0.000090	1.000003	-0.510742	
982	1.001284	0.000595	2.261353	-0.000595	1.001284	-1.505127	
983	1.000004	0.000019	2.262573	-0.000019	1.000004	-0.736877	
984	1.000285	0.000228	2.108521	-0.000228	1.000285	0.073730	
985	0.999608	-0.000025	0.937744	0.000025	0.999608	0.553467	
986	0.999971	-0.000029	1.067383	0.000029	0.999971	-1.002075	
987	0.999694	-0.000284	-0.141235	0.000284	0.999694	-0.392944	
988	0.999747	-0.000195	-0.109619	0.000195	0.999747	0.884338	
989	0.999957	0.000064	0.027344	-0.000064	0.999957	0.049744	
990	0.998465	-0.001143	0.915527	0.001143	0.998465	0.822754	
991	0.998334	-0.000286	0.654175	0.000286	0.998334	1.204346	
992	0.996643	0.001416	1.942993	-0.001416	0.996643	2.939331	
993	0.998698	0.000453	0.200562	-0.000453	0.998698	0.857727	
994	0.996650	0.000450	1.291260	-0.000450	0.996650	2.408203	
995	0.998570	0.000452	0.674072	-0.000452	0.998570	0.289429	
996	1.000227	0.000552	-0.198669	-0.000552	1.000227	-0.426575	
997	0.999889	0.000377	0.298218	-0.000377	0.999889	-0.111267	
998	0.999819	0.000453	3.056213	-0.000453	0.999819	0.047607	
999	0.999722	0.000406	0.343811	-0.000406	0.999722	0.467957	
1000	0.997022	0.001725	3.658997	-0.001725	0.997022	1.931091	
1001	1.003496	0.004953	-8.813232	-0.004953	1.003496	5.206055	
1002	1.003496	0.004953	-8.813232	-0.004953	1.003496	5.206055	
1003	0.998806	0.000730	2.330200	-0.000730	0.998806	2.183289	
1004	0.998806	0.000730	2.330200	-0.000730	0.998806	2.183289	
1005	0.998953	0.000676	2.329346	-0.000676	0.998953	0.872559	
1006	0.997219	0.000381	2.522827	-0.000381	0.997219	2.907776	
1007	0.999618	0.000238	0.625793	-0.000238	0.999618	0.730835	
1008	1.000160	0.000354	1.958252	-0.000354	1.000160	0.568909	
1009	0.998366	0.000407	0.935181	-0.000407	0.998366	1.717651	
1010	0.999582	0.000041	2.134644	-0.000041	0.999582	0.711914	
1011	0.998991	-0.000224	1.458679	0.000224	0.998991	0.731628	
1012	1.000000	0.000395	1.307068	-0.000395	1.000000	0.845886	
1013	1.005586	-0.001432	-8.049194	0.001432	1.005586	-6.026550	
1014	0.999848	-0.000434	4.088196	0.000434	0.999848	-0.994934	
1015	1.003457	0.000355	-7.081421	-0.000355	1.003457	-1.222168	
1016	1.003457	0.000355	-7.081421	-0.000355	1.003457	-1.222168	
1017	1.002833	-0.000329	-5.750488	0.000329	1.002833	-2.854553	
1018	1.002833	-0.000329	-5.750488	0.000329	1.002833	-2.854553	
1019	0.997671	0.000699	2.624573	-0.000699	0.997671	1.880432	
1020	0.994443	0.000473	6.319580	-0.000473	0.994443	4.069336	
1021	0.998483	-0.000133	2.846313	0.000133	0.998483	0.916870	
1022	0.998483	-0.000133	2.846313	0.000133	0.998483	0.916870	
1023	0.995896	0.001737	3.863647	-0.001737	0.995896	5.822693	
1024	0.995896	0.001737	3.863647	-0.001737	0.995896	5.822693	
1025	0.999338	-0.002264	-0.817871	0.002264	0.999338	-2.408752	
1026	0.994286	0.002552	3.617798	-0.002552	0.994286	6.246826	
1027	0.995693	-0.000306	4.560303	0.000306	0.995693	3.195984	
1028	1.000343	-0.000104	2.495544	0.000104	1.000343	0.645325	
1029	0.999033	-0.001728	-0.705322	0.001728	0.999033	-1.428040	
1030	0.996903	-0.003537	-0.715576	0.003537	0.996903	-4.102844	
1031	0.998887	-0.000474	-2.219849	0.000474	0.998887	-0.240051	
1032	1.000227	0.000759	2.364563	-0.000759	1.000227	0.075562	
1033	0.996447	0.001802	0.721924	-0.001802	0.996447	3.780518	
1034	0.999614	0.001061	-8.128052	-0.001061	0.999614	1.825439	
1035	0.999925	0.000839	-4.087524	-0.000839	0.999925	0.912415	
1036	1.001641	0.001383	-12.477417	-0.001383	1.001641	-0.794739	
1037	0.999551	-0.000216	-3.500854	0.000216	0.999551	-0.499634	
1038	0.999832	0.000071	-0.537537	-0.000071	0.999832	-1.062195	
1039	0.999422	0.000074	0.131042	-0.000074	0.999422	0.722961	
1040	0.998742	-0.000761	1.343201	0.000761	0.998742	1.312622	
1041	0.999143	0.000875	-3.062866	-0.000875	0.999143	0.806580	
1042	1.000206	-0.000234	-0.518188	0.000234	1.000206	-0.147888	
1043	1.000376	0.002233	-5.714355	-0.002233	1.000376	2.125549	
1044	0.999889	0.000057	1.534180	-0.000057	0.999889	-0.793335	
1045	0.998208	0.004580	-3.281860	-0.004580	0.998208	6.458862	
1046	0.998208	0.004580	-3.281860	-0.004580	0.998208	6.458862	
1047	0.996719	0.001409	0.552979	-0.001409	0.996719	2.491821	
1048	0.992925	0.002933	0.109497	-0.002933	0.992925	7.765503	
1049	1.000059	0.000589	-4.128052	-0.000589	1.000059	1.337708	
1050	1.002473	0.001706	-13.400513	-0.001706	1.002473	0.063538	
1051	0.999901	-0.000117	-0.644287	0.000117	0.999901	0.334717	
1052	1.001280	0.000738	-10.394043	-0.000738	1.001280	-0.807434	
1053	1.000100	0.000638	-4.974487	-0.000638	1.000100	0.126709	
1054	0.989768	0.005269	-3.301147	-0.005269	0.989768	11.152039	
1055	1.000353	0.000867	-4.846924	-0.000867	1.000353	0.490601	
1056	1.005690	0.001286	-17.796753	-0.001286	1.005690	-1.507019	
1057	1.001855	-0.000068	-6.525513	0.000068	1.001855	-0.231384	
1058	0.999375	0.000350	-1.815796	-0.000350	0.999375	-1.083435	
1059	0.996339	0.000070	0.016968	-0.000070	0.996339	2.669067	
1060	0.996339	0.000070	0.016968	-0.000070	0.996339	2.669067	
1061	0.996405	-0.000657	1.079834	0.000657	0.996405	1.088135	
1062	0.999852	0.000250	-0.497742	-0.000250	0.999852	0.309570	
1063	0.997448	-0.000016	-1.010376	0.000016	0.997448	1.424988	
1064	0.999717	-0.000111	-1.017944	0.000111	0.999717	1.122742	
1065	1.002070	0.005642	-9.892578	-0.005642	1.002070	2.545898	
1066	1.000003	0.000131	-0.469055	-0.000131	1.000003	-2.336731	
1067	1.002988	-0.001938	-7.092407	0.001938	1.002988	-4.068359	
1068	1.002988	-0.001938	-7.092407	0.001938	1.002988	-4.068359	
1069	0.999332	-0.001311	-2.020142	0.001311	0.999332	-0.412170	
1070	0.998932	0.002077	-8.563843	-0.002077	0.998932	1.887512	
1071	0.997326	-0.001029	-0.762207	0.001029	0.997326	0.959717	
1072	0.998423	-0.002272	-3.790771	0.002272	0.998423	-0.974548	
1073	0.999651	0.000149	-3.820679	-0.000149	0.999651	-1.074463	
1074	1.001375	0.000527	-8.775269	-0.000527	1.001375	-1.645874	
1075	1.000988	0.000859	-4.549194	-0.000859	1.000988	0.466858	
1076	0.996111	-0.000118	-2.037476	0.000118	0.996111	2.963623	
1077	0.999693	-0.000547	-2.287476	0.000547	0.999693	-0.229492	
1078	1.000073	-0.000204	0.634705	0.000204	1.000073	0.871521	
1079	1.000073	-0.000204	0.634705	0.000204	1.000073	0.871521	
1080	0.999560	0.000153	1.789429	-0.000153	0.999560	-1.470154	
1081	0.997392	0.002446	-0.089600	-0.002446	0.997392	1.278992	
1082	0.997392	0.002446	-0.089600	-0.002446	0.997392	1.278992	
1083	0.997392	0.002446	-0.089600	-0.002446	0.997392	1.278992	
1084	0.997392	0.002446	-0.089600	-0.002446	0.997392	1.278992	
1085	1.000162	-0.000319	1.151184	0.000319	1.000162	0.550232	
1086	0.995266	0.004092	-1.561401	-0.004092	0.995266	7.150391	
1087	0.998456	0.001300	-1.776245	-0.001300	0.998456	1.699585	
1088	0.998952	0.004601	-4.580933	-0.004601	0.998952	3.422119	
1089	1.002075	0.000155	-3.095886	-0.000155	1.002075	-2.141724	
1090	1.003736	0.003916	-9.733337	-0.003916	1.003736	3.271423	
1091	1.002861	-0.001274	-3.711792	0.001274	1.002861	-1.121826	
1092	1.002861	-0.001274	-3.711792	0.001274	1.002861	-1.121826	
1093	1.003478	0.001227	-6.422485	-0.001227	1.003478	-0.351685	
1094	1.003324	0.000729	-5.260925	-0.000729	1.003324	-3.587677	
1095	1.001866	-0.000089	-3.449585	0.000089	1.001866	-2.119141	
1096	0.995590	0.002870	0.321045	-0.002870	0.995590	7.848602	
1097	1.001644	-0.003482	-1.908691	0.003482	1.001644	-3.471802	
1098	1.001644	-0.003482	-1.908691	0.003482	1.001644	-3.471802	
1099	1.000437	-0.002833	-1.565430	0.002833	1.000437	-1.014160	
1100	0.995823	-0.006900	3.224854	0.006900	0.995823	-7.942139	
1101	1.004359	-0.001375	-7.257507	0.001375	1.004359	-5.284790	
1102	1.004359	-0.001375	-7.257507	0.001375	1.004359	-5.284790	
1103	1.002233	0.004241	-8.332764	-0.004241	1.002233	0.694580	
1104	1.002233	0.004241	-8.332764	-0.004241	1.002233	0.694580	
1105	1.003459	0.002406	-8.317078	-0.002406	1.003459	0.931152	
1106	1.002623	-0.006820	-8.149963	0.006820	1.002623	-4.938965	
1107	1.003400	-0.001423	-6.249695	0.001423	1.003400	-3.449158	
1108	1.002318	-0.002114	-9.104919	0.002114	1.002318	-5.191711	
1109	1.002580	-0.001578	-6.262817	0.001578	1.002580	-3.863159	
1110	0.992186	0.001973	-0.086121	-0.001973	0.992186	8.924988	
1111	1.001082	0.001444	-5.409119	-0.001444	1.001082	1.393494	
1112	1.004386	0.001556	-13.219788	-0.001556	1.004386	0.110657	
1113	1.000865	-0.000080	-5.148804	0.000080	1.000865	1.471252	
1114	0.999504	0.000146	-2.414062	-0.000146	0.999504	-0.058105	
1115	1.002891	-0.000115	-7.433533	0.000115	1.002891	-3.029968	
1116	1.002891	-0.000115	-7.433533	0.000115	1.002891	-3.029968	
1117	0.999511	-0.000100	-1.945923	0.000100	0.999511	-0.363464	
1118	0.999511	-0.000100	-1.945923	0.000100	0.999511	-0.363464	
1119	1.000468	0.002017	-4.443115	-0.002017	1.000468	1.800232	
1120	1.000468	0.002017	-4.443115	-0.002017	1.000468	1.800232	
1121	1.001121	0.002473	-5.349060	-0.002473	1.001121	0.947510	
1122	1.001121	0.002473	-5.349060	-0.002473	1.001121	0.947510	
1123	0.998187	0.001350	-1.644287	-0.001350	0.998187	2.672791	
1124	1.002259	0.005305	-8.959839	-0.005305	1.002259	4.233582	
1125	0.999866	0.000778	-0.842957	-0.000778	0.999866	-0.078735	
1126	0.999857	-0.000126	-0.532898	0.000126	0.999857	0.764404	
1127	0.999598	0.000853	-1.039612	-0.000853	0.999598	0.473022	
1128	0.999786	0.000168	0.780518	-0.000168	0.999786	0.247009	
1129	0.999115	-0.000203	0.517700	0.000203	0.999115	0.799744	
1130	1.000569	-0.001601	1.744629	0.001601	1.000569	-1.777771	
1131	1.000095	0.000144	0.037537	-0.000144	1.000095	-0.349060	
1132	1.001801	0.003836	-3.394836	-0.003836	1.001801	1.974548	
1133	1.000103	0.000159	0.204651	-0.000159	1.000103	-0.043274	
1134	1.000726	0.000925	-0.908447	-0.000925	1.000726	0.095215	
1135	1.002955	-0.002955	0.281006	0.002955	1.002955	-4.231689	
1136	1.002955	-0.002955	0.281006	0.002955	1.002955	-4.231689	
1137	0.998529	0.002005	0.032837	-0.002005	0.998529	3.289307	
1138	0.999658	0.000263	-0.224487	-0.000263	0.999658	-0.060852	
1139	1.000474	-0.000674	0.084534	0.000674	1.000474	-0.899902	
1140	1.000006	-0.000060	-0.333130	0.000060	1.000006	-0.064453	
1141	1.000681	0.001399	-1.624268	-0.001399	1.000681	0.202698	
1142	1.000040	-0.000051	-0.085693	0.000051	1.000040	-0.521851	
1143	1.000040	-0.000051	-0.085693	0.000051	1.000040	-0.521851	
1144	0.999749	-0.000082	1.041870	0.000082	0.999749	-0.517944	
1145	0.999869	0.000047	0.189697	-0.000047	0.999869	0.381775	
1146	0.999869	0.000047	0.189697	-0.000047	0.999869	0.381775	
1147	0.999725	-0.000696	0.806213	0.000696	0.999725	0.065369	
1148	1.002248	-0.001970	1.281006	0.001970	1.002248	-2.433289	
1149	0.999800	-0.000182	1.685486	0.000182	0.999800	0.266846	
1150	1.000531	0.000479	1.578674	-0.000479	1.000531	0.237549	
1151	0.999441	0.000139	2.066284	-0.000139	0.999441	0.770630	
1152	0.999732	0.000179	3.711792	-0.000179	0.999732	-0.515747	
1153	0.999987	-0.000041	1.943848	0.000041	0.999987	-0.224548	
1154	1.000536	-0.000882	4.733948	0.000882	1.000536	-0.845642	
1155	1.000141	0.000180	1.645020	-0.000180	1.000141	-0.036316	
1156	0.999991	-0.000216	5.864929	0.000216	0.999991	-0.536438	
1157	1.000310	-0.000077	2.062622	0.000077	1.000310	-0.769531	
1158	1.000510	-0.000148	5.401794	0.000148	1.000510	-1.184387	
1159	1.000454	-0.000084	2.322693	0.000084	1.000454	-0.183472	
1160	1.000255	-0.000029	5.471802	0.000029	1.000255	-1.906677	
1161	1.000441	0.000078	2.861511	-0.000078	1.000441	-0.445740	
1162	1.000540	0.000529	3.777954	-0.000529	1.000540	-1.115479	
1163	1.000427	0.000095	2.663696	-0.000095	1.000427	-0.892090	
1164	1.001355	0.000503	2.180725	-0.000503	1.001355	-1.474243	
1165	1.000576	0.000448	0.371399	-0.000448	1.000576	-0.497559	
1166	1.000545	0.000414	2.476807	-0.000414	1.000545	-0.414673	
1167	1.000582	-0.000016	0.227844	0.000016	1.000582	-0.560364	
1168	1.000725	0.000271	0.222229	-0.000271	1.000725	0.181702	
1169	1.000278	0.000078	0.631531	-0.000078	1.000278	-0.276489	
1170	1.000317	-0.000553	0.170349	0.000553	1.000317	-0.530029	
1171	0.999982	-0.000177	-0.178162	0.000177	0.999982	-0.225098	
1172	1.000183	-0.000529	0.259949	0.000529	1.000183	-1.351318	
1173	1.000236	-0.000130	-1.494141	0.000130	1.000236	-0.444153	
1174	1.000104	-0.000503	-1.775574	0.000503	1.000104	-0.926270	
1175	0.999926	0.000028	-1.095886	-0.000028	0.999926	-0.316528	
1176	0.999995	-0.000387	-2.790039	0.000387	0.999995	-0.842468	
1177	0.999931	-0.000000	-0.838562	0.000000	0.999931	-0.802185	
1178	0.999594	-0.000187	-2.626282	0.000187	0.999594	0.510803	
1179	0.999470	0.000246	-1.357178	-0.000246	0.999470	0.945679	
1180	0.999573	0.000126	-1.251648	-0.000126	0.999573	-0.579651	
1181	0.999555	-0.000076	-2.705200	0.000076	0.999555	1.005615	
1182	0.999652	0.000311	-3.649475	-0.000311	0.999652	0.485413	
1183	0.999781	0.000016	-1.583252	-0.000016	0.999781	-0.039795	
1184	0.999617	0.000028	-3.315979	-0.000028	0.999617	0.820740	
1185	0.999774	0.000188	-0.898315	-0.000188	0.999774	-0.078003	
1186	1.000007	-0.000055	-2.412964	0.000055	1.000007	0.136658	
1187	0.999868	-0.000020	-0.455444	0.000020	0.999868	0.237488	
1188	0.999915	-0.000521	-1.864258	0.000521	0.999915	0.163879	
1189	0.999859	-0.000118	-0.475464	0.000118	0.999859	-0.010620	
1190	0.999731	-0.000420	-1.076538	0.000420	0.999731	0.310059	
1191	0.999684	-0.000264	-0.416443	0.000264	0.999684	0.227051	
1192	0.999927	-0.000137	-1.660156	0.000137	0.999927	0.254272	
1193	1.000039	0.000107	-0.895203	-0.000107	1.000039	0.551758	
1194	1.000013	-0.000275	-0.723572	0.000275	1.000013	-0.856079	
1195	0.999990	-0.000070	-1.677185	0.000070	0.999990	1.140503	
1196	0.999942	0.000146	-2.311707	-0.000146	0.999942	0.981384	
1197	0.999950	0.000285	-0.482910	-0.000285	0.999950	0.142944	
1198	0.999772	0.000160	-1.870728	-0.000160	0.999772	0.448547	
1199	0.999769	0.000030	-0.765869	-0.000030	0.999769	0.750610	
1200	0.999866	0.000185	-0.133667	-0.000185	0.999866	-0.193176	
1201	0.999809	0.000072	-0.232910	-0.000072	0.999809	0.326355	
1202	0.999719	0.000320	0.445068	-0.000320	0.999719	-0.166260	
1203	0.999769	0.000014	0.066040	-0.000014	0.999769	-0.246887	
1204	0.999150	0.000228	1.019165	-0.000228	0.999150	0.639221	
1205	0.999773	-0.000043	1.131104	0.000043	0.999773	-0.689331	
1206	0.999511	-0.000593	1.596680	0.000593	0.999511	-0.970886	
1207	0.999669	-0.000075	0.533936	0.000075	0.999669	0.581726	
1208	0.999677	-0.000182	1.487305	0.000182	0.999677	-0.802856	
1209	0.999912	-0.000359	-0.300293	0.000359	0.999912	-0.856018	
1210	0.999768	-0.000354	-0.861267	0.000354	0.999768	1.101379	
1211	0.999986	0.000147	0.154846	-0.000147	0.999986	0.269775	
1212	0.999648	-0.000338	-0.070984	0.000338	0.999648	0.041626	
1213	0.999970	-0.000176	-0.044922	0.000176	0.999970	0.536621	
1214	0.999620	-0.000320	1.509583	0.000320	0.999620	-0.237610	
1215	0.999900	-0.000117	0.018982	0.000117	0.999900	0.923828	
1216	0.999567	-0.000332	2.093872	0.000332	0.999567	0.817261	
1217	0.999795	0.000209	0.648682	-0.000209	0.999795	0.726990	
1218	0.997852	-0.001165	4.431091	0.001165	0.997852	0.250732	
1219	0.999403	-0.000225	1.896545	0.000225	0.999403	-0.498474	
1220	0.999994	-0.000050	2.619873	0.000050	0.999994	-0.891235	
1221	0.998259	-0.000867	4.160095	0.000867	0.998259	0.993042	
1222	0.999062	-0.000430	5.111389	0.000430	0.999062	-1.029053	
1223	0.999893	0.002092	-0.394165	-0.002092	0.999893	1.956055	
1224	1.000125	0.000047	1.096558	-0.000047	1.000125	1.135132	
1225	0.999977	0.000140	0.959473	-0.000140	0.999977	0.161438	
1226	1.003059	-0.000259	-1.894775	0.000259	1.003059	-3.922424	
1227	0.999807	0.000101	0.256165	-0.000101	0.999807	0.165588	
1228	1.000540	-0.000720	2.118042	0.000720	1.000540	-2.378235	
1229	1.000045	-0.000109	-0.302185	0.000109	1.000045	0.530701	
1230	1.000234	0.000070	0.090271	-0.000070	1.000234	0.409363	
1231	0.999781	-0.000014	0.566711	0.000014	0.999781	0.688171	
1232	1.000366	0.000059	0.353210	-0.000059	1.000366	-1.239685	
1233	0.999958	-0.000060	0.601624	0.000060	0.999958	-0.950439	
1234	0.999506	0.000088	0.925781	-0.000088	0.999506	-1.789246	
1235	1.000026	0.000138	0.438049	-0.000138	1.000026	0.638550	
1236	1.000026	0.000138	0.438049	-0.000138	1.000026	0.638550	
1237	0.999837	-0.000393	0.441895	0.000393	0.999837	0.181335	
1238	0.999975	-0.000176	-0.281311	0.000176	0.999975	0.718628	
1239	1.000001	0.000367	-0.353027	-0.000367	1.000001	0.802856	
1240	0.999565	0.000031	0.100342	-0.000031	0.999565	-0.796326	
1241	1.000075	-0.000073	-1.576599	0.000073	1.000075	-2.383240	
1242	0.999861	-0.000264	0.117371	0.000264	0.999861	0.010559	
1243	0.999985	-0.000006	-1.314941	0.000006	0.999985	1.027100	
1244	1.000143	-0.000098	-0.254211	0.000098	1.000143	0.225403	
1245	0.999680	-0.000448	-2.581177	0.000448	0.999680	0.929688	
1246	1.000100	0.000162	-1.119873	-0.000162	1.000100	0.097473	
1247	0.999924	-0.000224	-2.600708	0.000224	0.999924	-0.967041	
1248	1.000090	-0.001126	-0.355652	0.001126	1.000090	-2.720520	
1249	0.999861	-0.000641	-2.372559	0.000641	0.999861	0.829224	
1250	0.999874	-0.000492	-1.188416	0.000492	0.999874	0.713257	
1251	0.999883	-0.002723	-0.027344	0.002723	0.999883	-2.719238	
1252	1.000392	-0.000027	-2.821167	0.000027	1.000392	0.963257	
1253	0.999880	-0.000140	-3.042480	0.000140	0.999880	1.469055	
1254	0.999270	0.004780	-5.122803	-0.004780	0.999270	5.484253	
1255	0.999839	-0.000081	-2.733948	0.000081	0.999839	-1.224976	
1256	1.000089	-0.000193	-1.200623	0.000193	1.000089	-1.029846	
1257	1.000069	-0.000162	-2.273132	0.000162	1.000069	-0.628540	
1258	1.001318	-0.000512	-1.452820	0.000512	1.001318	-0.201416	
1259	1.000451	-0.000096	-2.631470	0.000096	1.000451	0.436707	
1260	1.000755	0.000405	-1.626160	-0.000405	1.000755	0.778015	
1261	1.000138	-0.000032	-2.204590	0.000032	1.000138	-0.990906	
1262	0.999940	-0.000158	-1.542847	0.000158	0.999940	-2.942993	
