0	1.000000	0.000000	0.000000	0.000000	1.000000	0.000000	
1	0.998663	0.000224	-0.015167	-0.000224	0.998663	1.374023	
2	1.001300	-0.000732	0.562805	0.000732	1.001300	-1.456299	
3	1.003628	-0.000990	0.466553	0.000990	1.003628	-3.809204	
4	1.001417	0.000044	-0.271484	-0.000044	1.001417	-1.410522	
5	1.000878	-0.000142	0.059753	0.000142	1.000878	-0.822327	
6	1.001318	-0.000078	-0.038757	0.000078	1.001318	-1.259827	
7	1.000919	0.000026	-0.054993	-0.000026	1.000919	-0.844727	
8	1.000099	0.000005	0.091736	-0.000005	1.000099	0.075256	
9	0.999939	0.000078	-0.145813	-0.000078	0.999939	0.243408	
10	0.999709	0.000292	-0.285278	-0.000292	0.999709	0.386108	
11	0.998888	0.000465	-0.455872	-0.000465	0.998888	1.228516	
12	0.997738	0.000501	-0.239685	-0.000501	0.997738	2.412903	
13	0.996055	0.000675	-0.080627	-0.000675	0.996055	4.146484	
14	1.000358	0.000037	-0.121216	-0.000037	1.000358	-0.343445	
15	1.000179	0.000058	-1.926514	-0.000058	1.000179	0.252380	
16	0.998073	-0.000045	0.284241	0.000045	0.998073	1.935425	
17	1.000500	-0.000139	-3.092102	0.000139	1.000500	0.692627	
18	1.004280	0.003446	-4.166168	-0.003446	1.004280	-3.825256	
19	1.002897	0.004327	-4.813477	-0.004327	1.002897	-2.316528	
20	0.998858	0.000614	-0.569031	-0.000614	0.998858	1.218567	
21	0.998103	0.000113	0.151978	-0.000113	0.998103	1.905273	
22	0.999890	-0.000847	-2.222595	0.000847	0.999890	-0.582764	
23	0.998700	0.003552	-3.430038	-0.003552	0.998700	1.894043	
24	0.996763	-0.007343	7.884491	0.007343	0.996763	2.315430	
25	0.999928	-0.000110	0.126709	0.000110	0.999928	0.122498	
26	0.999928	-0.000110	0.126709	0.000110	0.999928	0.122498	
27	0.999720	-0.000913	0.940002	0.000913	0.999720	0.916077	
28	1.000159	-0.006573	6.689270	0.006573	1.000159	-1.096558	
29	0.999780	0.000143	-0.085388	-0.000143	0.999780	0.307922	
30	1.000132	-0.000222	0.278412	0.000222	1.000132	-0.215088	
31	1.000132	-0.000222	0.278412	0.000222	1.000132	-0.215088	
32	1.000526	-0.000110	0.133240	0.000110	1.000526	-0.570007	
33	1.002982	-0.001076	0.691101	0.001076	1.002982	-3.091064	
34	1.001612	-0.000257	0.092712	0.000257	1.001612	-1.687927	
35	1.003153	-0.000826	0.401031	0.000826	1.003153	-3.279785	
36	1.000633	-0.000369	0.395691	0.000369	1.000633	-0.728699	
37	1.000103	-0.000133	0.202209	0.000133	1.000103	-0.129089	
38	1.000103	-0.000133	0.202209	0.000133	1.000103	-0.129089	
39	1.000103	-0.000133	0.202209	0.000133	1.000103	-0.129089	
40	0.996668	0.001425	-0.961899	-0.001425	0.996668	3.592102	
41	1.000018	0.000319	-0.310303	-0.000319	1.000018	-0.002014	
42	1.005335	0.005609	-6.386978	-0.005609	1.005335	-4.709534	
43	0.999317	0.003727	-3.694977	-0.003727	0.999317	1.176636	
44	1.000112	-0.000084	0.037109	0.000084	1.000112	-0.162659	
45	0.998174	0.000410	-0.144135	-0.000410	0.998174	1.874634	
46	1.001018	-0.000203	0.042328	0.000203	1.001018	-1.178833	
47	1.000039	0.000447	-0.515503	-0.000447	1.000039	-0.070496	
48	1.002115	0.005471	-5.821198	-0.005471	1.002115	-1.514099	
49	1.002274	0.002283	-2.652618	-0.002283	1.002274	-2.049133	
50	1.002616	0.003322	-3.753357	-0.003322	1.002616	-2.187561	
51	0.998603	-0.004304	4.393433	0.004304	0.998603	-4.392151	
52	0.998610	-0.002019	2.272064	0.002019	0.998610	1.111877	
53	0.998610	-0.002019	2.272064	0.002019	0.998610	1.111877	
54	1.000626	0.000153	-0.227295	-0.000153	1.000626	-0.770569	
55	1.000161	0.000143	-0.216003	-0.000143	1.000161	-0.257263	
56	1.003394	0.004772	-5.358398	-0.004772	1.003394	-2.728638	
57	1.001860	0.002274	-2.599060	-0.002274	1.001860	-1.584900	
58	1.001860	0.002274	-2.599060	-0.002274	1.001860	-1.584900	
59	0.999855	-0.000253	0.256561	0.000253	0.999855	0.092651	
60	1.000681	0.001758	-1.899796	-0.001758	1.000681	-0.395081	
61	0.996066	-0.004176	4.853210	0.004176	0.996066	3.355103	
62	0.999037	-0.003040	3.238037	0.003040	0.999037	0.575195	
63	1.001106	-0.005781	5.729828	0.005781	1.001106	-2.008667	
64	1.019391	0.003349	-24.431274	-0.003349	1.019391	-9.792053	
65	0.997735	-0.001607	2.000732	0.001607	0.997735	2.097961	
66	0.997735	-0.001607	2.000732	0.001607	0.997735	2.097961	
67	0.997735	-0.001607	2.000732	0.001607	0.997735	2.097961	
68	0.997735	-0.001607	2.000732	0.001607	0.997735	2.097961	
69	0.997896	0.007335	-7.203186	-0.007335	0.997896	3.421875	
70	0.997896	0.007335	-7.203186	-0.007335	0.997896	3.421875	
71	0.997896	0.007335	-7.203186	-0.007335	0.997896	3.421875	
72	0.995392	0.004130	-3.453278	-0.004130	0.995392	5.737366	
73	0.995392	0.004130	-3.453278	-0.004130	0.995392	5.737366	
74	0.995392	0.004130	-3.453278	-0.004130	0.995392	5.737366	
75	0.995392	0.004130	-3.453278	-0.004130	0.995392	5.737366	
76	0.995392	0.004130	-3.453278	-0.004130	0.995392	5.737366	
77	0.999851	-0.000008	0.037567	0.000008	0.999851	0.521484	
78	0.999851	-0.000008	0.037567	0.000008	0.999851	0.521484	
79	0.999851	-0.000008	0.037567	0.000008	0.999851	0.521484	
80	1.000460	-0.000283	0.164062	0.000283	1.000460	0.570129	
81	1.000778	0.001071	-2.822083	-0.001071	1.000778	0.883972	
82	0.999303	-0.000165	0.210938	0.000165	0.999303	0.886292	
83	0.997677	0.002343	-2.035049	-0.002343	0.997677	2.860474	
84	0.999260	0.000664	-0.625824	-0.000664	0.999260	0.981445	
85	0.998867	0.000221	-0.034729	-0.000221	0.998867	1.386597	
86	0.999591	0.000357	-0.344421	-0.000357	0.999591	0.642151	
87	0.999273	0.000387	-0.444702	-0.000387	0.999273	1.003784	
88	1.003083	0.001237	-1.705582	-0.001237	1.003083	-2.746399	
89	1.003083	0.001237	-1.705582	-0.001237	1.003083	-2.746399	
90	0.995262	0.001148	-0.555405	-0.001148	0.995262	5.312744	
91	0.999484	-0.000120	0.105011	0.000120	0.999484	1.086853	
92	0.999630	-0.000284	0.168518	0.000284	0.999630	1.312500	
93	1.000051	-0.000772	0.868774	0.000772	1.000051	0.711914	
94	1.000051	-0.000772	0.868774	0.000772	1.000051	0.711914	
95	1.000519	-0.002605	2.594452	0.002605	1.000519	-0.552490	
96	1.000479	-0.000407	0.472290	0.000407	1.000479	-0.024719	
97	1.002135	0.000361	-0.688416	-0.000361	1.002135	-1.977844	
98	1.003595	-0.000609	0.167419	0.000609	1.003595	-3.731689	
99	1.000162	-0.003985	4.050690	0.003985	1.000162	-0.954102	
100	1.006103	-0.001864	1.033142	0.001864	1.006103	-6.588440	
101	0.999271	-0.000095	7.127930	0.000095	0.999271	0.339050	
102	0.999327	0.000430	5.546021	-0.000430	0.999327	0.850952	
103	0.998360	0.000909	6.351318	-0.000909	0.998360	1.756714	
104	0.995378	-0.000047	15.918152	0.000047	0.995378	3.105164	
105	0.997379	-0.000228	8.550903	0.000228	0.997379	1.300171	
106	0.997340	-0.000334	8.859497	0.000334	0.997340	1.049622	
107	0.997334	0.000160	8.092041	-0.000160	0.997334	1.401367	
108	0.997684	0.000045	8.754517	-0.000045	0.997684	0.651001	
109	0.995094	0.000579	16.633362	-0.000579	0.995094	0.903931	
110	0.997642	0.000371	8.112671	-0.000371	0.997642	0.451172	
111	0.996765	0.000821	9.338989	-0.000821	0.996765	2.015381	
112	0.998500	0.000205	6.014038	-0.000205	0.998500	-0.332642	
113	0.998917	0.000651	4.920288	-0.000651	0.998917	-0.558533	
114	1.000394	0.000215	6.128174	-0.000215	1.000394	-2.190369	
115	0.999319	0.000215	4.552124	-0.000215	0.999319	-0.156616	
116	0.999344	0.000259	4.221069	-0.000259	0.999344	-0.534790	
117	0.999410	0.001064	4.253418	-0.001064	0.999410	0.264954	
118	0.999165	0.000559	5.348145	-0.000559	0.999165	0.097778	
119	0.995018	-0.002374	15.972412	0.002374	0.995018	-1.462646	
120	0.998193	-0.000029	4.933350	0.000029	0.998193	0.862183	
121	0.997750	0.000033	5.021851	-0.000033	0.997750	1.359558	
122	1.002701	0.000102	-0.495422	-0.000102	1.002701	-2.872559	
123	0.996805	0.000513	4.915283	-0.000513	0.996805	2.358032	
124	0.996462	-0.000020	8.207520	0.000020	0.996462	1.754639	
125	0.999113	0.000083	2.694702	-0.000083	0.999113	0.450623	
126	1.000915	-0.000271	0.339050	0.000271	1.000915	-1.076233	
127	0.998902	0.000176	3.676514	-0.000176	0.998902	0.499573	
128	0.998424	0.000070	4.568848	-0.000070	0.998424	0.469299	
129	0.993798	0.000099	14.470520	-0.000099	0.993798	3.578369	
130	0.998012	0.000462	6.548096	-0.000462	0.998012	1.030273	
131	0.998118	-0.000106	7.110352	0.000106	0.998118	0.576050	
132	0.998711	0.000077	5.337769	-0.000077	0.998711	0.487183	
133	0.998342	-0.000070	6.081299	0.000070	0.998342	0.604187	
134	0.998487	0.000390	8.828491	-0.000390	0.998487	0.501770	
135	0.998556	-0.000224	3.562988	0.000224	0.998556	0.804932	
136	0.998012	0.000226	3.429321	-0.000226	0.998012	1.762451	
137	0.998346	0.000290	3.773926	-0.000290	0.998346	1.235779	
138	0.999305	0.000181	3.622437	-0.000181	0.999305	0.221924	
139	1.001101	-0.000336	4.599121	0.000336	1.001101	-1.512878	
140	1.000097	-0.000233	3.018921	0.000233	1.000097	-0.543945	
141	1.001100	-0.000211	0.292053	0.000211	1.001100	-1.310303	
142	1.000864	-0.000199	0.485229	0.000199	1.000864	-0.894409	
143	1.000766	-0.000134	0.404602	0.000134	1.000766	-0.857605	
144	1.001778	-0.000285	0.245239	0.000285	1.001778	-1.908325	
145	1.000520	-0.000146	0.336670	0.000146	1.000520	-0.635010	
146	1.000255	-0.000091	1.639648	0.000091	1.000255	-0.218750	
147	1.000600	-0.000103	0.261047	0.000103	1.000600	-0.676453	
148	1.000514	-0.000126	0.301147	0.000126	1.000514	-0.535339	
149	1.000650	-0.000190	0.336365	0.000190	1.000650	-0.839233	
150	0.999988	-0.000137	0.155518	0.000137	0.999988	-0.029846	
151	1.000404	-0.000086	0.157837	0.000086	1.000404	-0.494873	
152	1.000055	-0.000148	0.221375	0.000148	1.000055	-0.184082	
153	0.999505	0.000089	-0.181580	-0.000089	0.999505	0.450989	
154	0.996248	0.000684	-0.226440	-0.000684	0.996248	3.956665	
155	0.998399	-0.000308	-1.965576	0.000308	0.998399	0.602661	
156	0.999283	0.000449	-4.369141	-0.000449	0.999283	0.052185	
157	1.000447	0.000602	-4.397583	-0.000602	1.000447	-0.786133	
158	1.000447	0.000602	-4.397583	-0.000602	1.000447	-0.786133	
159	0.998629	-0.000134	-7.786865	0.000134	0.998629	1.032715	
160	0.998782	-0.000099	-4.425659	0.000099	0.998782	1.301758	
161	0.999597	-0.000882	-3.880493	0.000882	0.999597	-0.386292	
162	0.999651	-0.000450	-3.554565	0.000450	0.999651	-0.121277	
163	0.996865	0.000398	-0.041382	-0.000398	0.996865	3.239685	
164	0.999121	-0.000407	-6.060303	0.000407	0.999121	-0.201904	
165	0.998489	0.000019	0.062378	-0.000019	0.998489	1.442200	
166	0.999872	-0.000879	-1.484131	0.000879	0.999872	-0.903320	
167	0.999692	-0.000722	-2.387451	0.000722	0.999692	-0.517883	
168	0.999626	-0.000529	-2.642700	0.000529	0.999626	-0.400146	
169	0.994568	0.000872	-0.017883	-0.000872	0.994568	5.682800	
170	0.999647	-0.000570	-3.749023	0.000570	0.999647	-0.156799	
171	0.999628	-0.000262	-4.103516	0.000262	0.999628	-0.293701	
172	0.999813	-0.000287	-3.672974	0.000287	0.999813	0.067322	
173	0.999869	-0.000223	-3.329102	0.000223	0.999869	-0.199768	
174	0.999839	-0.002062	-3.913940	0.002062	0.999839	-2.420959	
175	0.999936	-0.000711	-2.132324	0.000711	0.999936	-0.702209	
176	0.999656	-0.000261	-2.517944	0.000261	0.999656	-0.213440	
177	0.999862	0.000160	-2.752808	-0.000160	0.999862	0.147766	
178	1.000031	0.000096	-2.422974	-0.000096	1.000031	0.114685	
179	1.000011	-0.000035	-1.598877	0.000035	1.000011	-0.043274	
180	1.000100	-0.000031	-0.033020	0.000031	1.000100	-0.097900	
181	1.000171	-0.000105	-0.019287	0.000105	1.000171	-0.310425	
182	1.000239	-0.000091	0.102722	0.000091	1.000239	-0.335144	
183	1.000588	-0.000018	-0.143494	0.000018	1.000588	-0.440369	
184	1.000766	0.000012	-0.111816	-0.000012	1.000766	-0.445740	
185	1.000383	0.000137	-0.249817	-0.000137	1.000383	-0.150269	
186	0.999719	0.000287	-0.329834	-0.000287	0.999719	0.413208	
187	0.999460	0.000377	-0.580017	-0.000377	0.999460	0.778503	
188	0.999538	0.000201	-0.424866	-0.000201	0.999538	0.436768	
189	0.998450	0.000380	-0.429443	-0.000380	0.998450	1.636292	
190	0.999371	0.000257	-0.341187	-0.000257	0.999371	0.681885	
191	0.999767	-0.000177	0.137146	0.000177	0.999767	0.184998	
192	1.000183	-0.000353	0.377563	0.000353	1.000183	-0.326538	
193	1.000118	-0.000062	0.103699	0.000062	1.000118	-0.089417	
194	1.000458	-0.000219	0.380676	0.000219	1.000458	-0.463318	
195	0.999709	0.000161	-0.183228	-0.000161	0.999709	0.212402	
196	0.999962	-0.000033	0.040100	0.000033	0.999962	-0.046387	
197	1.000097	-0.003140	2.761597	0.003140	1.000097	-4.449707	
198	0.999874	-0.000159	0.098755	0.000159	0.999874	0.097778	
199	0.999471	0.000074	-0.189453	-0.000074	0.999471	0.642212	
200	0.999576	0.000119	-0.201782	-0.000119	0.999576	0.364624	
201	0.999055	0.000291	-0.364258	-0.000291	0.999055	1.093872	
202	0.999161	0.000172	-0.214233	-0.000172	0.999161	0.816101	
203	0.999291	0.000055	-0.095520	-0.000055	0.999291	0.695068	
204	1.000584	-0.000043	0.007446	0.000043	1.000584	-0.551392	
205	0.998459	0.000459	-0.241760	-0.000459	0.998459	1.652100	
206	0.999888	0.000095	-0.143433	-0.000095	0.999888	0.114685	
207	1.001474	-0.000437	-1.567139	0.000437	1.001474	-2.071472	
208	0.999763	-0.000091	0.068726	0.000091	0.999763	0.214783	
209	0.999929	-0.000270	0.206665	0.000270	0.999929	-0.049438	
210	1.002487	-0.001058	0.705978	0.001058	1.002487	-2.628662	
211	0.999779	-0.000064	-0.021118	0.000064	0.999779	0.235352	
212	0.999668	0.000273	-0.294861	-0.000273	0.999668	0.414551	
213	0.999931	0.000291	-0.298920	-0.000291	0.999931	0.197266	
214	0.999526	-0.000370	0.383850	0.000370	0.999526	0.411987	
215	0.999861	-0.000014	0.019531	0.000014	0.999861	0.131592	
216	0.999176	0.000309	-0.234924	-0.000309	0.999176	0.912354	
217	0.999705	0.000317	-0.324249	-0.000317	0.999705	0.271057	
218	1.000049	-0.000027	-0.014374	0.000027	1.000049	-0.167542	
219	1.006801	0.001806	-2.595352	-0.001806	1.006801	-6.708923	
220	1.006801	0.001806	-2.595352	-0.001806	1.006801	-6.708923	
221	0.999513	0.000215	-0.422791	-0.000215	0.999513	-0.199280	
222	0.998594	0.004209	-4.072174	-0.004209	0.998594	2.036438	
223	0.999365	-0.001679	1.773758	0.001679	0.999365	0.275696	
224	0.999750	0.001979	-1.998169	-0.001979	0.999750	0.429626	
225	0.999370	0.000531	-0.573914	-0.000531	0.999370	0.583923	
226	0.998035	0.000720	-0.579956	-0.000720	0.998035	2.049805	
227	0.996999	0.001312	-1.003357	-0.001312	0.996999	3.225281	
228	0.999271	0.000461	-2.875305	-0.000461	0.999271	1.048462	
229	1.000411	0.000248	-7.803650	-0.000248	1.000411	-0.395569	
230	0.995952	0.003468	-2.974365	-0.003468	0.995952	4.660339	
231	1.000329	0.000273	-2.334778	-0.000273	1.000329	-0.160522	
232	0.999540	0.000306	-0.596924	-0.000306	0.999540	0.433594	
233	0.999971	-0.000430	-1.170532	0.000430	0.999971	-0.813232	
234	0.999640	0.000392	-0.579651	-0.000392	0.999640	0.179626	
235	1.000308	-0.000180	-0.063049	0.000180	1.000308	-0.398315	
236	1.000071	-0.000092	-0.036682	0.000092	1.000071	-0.000122	
237	0.999864	0.000197	-0.162048	-0.000197	0.999864	0.008728	
238	0.999570	0.000202	-0.168030	-0.000202	0.999570	0.314453	
239	0.999457	0.000130	-0.066284	-0.000130	0.999457	0.441467	
240	1.000001	0.000207	-0.230713	-0.000207	1.000001	-0.047974	
241	0.999257	-0.000652	0.834808	0.000652	0.999257	0.555542	
242	0.999865	0.000202	-0.205750	-0.000202	0.999865	-0.029480	
243	0.996643	-0.002110	2.602081	0.002110	0.996643	2.965576	
244	1.000448	0.000567	-0.691223	-0.000567	1.000448	-0.545044	
245	0.993511	-0.003121	4.169281	0.003121	0.993511	6.077637	
246	1.004794	0.001071	-1.761322	-0.001071	1.004794	-4.849792	
247	1.000487	0.000138	-0.206146	-0.000138	1.000487	-0.686768	
248	1.000100	0.000731	-0.749695	-0.000731	1.000100	-0.100647	
249	1.002907	0.001441	-1.892548	-0.001441	1.002907	-2.793152	
250	0.999489	0.000756	-0.694000	-0.000756	0.999489	0.594849	
251	1.000201	0.000057	-0.066223	-0.000057	1.000201	-0.284729	
252	1.001946	-0.001377	1.129486	0.001377	1.001946	-2.234985	
253	1.000620	0.000031	0.043945	-0.000031	1.000620	-0.913086	
254	1.000540	0.001046	-1.139709	-0.001046	1.000540	-0.498779	
255	0.995168	0.004586	-3.808670	-0.004586	0.995168	5.686157	
256	1.003254	0.001373	-1.904755	-0.001373	1.003254	-3.093933	
257	0.999850	0.000290	-0.277893	-0.000290	0.999850	0.080017	
258	0.998081	0.001082	-0.722351	-0.001082	0.998081	2.094177	
259	1.000168	0.000157	-0.130615	-0.000157	1.000168	-0.211060	
260	1.000168	0.000157	-0.130615	-0.000157	1.000168	-0.211060	
261	1.003932	0.000395	-1.004822	-0.000395	1.003932	-3.968079	
262	1.005462	-0.005763	5.008759	0.005763	1.005462	-6.440979	
263	1.006219	0.001566	-2.718750	-0.001566	1.006219	-6.035339	
264	1.006457	0.001259	-2.278107	-0.001259	1.006457	-6.342346	
265	0.999232	0.001940	-1.855362	-0.001940	0.999232	1.074585	
266	1.000224	-0.000424	4.864990	0.000424	1.000224	-0.908081	
267	0.998354	0.001747	4.448181	-0.001747	0.998354	2.585815	
268	0.999791	0.000440	2.511658	-0.000440	0.999791	-0.453613	
269	1.003232	0.000286	-0.779358	-0.000286	1.003232	-3.225708	
270	1.000409	-0.000678	0.662109	0.000678	1.000409	-0.534485	
271	0.999712	0.000266	-0.467529	-0.000266	0.999712	0.215881	
272	0.994022	-0.000770	5.073914	0.000770	0.994022	3.567810	
273	0.998574	0.000920	-0.695251	-0.000920	0.998574	1.551636	
274	1.000239	0.000063	-0.029968	-0.000063	1.000239	-0.277222	
275	0.995407	-0.003457	7.066589	0.003457	0.995407	1.007202	
276	1.000399	-0.000110	0.195679	0.000110	1.000399	-0.384705	
277	1.000771	-0.000031	0.137329	0.000031	1.000771	-0.780701	
278	0.998570	-0.001683	1.949158	0.001683	0.998570	1.176636	
279	0.997183	0.000044	4.468506	-0.000044	0.997183	4.338074	
280	0.999148	-0.001358	1.508392	0.001358	0.999148	0.655823	
281	1.000825	-0.001248	1.165466	0.001248	1.000825	-1.048828	
282	1.000510	-0.000036	0.220459	0.000036	1.000510	-0.622864	
283	1.001209	-0.000151	-0.042053	0.000151	1.001209	-1.281677	
284	1.000138	-0.000192	0.183044	0.000192	1.000138	-0.252502	
285	0.999271	0.000918	-0.817535	-0.000918	0.999271	0.859741	
286	1.000005	0.000121	-0.077026	-0.000121	1.000005	-0.081604	
287	0.998941	-0.001749	1.950043	0.001749	0.998941	0.805115	
288	1.000171	0.000137	-0.150208	-0.000137	1.000171	-0.222229	
289	1.000314	0.000192	-0.163330	-0.000192	1.000314	-0.322510	
290	1.003059	-0.000208	-0.238922	0.000208	1.003059	-3.151062	
291	0.997020	0.001312	-0.877502	-0.001312	0.997020	3.211243	
292	1.000592	-0.000214	0.127060	0.000214	1.000592	-0.638306	
293	0.999133	0.001446	-1.363922	-0.001446	0.999133	1.110657	
294	0.999519	0.001251	-1.201233	-0.001251	0.999519	0.656555	
295	0.997873	0.000859	-0.556854	-0.000859	0.997873	2.269531	
296	1.002123	-0.001099	0.764160	0.001099	1.002123	-2.361694	
297	0.999493	0.000332	-0.158691	-0.000332	0.999493	0.461914	
298	0.999992	0.000037	0.007874	-0.000037	0.999992	-0.019531	
299	0.999729	0.000311	-0.391907	-0.000311	0.999729	0.247986	
300	0.999217	0.000597	-0.543274	-0.000597	0.999217	0.741882	
301	0.998921	-0.000035	0.098572	0.000035	0.998921	0.847046	
302	0.998969	0.000244	-0.227722	-0.000244	0.998969	0.870850	
303	0.999674	-0.000314	-1.336182	0.000314	0.999674	-0.347900	
304	0.999595	-0.000599	-1.856750	0.000599	0.999595	-0.395630	
305	1.000493	-0.000308	-5.712036	0.000308	1.000493	-0.787537	
306	0.999590	-0.000410	-2.964478	0.000410	0.999590	-0.217957	
307	0.999356	-0.000010	-3.036438	0.000010	0.999356	0.395935	
308	0.999474	-0.000338	-2.961853	0.000338	0.999474	-0.164307	
309	0.999596	-0.000110	-3.920898	0.000110	0.999596	0.125732	
310	0.998561	-0.000007	-6.717041	0.000007	0.998561	1.032410	
311	0.999887	-0.000196	-2.724915	0.000196	0.999887	-0.162231	
312	0.999873	-0.000099	-3.259949	0.000099	0.999873	0.001709	
313	0.999783	-0.000092	-3.702209	0.000092	0.999783	0.725952	
314	0.999914	0.000021	-3.352112	-0.000021	0.999914	0.099670	
315	1.000019	-0.000048	-4.737793	0.000048	1.000019	0.260071	
316	1.000037	-0.000238	-3.127930	0.000238	1.000037	-0.109741	
317	1.000036	-0.000041	-3.211426	0.000041	1.000036	0.044556	
318	0.999974	-0.000421	-2.769165	0.000421	0.999974	-0.209229	
319	1.000001	-0.000322	-3.201843	0.000322	1.000001	-0.199707	
320	0.999898	-0.000068	-5.047607	0.000068	0.999898	-0.158386	
321	1.000021	-0.000287	-2.844116	0.000287	1.000021	-0.107239	
322	0.999959	-0.000128	-2.551270	0.000128	0.999959	0.059570	
323	1.000001	-0.000154	-3.459229	0.000154	1.000001	-0.002563	
324	1.000011	-0.000434	-3.368103	0.000434	1.000011	-0.316284	
325	1.000288	-0.000262	-7.324219	0.000262	1.000288	-0.000977	
326	0.999954	-0.000240	-3.371216	0.000240	0.999954	0.263733	
327	1.000073	-0.000287	-3.516357	0.000287	1.000073	-0.002319	
328	1.000041	-0.000240	-3.373779	0.000240	1.000041	-0.107361	
329	1.000056	-0.000120	-2.942078	0.000120	1.000056	-0.128479	
330	1.000069	-0.000294	-4.436340	0.000294	1.000069	-0.261047	
331	1.000078	-0.000101	-2.656067	0.000101	1.000078	0.030945	
332	1.000072	0.000031	-1.912903	-0.000031	1.000072	0.100830	
333	1.000099	-0.000114	-1.947937	0.000114	1.000099	-0.062500	
334	1.000199	-0.000006	-1.980591	0.000006	1.000199	0.216614	
335	1.000002	-0.000253	-2.890869	0.000253	1.000002	0.322632	
336	0.999967	0.000039	-1.426636	-0.000039	0.999967	0.303040	
337	0.999939	0.000016	-1.472229	-0.000016	0.999939	0.376343	
338	0.998863	0.000225	-0.684631	-0.000225	0.998863	1.289978	
339	0.999996	0.000206	-1.541870	-0.000206	0.999996	0.783142	
340	0.999933	-0.000189	-4.049561	0.000189	0.999933	1.433960	
341	1.000140	0.000026	-2.967651	-0.000026	1.000140	0.783386	
342	1.000011	0.000084	-2.610474	-0.000084	1.000011	1.014099	
343	0.999978	-0.000071	-2.670471	0.000071	0.999978	0.717712	
344	0.999974	-0.000049	-2.582520	0.000049	0.999974	0.296753	
345	1.000181	-0.000070	-4.522583	0.000070	1.000181	0.822266	
346	1.000016	0.000163	-1.523010	-0.000163	1.000016	0.438965	
347	0.999210	0.000170	-0.698730	-0.000170	0.999210	0.822144	
348	0.999232	0.000273	-0.654175	-0.000273	0.999232	0.823853	
349	0.998977	0.000317	-0.689697	-0.000317	0.998977	1.046448	
350	0.999995	-0.000320	-2.625610	0.000320	0.999995	-0.300842	
351	0.999409	0.000473	-0.874451	-0.000473	0.999409	0.831909	
352	0.999961	-0.000145	-1.239014	0.000145	0.999961	-0.095947	
353	0.999402	0.000312	-0.720825	-0.000312	0.999402	0.815979	
354	0.999431	0.000381	-0.893616	-0.000381	0.999431	0.782654	
355	1.000024	0.000167	-2.932007	-0.000167	1.000024	0.283813	
356	0.999406	0.000407	-0.872375	-0.000407	0.999406	0.714722	
357	0.998940	0.000423	-0.661865	-0.000423	0.998940	1.133179	
358	0.999433	0.000490	-1.054565	-0.000490	0.999433	0.813599	
359	0.998934	0.000255	-0.690247	-0.000255	0.998934	1.207581	
360	1.000531	0.000288	-4.701904	-0.000288	1.000531	-0.050232	
361	0.999411	0.000461	-3.635986	-0.000461	0.999411	1.112244	
362	1.000696	0.000835	-4.747864	-0.000835	1.000696	0.426880	
363	0.997322	0.000229	0.070862	-0.000229	0.997322	2.691711	
364	1.000189	-0.000002	-2.388672	0.000002	1.000189	-0.056519	
365	0.993769	0.001724	-0.947784	-0.001724	0.993769	6.565308	
366	0.999327	-0.001488	1.596985	0.001488	0.999327	0.458313	
367	1.000097	-0.002130	2.161896	0.002130	1.000097	-0.433411	
368	1.000835	-0.000176	0.054962	0.000176	1.000835	-0.880676	
369	1.000881	-0.000729	0.612579	0.000729	1.000881	-1.003479	
370	1.000329	0.000795	-0.861206	-0.000795	1.000329	-0.214478	
371	1.003733	-0.001648	1.134277	0.001648	1.003733	-4.023193	
372	0.999071	0.000587	-0.515625	-0.000587	0.999071	1.014954	
373	1.000780	-0.002442	2.366364	0.002442	1.000780	-1.151550	
374	1.003561	-0.003620	3.155334	0.003620	1.003561	-4.148743	
375	1.003561	-0.003620	3.155334	0.003620	1.003561	-4.148743	
376	0.999386	0.001421	-1.462921	-0.001421	0.999386	0.839600	
377	0.998853	0.000643	-0.630066	-0.000643	0.998853	1.197144	
378	1.004773	-0.002674	2.061523	0.002674	1.004773	-5.249268	
379	1.004710	-0.001055	0.351257	0.001055	1.004710	-4.923523	
380	1.002657	0.001627	-2.057434	-0.001627	1.002657	-2.461121	
381	1.001365	-0.000315	0.205719	0.000315	1.001365	-1.514282	
382	1.000188	0.000677	-0.829773	-0.000677	1.000188	-0.066467	
383	0.999476	0.000955	-1.033691	-0.000955	0.999476	0.633728	
384	0.998446	0.002049	-2.041077	-0.002049	0.998446	1.947937	
385	0.998481	0.001276	-1.098816	-0.001276	0.998481	1.765442	
386	0.999527	0.000696	-0.909424	-0.000696	0.999527	0.657959	
387	0.998282	0.001330	-1.321777	-0.001330	0.998282	1.920410	
388	0.998273	0.000635	-0.906616	-0.000635	0.998273	1.746582	
389	0.999246	0.000579	-0.596497	-0.000579	0.999246	0.979004	
390	0.996307	0.000740	-0.264648	-0.000740	0.996307	3.823364	
391	0.998655	0.000272	-0.099609	-0.000272	0.998655	1.342651	
392	0.998453	-0.000089	0.277588	0.000089	0.998453	1.509583	
393	0.999239	0.001012	-1.020630	-0.001012	0.999239	0.916382	
394	0.998532	0.000480	-0.282532	-0.000480	0.998532	1.525024	
395	1.000095	-0.000243	0.264435	0.000243	1.000095	-0.164490	
396	0.998670	0.002745	-2.582642	-0.002745	0.998670	1.753113	
397	0.999665	0.000596	-0.634888	-0.000596	0.999665	0.394165	
398	0.998506	-0.000067	0.294586	0.000067	0.998506	1.513367	
399	0.999593	0.000473	-0.553345	-0.000473	0.999593	0.436523	
400	1.000011	0.000448	-2.236694	-0.000448	1.000011	-0.176636	
401	0.997237	0.001759	-1.355042	-0.001759	0.997237	3.062927	
402	0.999865	0.000457	-0.471985	-0.000457	0.999865	0.186523	
403	1.000014	0.000221	-0.180145	-0.000221	1.000014	-0.022644	
404	0.999573	-0.001222	1.289703	0.001222	0.999573	0.223450	
405	0.999868	0.000330	-0.434540	-0.000330	0.999868	0.211121	
406	0.999746	-0.000233	0.237091	0.000233	0.999746	0.211243	
407	1.000437	-0.000118	0.056030	0.000118	1.000437	-0.544373	
408	1.000531	-0.000684	0.674500	0.000684	1.000531	-0.693176	
409	1.000122	0.002395	-2.445343	-0.002395	1.000122	0.228638	
410	0.999779	0.001463	-1.448517	-0.001463	0.999779	0.446167	
411	1.001678	0.007421	-7.794159	-0.007421	1.001678	-0.487305	
412	1.001678	0.007421	-7.794159	-0.007421	1.001678	-0.487305	
413	0.997470	0.001354	-0.982208	-0.001354	0.997470	2.774048	
414	1.005994	-0.000271	-0.546417	0.000271	1.005994	-6.126282	
415	1.003992	0.000389	-1.004303	-0.000389	1.003992	-3.976318	
416	1.005335	-0.001513	0.697998	0.001513	1.005335	-5.685791	
417	1.000008	0.000110	3.801697	-0.000110	1.000008	-0.378662	
418	1.001093	-0.000225	2.312073	0.000225	1.001093	-1.493408	
419	1.003511	-0.000567	0.103516	0.000567	1.003511	-3.678711	
420	0.999971	0.000282	3.621643	-0.000282	0.999971	0.060852	
421	1.007915	-0.001671	0.758301	0.001671	1.007915	-8.208984	
422	1.001828	-0.000282	0.108582	0.000282	1.001828	-1.902039	
423	1.000327	-0.000325	0.360413	0.000325	1.000327	-0.403687	
424	0.999288	0.000508	-0.375977	-0.000508	0.999288	0.836914	
425	1.000629	-0.003074	3.005890	0.003074	1.000629	-1.103821	
426	1.000629	-0.003074	3.005890	0.003074	1.000629	-1.103821	
427	1.000238	0.000209	-0.305725	-0.000209	1.000238	-0.176575	
428	1.000401	-0.000045	-0.029022	0.000045	1.000401	-0.454956	
429	1.000190	0.000142	-0.191345	-0.000142	1.000190	-0.236450	
430	1.001021	0.001981	-2.146637	-0.001981	1.001021	-0.747864	
431	1.000409	-0.000060	-0.026428	0.000060	1.000409	-0.413025	
432	0.999892	0.001025	-1.117096	-0.001025	0.999892	0.249634	
433	0.995035	0.002839	-2.191467	-0.002839	0.995035	5.490845	
434	1.001679	0.000798	-1.074524	-0.000798	1.001679	-1.563110	
435	1.001679	0.000798	-1.074524	-0.000798	1.001679	-1.563110	
436	1.001679	0.000798	-1.074524	-0.000798	1.001679	-1.563110	
437	0.999011	0.000027	0.120972	-0.000027	0.999011	1.046753	
438	0.997666	0.000777	-0.466248	-0.000777	0.997666	2.511963	
439	0.998021	0.000383	-0.121124	-0.000383	0.998021	2.102417	
440	0.997594	-0.002564	2.964783	0.002564	0.997594	2.059387	
441	0.997594	-0.002564	2.964783	0.002564	0.997594	2.059387	
442	1.003080	-0.002329	1.914078	0.002329	1.003080	-3.476929	
443	1.000661	0.000686	-0.801285	-0.000686	1.000661	-0.536987	
444	0.999919	-0.000144	0.163696	0.000144	0.999919	0.059692	
445	0.999919	-0.000144	0.163696	0.000144	0.999919	0.059692	
446	0.999086	0.000503	-0.374451	-0.000503	0.999086	1.005920	
447	0.996443	0.000577	-0.063416	-0.000577	0.996443	3.696411	
448	1.000398	0.004062	-4.203308	-0.004062	1.000398	0.204468	
449	0.996853	0.000539	-0.012238	-0.000539	0.996853	3.330933	
450	0.996853	0.000539	-0.012238	-0.000539	0.996853	3.330933	
451	0.995408	-0.001659	2.360489	0.001659	0.995408	4.438110	
452	0.997510	0.000484	-0.191956	-0.000484	0.997510	2.579163	
453	0.998694	0.006277	-6.203918	-0.006277	0.998694	2.284485	
454	1.001001	0.000236	-0.363861	-0.000236	1.001001	-0.968201	
455	0.996214	0.001078	-0.550537	-0.001078	0.996214	3.991516	
456	0.996214	0.001078	-0.550537	-0.001078	0.996214	3.991516	
457	0.998979	0.000891	-0.785858	-0.000891	0.998979	1.197266	
458	0.999076	-0.000498	0.680389	0.000498	0.999076	0.866150	
459	0.997992	0.000351	-0.094177	-0.000351	0.997992	2.076050	
460	0.999751	0.000181	-2.022827	-0.000181	0.999751	0.115234	
461	0.993971	0.003352	-2.520172	-0.003352	0.993971	6.605103	
462	0.997293	0.001103	-0.769287	-0.001103	0.997293	2.872437	
463	0.999914	0.000344	-0.350464	-0.000344	0.999914	0.135071	
464	0.998123	0.000675	-0.354553	-0.000675	0.998123	2.031494	
465	0.998251	0.000460	-0.284607	-0.000460	0.998251	1.754456	
466	0.995921	0.001945	-1.460327	-0.001945	0.995921	4.339111	
467	0.998416	0.000857	-0.823914	-0.000857	0.998416	1.701904	
468	0.999597	0.000090	-2.024353	-0.000090	0.999597	-0.189941	
469	0.997138	0.001880	-1.609863	-0.001880	0.997138	3.169678	
470	0.999788	0.000193	-0.169281	-0.000193	0.999788	0.240540	
471	0.999788	0.000193	-0.169281	-0.000193	0.999788	0.240540	
472	0.998578	0.000531	-0.453308	-0.000531	0.998578	1.467773	
473	0.999555	0.000187	-0.418091	-0.000187	0.999555	0.318481	
474	0.999254	0.000327	-0.360718	-0.000327	0.999254	0.697815	
475	0.999709	-0.000178	-0.027771	0.000178	0.999709	-0.305969	
476	0.999506	0.000410	-0.628418	-0.000410	0.999506	0.177490	
477	0.999752	0.000237	-0.547058	-0.000237	0.999752	0.113403	
478	0.999251	0.000457	-0.291077	-0.000457	0.999251	0.678772	
479	0.999619	0.000113	-0.168701	-0.000113	0.999619	0.227295	
480	0.999714	0.000062	-0.392090	-0.000062	0.999714	0.126099	
481	0.999945	0.000050	-0.099365	-0.000050	0.999945	-0.041382	
482	1.000180	-0.000079	0.178406	0.000079	1.000180	-0.251648	
483	1.001841	0.000298	-0.598267	-0.000298	1.001841	-1.840942	
484	1.001990	0.002514	-2.862167	-0.002514	1.001990	-1.636353	
485	0.998745	0.001649	-1.470825	-0.001649	0.998745	1.520996	
486	1.000611	-0.001980	1.920364	0.001980	1.000611	-0.932190	
487	1.006468	-0.000340	-0.536682	0.000340	1.006468	-6.666748	
488	0.999439	-0.002000	2.120300	0.002000	0.999439	0.264587	
489	1.002022	-0.002499	2.232697	0.002499	1.002022	-2.450012	
490	1.002022	-0.002499	2.232697	0.002499	1.002022	-2.450012	
491	0.999678	-0.000070	0.129181	0.000070	0.999678	0.304199	
492	1.000211	-0.000111	0.086243	0.000111	1.000211	-0.236023	
493	1.000211	-0.000111	0.086243	0.000111	1.000211	-0.236023	
494	1.003635	-0.000217	-0.310974	0.000217	1.003635	-3.742004	
495	1.001984	-0.000095	-0.198669	0.000095	1.001984	-2.023132	
496	1.001984	-0.000095	-0.198669	0.000095	1.001984	-2.023132	
497	1.001212	0.002398	-2.623413	-0.002398	1.001212	-0.868591	
498	0.996071	0.004797	-4.270554	-0.004797	0.996071	4.712952	
499	0.993867	-0.004584	5.617584	0.004584	0.993867	5.522217	
500	0.999644	0.002108	-2.107513	-0.002108	0.999644	0.670288	
501	0.995258	0.006736	-6.062073	-0.006736	0.995258	5.921204	
502	0.995855	0.001176	-0.550049	-0.001176	0.995855	4.382263	
503	1.003602	-0.003107	2.638672	0.003107	1.003602	-4.126404	
504	1.003602	-0.003107	2.638672	0.003107	1.003602	-4.126404	
505	0.999914	-0.002496	2.538147	0.002496	0.999914	-0.277649	
506	0.999882	0.000206	-0.177246	-0.000206	0.999882	0.142212	
507	0.999099	0.001440	-1.293289	-0.001440	0.999099	1.124512	
508	1.002686	0.005849	-6.257278	-0.005849	1.002686	-2.045654	
509	1.007188	-0.001916	1.028366	0.001916	1.007188	-7.552063	
510	1.000774	0.006723	-6.913696	-0.006723	1.000774	0.012512	
511	1.001981	0.006161	-6.551270	-0.006161	1.001981	-1.110840	
512	0.998480	-0.003088	3.354889	0.003088	0.998480	1.081665	
513	1.000130	0.000708	-0.733780	-0.000708	1.000130	-0.020508	
514	1.006125	0.000310	-1.240570	-0.000310	1.006125	-6.172180	
515	1.001669	0.000170	-0.415634	-0.000170	1.001669	-1.676453	
516	1.001669	0.000170	-0.415634	-0.000170	1.001669	-1.676453	
517	0.999818	0.000237	-0.200317	-0.000237	0.999818	0.224976	
518	0.995694	-0.004192	4.953094	0.004192	0.995694	3.697144	
519	0.999499	0.003610	-3.585526	-0.003610	0.999499	1.046448	
520	1.000603	-0.001109	1.031860	0.001109	1.000603	-0.771667	
521	1.000603	-0.001109	1.031860	0.001109	1.000603	-0.771667	
522	1.000603	-0.001109	1.031860	0.001109	1.000603	-0.771667	
523	1.000084	-0.000170	0.177139	0.000170	1.000084	-0.105652	
524	1.003622	0.000055	-0.607178	-0.000055	1.003622	-3.661011	
525	1.000165	-0.000159	0.157837	0.000159	1.000165	-0.195740	
526	1.010053	-0.001954	0.841125	0.001954	1.010053	-10.407959	
527	1.000761	0.000434	4.729004	-0.000434	1.000761	0.122620	
528	1.001107	-0.000186	4.219116	0.000186	1.001107	-0.696045	
529	0.999958	0.000138	4.127808	-0.000138	0.999958	0.406006	
530	0.999591	0.000374	3.783447	-0.000374	0.999591	0.593994	
531	0.997899	0.001061	8.388123	-0.001061	0.997899	2.437988	
532	0.999269	0.000156	3.824463	-0.000156	0.999269	0.659363	
533	0.999574	0.000307	3.610718	-0.000307	0.999574	0.971497	
534	0.999478	-0.000009	3.628662	0.000009	0.999478	0.795837	
535	0.999502	0.000039	3.543457	-0.000039	0.999502	0.308838	
536	0.999054	-0.000394	7.089966	0.000394	0.999054	0.338013	
537	0.999468	0.000125	-0.519165	-0.000125	0.999468	0.561523	
538	0.999668	0.000094	-0.396301	-0.000094	0.999668	0.431946	
539	0.999817	-0.000040	-0.122681	0.000040	0.999817	0.385254	
540	0.999885	0.000068	-0.105225	-0.000068	0.999885	0.314026	
541	0.998990	-0.000284	0.280518	0.000284	0.998990	1.052246	
542	0.999746	-0.000012	-0.204956	0.000012	0.999746	0.282104	
543	0.999850	0.000014	-0.024414	-0.000014	0.999850	0.140686	
544	0.999638	-0.000025	-0.021912	0.000025	0.999638	0.352417	
545	0.999180	0.000438	-0.402039	-0.000438	0.999180	0.932556	
546	1.000961	0.003590	-3.802155	-0.003590	1.000961	-0.435181	
547	1.000138	-0.000410	-0.550354	0.000410	1.000138	-0.306641	
548	0.999420	0.000002	-0.021301	-0.000002	0.999420	0.612366	
549	0.999388	0.000247	-0.336121	-0.000247	0.999388	0.690002	
550	1.000014	-0.000278	-0.201599	0.000278	1.000014	0.032837	
551	0.996263	0.000230	0.304077	-0.000230	0.996263	3.837769	
552	0.999539	-0.000081	-2.732666	0.000081	0.999539	-0.113403	
553	0.997047	0.003743	-3.355682	-0.003743	0.997047	3.568176	
554	0.996760	0.000559	-0.069702	-0.000559	0.996760	3.356934	
555	0.993560	0.000958	0.176636	-0.000958	0.993560	6.717468	
556	0.993196	0.000331	0.673264	-0.000331	0.993196	6.948730	
557	0.995929	0.000455	0.142578	-0.000455	0.995929	4.189575	
558	0.995870	0.000506	0.075928	-0.000506	0.995870	4.260315	
559	1.000449	0.000017	-3.830872	-0.000017	1.000449	-0.001709	
560	0.997140	0.000690	-0.433716	-0.000690	0.997140	2.988953	
561	0.994300	0.001096	-0.337006	-0.001096	0.994300	5.930969	
562	0.999200	0.000241	-0.290283	-0.000241	0.999200	0.862183	
563	0.999761	0.000097	-0.173706	-0.000097	0.999761	0.282837	
564	0.999761	0.000097	-0.173706	-0.000097	0.999761	0.282837	
565	1.000171	-0.000251	0.339233	0.000251	1.000171	-0.020386	
566	0.999485	-0.000403	0.234131	0.000403	0.999485	0.779053	
567	0.999998	-0.000096	0.219055	0.000096	0.999998	0.033203	
568	1.000188	-0.000234	0.429077	0.000234	1.000188	-0.263245	
569	1.000017	-0.000101	0.137268	0.000101	1.000017	-0.277771	
570	0.999901	-0.000053	0.040161	0.000053	0.999901	0.057800	
571	0.999491	0.000160	-0.280151	-0.000160	0.999491	0.543823	
572	0.997784	0.000325	-0.226807	-0.000325	0.997784	2.380005	
573	1.000305	0.000279	-2.256592	-0.000279	1.000305	0.179504	
574	1.000016	0.000421	-2.810425	-0.000421	1.000016	0.497009	
575	0.998730	0.000342	-0.379822	-0.000342	0.998730	1.357056	
576	0.999086	0.000614	-0.704651	-0.000614	0.999086	1.028687	
577	0.996498	0.000795	-0.300690	-0.000795	0.996498	3.653442	
578	0.998896	-0.000306	0.380127	0.000306	0.998896	1.021667	
579	0.999473	0.000155	-0.243103	-0.000155	0.999473	0.566162	
580	0.999027	-0.000062	0.492554	0.000062	0.999027	0.630127	
581	1.001005	0.001171	-1.405365	-0.001171	1.001005	-0.757141	
582	0.999896	-0.000579	-1.495056	0.000579	0.999896	-0.342346	
583	1.000255	-0.000329	-1.647644	0.000329	1.000255	-0.556274	
584	0.999285	0.000274	-0.383484	-0.000274	0.999285	0.677612	
585	0.999653	0.000284	-0.400330	-0.000284	0.999653	0.264526	
586	1.000343	0.001862	-1.968109	-0.001862	1.000343	-0.145569	
587	0.999818	-0.000531	-0.562988	0.000531	0.999818	-1.712524	
588	0.998875	0.000791	-0.708862	-0.000791	0.998875	1.200073	
589	1.000220	-0.000708	-1.663391	0.000708	1.000220	-1.242676	
590	0.999802	-0.000358	-1.630005	0.000358	0.999802	-0.149780	
591	0.998393	0.000452	-0.199463	-0.000452	0.998393	1.672485	
592	0.998393	0.000452	-0.199463	-0.000452	0.998393	1.672485	
593	0.999508	0.000300	-0.242859	-0.000300	0.999508	0.538940	
594	0.998518	0.000854	-0.708771	-0.000854	0.998518	1.622437	
595	0.996509	0.001974	-1.565674	-0.001974	0.996509	3.844360	
596	1.000293	0.000392	-1.485352	-0.000392	1.000293	-0.257935	
597	1.000561	-0.001079	0.888306	0.001079	1.000561	-2.469666	
598	0.999434	0.000124	1.048035	-0.000124	0.999434	0.343750	
599	1.000209	-0.000163	0.653076	0.000163	1.000209	-0.439148	
600	1.000491	-0.000278	0.503906	0.000278	1.000491	-0.644226	
601	1.000184	-0.000097	0.567627	0.000097	1.000184	-0.368713	
602	1.000092	-0.000074	1.618225	0.000074	1.000092	-0.547119	
603	1.000524	-0.000392	0.707947	0.000392	1.000524	-0.907715	
604	1.001556	0.000323	-0.543091	-0.000323	1.001556	-1.640076	
605	1.000582	0.000084	0.063721	-0.000084	1.000582	-0.751892	
606	1.002220	0.000831	-0.970459	-0.000831	1.002220	-2.053467	
607	1.002005	0.001335	-1.613525	-0.001335	1.002005	-1.809631	
608	0.999805	0.000316	-0.246826	-0.000316	0.999805	0.222839	
609	1.000116	0.000190	-0.114014	-0.000190	1.000116	0.054321	
610	0.997043	-0.000794	1.331787	0.000794	0.997043	3.031555	
611	1.000275	-0.000003	0.083618	0.000003	1.000275	-0.353638	
612	0.988536	-0.001251	3.064484	0.001251	0.988536	11.332947	
613	0.996860	-0.001479	1.999268	0.001479	0.996860	2.887268	
614	0.996301	-0.000724	2.415527	0.000724	0.996301	2.855652	
615	1.000538	-0.000253	0.566711	0.000253	1.000538	-0.642517	
616	1.000391	0.000418	0.277710	-0.000418	1.000391	0.182495	
617	0.996991	0.002055	-1.581665	-0.002055	0.996991	3.357727	
618	0.999955	0.000562	-0.481567	-0.000562	0.999955	0.106323	
619	1.000171	0.000123	-0.020874	-0.000123	1.000171	-0.181091	
620	1.000354	0.002440	-2.476990	-0.002440	1.000354	-0.106689	
621	1.000699	0.001742	-1.807922	-0.001742	1.000699	-0.586914	
622	1.001413	0.000106	-0.203979	-0.000106	1.001413	-1.489807	
623	1.000598	-0.000245	0.279358	0.000245	1.000598	-0.719666	
624	1.000709	-0.000023	0.019592	0.000023	1.000709	-0.856689	
625	1.000734	-0.000183	0.253784	0.000183	1.000734	-0.856201	
626	1.000262	0.000100	0.100708	-0.000100	1.000262	-0.488831	
627	1.004098	-0.006592	6.291718	0.006592	1.004098	-5.017700	
628	1.003563	-0.002342	1.820679	0.002342	1.003563	-3.787170	
629	1.001468	-0.000582	0.539673	0.000582	1.001468	-1.470215	
630	1.003654	-0.004854	4.460266	0.004854	1.003654	-4.408936	
631	1.000695	-0.000491	0.461609	0.000491	1.000695	-0.591370	
632	1.000130	-0.001153	1.199142	0.001153	1.000130	-0.283875	
633	1.001446	-0.000217	0.136230	0.000217	1.001446	-1.406128	
634	1.001446	-0.000217	0.136230	0.000217	1.001446	-1.406128	
635	1.001426	-0.000227	0.163391	0.000227	1.001426	-1.482117	
636	1.001265	-0.000293	0.144348	0.000293	1.001265	-1.294128	
637	1.000825	-0.001938	1.785706	0.001938	1.000825	-1.130615	
638	0.999241	0.000398	-0.375061	-0.000398	0.999241	0.839905	
639	0.999511	-0.000708	0.729492	0.000708	0.999511	0.398193	
640	1.003092	0.000782	-2.508301	-0.000782	1.003092	-0.472717	
641	1.003092	0.000782	-2.508301	-0.000782	1.003092	-0.472717	
642	0.998379	-0.000668	0.918304	0.000668	0.998379	1.560547	
643	1.000800	-0.001201	1.071960	0.001201	1.000800	-0.958130	
644	0.998348	-0.001296	1.469727	0.001296	0.998348	1.596130	
645	0.998348	-0.001296	1.469727	0.001296	0.998348	1.596130	
646	1.005608	-0.000084	-4.436096	0.000084	1.005608	-3.266235	
647	1.003792	-0.002228	1.682892	0.002228	1.003792	-4.177002	
648	1.001217	0.000133	-0.374634	-0.000133	1.001217	-1.166931	
649	1.001964	-0.000723	0.320129	0.000723	1.001964	-2.118042	
650	1.001454	-0.004496	4.322662	0.004496	1.001454	-2.162354	
651	1.001871	0.000952	-1.279327	-0.000952	1.001871	-1.652710	
652	1.001871	0.000952	-1.279327	-0.000952	1.001871	-1.652710	
653	1.002795	-0.003085	2.713440	0.003085	1.002795	-3.257935	
654	1.000029	-0.000505	0.488678	0.000505	1.000029	-0.063538	
655	1.000132	-0.007285	7.246277	0.007285	1.000132	-1.051514	
656	1.004375	-0.002853	2.231995	0.002853	1.004375	-4.854553	
657	1.004375	-0.002853	2.231995	0.002853	1.004375	-4.854553	
658	1.003842	-0.001381	0.789124	0.001381	1.003842	-4.088318	
659	1.003842	-0.001381	0.789124	0.001381	1.003842	-4.088318	
660	0.999704	0.001202	1.248779	-0.001202	0.999704	3.025574	
661	1.001639	-0.001646	1.367493	0.001646	1.001639	-1.869507	
662	0.997438	-0.001448	1.834290	0.001448	0.997438	2.399597	
663	0.999672	-0.000012	0.058380	0.000012	0.999672	0.330322	
664	0.999672	-0.000012	0.058380	0.000012	0.999672	0.330322	
665	0.999672	-0.000012	0.058380	0.000012	0.999672	0.330322	
666	0.999672	-0.000012	0.058380	0.000012	0.999672	0.330322	
667	0.999672	-0.000012	0.058380	0.000012	0.999672	0.330322	
668	0.999672	-0.000012	0.058380	0.000012	0.999672	0.330322	
669	0.998332	0.000350	-0.123138	-0.000350	0.998332	1.722961	
670	0.996104	-0.000038	0.515106	0.000038	0.996104	3.973511	
671	0.999822	0.000326	-0.303162	-0.000326	0.999822	0.226440	
672	0.999822	0.000326	-0.303162	-0.000326	0.999822	0.226440	
673	1.005328	0.001162	-2.014328	-0.001162	1.005328	-5.243164	
674	0.999876	-0.000316	0.258972	0.000316	0.999876	0.183228	
675	0.999876	-0.000316	0.258972	0.000316	0.999876	0.183228	
676	1.005392	-0.000917	0.108398	0.000917	1.005392	-5.601501	
677	1.005392	-0.000917	0.108398	0.000917	1.005392	-5.601501	
678	1.005392	-0.000917	0.108398	0.000917	1.005392	-5.601501	
679	1.000129	0.000033	-0.018524	-0.000033	1.000129	-0.103027	
680	1.000129	0.000033	-0.018524	-0.000033	1.000129	-0.103027	
681	1.001344	-0.000332	0.139587	0.000332	1.001344	-1.349976	
682	1.001850	-0.004025	3.795258	0.004025	1.001850	-2.504578	
683	1.000208	-0.005323	5.192017	0.005323	1.000208	-0.958374	
684	1.000208	-0.005323	5.192017	0.005323	1.000208	-0.958374	
685	0.998271	-0.001009	1.317749	0.001009	0.998271	1.601929	
686	0.996394	-0.000519	0.990784	0.000519	0.996394	3.519653	
687	0.996394	-0.000519	0.990784	0.000519	0.996394	3.519653	
688	0.998883	-0.000625	0.823364	0.000625	0.998883	0.992737	
689	1.000073	-0.000585	0.128784	0.000585	1.000073	-0.922546	
690	1.000383	0.000143	-0.123535	-0.000143	1.000383	-0.412537	
691	0.996199	-0.000298	4.109253	0.000298	0.996199	1.497192	
692	0.996199	-0.000298	4.109253	0.000298	0.996199	1.497192	
693	0.987595	-0.001360	12.722046	0.001360	0.987595	6.405457	
694	0.995038	0.000208	5.001343	-0.000208	0.995038	3.526062	
695	0.999487	-0.000394	0.720276	0.000394	0.999487	0.366760	
696	0.999718	-0.000256	0.600220	0.000256	0.999718	0.158447	
697	0.999718	-0.000256	0.600220	0.000256	0.999718	0.158447	
698	1.000401	-0.000635	0.658447	0.000635	1.000401	-0.467468	
699	1.002836	0.000856	-1.312988	-0.000856	1.002836	-2.741272	
700	1.001187	-0.000989	0.875610	0.000989	1.001187	-1.351990	
701	1.000416	-0.000301	0.256836	0.000301	1.000416	-0.411987	
702	1.000986	-0.001285	1.170532	0.001285	1.000986	-1.192261	
703	1.002121	-0.000572	0.262024	0.000572	1.002121	-2.224976	
704	1.002121	-0.000572	0.262024	0.000572	1.002121	-2.224976	
705	0.999125	-0.000526	0.696075	0.000526	0.999125	0.803955	
706	1.000341	-0.000179	0.121338	0.000179	1.000341	-0.324707	
707	0.994786	-0.000300	1.245667	0.000300	0.994786	5.275085	
708	1.000046	0.000355	-0.362823	-0.000355	1.000046	0.010254	
709	0.998259	-0.000855	1.116577	0.000855	0.998259	1.646790	
710	0.995601	0.000574	0.020233	-0.000574	0.995601	4.534790	
711	0.994574	-0.000309	1.118103	0.000309	0.994574	5.461670	
712	0.994574	-0.000309	1.118103	0.000309	0.994574	5.461670	
713	1.000309	0.000323	-6.185181	-0.000323	1.000309	0.714966	
714	0.997674	0.000006	0.294556	-0.000006	0.997674	2.395691	
715	1.000271	0.000096	-0.122192	-0.000096	1.000271	-0.236084	
716	0.996545	-0.000123	0.625793	0.000123	0.996545	3.537598	
717	0.996704	0.001332	-0.868225	-0.001332	0.996704	3.580994	
718	0.999886	-0.000257	0.257141	0.000257	0.999886	0.253235	
719	1.001571	0.001108	-1.360168	-0.001108	1.001571	-1.422729	
720	1.000162	-0.001463	1.431091	0.001463	1.000162	-0.378845	
721	0.999676	-0.000490	0.543274	0.000490	0.999676	0.297241	
722	0.999701	-0.000475	0.510101	0.000475	0.999701	0.317993	
723	0.996481	0.001854	-1.369415	-0.001854	0.996481	3.864075	
724	0.996222	0.001296	-0.734711	-0.001296	0.996222	4.022278	
725	0.999895	-0.000249	0.277405	0.000249	0.999895	0.087646	
726	0.995398	-0.000079	0.769470	0.000079	0.995398	4.664246	
727	0.995398	-0.000079	0.769470	0.000079	0.995398	4.664246	
728	0.995398	-0.000079	0.769470	0.000079	0.995398	4.664246	
729	1.000325	-0.000364	0.396179	0.000364	1.000325	-0.352539	
730	1.003503	-0.001020	0.565369	0.001020	1.003503	-3.648132	
731	1.002585	-0.000624	0.413025	0.000624	1.002585	-2.701599	
732	1.000495	-0.000232	0.177887	0.000232	1.000495	-0.519165	
733	1.004514	-0.000982	0.372955	0.000982	1.004514	-4.723022	
734	1.002700	-0.000965	0.615814	0.000965	1.002700	-2.848816	
735	1.003609	-0.000854	0.383972	0.000854	1.003609	-3.726746	
736	1.001705	0.000799	-1.044281	-0.000799	1.001705	-1.541260	
737	1.000557	-0.000204	0.168213	0.000204	1.000557	-0.654663	
738	1.002756	0.000791	-1.236603	-0.000791	1.002756	-2.673279	
739	0.997885	0.001318	2.570251	-0.001318	0.997885	2.386108	
740	0.997522	0.000522	4.376770	-0.000522	0.997522	1.816956	
741	1.002262	0.001129	-1.412476	-0.001129	1.002262	-2.106689	
742	0.998275	0.000141	3.286621	-0.000141	0.998275	0.487671	
743	0.999691	-0.004148	4.269470	0.004148	0.999691	-0.308533	
744	0.999941	-0.001732	1.807373	0.001732	0.999941	-0.217102	
745	1.000388	0.000583	-0.886108	-0.000583	1.000388	1.464844	
746	1.000039	0.000399	-0.349609	-0.000399	1.000039	0.116943	
747	0.998631	0.000497	1.814087	-0.000497	0.998631	1.560242	
748	1.000743	0.000556	-0.693054	-0.000556	1.000743	-0.699646	
749	1.000818	0.000220	-0.355164	-0.000220	1.000818	-0.806946	
750	0.999597	-0.000032	0.239197	0.000032	0.999597	0.315857	
751	0.999098	-0.000217	0.363037	0.000217	0.999098	0.966003	
752	0.999881	0.000057	0.065735	-0.000057	0.999881	0.137634	
753	1.001470	0.000491	-0.636780	-0.000491	1.001470	-1.461487	
754	1.000303	0.000065	0.114929	-0.000065	1.000303	-0.243530	
755	1.000312	0.000020	0.328735	-0.000020	1.000312	-0.238586	
756	0.999682	-0.000084	-0.208069	0.000084	0.999682	0.321411	
757	0.999733	0.000010	-0.316345	-0.000010	0.999733	0.469666	
758	0.999533	0.000442	-2.390625	-0.000442	0.999533	1.175049	
759	0.999249	0.000365	-0.462585	-0.000365	0.999249	0.867737	
760	0.999495	0.001180	-1.476379	-0.001180	0.999495	0.719788	
761	0.998955	0.000280	-0.412720	-0.000280	0.998955	1.057495	
762	0.999953	-0.000034	-1.879028	0.000034	0.999953	0.157654	
763	0.999888	0.000852	-0.890961	-0.000852	0.999888	0.262573	
764	1.000089	-0.000586	0.654053	0.000586	1.000089	-0.092590	
765	1.000229	-0.000151	0.253906	0.000151	1.000229	-0.195557	
766	1.000237	-0.000002	0.258728	0.000002	1.000237	-0.282227	
767	1.000277	-0.000002	0.314392	0.000002	1.000277	-0.080078	
768	1.000679	-0.000034	0.098022	0.000034	1.000679	-0.501221	
769	1.000312	0.000158	0.002869	-0.000158	1.000312	-0.263855	
770	1.000151	0.000393	-0.537354	-0.000393	1.000151	0.211853	
771	1.000061	0.000201	-0.273315	-0.000201	1.000061	0.079895	
772	1.000166	-0.000137	0.336853	0.000137	1.000166	-0.144043	
773	1.000546	-0.000086	0.165466	0.000086	1.000546	-0.423889	
774	1.000293	-0.000043	0.080994	0.000043	1.000293	-0.131042	
775	1.000241	0.000121	-0.058533	-0.000121	1.000241	-0.298828	
776	1.000234	0.000289	-0.320801	-0.000289	1.000234	-0.150574	
777	0.999719	0.000459	-0.633911	-0.000459	0.999719	0.315552	
778	1.000143	0.000813	-0.877075	-0.000813	1.000143	-0.178955	
779	1.000005	0.000080	-0.148743	-0.000080	1.000005	0.067749	
780	1.000115	-0.000145	0.210693	0.000145	1.000115	-0.066650	
781	1.000237	-0.000109	0.182739	0.000109	1.000237	-0.216370	
782	1.000197	-0.000026	0.091309	0.000026	1.000197	-0.092773	
783	1.000085	0.000356	-0.276611	-0.000356	1.000085	0.164124	
784	0.998701	0.000550	-0.478455	-0.000550	0.998701	1.373169	
785	0.998838	0.000338	-0.232727	-0.000338	0.998838	1.245789	
786	0.998382	0.000358	-0.219543	-0.000358	0.998382	1.744690	
787	0.996971	0.000647	-0.359741	-0.000647	0.996971	3.171875	
788	0.994379	0.001635	-0.894409	-0.001635	0.994379	5.938782	
789	1.000221	-0.000092	-3.638916	0.000092	1.000221	-0.079773	
790	0.999868	0.000456	-3.434143	-0.000456	0.999868	0.556091	
791	0.999310	0.000315	-0.437744	-0.000315	0.999310	0.790222	
792	1.000355	0.000460	-1.508179	-0.000460	1.000355	0.290039	
793	1.000592	0.000201	-4.469971	-0.000201	1.000592	-1.263489	
794	1.000322	-0.000060	-2.169312	0.000060	1.000322	-1.355347	
795	1.000558	0.000244	-2.406677	-0.000244	1.000558	-0.950562	
796	1.000468	-0.000084	-2.231873	0.000084	1.000468	-0.824829	
797	1.000812	0.000331	-3.108032	-0.000331	1.000812	-0.665466	
798	0.999529	0.000600	-3.611267	-0.000600	0.999529	-0.558350	
799	0.999678	0.000961	-1.452026	-0.000961	0.999678	0.399963	
800	0.998995	0.000719	-0.593323	-0.000719	0.998995	0.931152	
801	0.999775	-0.000015	-0.844543	0.000015	0.999775	-0.503540	
802	0.999315	0.000266	-0.301880	-0.000266	0.999315	0.727356	
803	0.996541	0.000893	-0.392639	-0.000893	0.996541	3.613342	
804	0.995652	0.003340	-2.811890	-0.003340	0.995652	4.863708	
805	0.998880	-0.000244	-0.494141	0.000244	0.998880	0.210938	
806	0.999343	0.000559	-0.598389	-0.000559	0.999343	0.686462	
807	0.999226	0.000977	-0.891327	-0.000977	0.999226	0.839417	
808	0.998136	0.000260	0.001892	-0.000260	0.998136	1.920349	
809	0.999447	0.000085	-0.187622	-0.000085	0.999447	0.570312	
810	0.993078	-0.000221	1.281342	0.000221	0.993078	7.013123	
811	0.999382	-0.001546	1.658371	0.001546	0.999382	0.420349	
812	0.999879	0.000028	-0.012482	-0.000028	0.999879	0.141052	
813	0.999777	0.000134	-0.106369	-0.000134	0.999777	0.249817	
814	0.998004	-0.000282	0.512024	0.000282	0.998004	1.980774	
815	0.996594	-0.000344	0.847961	0.000344	0.996594	3.294128	
816	0.999391	-0.000249	0.104309	0.000249	0.999391	0.474609	
817	0.998470	-0.000690	0.424011	0.000690	0.998470	0.914551	
818	1.000179	-0.001158	2.460632	0.001158	1.000179	-0.675232	
819	1.000046	-0.000001	2.004639	0.000001	1.000046	0.276978	
820	1.000069	-0.000010	0.038025	0.000010	1.000069	-0.096191	
821	1.000121	-0.000262	0.320984	0.000262	1.000121	-0.234497	
822	1.002086	-0.000812	0.510559	0.000812	1.002086	-2.210510	
823	0.999759	-0.001737	1.834869	0.001737	0.999759	0.056274	
824	0.999877	-0.000177	0.234314	0.000177	0.999877	0.107605	
825	0.999213	-0.000321	0.425720	0.000321	0.999213	0.783936	
826	1.000289	-0.000552	0.531647	0.000552	1.000289	-0.372192	
827	1.000498	0.000077	-1.399170	-0.000077	1.000498	0.398010	
828	0.998967	0.000576	-0.443237	-0.000576	0.998967	1.202515	
829	0.999702	-0.000358	0.129700	0.000358	0.999702	0.613403	
830	1.000161	-0.000794	0.811157	0.000794	1.000161	0.260681	
831	1.000254	-0.000265	-0.401062	0.000265	1.000254	0.816772	
832	0.999254	-0.000410	0.512817	0.000410	0.999254	0.914368	
833	1.000297	-0.000161	0.287659	0.000161	1.000297	2.008545	
834	1.000355	-0.000291	1.331543	0.000291	1.000355	1.180237	
835	1.000234	-0.000057	2.250427	0.000057	1.000234	1.312500	
836	1.003639	-0.002224	1.756592	0.002224	1.003639	-3.995422	
837	1.000192	-0.000317	1.697388	0.000317	1.000192	0.361633	
838	1.000010	-0.000571	2.168640	0.000571	1.000010	-0.436584	
839	1.001751	-0.000765	2.628540	0.000765	1.001751	-1.543091	
840	1.003037	-0.001208	0.813843	0.001208	1.003037	-3.321777	
841	0.999825	0.000190	2.624573	-0.000190	0.999825	0.644470	
842	1.002146	-0.000455	2.475952	0.000455	1.002146	-1.713379	
843	1.000218	0.000145	2.211792	-0.000145	1.000218	0.658630	
844	0.999203	-0.000365	0.619995	0.000365	0.999203	0.862000	
845	1.001157	-0.000652	0.493713	0.000652	1.001157	-1.030273	
846	0.999960	-0.000213	0.342712	0.000213	0.999960	0.229736	
847	1.000218	-0.000406	0.609131	0.000406	1.000218	0.003113	
848	1.001289	0.001165	-1.365662	-0.001165	1.001289	-1.190491	
849	1.002395	0.000019	-0.445435	-0.000019	1.002395	-2.597900	
850	1.000222	0.000075	0.012085	-0.000075	1.000222	-0.432068	
851	0.999821	-0.000146	1.326660	0.000146	0.999821	-0.438599	
852	0.999660	0.000011	2.732056	-0.000011	0.999660	-0.515381	
853	0.999586	-0.001282	9.826172	0.001282	0.999586	-3.174011	
854	0.999725	-0.000469	5.333191	0.000469	0.999725	-1.005188	
855	0.999136	-0.000264	7.666992	0.000264	0.999136	-0.579651	
856	1.000058	-0.000316	5.804810	0.000316	1.000058	-1.124390	
857	0.998957	-0.000295	5.869568	0.000295	0.998957	0.183655	
858	0.998957	-0.000295	5.869568	0.000295	0.998957	0.183655	
859	1.000775	-0.000073	-0.036987	0.000073	1.000775	-0.690491	
860	0.999904	0.000567	0.346924	-0.000567	0.999904	0.576782	
861	1.000827	0.001746	-1.811371	-0.001746	1.000827	-0.541138	
862	1.004911	-0.000648	-0.206116	0.000648	1.004911	-4.862854	
863	0.999135	0.000353	-0.259277	-0.000353	0.999135	0.924805	
864	0.998892	0.004255	-4.176666	-0.004255	0.998892	1.792908	
865	0.999542	0.000596	-0.639740	-0.000596	0.999542	0.653503	
866	1.000213	-0.000327	0.333801	0.000327	1.000213	-0.244629	
867	1.000972	0.000039	-0.092529	-0.000039	1.000972	-0.970093	
868	1.000972	0.000039	-0.092529	-0.000039	1.000972	-0.970093	
869	1.003347	0.006249	-6.908234	-0.006249	1.003347	-2.388062	
870	1.005118	0.003540	-4.395615	-0.003540	1.005118	-4.589172	
871	1.005118	0.003540	-4.395615	-0.003540	1.005118	-4.589172	
872	1.001833	0.001422	-1.723663	-0.001422	1.001833	-1.651428	
873	1.000042	0.000032	-0.021179	-0.000032	1.000042	-0.040588	
874	1.005098	0.001697	-2.496750	-0.001697	1.005098	-4.911072	
875	0.999736	0.000337	-0.179626	-0.000337	0.999736	0.187622	
876	1.000015	-0.000164	0.337036	0.000164	1.000015	-0.015808	
877	1.000108	-0.000069	0.185852	0.000069	1.000108	-0.110352	
878	0.999368	-0.000438	0.575180	0.000438	0.999368	0.582031	
879	1.000101	-0.000194	0.240540	0.000194	1.000101	-0.079529	
880	1.001098	-0.002108	1.939789	0.002108	1.001098	-1.471680	
881	0.995396	0.001625	-0.871277	-0.001625	0.995396	4.950684	
882	0.998298	0.000955	-0.761597	-0.000955	0.998298	1.862488	
883	1.000270	0.000424	-0.485275	-0.000424	1.000270	-0.208252	
884	0.994603	-0.001094	1.971924	0.001094	0.994603	5.285889	
885	0.999395	0.000106	-0.059189	-0.000106	0.999395	0.616028	
886	0.995162	0.000516	0.110596	-0.000516	0.995162	4.958984	
887	1.000535	0.000308	-6.508423	-0.000308	1.000535	0.377930	
888	1.000535	0.000308	-6.508423	-0.000308	1.000535	0.377930	
889	0.992852	0.002159	-0.968781	-0.002159	0.992852	7.654297	
890	0.998875	0.002359	-2.231445	-0.002359	0.998875	1.496521	
891	1.001555	0.000771	-1.003723	-0.000771	1.001555	-1.453125	
892	0.993937	0.000836	0.032532	-0.000836	0.993937	6.283203	
893	0.993937	0.000836	0.032532	-0.000836	0.993937	6.283203	
894	0.999159	-0.000987	1.104889	0.000987	0.999159	0.729187	
895	1.000242	-0.000103	-0.011108	0.000103	1.000242	-0.230957	
896	0.999902	0.000127	0.000671	-0.000127	0.999902	0.119629	
897	0.999902	0.000127	0.000671	-0.000127	0.999902	0.119629	
898	1.000280	0.000942	-1.009186	-0.000942	1.000280	-0.139587	
899	1.000280	0.000942	-1.009186	-0.000942	1.000280	-0.139587	
900	0.997480	0.003806	-3.510681	-0.003806	0.997480	3.158081	
901	0.997330	0.003366	-3.047272	-0.003366	0.997330	3.242981	
902	0.991921	-0.000208	1.537231	0.000208	0.991921	8.163025	
903	0.998818	-0.002322	2.518311	0.002322	0.998818	0.809998	
904	0.998818	-0.002322	2.518311	0.002322	0.998818	0.809998	
905	0.999852	-0.000057	0.075867	0.000057	0.999852	0.132385	
906	0.999852	-0.000057	0.075867	0.000057	0.999852	0.132385	
907	0.998821	-0.005785	6.055084	0.005785	0.998821	0.332397	
908	0.999343	-0.000310	0.413086	0.000310	0.999343	0.605530	
909	1.003787	-0.005565	5.023758	0.005565	1.003787	-4.781799	
910	0.998101	-0.000339	0.569275	0.000339	0.998101	1.873535	
911	0.996707	0.000108	0.355316	-0.000108	0.996707	3.360168	
912	0.999220	0.001181	-1.107269	-0.001181	0.999220	0.966919	
913	0.999250	0.000784	-0.651306	-0.000784	0.999250	0.853699	
914	0.995224	0.003233	-2.470062	-0.003233	0.995224	5.414062	
915	0.999363	-0.000573	0.727844	0.000573	0.999363	0.608276	
916	0.997601	-0.001591	1.967941	0.001591	0.997601	2.212219	
917	0.997807	-0.000209	0.599426	0.000209	0.997807	2.209290	
918	0.996903	-0.000515	0.989471	0.000515	0.996903	3.054260	
919	0.996903	-0.000515	0.989471	0.000515	0.996903	3.054260	
920	1.000965	0.000796	-4.071899	-0.000796	1.000965	1.605103	
921	0.997488	-0.000061	0.438843	0.000061	0.997488	2.541382	
922	0.998205	0.002369	-2.176270	-0.002369	0.998205	2.151489	
923	0.998205	0.002369	-2.176270	-0.002369	0.998205	2.151489	
924	0.995096	-0.000271	1.012939	0.000271	0.995096	4.933411	
925	0.999951	-0.000126	0.149353	0.000126	0.999951	0.031067	
926	1.000356	-0.000231	0.182007	0.000231	1.000356	-0.363831	
927	1.000518	-0.001709	1.670563	0.001709	1.000518	-0.781006	
928	0.998623	0.001505	-1.357788	-0.001505	0.998623	1.622925	
929	0.999614	0.000063	-0.041595	-0.000063	0.999614	0.397766	
930	0.998281	0.001706	-1.541138	-0.001706	0.998281	2.005310	
931	0.996353	0.002293	-1.772949	-0.002293	0.996353	4.049622	
932	0.995541	0.001390	-0.740021	-0.001390	0.995541	4.725403	
933	0.999722	0.000016	0.008453	-0.000016	0.999722	0.296570	
934	1.000430	-0.000090	0.025894	0.000090	1.000430	-0.452332	
935	0.996074	0.003264	-2.788269	-0.003264	0.996074	4.454712	
936	0.997595	0.001059	-0.734375	-0.001059	0.997595	2.577332	
937	0.997929	0.001009	-0.734192	-0.001009	0.997929	2.238464	
938	1.000069	-0.000320	0.327057	0.000320	1.000069	-0.175293	
939	0.999379	0.001173	-1.096466	-0.001173	0.999379	0.808228	
940	0.998520	0.000081	0.160767	-0.000081	0.998520	1.529968	
941	0.998724	-0.000410	0.633301	0.000410	0.998724	1.182556	
942	0.998892	0.002723	-2.601257	-0.002723	0.998892	1.547852	
943	1.000771	-0.001746	-3.021362	0.001746	1.000771	-3.416260	
944	0.995360	0.001404	-0.726898	-0.001404	0.995360	4.918701	
945	1.002874	-0.000945	-6.921753	0.000945	1.002874	-2.439575	
946	0.996001	0.001259	-0.687256	-0.001259	0.996001	4.259277	
947	0.996620	0.001994	-1.516144	-0.001994	0.996620	3.731873	
948	1.004309	-0.000763	-7.866577	0.000763	1.004309	-3.744629	
949	1.008183	-0.000992	-15.172974	0.000992	1.008183	-6.627197	
950	1.006097	-0.000606	-9.125977	0.000606	1.006097	-5.144775	
951	1.006241	-0.000366	-9.234741	0.000366	1.006241	-5.272583	
952	1.006690	-0.000229	-9.653870	0.000229	1.006690	-5.684937	
953	1.010067	-0.000114	-12.676819	0.000114	1.010067	-6.093323	
954	1.016351	-0.000844	-21.889954	0.000844	1.016351	-14.208374	
955	1.008799	-0.000064	-11.713745	0.000064	1.008799	-7.891541	
956	1.005639	-0.000214	-8.758484	0.000214	1.005639	-5.260376	
957	1.007290	-0.000188	-10.716064	0.000188	1.007290	-6.290649	
958	1.010319	0.000148	-13.695862	-0.000148	1.010319	-7.070374	
959	1.013318	-0.000035	-19.846436	0.000035	1.013318	-8.213989	
960	1.006126	0.000068	-9.873840	-0.000068	1.006126	-3.966309	
961	1.005677	-0.000209	-8.733826	0.000209	1.005677	-4.103760	
962	1.001344	0.000350	-4.286865	-0.000350	1.001344	-0.577148	
963	1.003655	-0.000176	-7.120361	0.000176	1.003655	-2.947266	
964	1.005446	-0.000185	-0.643204	0.000185	1.005446	-5.569885	
965	1.008171	0.000233	-10.658264	-0.000233	1.008171	-5.291016	
966	0.999248	-0.000927	1.000305	0.000927	0.999248	0.728577	
967	0.999815	-0.000163	0.179962	0.000163	0.999815	0.195679	
968	0.996500	0.001313	-0.793457	-0.001313	0.996500	3.858337	
969	0.993870	0.004561	-3.505005	-0.004561	0.993870	7.182983	
970	0.999222	0.000909	-0.831543	-0.000909	0.999222	1.031067	
971	0.999066	0.002517	-2.414337	-0.002517	0.999066	1.432007	
972	1.005525	0.000166	-6.408264	-0.000166	1.005525	-4.870117	
973	0.998612	0.001561	-1.381714	-0.001561	0.998612	1.787598	
974	0.996594	0.003153	-2.691742	-0.003153	0.996594	4.003967	
975	0.998569	-0.000864	1.099640	0.000864	0.998569	1.344788	
976	1.004577	-0.000555	-0.138855	0.000555	1.004577	-4.781494	
977	1.000619	-0.001934	1.860535	0.001934	1.000619	-0.887878	
978	1.000619	-0.001934	1.860535	0.001934	1.000619	-0.887878	
979	1.000619	-0.001934	1.860535	0.001934	1.000619	-0.887878	
980	1.005666	-0.000951	-5.859741	0.000951	1.005666	-4.810974	
981	1.001201	0.000414	-1.647339	-0.000414	1.001201	0.396484	
982	1.001201	0.000414	-1.647339	-0.000414	1.001201	0.396484	
983	0.998972	0.000649	-0.556580	-0.000649	0.998972	1.393433	
984	1.003218	-0.001414	0.997711	0.001414	1.003218	-3.425476	
985	1.000916	0.000055	-0.074463	-0.000055	1.000916	-1.227356	
986	1.000328	-0.000081	0.310364	0.000081	1.000328	-0.702454	
987	1.002345	-0.000966	0.673218	0.000966	1.002345	-2.878662	
988	1.001421	0.000172	-0.195251	-0.000172	1.001421	-1.773132	
989	1.003567	-0.000144	-0.397461	0.000144	1.003567	-4.120422	
990	0.999774	0.000274	1.131470	-0.000274	0.999774	0.038696	
991	1.001608	-0.000311	0.239014	0.000311	1.001608	-1.965088	
992	1.000911	0.000102	-0.037537	-0.000102	1.000911	-0.970886	
993	0.999489	0.000316	1.117676	-0.000316	0.999489	0.189331	
994	0.997808	-0.000339	12.806519	0.000339	0.997808	-0.041992	
995	1.001167	0.000115	2.730591	-0.000115	1.001167	-1.013916	
996	1.003603	-0.000070	-0.666931	0.000070	1.003603	-3.788635	
997	1.005926	-0.000744	-0.129700	0.000744	1.005926	-6.157166	
998	1.002273	0.002267	3.735046	-0.002267	1.002273	-0.880066	
999	1.002273	0.002267	3.735046	-0.002267	1.002273	-0.880066	
1000	1.001236	-0.001902	1.775146	0.001902	1.001236	-1.373291	
1001	1.004864	-0.000781	0.212830	0.000781	1.004864	-4.981262	
1002	1.004864	-0.000781	0.212830	0.000781	1.004864	-4.981262	
1003	1.000000	0.000000	0.000061	0.000000	1.000000	0.000000	
