0	1.000000	0.000000	0.000000	0.000000	1.000000	0.000000	
1	0.999991	0.000007	0.001343	-0.000007	0.999991	0.007721	
2	0.999994	0.000005	-0.000916	-0.000005	0.999994	0.008026	
3	0.999962	0.000020	0.015015	-0.000020	0.999962	0.029022	
4	0.999954	0.000014	0.014526	-0.000014	0.999954	0.018951	
5	0.999956	-0.000001	0.010742	0.000001	0.999956	0.003296	
6	0.999964	-0.000020	0.016602	0.000020	0.999964	-0.007782	
7	0.999982	-0.000009	0.001770	0.000009	0.999982	-0.009949	
8	0.999983	0.000001	-0.004517	-0.000001	0.999983	0.007782	
9	0.999986	-0.000011	-0.000549	0.000011	0.999986	-0.002472	
10	0.999961	-0.000022	0.010864	0.000022	0.999961	0.014130	
11	0.999939	-0.000032	0.037048	0.000032	0.999939	0.041351	
12	0.999977	-0.000088	0.003601	0.000088	0.999977	-0.032257	
13	1.000011	-0.000045	-0.049377	0.000045	1.000011	-0.023376	
14	0.999974	-0.000076	0.023499	0.000076	0.999974	-0.088104	
15	0.999980	0.000064	0.000610	-0.000064	0.999980	0.045227	
16	1.000008	-0.000033	-0.020813	0.000033	1.000008	-0.039398	
17	1.000009	-0.000024	-0.013306	0.000024	1.000009	-0.020935	
18	1.000037	0.000057	-0.033203	-0.000057	1.000037	0.054779	
19	1.000005	-0.000056	-0.020752	0.000056	1.000005	-0.046478	
20	0.999999	-0.000069	0.004211	0.000069	0.999999	-0.040771	
21	1.000053	0.000019	-0.056396	-0.000019	1.000053	0.058838	
22	0.999957	0.000039	0.032898	-0.000039	0.999957	0.110931	
23	0.993414	0.000080	4.685425	-0.000080	0.993414	3.485474	
24	0.988945	-0.000182	7.945251	0.000182	0.988945	5.799164	
25	0.983840	-0.000086	11.833618	0.000086	0.983840	8.694885	
26	0.979263	-0.000062	15.067810	0.000062	0.979263	11.217804	
27	0.975152	-0.000007	18.010498	0.000007	0.975152	13.519745	
28	0.973906	-0.000040	18.937622	0.000040	0.973906	14.237122	
29	0.973806	0.000021	19.044861	-0.000021	0.973806	14.335205	
30	0.976791	0.000048	16.895691	-0.000048	0.976791	12.737030	
31	0.981860	-0.000049	13.115662	0.000049	0.981860	9.975677	
32	0.986695	0.000019	9.608032	-0.000019	0.986695	7.356537	
33	0.991217	0.000026	6.342163	-0.000026	0.991217	4.929749	
34	0.996079	-0.000028	2.760742	0.000028	0.996079	2.139709	
35	0.999786	-0.000016	0.153931	0.000016	0.999786	0.122833	
36	1.000018	0.000041	-0.019104	-0.000041	1.000018	0.065247	
37	0.999984	-0.000017	-0.002563	0.000017	0.999984	0.035034	
38	0.999950	-0.000024	0.029968	0.000024	0.999950	-0.056519	
39	0.999988	-0.000005	0.021362	0.000005	0.999988	0.005463	
40	1.000004	0.000025	-0.000122	-0.000025	1.000004	0.026398	
41	1.000003	0.000004	-0.004211	-0.000004	1.000003	0.008087	
42	0.999995	0.000014	0.012817	-0.000014	0.999995	0.042542	
43	0.999999	0.000001	-0.033936	-0.000001	0.999999	0.019562	
44	0.999943	0.000031	0.017883	-0.000031	0.999943	0.054504	
45	0.999992	-0.000015	-0.005554	0.000015	0.999992	-0.045715	
46	0.999956	0.000004	0.023438	-0.000004	0.999956	-0.018799	
47	1.000021	-0.000014	-0.053650	0.000014	1.000021	-0.044220	
48	1.000057	-0.000021	-0.082703	0.000021	1.000057	-0.006653	
49	0.999975	-0.000003	-0.026245	0.000003	0.999975	-0.013306	
50	0.999941	0.000005	0.007996	-0.000005	0.999941	-0.015411	
51	0.999965	-0.000035	-0.011353	0.000035	0.999965	-0.069489	
52	1.000030	-0.000026	-0.045837	0.000026	1.000030	0.017456	
53	1.000076	0.000002	-0.074829	-0.000002	1.000076	0.013306	
54	1.000010	-0.000022	-0.024841	0.000022	1.000010	-0.025208	
55	0.999989	-0.000001	0.003845	0.000001	0.999989	-0.014496	
56	0.999949	0.000013	0.031311	-0.000013	0.999949	-0.020294	
57	0.999991	0.000012	-0.012268	-0.000012	0.999991	0.029938	
58	1.000064	-0.000013	-0.052795	0.000013	1.000064	0.004364	
59	1.000040	0.000007	-0.040771	-0.000007	1.000040	0.027496	
60	0.999982	-0.000001	0.005493	0.000001	0.999982	-0.013824	
61	0.999963	-0.000020	0.030762	0.000020	0.999963	-0.039185	
62	0.999949	-0.000004	0.033386	0.000004	0.999949	-0.020844	
63	1.000039	-0.000004	-0.035461	0.000004	1.000039	0.025574	
64	1.000062	0.000022	-0.052063	-0.000022	1.000062	0.030884	
65	1.000022	-0.000007	-0.020996	0.000007	1.000022	0.011688	
66	0.999993	-0.000012	-0.023193	0.000012	0.999993	-0.058899	
67	1.000008	-0.000028	-0.021240	0.000028	1.000008	-0.042114	
68	0.999974	0.000023	-0.004211	-0.000023	0.999974	-0.002075	
69	1.000004	0.000010	-0.012268	-0.000010	1.000004	0.003326	
70	1.000013	0.000018	-0.047668	-0.000018	1.000013	-0.007324	
71	1.000012	0.000023	-0.058655	-0.000023	1.000012	0.002930	
72	0.999987	-0.000018	-0.037537	0.000018	0.999987	-0.125549	
73	0.999984	-0.000024	-0.021423	0.000024	0.999984	-0.149323	
74	0.999930	0.000016	0.013000	-0.000016	0.999930	-0.057526	
75	0.999974	0.000035	0.047974	-0.000035	0.999974	-0.011688	
76	1.000040	0.000024	0.032349	-0.000024	1.000040	0.007660	
77	0.999998	0.000043	0.024841	-0.000043	0.999998	0.037140	
78	1.000013	0.000048	0.001953	-0.000048	1.000013	0.007568	
79	0.999994	0.000034	0.016296	-0.000034	0.999994	0.033752	
80	0.999991	0.000004	0.006775	-0.000004	0.999991	-0.005402	
81	0.999981	-0.000011	0.015930	0.000011	0.999981	-0.010590	
82	0.999992	-0.000007	0.008606	0.000007	0.999992	-0.010101	
83	0.999984	-0.000019	0.028442	0.000019	0.999984	-0.014008	
84	0.999997	-0.000018	0.012512	0.000018	0.999997	-0.000397	
85	1.000041	-0.000033	-0.032104	0.000033	1.000041	0.000732	
86	1.000061	-0.000008	-0.061829	0.000008	1.000061	0.026917	
87	1.000011	-0.000010	-0.026062	0.000010	1.000011	-0.000366	
88	0.999974	-0.000022	0.012878	0.000022	0.999974	-0.066467	
89	0.999995	-0.000000	0.003967	0.000000	0.999995	-0.052277	
90	0.999966	0.000001	-0.073486	-0.000001	0.999966	-0.003082	
91	0.999959	-0.000020	-0.073730	0.000020	0.999959	-0.033630	
92	0.999941	-0.000025	-0.159912	0.000025	0.999941	-0.031616	
93	0.999978	-0.000036	-0.774231	0.000036	0.999978	-0.048370	
94	1.000001	-0.000030	-1.327026	0.000030	1.000001	-0.081879	
95	0.999998	-0.000070	-1.271973	0.000070	0.999998	-0.059082	
96	1.000002	-0.000136	-1.915833	0.000136	1.000002	-0.048706	
97	1.000022	-0.000061	-1.805542	0.000061	1.000022	-0.073608	
98	0.999965	-0.000057	-1.241394	0.000057	0.999965	-0.054962	
99	1.000039	-0.000065	-1.331421	0.000065	1.000039	-0.067322	
100	0.999978	-0.000019	-1.069885	0.000019	0.999978	0.015411	
101	0.999971	-0.000007	-0.368591	0.000007	0.999971	0.010895	
102	1.000003	-0.000022	-0.465698	0.000022	1.000003	-0.016724	
103	1.000003	-0.000076	-0.908813	0.000076	1.000003	-0.063629	
104	1.000043	-0.000038	-0.987061	0.000038	1.000043	-0.042786	
105	0.999995	-0.000079	-0.983032	0.000079	0.999995	-0.059723	
106	1.000003	-0.000118	-1.294189	0.000118	1.000003	-0.061829	
107	0.999957	-0.000026	-0.854004	0.000026	0.999957	0.016785	
108	1.000003	0.000012	-0.588806	-0.000012	1.000003	0.032135	
109	1.000020	-0.000023	-0.672668	0.000023	1.000020	0.041290	
110	0.999983	-0.000024	-0.837280	0.000024	0.999983	-0.024200	
111	0.999990	-0.000034	-0.670898	0.000034	0.999990	0.003052	
112	0.999960	-0.000030	-0.383667	0.000030	0.999960	0.001312	
113	1.000004	-0.000010	-0.366943	0.000010	1.000004	0.008331	
114	0.999989	-0.000017	-0.545105	0.000017	0.999989	-0.004669	
115	0.999994	-0.000018	-0.593689	0.000018	0.999994	-0.000793	
116	0.999965	-0.000013	-0.534912	0.000013	0.999965	0.011169	
117	0.999989	-0.000059	-0.365112	0.000059	0.999989	-0.026306	
118	1.000018	-0.000022	-0.199402	0.000022	1.000018	-0.004883	
119	1.000032	0.000006	-0.188660	-0.000006	1.000032	0.005402	
120	0.999989	0.000026	-0.151917	-0.000026	0.999989	0.033966	
121	0.999974	0.000028	-0.036926	-0.000028	0.999974	0.042572	
122	0.999975	0.000026	-0.143860	-0.000026	0.999975	0.044220	
123	1.000022	0.000008	-0.191528	-0.000008	1.000022	0.018494	
124	1.000016	-0.000049	-0.157654	0.000049	1.000016	0.004822	
125	0.999984	0.000004	-0.176208	-0.000004	0.999984	0.028381	
126	0.999963	-0.000017	-0.181091	0.000017	0.999963	-0.002716	
127	1.000014	-0.000005	-0.195801	0.000005	1.000014	-0.016571	
128	1.000012	-0.000011	-0.198181	0.000011	1.000012	-0.032318	
129	0.999979	-0.000023	-0.139893	0.000023	0.999979	-0.016296	
130	0.999923	-0.000018	-0.234131	0.000018	0.999923	-0.025970	
131	0.999971	-0.000022	-0.451660	0.000022	0.999971	-0.046295	
132	0.999984	-0.000037	-0.645691	0.000037	0.999984	-0.064209	
133	0.999953	-0.000039	-0.723328	0.000039	0.999953	-0.049164	
134	0.999988	-0.000061	-0.573914	0.000061	0.999988	-0.089447	
135	0.999979	-0.000038	-0.317017	0.000038	0.999979	-0.050537	
136	0.999962	-0.000027	-0.226929	0.000027	0.999962	-0.016663	
137	0.999967	-0.000036	-0.122864	0.000036	0.999967	-0.025726	
138	0.999998	-0.000046	-0.117798	0.000046	0.999998	-0.053162	
139	0.999970	-0.000037	-0.089539	0.000037	0.999970	-0.038574	
140	1.000009	-0.000025	-0.063354	0.000025	1.000009	-0.029785	
141	1.000006	-0.000027	-0.060181	0.000027	1.000006	-0.032623	
142	0.999976	-0.000016	-0.064453	0.000016	0.999976	0.004822	
143	1.000003	-0.000019	-0.049438	0.000019	1.000003	-0.016052	
144	0.999988	0.000008	-0.031067	-0.000008	0.999988	0.015015	
145	0.999996	-0.000009	-0.028076	0.000009	0.999996	-0.023438	
146	0.999997	-0.000004	-0.008362	0.000004	0.999997	-0.031586	
147	0.999980	-0.000019	-0.002502	0.000019	0.999980	-0.047058	
148	0.999991	-0.000022	0.001953	0.000022	0.999991	-0.072937	
149	0.999959	-0.000030	0.004700	0.000030	0.999959	-0.063507	
150	0.999969	-0.000017	0.025696	0.000017	0.999969	-0.007690	
151	0.999986	-0.000005	0.017334	0.000005	0.999986	0.002716	
152	1.000007	-0.000011	0.002319	0.000011	1.000007	-0.002899	
153	1.000015	-0.000019	0.010376	0.000019	1.000015	-0.019348	
154	1.000002	0.000024	0.031311	-0.000024	1.000002	0.012878	
155	1.000004	0.000027	0.033691	-0.000027	1.000004	0.025513	
156	1.000013	-0.000023	0.039734	0.000023	1.000013	-0.016541	
157	1.000017	-0.000018	0.028259	0.000018	1.000017	-0.030151	
158	1.000013	-0.000025	0.034302	0.000025	1.000013	-0.049103	
159	0.999983	-0.000023	0.025818	0.000023	0.999983	-0.027924	
160	0.999962	0.000004	0.006592	-0.000004	0.999962	-0.023651	
161	1.000006	0.000016	-0.004639	-0.000016	1.000006	-0.000763	
162	0.999993	0.000003	0.029785	-0.000003	0.999993	0.009430	
163	1.000018	-0.000052	0.014343	0.000052	1.000018	-0.037628	
164	1.000002	-0.000000	0.040710	0.000000	1.000002	0.019928	
165	1.000011	0.000019	-0.017700	-0.000019	1.000011	0.046753	
166	0.999963	0.000023	0.011597	-0.000023	0.999963	0.038361	
167	1.000001	0.000029	-0.002502	-0.000029	1.000001	0.000000	
168	0.999978	0.000004	0.020264	-0.000004	0.999978	-0.021179	
169	1.000001	0.000007	0.025757	-0.000007	1.000001	-0.041840	
170	1.000001	-0.000020	0.025208	0.000020	1.000001	-0.043610	
171	1.000014	0.000003	-0.014282	-0.000003	1.000014	0.011505	
172	0.999988	0.000029	0.025330	-0.000029	0.999988	0.032776	
173	0.999976	0.000007	0.043091	-0.000007	0.999976	-0.008728	
174	0.999988	0.000010	0.017578	-0.000010	0.999988	0.008331	
175	0.999965	0.000044	0.048767	-0.000044	0.999965	0.048096	
176	0.999988	0.000068	0.011414	-0.000068	0.999988	0.020905	
177	0.999973	0.000049	0.019470	-0.000049	0.999973	0.032135	
178	0.999995	0.000055	0.014343	-0.000055	0.999995	-0.005249	
179	0.999938	0.000065	-0.137207	-0.000065	0.999938	-0.084259	
180	0.999973	0.000017	-0.405029	-0.000017	0.999973	-0.119720	
181	1.000006	-0.000089	-0.780701	0.000089	1.000006	-0.108643	
182	1.000000	-0.000090	-0.972595	0.000090	1.000000	-0.031067	
183	1.000019	-0.000106	-1.243225	0.000106	1.000019	-0.093414	
184	0.999998	-0.000148	-1.489929	0.000148	0.999998	-0.116638	
185	1.000028	-0.000203	-1.717651	0.000203	1.000028	-0.114716	
186	1.000052	-0.000119	-1.795593	0.000119	1.000052	-0.080963	
187	1.000001	-0.000079	-0.933228	0.000079	1.000001	-0.032715	
188	0.999994	-0.000057	-0.517639	0.000057	0.999994	-0.040527	
189	1.000023	-0.000047	-0.326965	0.000047	1.000023	-0.031342	
190	0.999999	-0.000075	0.211243	0.000075	0.999999	-0.071655	
191	1.000015	-0.000089	0.630005	0.000089	1.000015	-0.066467	
192	0.999990	-0.000003	0.343323	0.000003	0.999990	0.049622	
193	0.999998	0.000008	0.041321	-0.000008	0.999998	0.042145	
194	0.999979	-0.000000	0.178528	0.000000	0.999979	0.011841	
195	0.999986	-0.000006	0.099670	0.000006	0.999986	-0.020538	
196	0.999986	0.000026	-0.015503	-0.000026	0.999986	0.044952	
197	1.000021	-0.000019	-0.046692	0.000019	1.000021	-0.019562	
198	1.000005	0.000022	-0.070740	-0.000022	1.000005	0.018280	
199	0.999997	0.000040	-0.038147	-0.000040	0.999997	0.031647	
200	0.999991	0.000008	0.014282	-0.000008	0.999991	-0.006897	
201	0.999979	-0.000001	0.042419	0.000001	0.999979	-0.014191	
202	0.999954	0.000007	0.082092	-0.000007	0.999954	-0.004333	
203	0.999988	-0.000005	0.071411	0.000005	0.999988	0.001862	
204	1.000049	0.000003	0.065918	-0.000003	1.000049	-0.018066	
205	1.000003	0.000002	-0.018433	-0.000002	1.000003	0.006866	
206	0.999992	-0.000050	0.004700	0.000050	0.999992	-0.069458	
207	1.000005	-0.000006	-0.022705	0.000006	1.000005	-0.017273	
208	0.999997	0.000028	-0.114380	-0.000028	0.999997	0.018585	
209	1.000010	-0.000002	-0.043945	0.000002	1.000010	0.001221	
210	1.000011	0.000007	-0.014709	-0.000007	1.000011	-0.006134	
211	1.000013	0.000011	0.009216	-0.000011	1.000013	0.026306	
212	1.000015	0.000017	-0.011841	-0.000017	1.000015	0.001984	
213	0.999989	-0.000014	0.038147	0.000014	0.999989	-0.019501	
214	0.999992	-0.000012	0.048279	0.000012	0.999992	-0.028595	
215	1.000001	0.000019	0.015381	-0.000019	1.000001	0.029419	
216	1.000010	0.000047	0.030762	-0.000047	1.000010	0.037598	
217	0.999988	0.000020	0.047729	-0.000020	0.999988	0.005768	
218	1.000019	-0.000024	0.022156	0.000024	1.000019	-0.049011	
219	0.999995	-0.000053	0.020935	0.000053	0.999995	-0.025452	
220	0.999999	-0.000054	0.009583	0.000054	0.999999	-0.096954	
221	0.999970	-0.000006	-0.003784	0.000006	0.999970	-0.029083	
222	0.999951	-0.000007	0.016724	0.000007	0.999951	0.000732	
223	0.999997	-0.000003	-0.051147	0.000003	0.999997	-0.033386	
224	0.999985	-0.000012	0.012146	0.000012	0.999985	-0.029327	
225	1.000007	-0.000013	-0.003906	0.000013	1.000007	0.000946	
226	1.000000	-0.000009	0.031921	0.000009	1.000000	-0.003174	
227	0.999966	-0.000007	0.059509	0.000007	0.999966	-0.015289	
228	0.999993	0.000002	0.024353	-0.000002	0.999993	0.014404	
229	0.999975	0.000035	0.016418	-0.000035	0.999975	0.019196	
230	1.000004	0.000018	-0.014099	-0.000018	1.000004	0.023560	
231	1.000006	0.000020	-0.017517	-0.000020	1.000006	0.017151	
232	1.000012	-0.000005	-0.051086	0.000005	1.000012	-0.007050	
233	1.000028	0.000021	-0.050171	-0.000021	1.000028	0.024628	
234	1.000033	-0.000035	-0.095276	0.000035	1.000033	-0.057556	
235	1.000011	0.000003	-0.084290	-0.000003	1.000011	-0.037140	
236	0.999997	-0.000009	-0.066284	0.000009	0.999997	-0.003021	
237	1.000022	-0.000025	-0.076477	0.000025	1.000022	-0.033020	
238	1.000008	-0.000022	-0.020203	0.000022	1.000008	-0.027802	
239	1.000009	-0.000028	-0.005737	0.000028	1.000009	-0.019379	
240	0.999996	0.000009	0.000122	-0.000009	0.999996	0.012177	
241	0.999986	-0.000021	0.001404	0.000021	0.999986	-0.033997	
242	0.999969	-0.000019	0.025818	0.000019	0.999969	-0.005707	
243	1.000037	0.000004	-0.052246	-0.000004	1.000037	0.013824	
244	1.000046	0.000010	-0.129272	-0.000010	1.000046	0.028168	
245	0.999987	-0.000017	-0.002319	0.000017	0.999987	-0.010437	
246	0.999977	-0.000007	0.014587	0.000007	0.999977	0.004608	
247	0.999986	-0.000010	0.015137	0.000010	0.999986	-0.013580	
248	0.999994	-0.000000	0.009094	0.000000	0.999994	0.025421	
249	1.000001	0.000007	-0.008972	-0.000007	1.000001	0.017426	
250	0.999955	-0.000026	0.042664	0.000026	0.999955	-0.019501	
251	1.000017	-0.000021	-0.019470	0.000021	1.000017	-0.031982	
252	1.000003	-0.000010	0.007141	0.000010	1.000003	-0.054321	
253	1.000027	-0.000049	-0.022278	0.000049	1.000027	-0.099823	
254	1.000028	-0.000016	-0.037720	0.000016	1.000028	-0.055603	
255	0.999996	-0.000052	0.036255	0.000052	0.999996	-0.113068	
256	0.999969	-0.000069	0.086853	0.000069	0.999969	-0.116699	
257	1.000023	-0.000006	0.047546	0.000006	1.000023	-0.083496	
258	1.000017	0.000011	-0.010620	-0.000011	1.000017	0.066742	
259	0.999992	-0.000020	0.004639	0.000020	0.999992	-0.013184	
260	0.999986	-0.000035	-0.016846	0.000035	0.999986	-0.050201	
261	0.999973	-0.000004	0.002808	0.000004	0.999973	-0.038086	
262	1.000019	-0.000028	-0.018005	0.000028	1.000019	-0.051208	
263	1.000030	-0.000036	-0.076660	0.000036	1.000030	-0.042389	
264	1.000014	0.000040	-0.152771	-0.000040	1.000014	-0.000458	
265	1.000002	-0.000033	0.026855	0.000033	1.000002	-0.051361	
266	0.999948	-0.000041	0.081421	0.000041	0.999948	-0.057983	
267	1.000025	-0.000012	0.069946	0.000012	1.000025	-0.013397	
268	1.000010	0.000011	-0.009949	-0.000011	1.000010	0.043152	
269	1.000039	0.000017	-0.052246	-0.000017	1.000039	0.034119	
270	1.000018	-0.000005	-0.026428	0.000005	1.000018	-0.005005	
271	1.000002	0.000028	0.033630	-0.000028	1.000002	0.023041	
272	0.999997	0.000045	0.035156	-0.000045	0.999997	-0.004913	
273	0.999988	0.000007	0.109497	-0.000007	0.999988	-0.046295	
274	0.999992	0.000000	0.049194	-0.000000	0.999992	-0.029114	
275	0.999971	0.000003	0.038635	-0.000003	0.999971	-0.011444	
276	0.999989	-0.000018	0.017273	0.000018	0.999989	-0.021210	
277	0.999968	-0.000011	0.113831	0.000011	0.999968	0.154541	
278	0.999990	-0.000005	0.030212	0.000005	0.999990	-0.012787	
279	0.999971	0.000087	-0.360046	-0.000087	0.999971	0.211273	
280	1.000028	0.000019	-0.025208	-0.000019	1.000028	0.172546	
281	1.000028	-0.000011	0.130310	0.000011	1.000028	0.026855	
282	0.999984	0.000031	0.065857	-0.000031	0.999984	0.025146	
283	0.999973	0.000068	0.010742	-0.000068	0.999973	0.143127	
284	1.000008	0.000064	-0.073120	-0.000064	1.000008	0.155518	
285	0.999972	0.000016	-0.007751	-0.000016	0.999972	0.061890	
286	0.999965	-0.000010	0.029053	0.000010	0.999965	0.045410	
287	0.999988	0.000030	-0.010071	-0.000030	0.999988	0.084259	
288	0.999957	0.000097	-0.062195	-0.000097	0.999957	0.153534	
289	1.000004	0.000015	-0.002502	-0.000015	1.000004	0.033600	
290	0.999974	0.000034	0.041138	-0.000034	0.999974	0.069122	
291	0.999983	-0.000008	0.022156	0.000008	0.999983	0.016693	
292	1.000012	0.000031	-0.012085	-0.000031	1.000012	0.046967	
293	0.999985	0.000010	0.016846	-0.000010	0.999985	0.034607	
294	1.000001	0.000016	-0.001099	-0.000016	1.000001	0.021088	
295	0.999999	0.000016	0.006836	-0.000016	0.999999	0.035095	
296	0.999985	0.000024	0.019714	-0.000024	0.999985	0.025879	
297	0.999996	0.000030	-0.045288	-0.000030	0.999996	0.043243	
298	1.000018	-0.000090	-1.273743	0.000090	1.000018	-0.045837	
299	0.999949	-0.000086	-2.568359	0.000086	0.999949	-0.080750	
300	1.000006	-0.000076	-1.847229	0.000076	1.000006	0.057648	
301	1.000011	-0.000115	-1.547729	0.000115	1.000011	-0.086914	
302	0.999933	-0.000126	-2.207703	0.000126	0.999933	-0.013153	
303	1.000022	-0.000187	-1.975281	0.000187	1.000022	-0.141998	
304	0.999868	-0.000249	-1.792175	0.000249	0.999868	-0.143066	
305	0.999911	-0.000054	-1.827148	0.000054	0.999911	0.024994	
306	0.999928	-0.000065	-0.974976	0.000065	0.999928	0.036896	
307	1.000076	0.000036	-0.856934	-0.000036	1.000076	0.029388	
308	0.999991	-0.000033	-0.312683	0.000033	0.999991	-0.041504	
309	0.999965	-0.000136	-1.023071	0.000136	0.999965	-0.097748	
310	0.999969	-0.000025	-1.251587	0.000025	0.999969	-0.010223	
311	0.999985	-0.000123	-1.042542	0.000123	0.999985	-0.090179	
312	0.999979	-0.000112	-1.669556	0.000112	0.999979	-0.072998	
313	0.999995	-0.000013	-1.400574	0.000013	0.999995	0.017456	
314	1.000027	-0.000132	-1.375244	0.000132	1.000027	-0.066345	
315	1.000008	-0.000088	-1.631104	0.000088	1.000008	-0.032623	
316	1.000021	-0.000062	-1.195068	0.000062	1.000021	-0.004181	
317	1.000001	-0.000099	-1.219788	0.000099	1.000001	-0.096741	
318	0.999972	-0.000086	-1.151184	0.000086	0.999972	-0.038330	
319	1.000037	-0.000191	-1.744812	0.000191	1.000037	-0.212524	
320	1.000041	-0.000185	-2.413391	0.000185	1.000041	-0.131134	
321	1.000093	-0.000199	-2.431091	0.000199	1.000093	-0.167572	
322	1.000080	-0.000222	-2.507996	0.000222	1.000080	-0.171570	
323	1.000052	-0.000217	-2.690002	0.000217	1.000052	-0.178467	
324	1.000072	-0.000080	-0.857300	0.000080	1.000072	-0.046234	
325	1.000124	-0.000371	-3.858154	0.000371	1.000124	-0.337952	
326	1.000066	-0.000079	-0.979004	0.000079	1.000066	-0.097168	
327	1.000104	0.000018	-0.348572	-0.000018	1.000104	-0.020172	
328	1.000000	-0.000083	0.063232	0.000083	1.000000	-0.077393	
329	0.999894	-0.000073	0.421204	0.000073	0.999894	-0.009491	
330	1.000057	-0.000041	0.226440	0.000041	1.000057	-0.038391	
331	0.999962	0.000077	1.164185	-0.000077	0.999962	0.104004	
332	0.999916	0.000083	1.518127	-0.000083	0.999916	0.086304	
333	1.000051	0.000278	2.119080	-0.000278	1.000051	0.208344	
334	0.999993	0.000327	2.529175	-0.000327	0.999993	0.260803	
335	0.999842	0.000461	2.932190	-0.000461	0.999842	0.399384	
336	1.001807	0.000894	3.299561	-0.000894	1.001807	0.053192	
337	1.001518	0.000156	2.913818	-0.000156	1.001518	-0.682556	
338	0.999926	0.000325	4.464233	-0.000325	0.999926	0.271637	
339	1.000102	0.000241	3.752625	-0.000241	1.000102	0.100128	
340	0.999968	0.000193	3.448242	-0.000193	0.999968	0.112061	
341	0.999767	0.000314	3.423767	-0.000314	0.999767	0.301727	
342	1.000033	0.000280	3.488342	-0.000280	1.000033	0.164734	
343	1.000019	0.000224	3.418396	-0.000224	1.000019	0.170746	
344	1.000066	0.000209	3.227295	-0.000209	1.000066	0.165741	
345	1.000076	0.000140	3.062073	-0.000140	1.000076	0.092072	
346	1.000064	0.000290	3.439209	-0.000290	1.000064	0.228271	
347	1.000003	0.000263	2.916748	-0.000263	1.000003	0.183472	
348	1.000007	0.000254	3.491089	-0.000254	1.000007	0.240204	
349	1.000088	0.000235	3.307495	-0.000235	1.000088	0.189392	
350	1.000070	0.000231	3.160645	-0.000231	1.000070	0.085419	
351	0.999970	0.000182	2.643616	-0.000182	0.999970	0.113068	
352	1.000127	0.000245	2.817139	-0.000245	1.000127	0.109436	
353	1.000062	0.000273	3.272766	-0.000273	1.000062	0.204773	
354	1.000067	0.000182	2.602905	-0.000182	1.000067	0.142609	
355	1.000083	0.000183	2.058228	-0.000183	1.000083	0.078430	
356	1.000034	0.000179	1.652527	-0.000179	1.000034	0.098602	
357	0.999975	0.000046	0.838257	-0.000046	0.999975	0.039948	
358	1.000123	-0.000006	0.483765	0.000006	1.000123	-0.013428	
359	1.000013	0.000013	0.184875	-0.000013	1.000013	0.024414	
360	0.999942	0.000057	0.164795	-0.000057	0.999942	0.055542	
361	0.999937	0.000065	0.132324	-0.000065	0.999937	0.034790	
362	0.999936	0.000057	0.140808	-0.000057	0.999936	0.040436	
363	0.999951	0.000070	0.105042	-0.000070	0.999951	0.052307	
364	0.999999	0.000107	0.072510	-0.000107	0.999999	0.032715	
365	0.999974	-0.000004	0.075928	0.000004	0.999974	-0.034790	
366	1.000035	-0.000042	0.095520	0.000042	1.000035	-0.043243	
367	1.000003	0.000003	0.105347	-0.000003	1.000003	-0.022644	
368	0.999961	0.000019	0.141296	-0.000019	0.999961	0.016998	
369	1.000023	0.000045	0.020874	-0.000045	1.000023	0.053680	
370	0.999979	0.000016	0.140503	-0.000016	0.999979	0.084656	
371	1.000012	-0.000013	-0.008362	0.000013	1.000012	0.018890	
372	0.999992	-0.000036	0.044922	0.000036	0.999992	-0.038330	
373	1.000009	-0.000012	0.065125	0.000012	1.000009	-0.028229	
374	1.000021	-0.000010	0.021301	0.000010	1.000021	0.010651	
375	1.000020	-0.000016	0.037659	0.000016	1.000020	0.004486	
376	0.999962	-0.000029	-0.020081	0.000029	0.999962	-0.030823	
377	1.000010	0.000019	0.024231	-0.000019	1.000010	0.009949	
378	0.999985	0.000017	0.081116	-0.000017	0.999985	0.038818	
379	1.000059	-0.000007	0.153198	0.000007	1.000059	0.000336	
380	1.000018	-0.000066	0.375305	0.000066	1.000018	-0.043335	
381	0.999996	-0.000053	0.331055	0.000053	0.999996	-0.072418	
382	0.999972	-0.000014	0.736023	0.000014	0.999972	0.019897	
383	0.999984	0.000064	0.447388	-0.000064	0.999984	0.062592	
384	1.000019	0.000089	0.250122	-0.000089	1.000019	0.052338	
385	0.999996	0.000080	0.099243	-0.000080	0.999996	0.057495	
386	1.000003	0.000006	0.016357	-0.000006	1.000003	0.000244	
387	1.000013	-0.000043	-0.006836	0.000043	1.000013	-0.035889	
388	1.000022	-0.000035	-0.024963	0.000035	1.000022	-0.031586	
389	1.000016	-0.000031	-0.032532	0.000031	1.000016	-0.022736	
390	1.000015	-0.000003	0.033752	0.000003	1.000015	-0.036316	
391	0.999932	-0.000022	0.166382	0.000022	0.999932	-0.001495	
392	1.000042	0.000044	-0.015625	-0.000044	1.000042	0.023865	
393	1.000013	-0.000006	-0.025818	0.000006	1.000013	-0.033386	
394	0.999989	0.000016	-0.012939	-0.000016	0.999989	-0.008698	
395	0.999990	0.000017	0.011536	-0.000017	0.999990	0.007263	
396	0.999991	0.000007	0.005615	-0.000007	0.999991	-0.012726	
397	0.999996	0.000028	0.025269	-0.000028	0.999996	0.022980	
398	0.999995	-0.000007	0.032227	0.000007	0.999995	-0.002319	
399	1.000030	-0.000033	0.019531	0.000033	1.000030	-0.040192	
400	1.000010	-0.000013	0.062866	0.000013	1.000010	-0.024170	
401	1.000013	0.000006	0.022217	-0.000006	1.000013	0.013794	
402	1.000036	0.000006	0.048950	-0.000006	1.000036	-0.005585	
403	1.000027	0.000064	0.028076	-0.000064	1.000027	0.018768	
404	1.000007	0.000065	0.043884	-0.000065	1.000007	0.024536	
405	0.999987	0.000050	0.017761	-0.000050	0.999987	0.020477	
406	0.999997	0.000072	-0.074280	-0.000072	0.999997	0.051178	
407	0.999971	0.000002	-0.032715	-0.000002	0.999971	0.004456	
408	0.999970	0.000005	-0.018250	-0.000005	0.999970	-0.012329	
409	1.000004	0.000019	-0.006714	-0.000019	1.000004	0.026886	
410	1.000001	0.000013	-0.021973	-0.000013	1.000001	0.010498	
411	0.999996	0.000008	-0.026062	-0.000008	0.999996	-0.009674	
412	1.000033	0.000029	-0.240662	-0.000029	1.000033	0.025452	
413	1.000028	0.000023	-0.399902	-0.000023	1.000028	-0.003754	
414	0.999989	0.000035	-0.610107	-0.000035	0.999989	0.005890	
415	0.999998	-0.000006	-0.463623	0.000006	0.999998	-0.003296	
416	1.000030	0.000019	-0.440369	-0.000019	1.000030	-0.000763	
417	0.999971	-0.000060	-0.357178	0.000060	0.999971	-0.034302	
418	0.999952	0.000005	-0.001038	-0.000005	0.999952	-0.000488	
419	0.999938	0.000061	-0.157654	-0.000061	0.999938	0.093964	
420	0.997561	-0.000015	1.343994	0.000015	0.997561	1.383301	
421	0.995352	0.000018	3.310608	-0.000018	0.995352	2.514069	
422	0.984448	-0.000062	10.891541	0.000062	0.984448	8.356506	
423	0.984245	-0.000024	11.029358	0.000024	0.984245	8.607239	
424	0.985956	-0.000021	9.764099	0.000021	0.985956	7.711182	
425	0.988838	-0.000047	7.487305	0.000047	0.988838	6.107086	
426	0.991686	-0.000019	5.558350	0.000019	0.991686	4.557373	
427	0.994419	-0.000032	3.478394	0.000032	0.994419	3.049408	
428	0.997521	-0.000052	1.288818	0.000052	0.997521	1.364868	
429	0.999587	-0.000014	0.141296	0.000014	0.999587	0.200928	
430	0.999812	0.000037	-0.091736	-0.000037	0.999812	0.127563	
431	0.999858	-0.000004	-0.310120	0.000004	0.999858	0.089630	
432	1.000085	-0.000018	-0.511292	0.000018	1.000085	-0.057098	
433	0.999954	-0.000012	-0.229248	0.000012	0.999954	0.021332	
434	0.999934	-0.000011	-0.314392	0.000011	0.999934	0.025116	
435	0.999903	-0.000001	-0.367737	0.000001	0.999903	0.027374	
436	1.000130	-0.000044	-0.753662	0.000044	1.000130	-0.104034	
437	0.999948	-0.000086	-0.818420	0.000086	0.999948	-0.005127	
438	0.999970	-0.000038	-0.701904	0.000038	0.999970	-0.013184	
439	1.000020	-0.000019	-0.511047	0.000019	1.000020	-0.026428	
440	0.999980	-0.000001	-0.070618	0.000001	0.999980	-0.009613	
441	1.000006	0.000023	-0.116028	-0.000023	1.000006	0.034271	
442	1.000007	-0.000054	-0.425232	0.000054	1.000007	-0.000732	
443	1.000027	-0.000090	-0.971863	0.000090	1.000027	-0.045197	
444	1.000049	-0.000110	-1.372253	0.000110	1.000049	-0.090210	
445	1.000008	-0.000137	-1.656921	0.000137	1.000008	-0.103912	
446	1.000031	-0.000075	-1.539856	0.000075	1.000031	-0.092957	
447	1.000061	-0.000138	-1.255615	0.000138	1.000061	-0.119751	
448	0.999978	-0.000070	-1.212402	0.000070	0.999978	-0.001892	
449	1.000079	-0.000041	-1.190857	0.000041	1.000079	-0.053650	
450	0.999958	-0.000016	-0.476440	0.000016	0.999958	0.030579	
451	1.000004	-0.000054	0.075623	0.000054	1.000004	-0.026917	
452	1.000027	-0.000026	-0.017883	0.000026	1.000027	-0.012268	
453	1.000005	0.000003	-0.012756	-0.000003	1.000005	0.013824	
454	0.999979	-0.000001	0.011963	0.000001	0.999979	0.008118	
455	0.999979	-0.000024	0.026184	0.000024	0.999979	0.001068	
456	0.995588	-0.000116	3.239258	0.000116	0.995588	2.295471	
457	0.991175	0.000018	6.398560	-0.000018	0.991175	4.899109	
458	0.986506	-0.000045	9.749695	0.000045	0.986506	7.327637	
459	0.983423	0.000012	12.012695	-0.000012	0.983423	9.123871	
460	0.985377	-0.000001	10.629822	0.000001	0.985377	8.039215	
461	0.988410	0.000035	8.392029	-0.000035	0.988410	6.422943	
462	0.991484	0.000066	6.131470	-0.000066	0.991484	4.778107	
463	0.996153	-0.000030	2.760315	0.000030	0.996153	2.085571	
464	0.996768	-0.000026	2.327576	0.000026	0.996768	1.766113	
465	0.999499	0.000004	0.369873	-0.000004	0.999499	0.272369	
466	0.999905	-0.000010	0.073303	0.000010	0.999905	0.027740	
467	0.999943	0.000011	0.038452	-0.000011	0.999943	0.028076	
468	0.999978	-0.000008	0.011902	0.000008	0.999978	0.003510	
469	0.999968	0.000012	0.023987	-0.000012	0.999968	0.027069	
470	0.999993	0.000014	-0.007751	-0.000014	0.999993	0.014771	
471	0.999980	0.000016	-0.002625	-0.000016	0.999980	0.006226	
472	0.999947	0.000012	-0.006287	-0.000012	0.999947	0.035950	
473	0.999914	-0.000020	-0.121277	0.000020	0.999914	0.016388	
474	0.999908	0.000011	-0.083191	-0.000011	0.999908	0.028046	
475	1.000006	-0.000008	-0.069336	0.000008	1.000006	-0.017944	
476	0.999985	-0.000034	0.014099	0.000034	0.999985	-0.038208	
477	0.999996	-0.000016	0.010803	0.000016	0.999996	-0.013641	
478	0.998826	-0.000031	0.931763	0.000031	0.998826	0.657593	
479	0.991338	-0.000001	6.289124	0.000001	0.991338	4.747131	
480	0.988661	0.000023	8.170288	-0.000023	0.988661	6.284607	
481	0.984532	-0.000059	11.200745	0.000059	0.984532	8.463715	
482	0.980557	-0.000051	14.032104	0.000051	0.980557	10.701447	
483	0.977490	0.000036	16.261047	-0.000036	0.977490	12.439423	
484	0.977658	-0.000006	16.040283	0.000006	0.977658	12.362244	
485	0.978115	-0.000065	15.814453	0.000065	0.978115	12.065002	
486	0.978034	-0.000077	15.812683	0.000077	0.978034	12.079407	
487	0.978686	-0.000092	15.413757	0.000092	0.978686	11.779236	
488	0.987094	-0.000076	9.227234	0.000076	0.987094	7.070435	
489	0.981073	-0.000119	13.741272	0.000119	0.981073	10.391174	
490	0.989580	-0.000168	7.738831	0.000168	0.989580	5.562897	
491	0.993739	-0.000077	4.518860	0.000077	0.993739	3.454620	
492	0.998361	0.000013	1.125610	-0.000013	0.998361	0.993835	
493	0.999995	-0.000031	-0.031616	0.000031	0.999995	0.004120	
494	0.999989	-0.000059	-0.011230	0.000059	0.999989	0.008789	
495	0.999967	-0.000016	0.100708	0.000016	0.999967	0.046844	
496	0.999972	-0.000022	0.290833	0.000022	0.999972	0.051819	
497	1.000010	-0.000005	0.699097	0.000005	1.000010	0.020447	
498	0.999973	0.000030	0.691711	-0.000030	0.999973	0.048828	
499	1.000044	0.000062	0.918762	-0.000062	1.000044	0.041168	
500	0.999948	0.000038	0.977539	-0.000038	0.999948	0.048431	
501	1.000009	0.000103	1.564270	-0.000103	1.000009	0.033112	
502	1.000020	0.000116	1.557190	-0.000116	1.000020	0.076050	
503	0.999977	0.000061	0.914246	-0.000061	0.999977	-0.005432	
504	0.999984	0.000058	1.125793	-0.000058	0.999984	0.024078	
505	1.000001	0.000079	0.842041	-0.000079	1.000001	0.078339	
506	1.000030	0.000070	0.574951	-0.000070	1.000030	0.069946	
507	1.000006	0.000050	0.664551	-0.000050	1.000006	0.077667	
508	0.999940	0.000077	0.379761	-0.000077	0.999940	0.201965	
509	1.000038	0.000011	0.465088	-0.000011	1.000038	0.015778	
510	1.002153	0.000055	-0.835388	-0.000055	1.002153	-1.140930	
511	1.007342	0.000005	-4.831848	-0.000005	1.007342	-4.032867	
512	1.010978	-0.000079	-7.633423	0.000079	1.010978	-6.092438	
513	1.015494	-0.000065	-11.077515	0.000065	1.015494	-8.561768	
514	1.018697	0.000046	-13.415588	-0.000046	1.018697	-10.244965	
515	1.014780	-0.000052	-10.492188	0.000052	1.014780	-8.175140	
516	1.029216	-0.000044	-20.654907	0.000044	1.029216	-16.117279	
517	1.022834	0.000094	-15.742493	-0.000094	1.022834	-12.473785	
518	1.020503	0.000033	-14.044922	-0.000033	1.020503	-11.263947	
519	1.016567	0.000012	-11.238586	-0.000012	1.016567	-9.136688	
520	1.012332	0.000052	-7.819214	-0.000052	1.012332	-6.776093	
521	1.007977	0.000057	-4.562439	-0.000057	1.007977	-4.313934	
522	1.002742	0.000098	-1.091980	-0.000098	1.002742	-1.497589	
523	1.001193	0.000137	1.414978	-0.000137	1.001193	-0.550140	
524	1.000027	0.000132	1.719116	-0.000132	1.000027	0.109924	
525	1.000035	0.000034	1.230835	-0.000034	1.000035	0.004242	
526	1.000026	0.000035	0.530579	-0.000035	1.000026	-0.011200	
527	1.000028	0.000002	0.525818	-0.000002	1.000028	0.000397	
528	0.999892	0.000113	1.348022	-0.000113	0.999892	0.116699	
529	1.000052	0.000073	0.875488	-0.000073	1.000052	-0.018738	
530	0.999893	0.000117	1.861633	-0.000117	0.999893	0.069122	
531	0.999935	0.000059	1.108154	-0.000059	0.999935	0.048279	
532	1.000016	0.000067	0.962463	-0.000067	1.000016	0.024933	
533	0.999984	-0.000004	0.718323	0.000004	0.999984	-0.009705	
534	1.000097	0.000019	0.281677	-0.000019	1.000097	-0.060211	
535	0.999982	0.000053	0.593567	-0.000053	0.999982	0.041138	
536	0.999969	-0.000012	0.273560	0.000012	0.999969	-0.016937	
537	0.999967	-0.000000	0.198059	0.000000	0.999967	-0.007568	
538	1.000042	0.000023	0.325500	-0.000023	1.000042	-0.018250	
539	0.999958	0.000092	1.000183	-0.000092	0.999958	0.083771	
540	0.999911	0.000064	1.279846	-0.000064	0.999911	0.061676	
541	1.000090	0.000030	0.777588	-0.000030	1.000090	-0.037750	
542	1.000001	0.000054	0.625671	-0.000054	1.000001	0.026062	
543	0.999881	0.000043	0.499207	-0.000043	0.999881	0.087280	
544	0.999995	0.000036	0.143005	-0.000036	0.999995	0.013641	
545	1.000054	-0.000009	0.099609	0.000009	1.000054	-0.066254	
546	1.000037	-0.000045	0.125549	0.000045	1.000037	-0.034607	
547	1.000027	-0.000044	0.209839	0.000044	1.000027	-0.045410	
548	0.999942	-0.000033	0.456482	0.000033	0.999942	-0.035706	
549	0.999974	-0.000011	0.513855	0.000011	0.999974	0.006104	
550	1.000050	-0.000000	0.315369	0.000000	1.000050	-0.032623	
551	0.999887	0.000005	0.414673	-0.000005	0.999887	0.049500	
552	1.000055	0.000021	0.179077	-0.000021	1.000055	-0.044586	
553	1.000026	-0.000003	0.233337	0.000003	1.000026	-0.034851	
554	1.000007	-0.000006	0.344421	0.000006	1.000007	-0.005585	
555	1.000035	-0.000016	0.390137	0.000016	1.000035	-0.025696	
556	0.999971	0.000005	0.478516	-0.000005	0.999971	0.023499	
557	0.999937	-0.000009	0.451355	0.000009	0.999937	0.019440	
558	1.000013	0.000006	0.706177	-0.000006	1.000013	-0.010193	
559	0.999982	0.000005	0.336121	-0.000005	0.999982	-0.029297	
560	1.000030	0.000035	0.268005	-0.000035	1.000030	-0.002930	
561	0.999993	0.000030	0.151184	-0.000030	0.999993	0.047455	
562	0.999988	0.000057	0.104248	-0.000057	0.999988	0.054779	
563	1.000027	0.000039	0.050842	-0.000039	1.000027	0.028290	
564	1.000026	0.000019	0.054688	-0.000019	1.000026	0.025299	
565	0.999982	-0.000070	0.170410	0.000070	0.999982	-0.010773	
566	0.999976	-0.000035	0.248413	0.000035	0.999976	0.008636	
567	0.999958	0.000004	0.189697	-0.000004	0.999958	0.040009	
568	0.999953	0.000027	0.191162	-0.000027	0.999953	0.045929	
569	0.999981	0.000010	0.071960	-0.000010	0.999981	0.009155	
570	1.000008	0.000024	0.002441	-0.000024	1.000008	0.024078	
571	1.000015	0.000026	-0.020996	-0.000026	1.000015	-0.011078	
572	1.000005	-0.000022	0.012329	0.000022	1.000005	-0.030579	
573	0.999975	-0.000026	-0.001160	0.000026	0.999975	-0.013733	
574	1.000011	0.000011	-0.045532	-0.000011	1.000011	0.010864	
575	0.999997	-0.000009	-0.028748	0.000009	0.999997	-0.022491	
576	1.000043	0.000004	-0.035889	-0.000004	1.000043	-0.020203	
577	1.000072	0.000010	-0.055298	-0.000010	1.000072	-0.039398	
578	1.000045	0.000014	-0.023438	-0.000014	1.000045	-0.034058	
579	0.999999	0.000000	-0.010132	-0.000000	0.999999	-0.021606	
580	0.999983	-0.000003	-0.018677	0.000003	0.999983	-0.030121	
581	0.999946	0.000011	-0.022156	-0.000011	0.999946	0.002747	
582	0.999976	-0.000003	-0.010193	0.000003	0.999976	0.009979	
583	0.999987	0.000009	-0.021423	-0.000009	0.999987	0.028168	
584	0.999987	0.000017	-0.006714	-0.000017	0.999987	0.034363	
585	0.999981	0.000007	-0.046387	-0.000007	0.999981	0.013885	
586	0.999992	-0.000006	-0.071289	0.000006	0.999992	0.007599	
587	1.000001	0.000007	-0.054932	-0.000007	1.000001	0.009979	
588	1.000092	-0.000002	-0.169495	0.000002	1.000092	-0.045532	
589	1.000031	0.000001	-0.036987	-0.000001	1.000031	-0.002594	
590	1.000008	0.000006	-0.012634	-0.000006	1.000008	-0.026917	
591	1.000023	0.000002	-0.045837	-0.000002	1.000023	0.015839	
592	1.000001	-0.000026	-0.022278	0.000026	1.000001	-0.024231	
593	1.000021	-0.000014	-0.028809	0.000014	1.000021	-0.040894	
594	0.999998	-0.000019	0.021057	0.000019	0.999998	-0.004913	
595	1.000007	-0.000017	-0.004944	0.000017	1.000007	-0.022919	
596	1.000015	-0.000033	-0.018127	0.000033	1.000015	-0.046204	
597	1.000021	-0.000030	-0.014404	0.000030	1.000021	-0.028717	
598	1.000034	-0.000033	-0.032410	0.000033	1.000034	-0.032166	
599	1.000015	-0.000011	-0.003601	0.000011	1.000015	-0.033478	
600	1.000032	-0.000019	-0.024658	0.000019	1.000032	-0.026093	
601	1.000022	-0.000003	-0.009155	0.000003	1.000022	0.001190	
602	1.000004	0.000020	0.022583	-0.000020	1.000004	0.029022	
603	1.000006	0.000027	0.021423	-0.000027	1.000006	0.035828	
604	0.999971	0.000051	0.037781	-0.000051	0.999971	0.058899	
605	0.999988	0.000019	0.006287	-0.000019	0.999988	0.006409	
606	0.999999	0.000022	0.006104	-0.000022	0.999999	0.020874	
607	0.999955	-0.000006	0.054688	0.000006	0.999955	-0.010529	
608	0.999981	0.000032	0.001709	-0.000032	0.999981	0.024200	
609	0.999960	0.000027	-0.039917	-0.000027	0.999960	0.028564	
610	0.999655	-0.000003	0.094604	0.000003	0.999655	0.173767	
611	0.994265	0.000014	3.968933	-0.000014	0.994265	3.163605	
612	0.989897	0.000006	7.267212	-0.000006	0.989897	5.496002	
613	0.985924	-0.000030	10.068481	0.000030	0.985924	7.644592	
614	0.981697	-0.000028	13.146362	0.000028	0.981697	9.960449	
615	0.978154	-0.000030	15.538025	0.000030	0.978154	11.960083	
616	0.980493	-0.000016	13.427917	0.000016	0.980493	10.718994	
617	0.984125	-0.000105	11.251892	0.000105	0.984125	8.729218	
618	0.988122	-0.000036	8.598145	0.000036	0.988122	6.517456	
619	0.992125	0.000051	5.688171	-0.000051	0.992125	4.366150	
620	0.996570	-0.000036	2.508728	0.000036	0.996570	1.814789	
621	0.999755	-0.000026	0.160522	0.000026	0.999755	0.136017	
622	0.999945	-0.000020	0.029724	0.000020	0.999945	0.017303	
623	0.999941	0.000001	0.031189	-0.000001	0.999941	0.033722	
624	0.999923	0.000008	0.029114	-0.000008	0.999923	0.042145	
625	0.999990	0.000012	0.009583	-0.000012	0.999990	0.014771	
626	1.000005	0.000007	-0.007385	-0.000007	1.000005	0.015472	
627	1.000009	0.000008	0.009644	-0.000008	1.000009	0.011230	
628	1.000017	0.000008	-0.005371	-0.000008	1.000017	0.005951	
629	0.999991	-0.000003	0.010376	0.000003	0.999991	0.014557	
630	0.999916	-0.000016	0.078613	0.000016	0.999916	0.052765	
631	0.999976	-0.000032	0.026855	0.000032	0.999976	-0.008545	
632	0.999985	-0.000014	0.019653	0.000014	0.999985	-0.014191	
633	0.999997	0.000009	-0.004761	-0.000009	0.999997	0.006195	
634	0.999938	0.000025	-0.094604	-0.000025	0.999938	0.049469	
635	1.000018	0.000050	-0.472168	-0.000050	1.000018	0.036499	
636	0.999990	-0.000007	-0.606934	0.000007	0.999990	-0.021606	
637	1.000034	0.000018	-0.513245	-0.000018	1.000034	-0.009796	
638	1.000010	-0.000049	-0.814453	0.000049	1.000010	-0.024078	
639	0.999984	-0.000049	-0.926331	0.000049	0.999984	-0.013062	
640	1.000015	-0.000059	-0.716431	0.000059	1.000015	-0.048737	
641	1.000034	-0.000065	-0.798889	0.000065	1.000034	-0.101196	
642	0.999976	-0.000043	-0.818115	0.000043	0.999976	-0.040070	
643	0.999935	-0.000047	-0.524719	0.000047	0.999935	-0.008850	
644	0.999983	-0.000080	-0.740967	0.000080	0.999983	-0.015625	
645	1.000001	-0.000030	-0.742493	0.000030	1.000001	-0.032898	
646	1.000035	-0.000025	-0.524353	0.000025	1.000035	-0.054718	
647	0.999997	-0.000055	-0.642883	0.000055	0.999997	-0.035034	
648	1.000002	-0.000080	-0.861389	0.000080	1.000002	-0.023956	
649	1.000033	-0.000036	-1.040039	0.000036	1.000033	-0.010986	
650	0.999978	-0.000062	-0.829346	0.000062	0.999978	-0.004395	
651	1.000010	-0.000050	-0.726379	0.000050	1.000010	-0.019226	
652	1.000016	0.000008	-0.450989	-0.000008	1.000016	-0.014648	
653	0.999923	-0.000006	-0.204468	0.000006	0.999923	0.023163	
654	0.999946	-0.000042	-0.021912	0.000042	0.999946	-0.021484	
655	1.000003	-0.000069	0.073425	0.000069	1.000003	-0.053192	
656	0.999991	-0.000039	0.036499	0.000039	0.999991	-0.040283	
657	0.999988	-0.000038	0.003784	0.000038	0.999988	-0.015137	
658	0.999987	-0.000031	-0.017700	0.000031	0.999987	0.010681	
659	0.999956	0.000011	-0.023071	-0.000011	0.999956	0.037170	
660	0.999963	0.000004	-0.033203	-0.000004	0.999963	0.003845	
661	0.999940	0.000021	-0.041321	-0.000021	0.999940	0.003052	
662	0.999956	-0.000003	0.004883	0.000003	0.999956	0.007019	
663	0.999963	-0.000005	-0.001587	0.000005	0.999963	0.015137	
664	0.999954	0.000004	0.022400	-0.000004	0.999954	0.028442	
665	0.999957	0.000023	0.015747	-0.000023	0.999957	0.041443	
666	0.999960	0.000033	0.025574	-0.000033	0.999960	0.040588	
667	0.999950	0.000038	0.046204	-0.000038	0.999950	0.036072	
668	0.999957	0.000021	0.037720	-0.000021	0.999957	0.038452	
669	0.999965	0.000043	0.020691	-0.000043	0.999965	0.063965	
670	0.999984	-0.000005	-0.002930	0.000005	0.999984	0.019775	
671	0.999986	-0.000015	-0.015015	0.000015	0.999986	0.017578	
672	1.000004	-0.000016	-0.014709	0.000016	1.000004	0.000549	
673	1.000020	-0.000002	-0.028076	0.000002	1.000020	0.014618	
674	1.000006	-0.000001	-0.008789	0.000001	1.000006	0.018494	
675	1.000009	-0.000001	-0.008728	0.000001	1.000009	0.026855	
676	1.000007	-0.000007	-0.015320	0.000007	1.000007	-0.011963	
677	1.000002	-0.000004	-0.000244	0.000004	1.000002	-0.013489	
678	1.000011	-0.000004	-0.003784	0.000004	1.000011	-0.016357	
679	1.000008	0.000012	-0.001587	-0.000012	1.000008	0.001495	
680	1.000001	-0.000000	-0.007263	0.000000	1.000001	-0.010193	
681	0.999993	0.000011	0.008789	-0.000011	0.999993	0.005157	
682	1.000012	0.000013	-0.002258	-0.000013	1.000012	-0.000610	
683	0.999988	-0.000007	0.001038	0.000007	0.999988	0.013214	
684	1.000013	-0.000013	-0.096313	0.000013	1.000013	-0.042175	
685	1.000000	0.000013	0.002808	-0.000013	1.000000	0.008209	
686	1.000009	-0.000026	-0.006470	0.000026	1.000009	-0.018341	
687	1.000026	-0.000013	-0.021973	0.000013	1.000026	-0.006622	
688	1.000024	0.000036	-0.013367	-0.000036	1.000024	0.025787	
689	0.999999	0.000030	-0.006714	-0.000030	0.999999	0.033936	
690	1.000008	0.000023	-0.002686	-0.000023	1.000008	0.006592	
691	0.999983	0.000011	0.007446	-0.000011	0.999983	0.010315	
692	1.000004	0.000007	-0.030090	-0.000007	1.000004	-0.007751	
693	0.999984	0.000009	-0.035461	-0.000009	0.999984	0.015228	
694	1.000020	-0.000003	-0.066101	0.000003	1.000020	-0.014679	
695	0.999967	-0.000006	-0.028564	0.000006	0.999967	-0.001526	
696	0.999979	-0.000006	-0.026611	0.000006	0.999979	-0.010742	
697	0.999981	-0.000029	0.005798	0.000029	0.999981	-0.026245	
698	0.999999	-0.000029	-0.010498	0.000029	0.999999	-0.031433	
699	1.000011	0.000002	0.007324	-0.000002	1.000011	-0.003967	
700	1.000041	0.000010	-0.019226	-0.000010	1.000041	-0.010742	
701	1.000005	-0.000003	-0.010620	0.000003	1.000005	0.008667	
702	1.000021	-0.000032	-0.007446	0.000032	1.000021	-0.029297	
703	1.000032	-0.000011	-0.020691	0.000011	1.000032	0.000305	
704	1.000012	0.000002	0.007751	-0.000002	1.000012	-0.010925	
705	1.000016	0.000003	-0.001709	-0.000003	1.000016	-0.016602	
706	0.999994	0.000004	0.006409	-0.000004	0.999994	-0.016113	
707	1.000006	0.000013	-0.005676	-0.000013	1.000006	-0.009338	
708	1.000002	0.000004	0.011902	-0.000004	1.000002	-0.011719	
709	0.999998	0.000007	-0.001343	-0.000007	0.999998	-0.014191	
710	1.000008	-0.000012	0.004150	0.000012	1.000008	0.004639	
711	0.999983	0.000017	0.033447	-0.000017	0.999983	0.025146	
712	0.999980	-0.000010	0.031860	0.000010	0.999980	0.013672	
713	0.999977	0.000003	0.013794	-0.000003	0.999977	-0.014069	
714	0.999983	0.000005	0.003906	-0.000005	0.999983	-0.012909	
715	0.999999	0.000011	0.010559	-0.000011	0.999999	0.000610	
716	0.999994	0.000002	0.009155	-0.000002	0.999994	0.003387	
717	1.000002	-0.000003	-0.000366	0.000003	1.000002	0.008698	
718	0.999996	0.000001	0.005554	-0.000001	0.999996	0.011047	
719	1.000023	-0.000003	-0.031067	0.000003	1.000023	-0.003723	
720	1.000015	0.000008	-0.005005	-0.000008	1.000015	0.019409	
721	1.000010	-0.000003	0.007141	0.000003	1.000010	-0.000488	
722	0.999989	-0.000014	0.020813	0.000014	0.999989	-0.009033	
723	0.999977	-0.000006	0.025146	0.000006	0.999977	-0.024231	
724	0.999970	0.000014	0.025818	-0.000014	0.999970	0.026001	
725	0.999999	0.000004	-0.004272	-0.000004	0.999999	-0.010925	
726	1.000010	-0.000007	-0.006348	0.000007	1.000010	0.007568	
727	0.999999	-0.000013	-0.022156	0.000013	0.999999	-0.019958	
728	0.999976	0.000002	-0.042480	-0.000002	0.999976	0.016205	
729	0.999983	-0.000007	-0.064880	0.000007	0.999983	0.002716	
730	0.999993	-0.000011	-0.052917	0.000011	0.999993	0.011414	
731	0.999998	-0.000017	-0.039001	0.000017	0.999998	0.002777	
732	0.999996	-0.000009	-0.075256	0.000009	0.999996	-0.003906	
733	1.000000	0.000002	-0.029663	-0.000002	1.000000	0.009064	
734	1.000019	-0.000004	-0.052734	0.000004	1.000019	-0.006561	
735	1.000012	-0.000013	-0.012817	0.000013	1.000012	-0.012360	
736	1.000023	-0.000031	-0.001404	0.000031	1.000023	-0.020538	
737	1.000005	-0.000040	0.053040	0.000040	1.000005	-0.028564	
738	1.000020	-0.000024	0.163269	0.000024	1.000020	0.001404	
739	1.000003	-0.000048	0.429688	0.000048	1.000003	-0.033936	
740	1.000014	0.000007	0.564392	-0.000007	1.000014	-0.045593	
741	0.999992	-0.000011	0.715149	0.000011	0.999992	-0.022644	
742	0.999941	0.000018	0.249573	-0.000018	0.999941	0.029999	
743	0.999996	0.000032	0.031799	-0.000032	0.999996	0.012543	
744	0.999981	0.000026	0.013855	-0.000026	0.999981	0.014648	
745	1.000001	0.000015	-0.015015	-0.000015	1.000001	-0.015350	
746	0.999968	0.000056	-0.067749	-0.000056	0.999968	0.051239	
747	0.999978	0.000035	-0.114929	-0.000035	0.999978	0.040131	
748	0.999992	0.000030	-0.085266	-0.000030	0.999992	0.015381	
749	0.999997	0.000009	-0.027039	-0.000009	0.999997	0.004761	
750	0.999999	0.000026	0.000183	-0.000026	0.999999	0.012451	
751	1.000004	0.000027	0.009705	-0.000027	1.000004	0.012451	
752	0.999999	0.000020	-0.020508	-0.000020	0.999999	0.033325	
753	1.000008	0.000009	-0.005554	-0.000009	1.000008	0.016479	
754	1.000007	0.000017	0.000488	-0.000017	1.000007	0.030640	
755	0.999999	0.000008	0.013062	-0.000008	0.999999	0.005585	
756	0.999984	0.000009	0.008728	-0.000009	0.999984	0.014648	
757	1.000000	-0.000006	-0.001648	0.000006	1.000000	-0.009735	
758	1.000003	0.000004	-0.005493	-0.000004	1.000003	0.004822	
759	1.000015	0.000003	-0.016113	-0.000003	1.000015	0.001343	
760	1.000007	0.000001	-0.007629	-0.000001	1.000007	0.001801	
761	1.000011	0.000009	-0.010010	-0.000009	1.000011	0.013336	
762	1.000004	0.000008	-0.007202	-0.000008	1.000004	0.020630	
763	0.999992	0.000003	0.002991	-0.000003	0.999992	0.005188	
764	1.000050	0.000035	-0.087524	-0.000035	1.000050	0.023346	
765	0.999994	-0.000001	0.011169	0.000001	0.999994	0.000427	
766	1.003554	-0.000032	-2.544800	0.000032	1.003554	-2.007996	
767	1.008804	0.000025	-6.416992	-0.000025	1.008804	-4.776520	
768	1.012208	0.000009	-8.856445	-0.000009	1.012208	-6.702209	
769	1.015721	-0.000038	-11.298035	0.000038	1.015721	-8.682617	
770	1.013907	0.000057	-10.032532	-0.000057	1.013907	-7.555817	
771	1.011306	-0.000027	-8.231689	0.000027	1.011306	-6.174072	
772	1.008312	-0.000045	-5.905151	0.000045	1.008312	-4.611145	
773	1.005220	0.000032	-3.812927	-0.000032	1.005220	-2.805023	
774	1.002179	0.000010	-1.543335	-0.000010	1.002179	-1.174927	
775	1.000215	0.000002	-0.161926	-0.000002	1.000215	-0.113037	
776	1.000059	-0.000001	-0.032959	0.000001	1.000059	-0.024536	
777	1.000032	-0.000012	-0.031616	0.000012	1.000032	-0.047180	
778	1.000022	-0.000011	-0.005188	0.000011	1.000022	-0.030334	
779	1.000003	-0.000002	0.010132	0.000002	1.000003	-0.005554	
780	1.000060	-0.000018	0.019653	0.000018	1.000060	-0.037079	
781	1.000036	0.000002	0.018616	-0.000002	1.000036	-0.017731	
782	1.000048	-0.000009	0.009094	0.000009	1.000048	-0.017090	
783	1.000033	-0.000006	-0.032410	0.000006	1.000033	-0.031464	
784	0.999996	-0.000007	0.000061	0.000007	0.999996	0.007355	
785	1.000011	-0.000020	-0.018921	0.000020	1.000011	-0.026825	
786	1.000009	-0.000038	0.002808	0.000038	1.000009	-0.041779	
787	1.000018	0.000000	-0.019165	-0.000000	1.000018	-0.017975	
788	0.999999	0.000001	0.001465	-0.000001	0.999999	-0.004120	
789	0.999992	-0.000016	0.010925	0.000016	0.999992	-0.037384	
790	0.999994	-0.000026	0.007629	0.000026	0.999994	-0.034668	
791	1.000027	0.000012	0.016235	-0.000012	1.000027	-0.015686	
792	0.999994	-0.000046	0.232056	0.000046	0.999994	-0.040070	
793	1.000077	-0.000033	0.072754	0.000033	1.000077	-0.072113	
794	1.000036	-0.000022	0.076233	0.000022	1.000036	-0.042145	
795	1.000012	0.000013	0.091187	-0.000013	1.000012	0.028870	
796	0.999991	-0.000004	0.115967	0.000004	0.999991	0.023499	
797	0.999979	0.000004	0.191467	-0.000004	0.999979	0.040527	
798	0.999998	0.000032	0.187988	-0.000032	0.999998	0.051544	
799	0.999983	-0.000029	0.337219	0.000029	0.999983	0.012451	
800	1.000027	-0.000024	0.569763	0.000024	1.000027	-0.021484	
801	0.999997	0.000064	0.279602	-0.000064	0.999997	0.093445	
802	0.999996	0.000023	0.495789	-0.000023	0.999996	-0.000549	
803	1.000025	0.000015	0.323792	-0.000015	1.000025	-0.059692	
804	0.999995	0.000026	0.461060	-0.000026	0.999995	-0.023132	
805	1.000092	0.000041	0.338379	-0.000041	1.000092	-0.048218	
806	1.000010	0.000073	0.144775	-0.000073	1.000010	0.054749	
807	1.000044	-0.000024	0.057739	0.000024	1.000044	-0.027649	
808	1.000008	-0.000008	0.015686	0.000008	1.000008	0.003357	
809	1.000017	-0.000010	-0.005554	0.000010	1.000017	-0.014099	
810	1.000029	0.000006	-0.023865	-0.000006	1.000029	0.008240	
811	1.000035	0.000003	-0.037537	-0.000003	1.000035	0.006775	
812	1.000028	0.000028	-0.042603	-0.000028	1.000028	0.017761	
813	1.000000	0.000028	-0.028381	-0.000028	1.000000	0.012268	
814	1.000019	0.000022	-0.027161	-0.000022	1.000019	0.015564	
815	0.999998	0.000004	-0.003784	-0.000004	0.999998	0.017822	
816	0.999992	0.000022	-0.012451	-0.000022	0.999992	0.022034	
817	0.999992	0.000013	-0.008118	-0.000013	0.999992	0.010864	
818	1.000001	0.000015	-0.013672	-0.000015	1.000001	0.001038	
819	0.999998	-0.000005	0.004639	0.000005	0.999998	-0.007446	
820	1.000004	0.000003	-0.007141	-0.000003	1.000004	-0.012146	
821	1.000001	-0.000006	0.004395	0.000006	1.000001	-0.015991	
822	0.999996	0.000006	-0.001038	-0.000006	0.999996	-0.000854	
823	1.000018	0.000006	-0.015869	-0.000006	1.000018	-0.007812	
824	1.000022	-0.000001	-0.019897	0.000001	1.000022	-0.007080	
825	1.000001	0.000012	-0.006348	-0.000012	1.000001	0.015381	
826	1.000006	0.000015	-0.014771	-0.000015	1.000006	0.014954	
827	1.000016	0.000016	-0.011658	-0.000016	1.000016	0.021606	
828	1.000002	0.000023	-0.018738	-0.000023	1.000002	0.014038	
829	1.000005	0.000020	-0.019043	-0.000020	1.000005	0.002991	
830	1.000001	0.000021	-0.020874	-0.000021	1.000001	0.014893	
831	1.000005	0.000019	-0.019104	-0.000019	1.000005	0.001953	
832	1.000002	0.000020	-0.011963	-0.000020	1.000002	0.009460	
833	1.000008	0.000011	-0.009399	-0.000011	1.000008	-0.001648	
834	0.999999	0.000000	-0.007751	-0.000000	0.999999	-0.002014	
835	0.999996	-0.000013	-0.003784	0.000013	0.999996	-0.012207	
836	1.000006	0.000009	-0.026672	-0.000009	1.000006	-0.020874	
837	1.000005	0.000002	-0.018066	-0.000002	1.000005	-0.082825	
838	0.999993	0.000007	-0.003662	-0.000007	0.999993	-0.087219	
839	0.999979	-0.000060	0.013123	0.000060	0.999979	-0.196716	
840	1.000003	-0.000155	0.093567	0.000155	1.000003	-0.540649	
841	1.000000	-0.000015	0.051941	0.000015	1.000000	-0.079346	
842	0.999989	0.000012	0.009338	-0.000012	0.999989	-0.083557	
843	1.000013	-0.000016	0.039368	0.000016	1.000013	-0.086060	
844	0.999999	-0.000024	0.061829	0.000024	0.999999	-0.091919	
845	1.000000	0.000001	-0.016357	-0.000001	1.000000	-0.059998	
846	1.000002	-0.000003	-0.006836	0.000003	1.000002	-0.047180	
847	0.999992	-0.000005	-0.004211	0.000005	0.999992	-0.013245	
848	0.999991	0.000018	-0.026001	-0.000018	0.999991	0.009521	
849	1.000000	-0.000005	-0.001404	0.000005	1.000000	-0.005005	
850	0.999993	0.000014	-0.006592	-0.000014	0.999993	0.020508	
851	0.999999	0.000002	-0.007202	-0.000002	0.999999	0.011780	
852	0.999999	0.000013	-0.008057	-0.000013	0.999999	0.019592	
853	1.000005	0.000018	-0.020325	-0.000018	1.000005	0.010986	
854	1.000006	0.000028	-0.020386	-0.000028	1.000006	0.014282	
855	1.000003	0.000013	-0.005981	-0.000013	1.000003	0.004761	
856	1.000002	0.000013	-0.006104	-0.000013	1.000002	0.009155	
857	1.000008	0.000007	0.002869	-0.000007	1.000008	0.011353	
858	1.000009	0.000020	-0.007751	-0.000020	1.000009	0.024597	
859	1.000009	0.000017	-0.000244	-0.000017	1.000009	0.035400	
860	1.000011	0.000009	-0.013062	-0.000009	1.000011	0.026428	
861	1.000017	0.000019	-0.056458	-0.000019	1.000017	0.018188	
862	0.999993	0.000038	-0.072388	-0.000038	0.999993	0.072205	
863	1.000016	-0.000004	-0.010132	0.000004	1.000016	0.003723	
864	1.000010	-0.000008	0.018433	0.000008	1.000010	-0.017639	
865	1.000025	-0.000020	0.027344	0.000020	1.000025	-0.042236	
866	1.000013	-0.000003	0.037048	0.000003	1.000013	-0.018005	
867	1.000006	-0.000021	0.037415	0.000021	1.000006	-0.017029	
868	1.000003	-0.000000	0.022156	0.000000	1.000003	0.013489	
869	1.000007	-0.000005	-0.014526	0.000005	1.000007	-0.004333	
870	0.999980	0.000034	-0.087891	-0.000034	0.999980	0.028381	
871	0.999984	0.000035	-0.131287	-0.000035	0.999984	0.015045	
872	1.000017	0.000025	-0.103027	-0.000025	1.000017	-0.029785	
873	1.000019	-0.000009	-0.015442	0.000009	1.000019	-0.046112	
874	1.000032	0.000008	-0.031128	-0.000008	1.000032	-0.023865	
875	1.000019	0.000005	-0.029297	-0.000005	1.000019	-0.010498	
876	1.000033	0.000013	-0.046753	-0.000013	1.000033	0.003906	
877	1.000015	0.000023	-0.031006	-0.000023	1.000015	0.007660	
878	1.000019	0.000027	-0.020691	-0.000027	1.000019	0.022766	
879	1.000012	0.000008	0.028076	-0.000008	1.000012	0.023438	
880	1.000025	0.000032	0.002991	-0.000032	1.000025	0.047577	
881	1.000020	0.000030	-0.037964	-0.000030	1.000020	0.028778	
882	1.000007	0.000081	-0.268127	-0.000081	1.000007	0.087982	
883	1.000025	0.000054	-0.401794	-0.000054	1.000025	0.087311	
884	1.000010	0.000011	-0.145386	-0.000011	1.000010	0.043030	
885	1.000024	-0.000009	-0.032715	0.000009	1.000024	-0.000122	
886	1.000004	-0.000007	-0.016602	0.000007	1.000004	0.042725	
887	1.000020	0.000009	-0.041626	-0.000009	1.000020	0.056824	
888	1.000018	0.000022	-0.059937	-0.000022	1.000018	0.037903	
889	1.000005	0.000059	-0.211609	-0.000059	1.000005	0.080139	
890	1.000030	0.000022	-0.539734	-0.000022	1.000030	-0.003723	
891	1.000111	-0.000045	-1.121704	0.000045	1.000111	-0.094543	
892	1.000034	-0.000024	-1.160522	0.000024	1.000034	-0.037903	
893	1.000079	-0.000104	-1.353577	0.000104	1.000079	-0.138855	
894	1.000036	-0.000097	-1.553894	0.000097	1.000036	-0.056274	
895	1.000117	-0.000065	-1.609192	0.000065	1.000117	-0.069733	
896	1.000012	-0.000041	-1.297058	0.000041	1.000012	-0.016235	
897	1.000065	-0.000035	-0.745544	0.000035	1.000065	-0.056213	
898	0.999944	-0.000034	-0.336548	0.000034	0.999944	0.013306	
899	1.000028	0.000006	-0.377197	-0.000006	1.000028	-0.033051	
900	1.000033	-0.000026	-0.653748	0.000026	1.000033	-0.072632	
901	0.999985	0.000001	-0.602844	-0.000001	0.999985	-0.004333	
902	1.000081	-0.000001	-0.422058	0.000001	1.000081	-0.044189	
903	1.000015	-0.000049	-0.517883	0.000049	1.000015	-0.060730	
904	0.999986	-0.000013	-0.588501	0.000013	0.999986	-0.029053	
905	1.000068	0.000031	-0.606506	-0.000031	1.000068	-0.028778	
906	1.000130	0.000047	-0.518738	-0.000047	1.000130	-0.025665	
907	1.000000	-0.000047	-0.248291	0.000047	1.000000	-0.021820	
908	1.000096	-0.000008	-0.299866	0.000008	1.000096	-0.049255	
909	1.000018	-0.000044	-0.296448	0.000044	1.000018	-0.005402	
910	0.999991	0.000011	-0.549500	-0.000011	0.999991	0.024384	
911	1.000025	-0.000033	-0.608887	0.000033	1.000025	0.022614	
912	1.000005	-0.000004	-0.622314	0.000004	1.000005	0.113831	
913	1.000059	-0.000042	-0.633972	0.000042	1.000059	0.060822	
914	1.000051	0.000034	-0.383301	-0.000034	1.000051	0.119049	
915	0.999965	0.000132	-0.132996	-0.000132	0.999965	0.334198	
916	0.999982	0.000002	0.001343	-0.000002	0.999982	0.014496	
917	0.999920	-0.000023	0.094238	0.000023	0.999920	0.076233	
918	0.999823	0.000059	0.147949	-0.000059	0.999823	0.270844	
919	0.994185	0.000005	4.313477	-0.000005	0.994185	3.233459	
920	0.990055	0.000056	7.261963	-0.000056	0.990055	5.572479	
921	0.985696	0.000001	10.343384	-0.000001	0.985696	7.798889	
922	0.984490	0.000074	11.371765	-0.000074	0.984490	8.646118	
923	0.986844	0.000055	9.672791	-0.000055	0.986844	7.303772	
924	0.989731	0.000039	7.398743	-0.000039	0.989731	5.756470	
925	0.992704	-0.000013	5.364136	0.000013	0.992704	3.932434	
926	0.995686	0.000084	3.075317	-0.000084	0.995686	2.516602	
927	0.998865	0.000040	0.860046	-0.000040	0.998865	0.741730	
928	0.999931	-0.000001	0.085144	0.000001	0.999931	-0.003754	
929	0.999902	-0.000020	0.141602	0.000020	0.999902	0.022247	
930	0.999921	0.000009	0.142456	-0.000009	0.999921	0.081909	
931	1.000040	0.000030	0.084717	-0.000030	1.000040	0.687927	
932	0.999879	0.000003	0.248657	-0.000003	0.999879	2.451050	
933	1.000026	0.000035	0.115051	-0.000035	1.000026	2.768372	
934	1.000000	-0.000036	0.034363	0.000036	1.000000	4.406677	
935	1.000083	-0.000007	-0.060791	0.000007	1.000083	5.025574	
936	1.000013	0.000093	0.201355	-0.000093	1.000013	5.072327	
937	1.000005	-0.000010	0.348511	0.000010	1.000005	4.553040	
938	1.000069	0.000045	-0.036377	-0.000045	1.000069	4.158691	
939	1.000063	0.000003	0.000916	-0.000003	1.000063	4.165833	
940	0.999994	0.000004	0.019226	-0.000004	0.999994	3.941406	
941	1.000013	-0.000020	-0.021545	0.000020	1.000013	3.275269	
942	1.000017	-0.000050	-0.004150	0.000050	1.000017	3.194092	
943	0.999979	-0.000059	-0.021912	0.000059	0.999979	2.055115	
944	0.999980	-0.000013	-0.151550	0.000013	0.999980	0.684875	
945	1.000030	-0.000047	-0.500549	0.000047	1.000030	0.988647	
946	1.000041	-0.000011	-0.383606	0.000011	1.000041	1.226257	
947	1.000108	-0.000060	-0.228577	0.000060	1.000108	0.594910	
948	1.000045	-0.000040	-0.014404	0.000040	1.000045	0.653259	
949	1.000061	-0.000033	-0.027344	0.000033	1.000061	0.638428	
950	1.000051	0.000000	-0.029663	-0.000000	1.000051	0.675110	
951	0.999996	-0.000019	0.115112	0.000019	0.999996	0.604614	
952	1.000006	0.000080	-0.000061	-0.000080	1.000006	0.404297	
953	0.999961	-0.000036	0.112854	0.000036	0.999961	0.123901	
954	1.000023	-0.000035	0.053589	0.000035	1.000023	0.084229	
955	1.000078	-0.000033	0.009644	0.000033	1.000078	0.074768	
956	1.000032	-0.000055	-0.046814	0.000055	1.000032	0.079407	
957	1.000001	0.000058	-0.160217	-0.000058	1.000001	0.192566	
958	0.999896	0.000031	-0.217529	-0.000031	0.999896	0.302856	
959	0.999958	-0.000047	-0.217712	0.000047	0.999958	0.080994	
960	1.000045	-0.000047	-1.021851	0.000047	1.000045	0.028198	
961	0.999923	-0.000055	-0.227844	0.000055	0.999923	0.057556	
962	0.999965	-0.000220	-0.790833	0.000220	0.999965	-0.010681	
963	1.000020	-0.000111	-1.117004	0.000111	1.000020	-0.194336	
964	1.000052	-0.000218	-1.014832	0.000218	1.000052	-0.404175	
965	0.999977	0.000023	-1.410522	-0.000023	0.999977	-0.052185	
966	0.999935	0.000014	-0.415161	-0.000014	0.999935	0.122498	
967	1.000023	-0.000036	-0.163391	0.000036	1.000023	0.044922	
968	0.999999	-0.000014	-0.174561	0.000014	0.999999	0.126160	
969	0.999983	0.000011	-0.255554	-0.000011	0.999983	0.168701	
970	0.999920	0.000005	-0.402161	-0.000005	0.999920	0.176514	
971	1.000032	-0.000008	-0.472351	0.000008	1.000032	0.067383	
972	0.999985	0.000019	-0.467712	-0.000019	0.999985	0.059387	
973	0.999950	0.000014	-0.183655	-0.000014	0.999950	0.048645	
974	1.000019	0.000003	-0.070740	-0.000003	1.000019	-0.022888	
975	1.000010	0.000009	-0.013672	-0.000009	1.000010	-0.004333	
976	1.000259	0.000033	-0.350525	-0.000033	1.000259	-0.071960	
977	1.006108	-0.000084	-4.769958	0.000084	1.006108	-3.436096	
978	1.010015	-0.000066	-7.547546	0.000066	1.010015	-5.618347	
979	1.014150	0.000003	-10.657471	-0.000003	1.014150	-7.893372	
980	1.017527	-0.000043	-13.089844	0.000043	1.017527	-9.707092	
981	1.021833	-0.000077	-15.918640	0.000077	1.021833	-12.176147	
982	1.023287	0.000107	-16.908020	-0.000107	1.023287	-12.741943	
983	1.023688	-0.000009	-16.972473	0.000009	1.023688	-13.087341	
984	1.023705	-0.000017	-17.204895	0.000017	1.023705	-12.983154	
985	1.024014	0.000041	-17.536743	-0.000041	1.024014	-13.093628	
986	1.022634	-0.000032	-16.451721	0.000032	1.022634	-12.372253	
987	1.018453	0.000011	-13.491577	-0.000011	1.018453	-10.091675	
988	1.017240	-0.000049	-12.592041	0.000049	1.017240	-9.515869	
989	1.022188	-0.000005	-16.158936	0.000005	1.022188	-12.524414	
990	1.025004	-0.000003	-17.952759	0.000003	1.025004	-14.126953	
991	1.025600	-0.000051	-18.028931	0.000051	1.025600	-14.567444	
992	1.023991	-0.000020	-17.551697	0.000020	1.023991	-13.722168	
993	1.019789	-0.000027	-14.515320	0.000027	1.019789	-11.601746	
994	1.014788	-0.000033	-10.684631	0.000033	1.014788	-8.512329	
995	1.010465	0.000026	-7.027405	-0.000026	1.010465	-6.145752	
996	1.005365	-0.000034	-3.635620	0.000034	1.005365	-3.210815	
997	1.000987	-0.000003	-0.698120	0.000003	1.000987	-0.720398	
998	1.000119	0.000042	-0.077393	-0.000042	1.000119	-0.132507	
999	1.000012	-0.000015	0.009399	0.000015	1.000012	-0.207947	
1000	0.999978	0.000022	0.049683	-0.000022	0.999978	-0.230408	
1001	1.000008	-0.000024	0.052795	0.000024	1.000008	-0.394043	
1002	1.000007	0.000029	0.026672	-0.000029	1.000007	-0.390930	
1003	1.000027	0.000027	0.004883	-0.000027	1.000027	-0.255249	
1004	1.000077	0.000025	-0.024048	-0.000025	1.000077	-0.167969	
1005	0.999989	0.000023	-0.003601	-0.000023	0.999989	-0.044006	
1006	1.000035	0.000012	-0.075439	-0.000012	1.000035	-0.196655	
1007	1.000050	-0.000032	-0.247253	0.000032	1.000050	-0.146912	
1008	1.000069	-0.000152	-1.076416	0.000152	1.000069	-0.293823	
1009	0.999947	-0.000037	-1.450317	0.000037	0.999947	-0.021790	
1010	1.000015	-0.000067	-1.405151	0.000067	1.000015	-0.073120	
1011	0.999984	-0.000152	-2.006226	0.000152	0.999984	-0.127563	
1012	1.000017	-0.000149	-2.011963	0.000149	1.000017	-0.082886	
1013	0.999987	-0.000161	-2.073181	0.000161	0.999987	-0.079285	
1014	0.999985	-0.000102	-1.665405	0.000102	0.999985	-0.032227	
1015	0.999914	0.000012	-0.886841	-0.000012	0.999914	-0.014221	
1016	1.000023	-0.000021	-0.626282	0.000021	1.000023	-0.155273	
1017	0.999976	0.000010	-0.596130	-0.000010	0.999976	-0.023804	
1018	0.999982	-0.000018	-0.175781	0.000018	0.999982	-0.069458	
1019	1.000011	-0.000032	-0.190979	0.000032	1.000011	-0.132935	
1020	0.999981	-0.000014	-0.182312	0.000014	0.999981	-0.091125	
1021	0.999941	-0.000032	-0.387573	0.000032	0.999941	-0.085876	
1022	1.000001	0.000007	-0.446838	-0.000007	1.000001	-0.086975	
1023	1.000001	0.000009	-0.259033	-0.000009	1.000001	-0.064453	
1024	0.999963	0.000023	-0.207458	-0.000023	0.999963	-0.041565	
1025	1.000012	0.000012	-0.195740	-0.000012	1.000012	-0.012512	
1026	0.999959	0.000051	-0.116760	-0.000051	0.999959	0.089661	
1027	0.999960	0.000035	-0.029480	-0.000035	0.999960	0.047119	
1028	1.000011	-0.000013	-0.159973	0.000013	1.000011	-0.040039	
1029	0.999937	-0.000056	-0.113281	0.000056	0.999937	-0.022705	
1030	0.999924	0.000001	-0.272766	-0.000001	0.999924	0.041412	
1031	1.000023	-0.000028	-0.594727	0.000028	1.000023	-0.048889	
1032	1.000031	-0.000049	-0.722473	0.000049	1.000031	-0.063110	
1033	1.000016	0.000031	-0.610291	-0.000031	1.000016	0.009094	
1034	0.999954	-0.000080	-0.421875	0.000080	0.999954	-0.117004	
1035	1.000031	-0.000077	-0.178345	0.000077	1.000031	-0.128113	
1036	0.999986	-0.000115	0.155396	0.000115	0.999986	-0.127197	
1037	1.000001	-0.000012	-0.324463	0.000012	1.000001	0.013794	
1038	0.999963	0.000024	-0.523193	-0.000024	0.999963	0.043823	
1039	0.999956	-0.000011	-0.544250	0.000011	0.999956	-0.008484	
1040	0.999953	0.000005	-0.417542	-0.000005	0.999953	0.020782	
1041	1.000047	0.000041	-0.299561	-0.000041	1.000047	0.028015	
1042	1.000001	-0.000054	-0.257080	0.000054	1.000001	-0.037354	
1043	1.000034	-0.000027	-0.223450	0.000027	1.000034	-0.036926	
1044	1.000013	-0.000022	-0.274475	0.000022	1.000013	-0.008179	
1045	0.999978	0.000054	-0.140015	-0.000054	0.999978	0.058716	
1046	1.000048	0.000004	-0.196350	-0.000004	1.000048	-0.038391	
1047	1.000047	-0.000042	-0.163757	0.000042	1.000047	-0.056885	
1048	1.000039	-0.000030	-0.128784	0.000030	1.000039	-0.048828	
1049	1.000037	0.000010	-0.102539	-0.000010	1.000037	-0.003357	
1050	1.000052	-0.000063	-0.110413	0.000063	1.000052	-0.087708	
1051	1.000042	-0.000035	-0.100647	0.000035	1.000042	-0.050110	
1052	0.999984	-0.000001	-0.050842	0.000001	0.999984	0.022888	
1053	0.999987	-0.000008	-0.041870	0.000008	0.999987	0.020325	
1054	0.999962	-0.000025	0.005737	0.000025	0.999962	-0.016052	
1055	0.999950	0.000001	0.018433	-0.000001	0.999950	0.014282	
1056	0.999931	0.000004	-0.000366	-0.000004	0.999931	0.045288	
1057	0.999922	-0.000009	0.014587	0.000009	0.999922	0.027161	
1058	0.999947	-0.000029	0.023621	0.000029	0.999947	-0.007568	
1059	0.999971	-0.000030	0.019592	0.000030	0.999971	0.013062	
1060	0.999965	-0.000032	0.023499	0.000032	0.999965	0.027832	
1061	0.999966	-0.000013	0.011719	0.000013	0.999966	0.029663	
1062	0.999933	0.000005	0.005066	-0.000005	0.999933	0.035522	
1063	0.999972	-0.000020	-0.020386	0.000020	0.999972	0.008972	
1064	1.000009	-0.000008	-0.009583	0.000008	1.000009	0.003723	
1065	0.999984	-0.000035	-0.003479	0.000035	0.999984	0.040283	
1066	0.999964	0.000014	-0.037842	-0.000014	0.999964	0.009644	
1067	0.999981	-0.000036	-0.033508	0.000036	0.999981	-0.044922	
1068	1.000032	0.000002	-0.052246	-0.000002	1.000032	-0.004578	
1069	1.000018	0.000016	-0.042847	-0.000016	1.000018	0.013550	
1070	0.999999	-0.000055	-0.033508	0.000055	0.999999	-0.036682	
1071	0.999979	0.000027	0.017090	-0.000027	0.999979	0.020935	
1072	0.999988	0.000024	0.003174	-0.000024	0.999988	0.017761	
1073	0.999956	-0.000003	-0.031860	0.000003	0.999956	0.014954	
1074	0.999963	-0.000010	-0.002686	0.000010	0.999963	0.031128	
1075	0.999962	0.000010	0.000366	-0.000010	0.999962	0.023804	
1076	0.999974	-0.000006	0.003418	0.000006	0.999974	-0.003052	
1077	1.000011	-0.000002	-0.014893	0.000002	1.000011	0.003662	
1078	0.999997	0.000016	-0.001953	-0.000016	0.999997	0.023254	
1079	0.999987	-0.000023	0.009338	0.000023	0.999987	-0.028625	
1080	0.999990	0.000002	0.014954	-0.000002	0.999990	-0.008728	
1081	0.999994	0.000064	0.012939	-0.000064	0.999994	0.067444	
1082	0.999994	0.000014	0.006104	-0.000014	0.999994	0.017517	
1083	0.999999	-0.000011	0.002686	0.000011	0.999999	-0.069092	
1084	1.000001	-0.000055	-0.036682	0.000055	1.000001	-0.061707	
1085	1.000007	-0.000060	-0.014160	0.000060	1.000007	-0.066528	
1086	1.000025	-0.000025	-0.016846	0.000025	1.000025	-0.023315	
1087	1.000011	-0.000037	0.011902	0.000037	1.000011	-0.048279	
1088	0.999993	0.000005	0.018127	-0.000005	0.999993	0.000183	
1089	0.999997	0.000001	0.012451	-0.000001	0.999997	0.006042	
1090	1.000003	-0.000022	0.008850	0.000022	1.000003	-0.034332	
1091	0.999989	0.000009	0.031128	-0.000009	0.999989	0.012543	
1092	1.000001	0.000010	0.004761	-0.000010	1.000001	0.013611	
1093	1.000007	-0.000001	-0.005920	0.000001	1.000007	0.007385	
1094	0.999982	0.000007	0.010132	-0.000007	0.999982	0.021057	
1095	0.999977	0.000019	0.049377	-0.000019	0.999977	0.009949	
1096	0.999986	0.000010	0.012085	-0.000010	0.999986	-0.003235	
1097	1.000013	-0.000017	0.002930	0.000017	1.000013	-0.020935	
1098	1.000010	-0.000020	-0.002869	0.000020	1.000010	-0.021179	
1099	0.999997	-0.000026	0.010376	0.000026	0.999997	-0.018860	
1100	0.999995	-0.000028	0.008118	0.000028	0.999995	-0.027344	
1101	0.999991	0.000011	0.023254	-0.000011	0.999991	0.018005	
1102	0.998040	0.000014	1.399841	-0.000014	0.998040	1.080444	
1103	0.988226	0.000026	8.517639	-0.000026	0.988226	6.392700	
1104	0.985758	0.000099	10.396851	-0.000099	0.985758	7.851562	
1105	0.982554	0.000019	12.602783	-0.000019	0.982554	9.542877	
1106	0.984700	0.000018	11.094177	-0.000018	0.984700	8.399841	
1107	0.988037	0.000047	8.582581	-0.000047	0.988037	6.625885	
1108	0.991069	0.000034	6.418945	-0.000034	0.991069	4.892944	
1109	0.994336	0.000039	4.069275	-0.000039	0.994336	3.098267	
1110	0.997884	-0.000027	1.509338	0.000027	0.997884	1.191833	
1111	0.999675	-0.000005	0.060974	0.000005	0.999675	0.155090	
1112	0.999889	-0.000102	-1.376343	0.000102	0.999889	-0.057373	
1113	1.000154	-0.000182	-2.702393	0.000182	1.000154	-0.251709	
1114	1.000237	-0.000325	-3.781372	0.000325	1.000237	-0.281433	
1115	0.998787	-0.000528	-1.305542	0.000528	0.998787	0.251556	
1116	1.002151	-0.000778	-5.474884	0.000778	1.002151	-1.532043	
1117	1.001016	-0.000829	-6.308777	0.000829	1.001016	-0.986572	
1118	1.001245	-0.000598	-7.315491	0.000598	1.001245	-0.884552	
1119	1.000199	-0.000291	-6.026794	0.000291	1.000199	-0.246490	
1120	1.000147	-0.000272	-4.070496	0.000272	1.000147	-0.252563	
1121	1.000019	-0.000329	-3.634766	0.000329	1.000019	-0.257507	
1122	1.002035	-0.000944	-7.281372	0.000944	1.002035	-1.552582	
1123	1.003401	-0.001253	-9.481750	0.001253	1.003401	-2.374237	
1124	0.999755	-0.000716	-8.902893	0.000716	0.999755	-0.469696	
1125	1.000038	-0.000463	-7.351868	0.000463	1.000038	-0.217926	
1126	1.000847	-0.000471	-7.521790	0.000471	1.000847	-0.650696	
1127	1.000273	-0.000744	-5.467773	0.000744	1.000273	-0.638794	
1128	1.000244	-0.000583	-6.445862	0.000583	1.000244	-0.528107	
1129	0.999577	-0.000355	-5.297607	0.000355	0.999577	-0.032440	
1130	0.999714	-0.000358	-3.397827	0.000358	0.999714	-0.174255	
1131	0.999930	-0.000685	-5.352966	0.000685	0.999930	-0.441895	
1132	1.000117	-0.000654	-3.838501	0.000654	1.000117	-0.518951	
1133	1.000179	-0.001303	-9.177917	0.001303	1.000179	-1.012299	
1134	1.000468	-0.000913	-7.506104	0.000913	1.000468	-0.830719	
1135	0.999771	-0.000740	-7.131470	0.000740	0.999771	-0.399628	
1136	0.999610	-0.000449	-6.900452	0.000449	0.999610	-0.151215	
1137	1.000054	-0.000420	-3.931946	0.000420	1.000054	-0.280731	
1138	0.999361	-0.000487	-5.736084	0.000487	0.999361	-0.021271	
1139	0.999620	-0.000423	-3.502930	0.000423	0.999620	-0.136383	
1140	0.999643	-0.000335	-3.705200	0.000335	0.999643	-0.087280	
1141	0.999290	-0.000416	-4.396545	0.000416	0.999290	0.039948	
1142	0.999430	-0.000427	-4.710632	0.000427	0.999430	-0.002655	
1143	0.999225	-0.000434	-4.501526	0.000434	0.999225	0.000336	
1144	0.999508	-0.000460	-4.447205	0.000460	0.999508	-0.089447	
1145	0.999469	-0.000412	-4.324524	0.000412	0.999469	-0.047577	
1146	0.999408	-0.000351	-3.945984	0.000351	0.999408	0.035950	
1147	0.999560	-0.000309	-3.385681	0.000309	0.999560	-0.072845	
1148	0.998796	-0.000253	-1.548340	0.000253	0.998796	0.443359	
1149	0.990414	-0.000623	2.252808	0.000623	0.990414	4.659027	
1150	0.987720	-0.000389	6.569031	0.000389	0.987720	6.388245	
1151	0.983649	-0.000131	10.442932	0.000131	0.983649	8.771484	
1152	0.983804	-0.000221	9.873474	0.000221	0.983804	8.676178	
1153	0.987431	-0.000003	7.647034	0.000003	0.987431	6.861877	
1154	0.985665	-0.000088	9.279297	0.000088	0.985665	7.779358	
1155	0.981542	-0.000179	12.225159	0.000179	0.981542	9.953339	
1156	0.977633	-0.000105	15.490479	0.000105	0.977633	12.131531	
1157	0.976890	-0.000166	16.256470	0.000166	0.976890	12.483948	
1158	0.984578	-0.000075	10.698425	0.000075	0.984578	8.406250	
1159	0.971698	0.000234	20.672363	-0.000234	0.971698	15.658630	
1160	0.977669	-0.000142	16.946167	0.000142	0.977669	12.194580	
1161	0.977924	0.000018	16.499512	-0.000018	0.977924	12.089996	
1162	0.978367	0.000060	16.894531	-0.000060	0.978367	11.942017	
1163	0.979007	0.000175	16.227417	-0.000175	0.979007	11.707886	
1164	0.983583	-0.000162	12.875732	0.000162	0.983583	8.971436	
1165	0.987555	0.000105	9.714233	-0.000105	0.987555	6.858643	
1166	0.990570	0.000042	7.408142	-0.000042	0.990570	5.250183	
1167	0.995666	0.000097	3.683167	-0.000097	0.995666	2.450439	
1168	0.996827	0.000032	4.519104	-0.000032	0.996827	1.779541	
1169	0.999791	0.000151	1.239380	-0.000151	0.999791	0.218994	
1170	0.999928	0.000105	2.172546	-0.000105	0.999928	0.168823	
1171	0.999895	-0.000045	2.464600	0.000045	0.999895	0.038208	
1172	0.999820	0.000096	1.120605	-0.000096	0.999820	0.220520	
1173	0.999932	0.000318	3.461853	-0.000318	0.999932	0.273010	
1174	1.000019	0.000160	2.254822	-0.000160	1.000019	0.117798	
1175	0.999815	0.000205	2.738953	-0.000205	0.999815	0.186035	
1176	0.999984	0.000267	2.351501	-0.000267	0.999984	0.219177	
1177	1.000007	0.000119	2.587646	-0.000119	1.000007	0.068054	
1178	1.000010	0.000342	4.732117	-0.000342	1.000010	0.240173	
1179	1.000228	0.000366	3.822327	-0.000366	1.000228	0.047241	
1180	0.999918	0.000410	4.682861	-0.000410	0.999918	0.354309	
1181	1.000329	0.000551	4.818970	-0.000551	1.000329	0.229248	
1182	1.000233	0.000297	3.718384	-0.000297	1.000233	0.116028	
1183	1.000548	0.000683	5.859131	-0.000683	1.000548	0.125366	
1184	1.000371	0.000512	4.296021	-0.000512	1.000371	0.176697	
1185	1.000380	0.000521	5.496033	-0.000521	1.000380	0.184753	
1186	1.000991	0.000084	5.418152	-0.000084	1.000991	-0.501160	
1187	0.999877	0.000540	4.484192	-0.000540	0.999877	0.433411	
1188	1.001494	0.001052	7.793762	-0.001052	1.001494	0.005798	
1189	1.000845	0.000460	6.303284	-0.000460	1.000845	-0.082092	
1190	1.000540	0.000557	6.006836	-0.000557	1.000540	0.057983	
1191	1.000389	0.000339	6.215637	-0.000339	1.000389	-0.001465	
1192	1.000425	0.000460	3.712830	-0.000460	1.000425	0.109741	
1193	1.001495	0.000977	7.933594	-0.000977	1.001495	-0.093506	
1194	1.001229	0.000654	5.922119	-0.000654	1.001229	-0.148254	
1195	0.999920	0.000364	6.462219	-0.000364	0.999920	0.287720	
1196	0.999951	0.000161	3.542786	-0.000161	0.999951	0.116821	
1197	1.000109	0.000069	1.157104	-0.000069	1.000109	-0.022827	
1198	0.999961	0.000044	0.837769	-0.000044	0.999961	0.029816	
1199	1.000042	0.000087	0.773315	-0.000087	1.000042	0.088226	
1200	0.999912	0.000019	1.052185	-0.000019	0.999912	0.055939	
1201	1.000071	-0.000024	0.165100	0.000024	1.000071	-0.058685	
