0	1.000000	0.000000	0.000000	0.000000	1.000000	0.000000	
1	1.000318	-0.000107	-0.128845	0.000107	1.000318	-0.090607	
2	1.000219	0.000028	-0.123169	-0.000028	1.000219	-0.075745	
3	1.000321	0.000028	-0.182617	-0.000028	1.000321	-0.107513	
4	1.000243	0.000044	-0.185059	-0.000044	1.000243	-0.059265	
5	1.000246	0.000113	-0.185181	-0.000113	1.000246	-0.025238	
6	1.000139	0.000033	0.003113	-0.000033	1.000139	0.063324	
7	0.999839	-0.000040	0.221680	0.000040	0.999839	0.322266	
8	0.999006	-0.000087	0.724670	0.000087	0.999006	0.340729	
9	0.997403	-0.000129	1.842773	0.000129	0.997403	0.924438	
10	0.998314	-0.000160	1.268738	0.000160	0.998314	0.582397	
11	0.995278	0.000051	2.956238	-0.000051	0.995278	1.820801	
12	0.996978	0.000036	1.960571	-0.000036	0.996978	1.155365	
13	0.993138	-0.000032	4.384216	0.000032	0.993138	2.682404	
14	0.996205	-0.000172	2.374878	0.000172	0.996205	1.393494	
15	0.992967	-0.000144	4.531250	0.000144	0.992967	2.251862	
16	0.996984	0.000335	1.735046	-0.000335	0.996984	1.081055	
17	0.993559	-0.000284	4.125610	0.000284	0.993559	2.425873	
18	0.997626	-0.000240	1.455933	0.000240	0.997626	0.750305	
19	0.995625	-0.000289	2.749512	0.000289	0.995625	1.686096	
20	0.998024	-0.000023	1.327454	0.000023	0.998024	0.906403	
21	0.998186	0.000248	1.238342	-0.000248	0.998186	1.140167	
22	0.999605	-0.000131	0.278442	0.000131	0.999605	0.370911	
23	0.999680	-0.000009	0.172302	0.000009	0.999680	0.692230	
24	0.999882	-0.000203	0.080078	0.000203	0.999882	0.465820	
25	1.000037	-0.000004	0.043274	0.000004	1.000037	0.949524	
26	1.000081	-0.000125	0.041504	0.000125	1.000081	0.668518	
27	1.000011	0.000030	-0.021423	-0.000030	1.000011	1.058380	
28	1.000093	-0.000279	-0.003540	0.000279	1.000093	0.205139	
29	0.999999	-0.000170	0.176025	0.000170	0.999999	0.644867	
30	0.999864	-0.000107	0.109314	0.000107	0.999864	0.625916	
31	1.000151	0.000069	0.029968	-0.000069	1.000151	1.024536	
32	0.999948	-0.000109	0.048279	0.000109	0.999948	0.817444	
33	0.999854	0.000106	-0.019287	-0.000106	0.999854	1.459778	
34	0.999902	0.000077	0.003967	-0.000077	0.999902	0.768341	
35	0.999844	-0.000117	0.204224	0.000117	0.999844	0.996063	
36	0.999903	-0.000141	0.020996	0.000141	0.999903	-0.014252	
37	0.999982	-0.000161	-0.333130	0.000161	0.999982	-1.270416	
38	0.999094	-0.000519	0.600342	0.000519	0.999094	0.279755	
39	0.988919	-0.000104	6.989868	0.000104	0.988919	2.942810	
40	0.986770	-0.002570	9.462585	0.002570	0.986770	4.042908	
41	0.959947	0.000210	25.145020	-0.000210	0.959947	13.807587	
42	0.972805	0.000021	17.167053	-0.000021	0.972805	9.729248	
43	0.933895	0.000477	41.441345	-0.000477	0.933895	23.711212	
44	0.965096	0.000276	21.344482	-0.000276	0.965096	12.763733	
45	0.945088	0.000453	34.301941	-0.000453	0.945088	20.182129	
46	0.977177	-0.000130	14.444519	0.000130	0.977177	8.374298	
47	0.969373	0.001053	18.482452	-0.001053	0.969373	11.308350	
48	0.990975	0.000168	5.685303	-0.000168	0.990975	3.306671	
49	0.994698	0.000049	3.421875	-0.000049	0.994698	2.006775	
50	1.000004	-0.000032	-0.101685	0.000032	1.000004	-0.070343	
51	0.999905	-0.000094	0.077820	0.000094	0.999905	-0.086273	
52	0.999997	-0.000021	-0.036560	0.000021	0.999997	-0.277893	
53	1.000043	-0.000135	-0.081116	0.000135	1.000043	-0.449219	
54	1.000054	0.000042	-0.087219	-0.000042	1.000054	-0.135468	
55	1.000099	-0.000051	-0.093079	0.000051	1.000099	-0.306091	
56	1.000103	-0.000016	-0.090881	0.000016	1.000103	-0.150208	
57	1.000040	-0.000039	0.016113	0.000039	1.000040	-0.359436	
58	0.996222	0.000867	0.210175	-0.000867	0.996222	0.840210	
59	1.000033	-0.000035	-0.003174	0.000035	1.000033	-0.509430	
60	1.000102	-0.000031	-0.027893	0.000031	1.000102	-0.224548	
61	1.000068	-0.000110	0.029114	0.000110	1.000068	-0.399658	
62	1.000055	0.000066	-0.060852	-0.000066	1.000055	-0.048737	
63	1.000083	-0.000002	-0.015991	0.000002	1.000083	-0.238983	
64	1.000064	0.000077	-0.029053	-0.000077	1.000064	0.023376	
65	1.000123	0.000046	-0.013428	-0.000046	1.000123	-0.339203	
66	1.000118	0.000141	-0.050232	-0.000141	1.000118	-0.171295	
67	1.000923	-0.000047	-0.321838	0.000047	1.000923	-0.467834	
68	1.002646	-0.000352	-2.053467	0.000352	1.002646	-1.332306	
69	1.002065	0.000010	-1.135681	-0.000010	1.002065	-0.399567	
70	1.001152	0.000101	-0.658691	-0.000101	1.001152	-0.317963	
71	1.001755	0.000120	-0.856750	-0.000120	1.001755	-0.430267	
72	1.000924	-0.000029	-0.453064	0.000029	1.000924	-0.364960	
73	1.000759	0.000079	-0.612183	-0.000079	1.000759	-0.170776	
74	1.000190	-0.000077	-0.179382	0.000077	1.000190	-0.145691	
75	0.999613	-0.000439	0.060028	0.000439	0.999613	-0.036072	
76	1.000161	0.000022	-0.155151	-0.000022	1.000161	0.041992	
77	1.000033	0.000045	-0.038757	-0.000045	1.000033	0.045715	
78	1.000119	0.000012	-0.149170	-0.000012	1.000119	-0.088593	
79	0.999995	0.000094	0.043274	-0.000094	0.999995	0.005066	
80	1.000103	0.000027	-0.063416	-0.000027	1.000103	-0.038788	
81	1.000045	0.000069	-0.020020	-0.000069	1.000045	0.024628	
82	0.999995	0.000048	-0.001648	-0.000048	0.999995	0.011841	
83	0.999910	0.000015	0.138733	-0.000015	0.999910	-0.017914	
84	1.000032	-0.000052	-0.062012	0.000052	1.000032	-0.118713	
85	1.000224	-0.000073	-0.144165	0.000073	1.000224	-0.165314	
86	1.000189	0.000055	-0.220947	-0.000055	1.000189	0.017700	
87	1.000039	-0.000001	0.114563	0.000001	1.000039	-0.038971	
88	1.000062	0.000017	0.146423	-0.000017	1.000062	-0.010284	
89	1.000000	0.000148	0.040222	-0.000148	1.000000	0.002655	
90	1.000100	0.000009	0.188965	-0.000009	1.000100	-0.114105	
91	1.000017	0.000084	0.761475	-0.000084	1.000017	-0.166840	
92	0.999958	0.000038	0.209534	-0.000038	0.999958	-0.024353	
93	1.000026	-0.000044	0.438354	0.000044	1.000026	-0.114838	
94	1.000092	-0.000051	0.314148	0.000051	1.000092	-0.039307	
95	0.999951	-0.000074	0.832642	0.000074	0.999951	-0.178650	
96	1.000098	0.000061	0.676453	-0.000061	1.000098	-0.048859	
97	1.000161	-0.000131	0.718872	0.000131	1.000161	0.016724	
98	0.999986	0.000029	0.770264	-0.000029	0.999986	-0.006378	
99	1.000096	0.000283	1.550537	-0.000283	1.000096	-0.157715	
100	0.999980	0.000004	0.768982	-0.000004	0.999980	-0.344574	
101	1.000039	0.000211	1.206055	-0.000211	1.000039	-0.181427	
102	1.000039	0.000211	1.206055	-0.000211	1.000039	-0.181427	
103	1.000030	0.000049	1.194275	-0.000049	1.000030	-0.250153	
104	1.000006	0.000006	0.422363	-0.000006	1.000006	-0.049377	
105	1.000062	0.000033	2.041382	-0.000033	1.000062	-0.364197	
106	1.000527	-0.000019	0.019714	0.000019	1.000527	-0.387939	
107	1.001067	0.001184	0.103058	-0.001184	1.001067	-0.893951	
108	1.000839	-0.000004	0.060730	0.000004	1.000839	-0.578796	
109	1.002136	-0.000169	-0.148376	0.000169	1.002136	-1.303864	
110	1.001305	-0.000060	-0.286072	0.000060	1.001305	-0.554199	
111	1.003216	0.000082	-0.840942	-0.000082	1.003216	-1.450592	
112	1.002090	-0.000068	-0.638245	0.000068	1.002090	-0.983032	
113	1.004829	0.000071	-1.778503	-0.000071	1.004829	-1.920624	
114	1.003196	0.000096	-1.025208	-0.000096	1.003196	-1.154877	
115	1.006720	0.000143	-3.054993	-0.000143	1.006720	-2.303925	
116	1.003421	0.000201	-1.457520	-0.000201	1.003421	-0.886688	
117	1.006113	-0.000156	-1.461243	0.000156	1.006113	-2.566162	
118	1.003447	-0.000024	-1.522888	0.000024	1.003447	-1.053040	
119	1.006929	0.000071	-2.660583	-0.000071	1.006929	-2.290771	
120	1.003597	0.000005	-1.624084	-0.000005	1.003597	-1.113556	
121	1.007333	0.000589	-3.215027	-0.000589	1.007333	-1.745209	
122	1.003627	-0.000073	-1.899963	0.000073	1.003627	-1.422089	
123	1.006881	0.000070	-3.502136	-0.000070	1.006881	-1.843414	
124	1.003480	-0.000012	-1.790955	0.000012	1.003480	-0.968414	
125	1.005085	0.001106	-1.894836	-0.001106	1.005085	-0.330200	
126	1.003103	0.000662	-1.378418	-0.000662	1.003103	-0.360931	
127	1.007289	-0.000045	-4.166199	0.000045	1.007289	-2.265411	
128	1.002078	-0.000612	-1.151611	0.000612	1.002078	-1.489349	
129	1.007245	-0.000077	-3.317993	0.000077	1.007245	-2.376862	
130	1.003848	-0.000115	-2.270752	0.000115	1.003848	-1.284607	
131	1.006985	0.000191	-4.436096	-0.000191	1.006985	-2.393921	
132	1.003634	0.000005	-1.932556	-0.000005	1.003634	-1.319305	
133	1.007387	0.000034	-4.341125	-0.000034	1.007387	-2.140167	
134	1.003370	0.000009	-1.996948	-0.000009	1.003370	-1.508240	
135	1.006997	0.000126	-4.480042	-0.000126	1.006997	-1.975983	
136	1.003533	0.000213	-1.680847	-0.000213	1.003533	-1.050079	
137	1.006137	0.000023	-4.044800	-0.000023	1.006137	-2.056610	
138	1.002675	0.000070	-1.920044	-0.000070	1.002675	-0.892181	
139	1.005075	0.000024	-3.182556	-0.000024	1.005075	-1.801239	
140	1.002124	-0.000143	-1.163269	0.000143	1.002124	-0.955109	
141	1.003078	-0.000044	-1.589539	0.000044	1.003078	-1.013611	
142	1.001004	-0.000087	-0.341675	0.000087	1.001004	-0.385223	
143	1.001422	-0.000117	-0.579651	0.000117	1.001422	-0.483978	
144	1.000439	-0.000047	-0.144165	0.000047	1.000439	-0.241241	
145	1.000403	-0.000081	-0.443542	0.000081	1.000403	-0.306702	
146	1.000221	-0.000000	-0.298889	0.000000	1.000221	-0.188782	
147	1.000136	-0.000003	-0.066895	0.000003	1.000136	-0.082886	
148	0.999886	-0.000056	0.080566	0.000056	0.999886	0.017883	
149	0.999801	0.000040	0.166870	-0.000040	0.999801	0.141266	
150	1.000040	-0.000024	0.065674	0.000024	1.000040	0.055847	
151	0.999927	-0.000031	0.147400	0.000031	0.999927	0.085449	
152	0.999883	-0.000020	-0.037781	0.000020	0.999883	0.063934	
153	0.999981	0.000125	-0.201050	-0.000125	0.999981	0.099518	
154	0.999981	0.000046	-0.059631	-0.000046	0.999981	0.055389	
155	0.999946	0.000014	-0.039673	-0.000014	0.999946	0.007935	
156	0.999974	0.000020	-0.022888	-0.000020	0.999974	-0.001984	
157	0.999921	0.000032	-0.466125	-0.000032	0.999921	-0.157257	
158	1.000053	0.000002	-0.082886	-0.000002	1.000053	-0.037170	
159	1.000088	0.000055	-0.128357	-0.000055	1.000088	-0.066284	
160	1.000137	0.000058	0.038330	-0.000058	1.000137	-0.110992	
161	1.000150	0.000088	0.032898	-0.000088	1.000150	-0.064972	
162	1.000205	-0.000030	0.154907	0.000030	1.000205	-0.043640	
163	1.000149	-0.000069	0.741211	0.000069	1.000149	-0.097839	
164	1.000053	0.000051	0.493530	-0.000051	1.000053	-0.137939	
165	1.000149	0.000010	1.432434	-0.000010	1.000149	-0.445190	
166	1.000007	-0.000109	0.532104	0.000109	1.000007	0.022156	
167	1.000001	0.000026	1.179871	-0.000026	1.000001	0.296265	
168	1.000091	-0.000064	0.690674	0.000064	1.000091	0.017303	
169	1.000071	-0.000041	1.059204	0.000041	1.000071	0.226868	
170	1.000078	-0.000014	0.375732	0.000014	1.000078	-0.003174	
171	1.000088	-0.000120	0.845581	0.000120	1.000088	0.153442	
172	1.000134	-0.000076	0.252869	0.000076	1.000134	-0.092926	
173	1.000167	0.000007	0.475281	-0.000007	1.000167	-0.007507	
174	1.000152	-0.000070	0.337219	0.000070	1.000152	-0.094849	
175	1.000188	0.000047	0.656738	-0.000047	1.000188	-0.025696	
176	1.000131	0.000067	0.245728	-0.000067	1.000131	-0.015015	
177	1.000192	0.000117	0.609924	-0.000117	1.000192	-0.023254	
178	1.000192	0.000052	0.257507	-0.000052	1.000192	-0.067688	
179	1.000179	0.000003	0.677002	-0.000003	1.000179	-0.067902	
180	1.000207	-0.000027	0.219177	0.000027	1.000207	-0.100189	
181	1.000168	-0.000066	0.574707	0.000066	1.000168	-0.106445	
182	1.000147	-0.000063	0.166199	0.000063	1.000147	-0.108093	
183	1.000233	-0.000033	0.338196	0.000033	1.000233	-0.134827	
184	1.000122	-0.000031	0.156006	0.000031	1.000122	-0.081207	
185	1.000222	-0.000141	0.846863	0.000141	1.000222	-0.162994	
186	1.000208	0.000054	0.120789	-0.000054	1.000208	0.003326	
187	1.000158	-0.000017	1.065674	0.000017	1.000158	-0.012390	
188	1.000049	0.000068	0.217285	-0.000068	1.000049	0.088165	
189	1.000168	-0.000152	0.589600	0.000152	1.000168	-0.066681	
190	1.000017	-0.000060	0.222961	0.000060	1.000017	-0.037689	
191	0.999882	0.000018	0.468262	-0.000018	0.999882	-0.104187	
192	0.999939	-0.000070	0.264648	0.000070	0.999939	-0.092865	
193	1.000011	0.000022	0.525574	-0.000022	1.000011	-0.122894	
194	1.000128	0.000159	0.188110	-0.000159	1.000128	-0.082733	
195	1.000027	-0.000129	0.837036	0.000129	1.000027	-0.276642	
196	1.000131	-0.000108	0.273682	0.000108	1.000131	-0.238983	
197	1.000243	-0.000124	0.734314	0.000124	1.000243	-0.330597	
198	1.000495	-0.000300	0.297241	0.000300	1.000495	-0.511169	
199	1.000148	0.000024	0.967773	-0.000024	1.000148	-0.057892	
200	1.000448	-0.000356	0.575684	0.000356	1.000448	-0.407104	
201	1.000290	-0.000058	1.569397	0.000058	1.000290	-0.180878	
202	1.000328	-0.000149	0.643372	0.000149	1.000328	-0.136566	
203	1.000133	0.000148	1.296753	-0.000148	1.000133	0.206665	
204	1.000321	-0.000128	0.548584	0.000128	1.000321	-0.117126	
205	0.999981	-0.000003	1.153503	0.000003	0.999981	0.204926	
206	1.000251	-0.000172	0.526794	0.000172	1.000251	-0.151825	
207	1.000238	-0.000079	0.813843	0.000079	1.000238	-0.051208	
208	1.000270	-0.000125	0.283752	0.000125	1.000270	-0.161133	
209	1.000283	-0.000268	0.479858	0.000268	1.000283	-0.213959	
210	1.000227	-0.000092	0.083618	0.000092	1.000227	-0.121399	
211	1.000155	-0.000105	0.042297	0.000105	1.000155	-0.131165	
212	1.000199	-0.000207	0.061890	0.000207	1.000199	-0.203400	
213	0.999886	-0.000078	0.174377	0.000078	0.999886	-0.060547	
214	0.999861	-0.000103	0.981812	0.000103	0.999861	-0.129333	
215	0.999918	-0.000282	-0.083313	0.000282	0.999918	-0.313995	
216	0.999957	-0.000009	-0.071838	0.000009	0.999957	-0.026001	
217	1.000028	-0.000026	0.112671	0.000026	1.000028	-0.126678	
218	0.999881	0.000019	0.517151	-0.000019	0.999881	-0.077789	
219	0.999968	-0.000024	0.413086	0.000024	0.999968	-0.224182	
220	1.000106	-0.000271	0.297546	0.000271	1.000106	-0.199066	
221	1.000185	-0.000332	0.207153	0.000332	1.000185	-0.280945	
222	1.000057	-0.000351	0.417236	0.000351	1.000057	-0.198029	
223	1.000180	-0.000470	0.157654	0.000470	1.000180	-0.336273	
224	1.000099	-0.000320	0.099121	0.000320	1.000099	-0.203583	
225	1.000337	-0.000479	-0.340698	0.000479	1.000337	-0.431488	
226	1.000004	-0.000284	-0.409973	0.000284	1.000004	-0.215271	
227	1.000394	-0.000422	-0.371704	0.000422	1.000394	-0.301697	
228	1.000059	-0.000446	-0.715759	0.000446	1.000059	-0.202728	
229	1.000086	-0.000434	-1.481140	0.000434	1.000086	-0.229065	
230	1.000054	-0.000380	-0.616638	0.000380	1.000054	-0.153046	
231	1.000336	-0.000237	-2.236755	0.000237	1.000336	-0.212555	
232	1.000113	0.000023	-0.975952	-0.000023	1.000113	-0.008606	
233	1.000489	0.000132	-2.148438	-0.000132	1.000489	-0.140717	
234	1.000111	0.000015	-1.082825	-0.000015	1.000111	0.042389	
235	1.001266	-0.000461	-3.059326	0.000461	1.001266	-0.371811	
236	0.999999	-0.000369	-1.388916	0.000369	0.999999	-0.388000	
237	1.002400	0.000484	-2.689606	-0.000484	1.002400	-1.269470	
238	1.002400	0.000484	-2.689606	-0.000484	1.002400	-1.269470	
239	0.999549	0.000356	-0.722107	-0.000356	0.999549	0.573639	
240	0.999549	0.000356	-0.722107	-0.000356	0.999549	0.573639	
241	1.000017	-0.000242	-1.609436	0.000242	1.000017	0.071136	
242	0.998669	-0.000223	-2.411560	0.000223	0.998669	0.311783	
243	0.999231	-0.000063	-1.291504	0.000063	0.999231	0.153214	
244	0.999231	-0.000063	-1.291504	0.000063	0.999231	0.153214	
245	1.002179	-0.000619	-1.136536	0.000619	1.002179	-0.196594	
246	0.998171	0.000101	-1.971313	-0.000101	0.998171	0.799438	
247	0.998950	-0.000026	0.129150	0.000026	0.998950	0.296326	
248	0.998035	-0.000472	-0.096863	0.000472	0.998035	0.189362	
249	0.999427	-0.000058	-0.574158	0.000058	0.999427	0.142578	
250	0.998598	-0.000299	-0.176086	0.000299	0.998598	0.218140	
251	0.999538	-0.000089	-0.899231	0.000089	0.999538	0.043793	
252	0.998296	0.000057	0.054810	-0.000057	0.998296	0.747070	
253	0.999168	-0.000012	0.235718	0.000012	0.999168	0.377167	
254	0.998746	-0.000179	-0.809937	0.000179	0.998746	0.748810	
255	0.999223	0.000046	0.163574	-0.000046	0.999223	0.354584	
256	0.997684	-0.000192	0.627197	0.000192	0.997684	0.739258	
257	0.998686	-0.000118	-0.219238	0.000118	0.998686	0.334137	
258	0.997423	-0.000156	0.778870	0.000156	0.997423	0.511841	
259	0.998527	-0.000020	0.431946	0.000020	0.998527	0.271362	
260	0.998527	-0.000020	0.431946	0.000020	0.998527	0.271362	
261	0.998024	0.000042	0.685181	-0.000042	0.998024	0.795624	
262	0.995483	-0.000117	1.967529	0.000117	0.995483	1.544647	
263	0.997379	0.000021	0.990417	-0.000021	0.997379	0.888458	
264	0.997379	0.000021	0.990417	-0.000021	0.997379	0.888458	
265	0.996876	0.000030	1.575623	-0.000030	0.996876	1.105286	
266	0.993863	-0.000027	3.601868	0.000027	0.993863	2.188202	
267	0.997008	0.000078	2.248047	-0.000078	0.997008	0.760345	
268	0.993977	0.000075	3.739929	-0.000075	0.993977	2.466812	
269	0.997053	0.000085	2.481445	-0.000085	0.997053	1.090302	
270	0.993338	0.000116	4.975403	-0.000116	0.993338	2.474670	
271	0.996212	0.000127	2.957947	-0.000127	0.996212	1.351776	
272	0.992508	0.000118	5.825806	-0.000118	0.992508	2.583344	
273	0.996203	0.000127	3.061768	-0.000127	0.996203	1.402008	
274	0.992308	0.000077	5.823303	-0.000077	0.992308	2.697830	
275	0.996093	0.000329	2.584656	-0.000329	0.996093	1.914429	
276	0.992517	0.000121	5.183105	-0.000121	0.992517	2.552948	
277	0.996217	0.000030	2.527588	-0.000030	0.996217	1.227600	
278	0.992457	0.000021	4.826599	-0.000021	0.992457	2.645203	
279	0.996234	0.000053	2.413818	-0.000053	0.996234	1.365936	
280	0.992517	0.000086	4.867554	-0.000086	0.992517	2.656067	
281	0.996278	-0.000025	2.481506	0.000025	0.996278	1.236145	
282	0.992627	0.000128	4.969543	-0.000128	0.992627	2.499878	
283	0.996673	0.000023	1.965881	-0.000023	0.996673	1.125397	
284	0.993462	0.000030	4.250977	-0.000030	0.993462	2.553589	
285	0.997176	-0.000005	1.722290	0.000005	0.997176	1.077972	
286	0.995034	-0.001189	2.602219	0.001189	0.995034	1.711792	
287	0.998439	-0.000065	0.834961	0.000065	0.998439	0.498383	
288	0.998143	-0.000119	0.145081	0.000119	0.998143	0.502716	
289	0.999328	-0.000124	0.013733	0.000124	0.999328	0.089966	
290	0.999844	-0.000181	-1.660950	0.000181	0.999844	-0.486664	
291	1.000013	-0.000037	-0.738647	0.000037	1.000013	-0.231476	
292	0.999915	-0.000242	-2.334717	0.000242	0.999915	-0.215790	
293	1.000000	-0.000002	-1.478088	0.000002	1.000000	-0.311066	
294	1.000178	-0.000214	-3.130493	0.000214	1.000178	-0.582001	
295	0.999739	0.000013	-1.032837	-0.000013	0.999739	-0.052551	
296	1.000292	-0.000223	-3.349121	0.000223	1.000292	-1.162781	
297	0.999871	-0.000053	-1.213806	0.000053	0.999871	-0.125732	
298	0.999743	-0.000193	-2.675476	0.000193	0.999743	-1.589722	
299	1.000019	-0.000149	-1.361572	0.000149	1.000019	-0.611084	
300	0.999889	-0.000248	-3.661560	0.000248	0.999889	-1.531982	
301	0.999954	-0.000043	-1.654358	0.000043	0.999954	-0.590057	
302	0.999946	-0.000138	-3.545227	0.000138	0.999946	-1.075897	
303	0.999928	-0.000091	-1.664856	0.000091	0.999928	-0.883942	
304	0.999946	-0.000157	-3.486755	0.000157	0.999946	-0.619202	
305	0.999935	-0.000059	-1.333313	0.000059	0.999935	-0.502411	
306	1.000118	-0.000078	-2.669250	0.000078	1.000118	-0.729370	
307	0.999899	0.000068	-1.169495	-0.000068	0.999899	-0.264038	
308	1.000245	0.000526	-1.550323	-0.000526	1.000245	-0.378815	
309	1.000057	0.000061	-0.658264	-0.000061	1.000057	-0.171448	
310	1.000126	0.000047	-1.315796	-0.000047	1.000126	-0.855621	
311	1.000141	-0.000043	-0.166504	0.000043	1.000141	-0.093872	
312	1.000033	0.000096	-0.801392	-0.000096	1.000033	-0.236176	
313	1.000470	0.000119	-0.263794	-0.000119	1.000470	-0.346832	
314	1.002301	0.000049	-0.523682	-0.000049	1.002301	-0.744965	
315	1.001701	0.000076	-0.342896	-0.000076	1.001701	-0.831482	
316	1.003828	0.000229	-0.832947	-0.000229	1.003828	-1.325775	
317	1.002553	0.000025	-0.562744	-0.000025	1.002553	-0.804688	
318	1.005389	0.000171	-1.389648	-0.000171	1.005389	-1.845337	
319	1.002518	0.000179	-0.634277	-0.000179	1.002518	-0.805450	
320	1.005397	0.000013	-2.798157	-0.000013	1.005397	-2.392426	
321	1.002434	-0.000082	-1.656067	0.000082	1.002434	-0.577881	
322	1.005242	-0.000070	-2.643127	0.000070	1.005242	-1.794128	
323	1.002498	0.000024	-1.897461	-0.000024	1.002498	-0.678955	
324	1.005302	-0.000025	-3.445618	0.000025	1.005302	-1.530792	
325	1.002682	0.000003	-1.611206	-0.000003	1.002682	-0.654602	
326	1.005403	-0.000176	-3.180542	0.000176	1.005403	-1.772644	
327	1.002669	0.000157	-1.760559	-0.000157	1.002669	-0.557526	
328	1.005290	0.000090	-3.260986	-0.000090	1.005290	-1.664551	
329	1.002682	0.000071	-1.798157	-0.000071	1.002682	-0.703979	
330	1.005111	-0.000039	-2.764465	0.000039	1.005111	-1.996490	
331	1.002546	0.000023	-1.625916	-0.000023	1.002546	-0.403534	
332	1.005353	-0.000086	-3.335388	0.000086	1.005353	-1.146912	
333	1.002373	0.000089	-1.780273	-0.000089	1.002373	-0.778381	
334	1.005549	-0.000135	-3.601440	0.000135	1.005549	-1.397125	
335	1.002804	-0.000072	-1.913757	0.000072	1.002804	-0.611786	
336	1.005579	-0.000011	-3.571716	0.000011	1.005579	-1.400330	
337	1.002702	-0.000006	-1.718933	0.000006	1.002702	-0.566193	
338	1.005537	0.000152	-3.731140	-0.000152	1.005537	-1.227600	
339	1.002560	0.000129	-1.808411	-0.000129	1.002560	-0.560272	
340	1.005517	0.000054	-3.563904	-0.000054	1.005517	-1.439026	
341	1.002915	0.000123	-1.700806	-0.000123	1.002915	-0.551239	
342	1.005662	0.000168	-3.474854	-0.000168	1.005662	-1.449677	
343	1.002715	-0.000013	-1.710815	0.000013	1.002715	-0.836304	
344	1.005644	-0.000069	-3.690247	0.000069	1.005644	-1.423584	
345	1.002727	0.000076	-1.561096	-0.000076	1.002727	-0.766235	
346	1.005596	0.000088	-3.659424	-0.000088	1.005596	-1.764160	
347	1.002769	0.000079	-1.640076	-0.000079	1.002769	-0.776703	
348	1.005549	-0.000293	-3.437683	0.000293	1.005549	-2.089111	
349	1.002546	-0.000069	-1.498840	0.000069	1.002546	-0.629852	
350	1.005751	0.000157	-3.303406	-0.000157	1.005751	-1.694214	
351	1.002824	-0.000067	-1.567383	0.000067	1.002824	-0.829346	
352	1.005617	0.000012	-3.710999	-0.000012	1.005617	-1.704529	
353	1.002709	-0.000091	-1.887817	0.000091	1.002709	-0.923492	
354	1.005419	-0.000014	-3.520996	0.000014	1.005419	-1.586700	
355	1.002732	-0.000304	-1.733826	0.000304	1.002732	-0.681824	
356	1.005595	-0.000090	-3.566650	0.000090	1.005595	-1.352142	
357	1.002725	0.000031	-1.735718	-0.000031	1.002725	-0.667114	
358	1.005766	0.000036	-3.589905	-0.000036	1.005766	-1.126343	
359	1.002901	-0.000110	-1.616272	0.000110	1.002901	-0.476990	
360	1.005591	-0.000004	-3.361511	0.000004	1.005591	-0.717987	
361	1.003020	0.000001	-1.815735	-0.000001	1.003020	-0.214691	
362	1.003020	0.000001	-1.815735	-0.000001	1.003020	-0.214691	
363	1.002782	-0.000020	-1.742798	0.000020	1.002782	0.698212	
364	1.006009	0.000437	-3.975403	-0.000437	1.006009	1.212921	
365	1.002882	0.000023	-1.816101	-0.000023	1.002882	0.502197	
366	1.006651	0.000920	-3.954956	-0.000920	1.006651	0.226135	
367	1.002750	-0.000089	-1.583374	0.000089	1.002750	-0.338135	
368	1.005840	-0.000015	-3.627197	0.000015	1.005840	-0.799530	
369	1.002822	0.000129	-1.793884	-0.000129	1.002822	-0.255035	
370	1.002822	0.000129	-1.793884	-0.000129	1.002822	-0.255035	
371	1.002822	0.000129	-1.793884	-0.000129	1.002822	-0.255035	
372	1.003290	-0.000035	-1.700500	0.000035	1.003290	-0.847992	
373	1.003290	-0.000035	-1.700500	0.000035	1.003290	-0.847992	
374	1.001450	0.000304	-1.054932	-0.000304	1.001450	0.041687	
375	1.003493	-0.004010	-0.097351	0.004010	1.003493	-4.842560	
376	0.996665	-0.000461	3.521423	0.000461	0.996665	1.320679	
377	1.001364	-0.000214	-0.317810	0.000214	1.001364	-0.830933	
378	0.999672	0.000034	0.119324	-0.000034	0.999672	-0.119843	
379	0.999015	0.000184	0.584656	-0.000184	0.999015	0.151093	
380	0.996089	-0.000023	2.693115	0.000023	0.996089	1.086823	
381	0.997275	-0.000004	1.821960	0.000004	0.997275	0.638550	
382	0.993579	0.000033	4.350830	-0.000033	0.993579	2.101868	
383	0.995917	0.000027	2.560242	-0.000027	0.995917	1.465118	
384	0.989825	0.000024	6.151794	-0.000024	0.989825	3.414490	
385	0.994923	0.000028	3.167725	-0.000028	0.994923	1.412567	
386	0.990094	-0.000021	5.629150	0.000021	0.990094	2.748596	
387	0.994972	0.000142	2.888733	-0.000142	0.994972	1.577606	
388	0.990449	0.000004	5.667908	-0.000004	0.990449	3.187958	
389	0.995515	0.000072	2.198669	-0.000072	0.995515	1.508636	
390	0.990040	0.000149	6.145142	-0.000149	0.990040	3.326141	
391	0.995505	-0.000075	2.419800	0.000075	0.995505	0.760925	
392	0.988002	0.000143	5.981628	-0.000143	0.988002	4.497070	
393	0.991927	-0.000477	5.040161	0.000477	0.991927	2.378571	
394	0.980948	0.000464	11.223450	-0.000464	0.980948	6.717346	
395	0.990464	-0.000130	5.529663	0.000130	0.990464	3.220154	
396	0.980875	0.000885	11.552979	-0.000885	0.980875	7.190369	
397	0.989779	0.000060	6.384766	-0.000060	0.989779	3.372711	
398	0.989779	0.000060	6.384766	-0.000060	0.989779	3.372711	
399	0.989933	0.000123	6.150513	-0.000123	0.989933	3.723846	
400	0.982256	0.000891	10.790955	-0.000891	0.982256	6.484772	
401	0.992459	-0.000044	4.298950	0.000044	0.992459	2.478363	
402	0.987847	-0.001082	8.041931	0.001082	0.987847	4.209259	
403	0.994169	-0.001071	3.470459	0.001071	0.994169	1.415070	
404	0.994020	-0.000412	2.835449	0.000412	0.994020	1.848648	
405	0.998976	0.000152	0.732117	-0.000152	0.998976	0.512299	
406	0.999662	-0.000094	0.419556	0.000094	0.999662	0.242935	
407	0.999985	0.000003	0.034058	-0.000003	0.999985	0.307617	
408	0.999871	-0.000060	0.122375	0.000060	0.999871	-0.002319	
409	0.999921	-0.000002	-0.001648	0.000002	0.999921	-0.005890	
410	0.998498	0.000146	1.738953	-0.000146	0.998498	0.558380	
411	0.999171	-0.000182	0.494690	0.000182	0.999171	0.170746	
412	0.996912	-0.000020	2.014709	0.000020	0.996912	1.095306	
413	0.998031	-0.000038	1.334473	0.000038	0.998031	0.596680	
414	0.997011	0.000099	1.957642	-0.000099	0.997011	1.105988	
415	0.998593	-0.000050	0.901428	0.000050	0.998593	0.494873	
416	0.997083	0.000057	2.162048	-0.000057	0.997083	0.937912	
417	0.997906	0.000080	1.528870	-0.000080	0.997906	0.774536	
418	0.996291	0.000394	2.646240	-0.000394	0.996291	1.622482	
419	0.997089	0.000115	1.935425	-0.000115	0.997089	1.067688	
420	0.993675	0.000100	3.907715	-0.000100	0.993675	2.500549	
421	0.996260	0.000194	2.271423	-0.000194	0.996260	1.641663	
422	0.993376	0.000031	4.939087	-0.000031	0.993376	2.313354	
423	0.997361	0.000358	1.397095	-0.000358	0.997361	1.246979	
424	0.994749	0.000037	3.367859	-0.000037	0.994749	1.947418	
425	0.997932	0.000005	1.282532	-0.000005	0.997932	0.559937	
426	0.996647	-0.000087	2.348450	0.000087	0.996647	1.093506	
427	0.998863	-0.000140	0.812927	0.000140	0.998863	0.444153	
428	0.998648	-0.000081	1.473877	0.000081	0.998648	0.544128	
429	0.999849	-0.000037	0.198853	0.000037	0.999849	-0.051117	
430	0.999849	-0.000037	0.198853	0.000037	0.999849	-0.051117	
431	0.999917	0.000185	0.734314	-0.000185	0.999917	0.094208	
432	0.999917	0.000185	0.734314	-0.000185	0.999917	0.094208	
433	1.000025	-0.000031	0.710083	0.000031	1.000025	0.028381	
434	1.000025	-0.000031	0.710083	0.000031	1.000025	0.028381	
435	0.999958	0.000073	0.516663	-0.000073	0.999958	0.137787	
436	0.999923	0.000130	1.914612	-0.000130	0.999923	0.163666	
437	0.999923	0.000130	1.914612	-0.000130	0.999923	0.163666	
438	0.997698	-0.001300	2.173599	0.001300	0.997698	0.514587	
439	0.999875	0.000183	1.172546	-0.000183	0.999875	0.043823	
440	0.999875	0.000183	1.172546	-0.000183	0.999875	0.043823	
441	1.000022	0.000028	0.802002	-0.000028	1.000022	0.032318	
442	0.999842	0.000193	1.432678	-0.000193	0.999842	0.324127	
443	0.999993	0.000008	0.611938	-0.000008	0.999993	-0.084442	
444	1.000103	-0.000046	0.812073	0.000046	1.000103	-0.066162	
445	0.999948	0.000037	0.324402	-0.000037	0.999948	0.020599	
446	1.000018	0.000019	0.811096	-0.000019	1.000018	0.021881	
447	1.000016	-0.000119	0.213501	0.000119	1.000016	-0.041473	
448	1.000016	-0.000119	0.213501	0.000119	1.000016	-0.041473	
449	0.999958	0.000034	0.153015	-0.000034	0.999958	-0.007294	
450	1.000029	0.000047	0.081482	-0.000047	1.000029	-0.017670	
451	0.999771	0.000244	0.403137	-0.000244	0.999771	0.226288	
452	1.000302	0.000006	0.180023	-0.000006	1.000302	-0.044739	
453	1.000082	0.000014	-0.114624	-0.000014	1.000082	-0.001068	
454	1.000193	-0.000091	-0.224854	0.000091	1.000193	-0.071014	
455	1.000318	0.000054	-0.185242	-0.000054	1.000318	-0.005524	
456	1.000021	-0.000080	-1.083374	0.000080	1.000021	-0.084869	
457	0.999970	-0.000072	-0.456177	0.000072	0.999970	-0.053833	
458	1.000030	-0.000051	-0.473450	0.000051	1.000030	-0.060715	
459	0.995401	0.000043	-0.134277	-0.000043	0.995401	1.233398	
460	0.999898	0.000057	-0.630981	-0.000057	0.999898	-0.050385	
461	0.999931	0.000054	0.011566	-0.000054	0.999931	0.072235	
462	1.000013	-0.000035	0.035950	0.000035	1.000013	0.012177	
463	0.999811	-0.000161	0.006958	0.000161	0.999811	-0.026947	
464	0.999889	-0.000174	-0.597290	0.000174	0.999889	-0.019653	
465	0.999923	0.000004	0.000977	-0.000004	0.999923	-0.003815	
466	0.999070	-0.000390	0.621765	0.000390	0.999070	0.270111	
467	1.000027	-0.000109	-0.082458	0.000109	1.000027	0.002960	
468	1.000155	0.000115	-0.577393	-0.000115	1.000155	-0.306671	
469	1.000077	0.000082	-0.410339	-0.000082	1.000077	0.005737	
470	1.000130	0.000078	-0.300415	-0.000078	1.000130	0.199615	
471	1.000037	-0.000052	-0.067505	0.000052	1.000037	0.028717	
472	1.000031	-0.000068	-0.066833	0.000068	1.000031	0.067322	
473	0.999313	0.000174	0.033081	-0.000174	0.999313	0.497955	
474	1.001335	0.000938	-0.701355	-0.000938	1.001335	-0.008011	
475	0.999957	-0.000019	-0.196960	0.000019	0.999957	0.047424	
476	0.999972	-0.000181	-0.513733	0.000181	0.999972	-0.015472	
477	1.000150	-0.000011	-0.550232	0.000011	1.000150	0.044891	
478	1.000111	0.000044	-0.083191	-0.000044	1.000111	0.000458	
479	1.000198	-0.000044	-0.467529	0.000044	1.000198	-0.229034	
480	1.000164	0.000023	-1.284485	-0.000023	1.000164	-0.139740	
481	1.000120	0.000049	-0.664001	-0.000049	1.000120	-0.079559	
482	1.000115	-0.000002	-0.597046	0.000002	1.000115	-0.014496	
483	1.000006	-0.000024	-0.360718	0.000024	1.000006	-0.027985	
484	1.000088	0.000009	-0.506104	-0.000009	1.000088	-0.035950	
485	0.999877	-0.000031	-0.100769	0.000031	0.999877	0.022736	
486	0.999952	-0.000263	-0.596924	0.000263	0.999952	-0.046814	
487	0.999950	-0.000096	-0.320923	0.000096	0.999950	-0.030945	
488	1.000014	-0.000100	-0.354492	0.000100	1.000014	-0.004974	
489	0.999943	-0.000112	-0.059204	0.000112	0.999943	-0.024506	
490	1.000016	0.000088	-0.016663	-0.000088	1.000016	0.017670	
491	1.000064	0.000075	-0.010925	-0.000075	1.000064	-0.008179	
492	0.999971	0.000025	-0.213501	-0.000025	0.999971	-0.011200	
493	0.999877	-0.000075	-0.103943	0.000075	0.999877	-0.030579	
494	0.999995	0.000033	-0.121338	-0.000033	0.999995	0.030579	
495	1.000331	-0.000146	-0.234558	0.000146	1.000331	-0.161957	
496	1.001652	-0.001154	-0.114410	0.001154	1.001652	-0.455841	
497	1.000058	0.000021	-0.004150	-0.000021	1.000058	0.050537	
498	0.999956	0.000076	0.041504	-0.000076	0.999956	0.140320	
499	0.999991	0.000003	0.061157	-0.000003	0.999991	0.035461	
500	0.999889	0.000066	0.059143	-0.000066	0.999889	0.016968	
501	0.999966	-0.000089	-0.037231	0.000089	0.999966	-0.030670	
502	0.999987	-0.000046	-0.113831	0.000046	0.999987	-0.022446	
503	0.998574	-0.003006	2.499084	0.003006	0.998574	-3.076141	
504	0.999976	-0.000019	-0.005798	0.000019	0.999976	-0.005707	
505	0.999934	0.000098	0.137207	-0.000098	0.999934	0.182709	
506	1.000044	-0.000012	-0.006653	0.000012	1.000044	-0.005371	
507	0.999983	0.000043	0.091187	-0.000043	0.999983	0.031677	
508	0.999962	-0.000079	0.059448	0.000079	0.999962	-0.085358	
509	1.000026	-0.000188	-0.001038	0.000188	1.000026	-0.080139	
510	1.000109	-0.000188	-0.290283	0.000188	1.000109	-0.111633	
511	1.000204	-0.000154	-0.093384	0.000154	1.000204	-0.117340	
512	1.000039	-0.000062	-0.054199	0.000062	1.000039	-0.028290	
513	0.999860	-0.000247	0.051697	0.000247	0.999860	0.018280	
514	0.999763	-0.000085	0.166626	0.000085	0.999763	-0.013824	
515	0.999619	-0.000121	0.303894	0.000121	0.999619	0.127197	
516	1.000182	-0.000110	0.008362	0.000110	1.000182	-0.080444	
517	0.999958	-0.000006	0.049683	0.000006	0.999958	-0.093994	
518	1.000021	0.000067	0.105286	-0.000067	1.000021	-0.028778	
519	0.999968	0.000114	0.103088	-0.000114	0.999968	0.039703	
520	1.000080	0.000080	-0.016663	-0.000080	1.000080	-0.007812	
521	1.000045	0.000028	-0.005310	-0.000028	1.000045	0.006561	
522	1.000108	-0.000078	-0.063232	0.000078	1.000108	-0.125031	
523	1.000260	-0.000134	-0.017395	0.000134	1.000260	-0.102661	
524	1.000025	-0.000145	0.176392	0.000145	1.000025	-0.162292	
525	0.999984	-0.000067	0.068542	0.000067	0.999984	-0.037567	
526	0.999966	-0.000073	0.164185	0.000073	0.999966	-0.134216	
527	0.999813	-0.000111	0.096436	0.000111	0.999813	-0.005188	
528	0.999806	-0.000162	0.109009	0.000162	0.999806	-0.042542	
529	0.999758	-0.000178	0.131653	0.000178	0.999758	0.025299	
530	0.999752	-0.000065	0.066956	0.000065	0.999752	0.051208	
531	0.999635	-0.000160	0.160461	0.000160	0.999635	0.094147	
532	0.999608	-0.000074	0.066406	0.000074	0.999608	0.175079	
533	0.999905	0.000038	-0.075684	-0.000038	0.999905	0.080414	
534	1.000961	0.000002	-0.530457	-0.000002	1.000961	-0.308563	
535	1.000542	0.000048	-0.396240	-0.000048	1.000542	-0.100494	
536	1.002010	-0.000146	-1.137390	0.000146	1.002010	-0.793457	
537	1.001292	0.000307	-0.772278	-0.000307	1.001292	-0.373871	
538	1.002848	-0.000112	-1.654236	0.000112	1.002848	-1.003906	
539	1.001632	0.000064	-1.010681	-0.000064	1.001632	-0.578339	
540	1.003141	-0.000581	-1.899979	0.000581	1.003141	-1.292145	
541	1.002027	0.000232	-1.451843	-0.000232	1.002027	-0.594818	
542	1.004928	0.000133	-3.296387	-0.000133	1.004928	-1.579926	
543	1.002554	-0.000033	-1.580139	0.000033	1.002554	-0.892578	
544	1.005692	0.000487	-4.004578	-0.000487	1.005692	-1.931000	
545	1.002724	0.000111	-1.882263	-0.000111	1.002724	-0.878235	
546	1.005414	0.000261	-4.528442	-0.000261	1.005414	-1.639679	
547	1.002106	0.000450	-1.797546	-0.000450	1.002106	-0.312683	
548	1.005497	0.000002	-5.028320	-0.000002	1.005497	-1.876007	
549	0.997225	-0.002947	2.769440	0.002947	0.997225	0.640167	
550	0.997225	-0.002947	2.769440	0.002947	0.997225	0.640167	
551	1.002742	-0.000082	-2.224060	0.000082	1.002742	-1.016022	
552	1.004599	0.000392	-3.688721	-0.000392	1.004599	-1.389236	
553	1.002750	-0.000023	-2.508301	0.000023	1.002750	-1.023590	
554	1.005530	-0.000051	-4.581421	0.000051	1.005530	-2.031342	
555	1.005530	-0.000051	-4.581421	0.000051	1.005530	-2.031342	
556	1.005796	-0.000087	-4.696594	0.000087	1.005796	-2.115601	
557	1.002720	-0.000044	-1.895020	0.000044	1.002720	-1.097382	
558	1.002720	-0.000044	-1.895020	0.000044	1.002720	-1.097382	
559	1.002720	-0.000044	-1.895020	0.000044	1.002720	-1.097382	
560	1.004573	-0.000044	-2.973938	0.000044	1.004573	-1.855347	
561	1.002064	0.000083	-1.272705	-0.000083	1.002064	-0.792603	
562	1.003685	-0.000010	-2.238220	0.000010	1.003685	-1.384308	
563	1.001794	-0.000028	-1.036560	0.000028	1.001794	-0.701752	
564	1.003140	0.000130	-2.026672	-0.000130	1.003140	-1.124054	
565	1.001719	-0.000176	-1.020874	0.000176	1.001719	-0.681183	
566	1.003242	0.000082	-2.091797	-0.000082	1.003242	-1.202789	
567	1.001732	-0.000030	-1.053833	0.000030	1.001732	-0.561646	
568	1.003241	0.000100	-1.994141	-0.000100	1.003241	-1.026062	
569	1.001595	-0.000062	-0.948547	0.000062	1.001595	-0.535278	
570	1.001588	0.000016	-1.010864	-0.000016	1.001588	-0.515228	
571	1.003175	-0.000009	-1.882568	0.000009	1.003175	-0.999023	
572	1.001694	-0.000122	-1.025879	0.000122	1.001694	-0.781769	
573	1.003103	0.000007	-1.972534	-0.000007	1.003103	-1.029999	
574	1.001631	-0.000045	-0.978760	0.000045	1.001631	-0.601135	
575	1.003196	0.000053	-2.116760	-0.000053	1.003196	-0.997711	
576	1.001671	-0.000111	-1.077637	0.000111	1.001671	-0.621033	
577	1.003505	0.000025	-2.407715	-0.000025	1.003505	-1.047668	
578	1.001464	-0.000178	-0.757324	0.000178	1.001464	-0.491943	
579	1.003328	-0.000157	-2.199463	0.000157	1.003328	-1.356995	
580	1.001885	0.000033	-1.166382	-0.000033	1.001885	-0.533051	
581	1.003203	-0.000046	-2.072327	0.000046	1.003203	-1.096069	
582	1.001644	-0.000005	-0.916687	0.000005	1.001644	-0.545197	
583	1.003251	-0.000048	-2.029907	0.000048	1.003251	-1.094482	
584	1.001900	-0.000070	-1.197693	0.000070	1.001900	-0.693665	
585	1.003268	-0.000023	-2.218323	0.000023	1.003268	-1.016327	
586	1.001651	-0.000123	-1.017151	0.000123	1.001651	-0.576385	
587	1.003234	0.000050	-2.058899	-0.000050	1.003234	-1.047089	
588	1.001676	0.000114	-1.080872	-0.000114	1.001676	-0.399292	
589	1.003312	0.000008	-2.001465	-0.000008	1.003312	-1.099152	
590	1.001651	0.000074	-1.061035	-0.000074	1.001651	-0.516815	
591	1.003138	-0.000088	-2.023743	0.000088	1.003138	-0.956909	
592	1.001249	0.000010	-0.776123	-0.000010	1.001249	-0.300720	
593	1.002365	-0.000073	-1.505737	0.000073	1.002365	-0.461700	
594	1.000687	-0.000011	-0.523193	0.000011	1.000687	-0.244629	
595	1.001264	-0.000081	-0.833496	0.000081	1.001264	-0.384155	
596	1.000117	-0.000076	-0.153931	0.000076	1.000117	-0.050171	
597	1.000260	0.000010	-0.226685	-0.000010	1.000260	-0.020874	
598	1.000098	-0.000059	-0.126099	0.000059	1.000098	0.268860	
599	1.000171	0.000005	-0.296143	-0.000005	1.000171	0.683990	
600	0.999921	-0.000012	0.029785	0.000012	0.999921	0.027100	
601	0.999983	-0.000131	-0.331177	0.000131	0.999983	0.256897	
602	1.000000	-0.000026	-0.116577	0.000026	1.000000	0.419983	
603	1.000000	-0.000010	-0.012756	0.000010	1.000000	-0.016205	
604	1.000066	-0.000043	-0.020813	0.000043	1.000066	-0.033295	
605	1.000108	-0.000084	0.181946	0.000084	1.000108	0.500488	
606	0.999996	-0.000061	0.003784	0.000061	0.999996	-0.183105	
607	1.000011	-0.000005	0.007385	0.000005	1.000011	-0.148010	
608	1.000015	-0.000058	-0.009094	0.000058	1.000015	-0.018677	
609	1.000109	-0.000158	0.149963	0.000158	1.000109	0.173126	
610	1.000015	0.000010	0.104797	-0.000010	1.000015	-0.285767	
611	0.999735	-0.000167	0.403015	0.000167	0.999735	-0.140259	
612	0.998791	0.000128	0.714233	-0.000128	0.998791	0.522491	
613	0.998791	0.000128	0.714233	-0.000128	0.998791	0.522491	
614	0.991925	0.000160	5.115601	-0.000160	0.991925	2.769165	
615	0.971835	-0.000089	17.604095	0.000089	0.971835	9.783173	
616	0.979435	0.000091	12.884277	-0.000091	0.979435	6.925262	
617	0.950454	-0.000497	31.256226	0.000497	0.950454	16.843002	
618	0.968819	0.000158	19.489197	-0.000158	0.968819	11.175598	
619	0.933580	0.000230	41.938293	-0.000230	0.933580	23.550003	
620	0.965195	0.000326	22.195190	-0.000326	0.965195	12.567963	
621	0.938291	0.000161	38.530090	-0.000161	0.938291	21.568665	
622	0.979719	0.000138	12.921051	-0.000138	0.979719	7.404266	
623	0.980594	0.000101	12.064819	-0.000101	0.980594	6.701385	
624	0.992432	0.000163	4.832825	-0.000163	0.992432	2.552246	
625	0.989149	0.000029	6.849487	-0.000029	0.989149	4.001129	
626	0.996460	0.000014	2.240326	-0.000014	0.996460	1.284851	
627	0.997322	-0.000108	1.681763	0.000108	0.997322	0.885010	
628	0.999779	-0.000138	0.049225	0.000138	0.999779	-0.183075	
629	0.999964	0.000212	-0.061218	-0.000212	0.999964	0.284424	
630	1.000021	0.000114	-0.032166	-0.000114	1.000021	0.062195	
631	0.999758	-0.000328	0.442444	0.000328	0.999758	-0.369385	
632	0.999950	0.000033	0.008392	-0.000033	0.999950	-0.013336	
633	0.999974	0.000104	0.022705	-0.000104	0.999974	0.103394	
634	1.000013	-0.000014	0.012207	0.000014	1.000013	0.000397	
635	1.000026	0.000139	-0.005341	-0.000139	1.000026	0.285553	
636	0.999993	-0.000003	0.023804	0.000003	0.999993	0.062134	
637	0.999971	0.000272	-0.060333	-0.000272	0.999971	0.257935	
638	0.999918	0.000002	0.034271	-0.000002	0.999918	-0.662292	
639	0.999954	0.000087	-0.042297	-0.000087	0.999954	0.891449	
640	1.000148	-0.000217	0.035889	0.000217	1.000148	-0.019623	
641	1.000197	-0.000474	0.103546	0.000474	1.000197	-0.524292	
642	0.999955	0.000194	-0.050812	-0.000194	0.999955	0.366638	
643	1.000038	-0.000280	-0.204071	0.000280	1.000038	0.057037	
644	1.000099	0.000290	-0.356110	-0.000290	1.000099	0.052063	
645	0.999852	0.000009	0.141022	-0.000009	0.999852	0.105743	
646	0.999988	0.000062	-0.001312	-0.000062	0.999988	0.003662	
647	0.999951	0.000008	0.101227	-0.000008	0.999951	0.031189	
648	0.999923	0.000092	0.045715	-0.000092	0.999923	0.011871	
649	0.999957	0.000011	0.172180	-0.000011	0.999957	0.016388	
650	1.000279	-0.000180	0.029846	0.000180	1.000279	-0.059204	
651	1.000952	-0.000050	-0.393494	0.000050	1.000952	-0.147095	
652	1.000874	0.000078	-0.517609	-0.000078	1.000874	-0.146729	
653	1.001756	-0.000097	-1.128174	0.000097	1.001756	-0.452423	
654	1.001209	0.000161	-0.813538	-0.000161	1.001209	-0.258453	
655	1.002887	-0.000332	-1.637299	0.000332	1.002887	-1.002686	
656	1.001728	-0.000190	-0.976471	0.000190	1.001728	-0.646057	
657	1.003458	-0.000141	-2.218384	0.000141	1.003458	-1.235748	
658	1.001852	0.000061	-1.141571	-0.000061	1.001852	-1.200958	
659	1.003682	0.000178	-2.455811	-0.000178	1.003682	-0.887543	
660	1.001732	0.000040	-1.125000	-0.000040	1.001732	-0.111938	
661	1.003765	-0.000223	-2.347565	0.000223	1.003765	-1.733398	
662	1.001838	-0.000046	-1.172089	0.000046	1.001838	-0.543304	
663	1.003646	-0.000011	-2.407074	0.000011	1.003646	-1.093597	
664	1.001917	-0.000209	-1.165314	0.000209	1.001917	-0.688538	
665	1.003627	0.000022	-2.469879	-0.000022	1.003627	-1.179932	
666	1.001966	0.000252	-1.277740	-0.000252	1.001966	-0.591248	
667	1.004169	0.000080	-2.393036	-0.000080	1.004169	-1.464142	
668	1.001913	0.000168	-1.212219	-0.000168	1.001913	-0.670013	
669	1.003744	-0.000127	-2.307709	0.000127	1.003744	-1.334442	
670	1.001879	0.000028	-1.235779	-0.000028	1.001879	-0.647797	
671	1.003665	-0.000166	-2.340210	0.000166	1.003665	-1.313599	
672	1.001990	-0.000034	-1.222198	0.000034	1.001990	-0.673737	
673	1.004417	-0.000047	-2.848541	0.000047	1.004417	-1.512573	
674	1.002015	0.000089	-1.332947	-0.000089	1.002015	-0.821686	
675	1.004528	-0.000038	-2.868744	0.000038	1.004528	-1.590790	
676	1.001995	-0.000031	-1.333435	0.000031	1.001995	-0.764832	
677	1.004479	0.000028	-2.812561	-0.000028	1.004479	-1.672241	
678	1.002028	-0.000054	-1.308380	0.000054	1.002028	-0.754669	
679	1.004409	-0.000046	-2.819672	0.000046	1.004409	-1.561279	
680	1.002152	-0.000182	-1.384277	0.000182	1.002152	-0.808716	
681	1.004405	-0.000079	-2.878632	0.000079	1.004405	-1.593903	
682	1.002213	-0.000037	-1.304626	0.000037	1.002213	-0.839417	
683	1.004533	-0.000159	-2.808990	0.000159	1.004533	-1.717529	
684	1.001151	-0.001144	-0.944458	0.001144	1.001151	-0.595367	
685	1.004492	-0.000071	-2.750397	0.000071	1.004492	-1.635284	
686	1.002213	-0.000056	-1.445099	0.000056	1.002213	-0.750061	
687	1.004176	-0.000203	-2.822632	0.000203	1.004176	-1.547485	
688	1.001999	-0.000105	-1.351654	0.000105	1.001999	-0.714996	
689	1.004353	-0.000146	-2.873230	0.000146	1.004353	-1.986176	
690	1.002284	-0.000039	-1.425385	0.000039	1.002284	-0.877716	
691	1.004455	-0.000045	-2.860870	0.000045	1.004455	-1.263947	
692	1.002126	-0.000113	-1.291199	0.000113	1.002126	-0.857117	
693	1.004434	-0.000097	-2.620697	0.000097	1.004434	-1.600525	
694	1.001985	-0.000347	-1.319763	0.000347	1.001985	-0.899902	
695	1.004115	-0.000639	-2.575439	0.000639	1.004115	-1.991318	
696	1.002075	-0.000089	-1.049164	0.000089	1.002075	-0.789246	
697	1.004665	-0.000368	-2.380722	0.000368	1.004665	-1.664642	
698	1.001949	-0.000075	-1.210449	0.000075	1.001949	-0.798676	
699	1.004257	0.000075	-2.645508	-0.000075	1.004257	-1.497742	
700	1.001754	-0.000015	-1.030396	0.000015	1.001754	-0.671478	
701	1.003572	-0.000804	-1.991028	0.000804	1.003572	-2.143951	
702	1.001433	-0.000060	-0.951996	0.000060	1.001433	-0.664215	
703	1.002501	-0.000010	-1.361481	0.000010	1.002501	-1.004471	
704	1.002350	0.000766	-0.953140	-0.000766	1.002350	-0.839111	
705	1.001742	-0.000028	-1.000580	0.000028	1.001742	-0.744247	
706	1.000741	0.000173	-0.502411	-0.000173	1.000741	-0.315887	
707	1.001834	0.003162	-1.572296	-0.003162	1.001834	-0.490723	
708	1.000080	0.000009	-0.152252	-0.000009	1.000080	-0.033905	
709	1.000116	-0.000012	-0.148468	0.000012	1.000116	-0.028793	
710	1.000026	0.000031	-0.000336	-0.000031	1.000026	-0.003403	
711	0.999977	-0.000012	0.047546	0.000012	0.999977	0.001099	
712	1.000008	-0.000001	0.041168	0.000001	1.000008	0.020218	
713	0.999908	-0.000000	0.052032	0.000000	0.999908	0.026291	
714	1.000023	0.000028	0.013458	-0.000028	1.000023	0.012039	
715	1.000003	0.000012	0.042755	-0.000012	1.000003	0.011703	
716	1.000015	-0.000096	0.003815	0.000096	1.000015	0.000031	
717	0.999939	-0.000126	0.164429	0.000126	0.999939	0.000610	
718	0.999918	-0.000065	0.054474	0.000065	0.999918	-0.024414	
719	0.999032	-0.000171	0.170624	0.000171	0.999032	0.188354	
720	0.999931	-0.000055	0.005493	0.000055	0.999931	0.013123	
721	1.000070	0.000026	-0.042480	-0.000026	1.000070	0.150970	
722	1.000093	0.000020	0.088257	-0.000020	1.000093	-0.025452	
723	1.000022	-0.000075	0.224762	0.000075	1.000022	-0.039886	
724	1.000294	0.000196	0.040466	-0.000196	1.000294	0.059326	
725	1.000029	0.000052	0.181854	-0.000052	1.000029	-0.040955	
726	1.000015	-0.000070	0.041870	0.000070	1.000015	-0.048431	
727	0.999985	-0.000082	0.029480	0.000082	0.999985	-0.038849	
728	0.999881	-0.000177	0.071777	0.000177	0.999881	-0.107727	
729	0.997750	-0.001984	0.591343	0.001984	0.997750	0.435120	
730	0.999944	-0.000080	-0.007751	0.000080	0.999944	-0.046814	
731	1.000007	-0.000104	0.098297	0.000104	1.000007	-0.090515	
732	0.999957	-0.000129	0.198181	0.000129	0.999957	-0.010864	
733	1.000110	-0.000102	0.078583	0.000102	1.000110	-0.060852	
734	0.999993	-0.000091	0.067993	0.000091	0.999993	-0.041412	
735	0.999978	-0.000061	0.165131	0.000061	0.999978	-0.025528	
736	0.999988	-0.000065	0.008240	0.000065	0.999988	-0.024811	
737	1.000008	-0.000042	-0.020569	0.000042	1.000008	-0.002686	
738	0.999992	0.000002	-0.003632	-0.000002	0.999992	-0.013702	
739	0.999973	-0.000028	0.028748	0.000028	0.999973	-0.060974	
740	0.999988	-0.000029	0.028717	0.000029	0.999988	-0.078461	
741	0.999965	0.000003	0.063599	-0.000003	0.999965	-0.024536	
742	1.000017	0.000092	-0.000031	-0.000092	1.000017	-0.007324	
743	0.999990	-0.000053	0.002258	0.000053	0.999990	-0.555298	
744	1.000112	0.000041	-0.069763	-0.000041	1.000112	0.137573	
745	0.999997	-0.000037	-0.040527	0.000037	0.999997	0.165039	
746	1.000039	0.000023	-0.000122	-0.000023	1.000039	0.047119	
747	0.999970	-0.000126	0.127899	0.000126	0.999970	-0.078247	
748	1.000234	0.000002	-0.054626	-0.000002	1.000234	-0.117249	
749	1.001086	-0.000049	-0.353943	0.000049	1.001086	-0.522308	
750	1.000666	0.000016	-0.324097	-0.000016	1.000666	-0.257477	
751	1.001827	-0.000012	-0.614899	0.000012	1.001827	-0.679916	
752	1.001081	-0.000033	-0.302734	0.000033	1.001081	-0.428894	
753	1.002860	0.000048	-0.892853	-0.000048	1.002860	-1.023209	
754	1.001451	0.000025	-0.200592	-0.000025	1.001451	-0.480774	
755	1.003724	-0.000028	-1.487854	0.000028	1.003724	-1.258881	
756	1.002391	-0.000058	-1.139648	0.000058	1.002391	-0.783783	
757	1.005380	-0.000044	-2.660889	0.000044	1.005380	-1.781647	
758	1.002734	-0.000098	-1.230347	0.000098	1.002734	-0.953888	
759	1.005598	-0.000014	-2.697693	0.000014	1.005598	-1.863617	
760	1.002725	-0.000053	-1.263000	0.000053	1.002725	-0.966217	
761	1.006023	0.000170	-3.405029	-0.000170	1.006023	-1.968689	
762	1.003172	0.000013	-1.788147	-0.000013	1.003172	-1.134735	
763	1.006397	-0.000033	-3.945251	0.000033	1.006397	-2.214569	
764	1.003216	-0.000017	-1.911926	0.000017	1.003216	-1.041779	
765	1.006305	-0.000107	-3.965454	0.000107	1.006305	-2.208893	
766	1.003371	0.000219	-2.100891	-0.000219	1.003371	-1.156921	
767	1.006047	-0.000038	-3.488495	0.000038	1.006047	-2.051331	
768	1.003347	0.000103	-1.905273	-0.000103	1.003347	-1.116180	
769	1.006606	0.000029	-4.610596	-0.000029	1.006606	-2.368683	
770	1.003456	-0.000020	-2.253418	0.000020	1.003456	-1.136688	
771	1.006569	-0.000150	-4.127991	0.000150	1.006569	-2.407043	
772	1.003278	-0.000055	-2.118103	0.000055	1.003278	-1.282593	
773	1.007275	-0.000407	-4.889282	0.000407	1.007275	-2.894684	
774	1.003128	-0.000219	-1.857910	0.000219	1.003128	-1.329712	
775	1.006513	-0.000078	-4.022339	0.000078	1.006513	-2.311005	
776	1.003324	-0.000061	-2.077087	0.000061	1.003324	-1.367340	
777	1.008628	0.000764	-4.744446	-0.000764	1.008628	-2.977814	
778	1.003410	-0.000069	-2.080750	0.000069	1.003410	-1.224030	
779	1.006712	-0.000020	-3.882202	0.000020	1.006712	-2.320404	
780	1.003030	0.000111	-1.856567	-0.000111	1.003030	-1.087433	
781	1.006460	-0.000057	-3.960571	0.000057	1.006460	-2.435089	
782	1.003314	0.000032	-2.299133	-0.000032	1.003314	-1.220642	
783	1.006427	0.000067	-4.330505	-0.000067	1.006427	-2.283142	
784	1.002977	-0.000159	-1.832153	0.000159	1.002977	-1.245148	
785	1.004808	-0.000092	-3.116943	0.000092	1.004808	-1.791046	
786	1.001624	-0.000103	-0.873962	0.000103	1.001624	-0.664642	
787	1.002763	0.000139	-1.438232	-0.000139	1.002763	-0.858398	
788	1.000976	-0.000047	-0.565552	0.000047	1.000976	-0.413330	
789	1.001186	0.000014	-0.727966	-0.000014	1.001186	-0.382019	
790	1.000346	-0.000088	-0.358521	0.000088	1.000346	-0.120239	
791	1.000089	-0.000070	-0.492615	0.000070	1.000089	0.040161	
792	0.999822	-0.000014	-0.000305	0.000014	0.999822	0.076355	
793	1.000015	-0.000031	-0.021606	0.000031	1.000015	-0.031403	
794	0.999997	-0.000008	0.025085	0.000008	0.999997	-0.058319	
795	1.000135	-0.000018	0.217163	0.000018	1.000135	-0.449646	
796	0.997826	0.006533	-0.240295	-0.006533	0.997826	8.796417	
797	1.000028	-0.000112	0.224609	0.000112	1.000028	0.176086	
798	1.000038	-0.000210	0.047852	0.000210	1.000038	-0.033112	
799	0.999963	0.000016	-0.026794	-0.000016	0.999963	0.265686	
800	0.999863	-0.000185	-0.077271	0.000185	0.999863	-0.036407	
801	1.000108	-0.000052	-0.149414	0.000052	1.000108	-0.031586	
802	1.000018	0.000017	0.000122	-0.000017	1.000018	0.028137	
803	1.000192	0.000010	-0.138000	-0.000010	1.000192	-0.053986	
804	1.000134	-0.000053	-0.102051	0.000053	1.000134	-0.144196	
805	1.001504	-0.000050	-0.946777	0.000050	1.001504	-0.676910	
806	1.000877	0.000055	-0.515686	-0.000055	1.000877	-0.317200	
807	1.002315	0.000137	-1.604675	-0.000137	1.002315	-0.674347	
808	1.001287	-0.000097	-0.698792	0.000097	1.001287	-0.570160	
809	1.003403	0.001165	-2.487427	-0.001165	1.003403	-0.534515	
810	1.001928	-0.000101	-1.127808	0.000101	1.001928	-1.023315	
811	1.003828	-0.000054	-2.333679	0.000054	1.003828	-1.457458	
812	1.002143	-0.000049	-1.346558	0.000049	1.002143	-0.761139	
813	1.004172	-0.000063	-2.689270	0.000063	1.004172	-1.450653	
814	1.001973	-0.000221	-1.049011	0.000221	1.001973	-0.783600	
815	1.004132	0.000133	-2.693909	-0.000133	1.004132	-1.370270	
816	1.002342	-0.000161	-1.563416	0.000161	1.002342	-0.955383	
817	1.004943	-0.000075	-3.084290	0.000075	1.004943	-1.867798	
818	1.002526	-0.000145	-1.801819	0.000145	1.002526	-1.051697	
819	1.005466	-0.000239	-3.728088	0.000239	1.005466	-2.149292	
820	1.002822	0.000090	-1.954651	-0.000090	1.002822	-1.092468	
821	1.004595	0.001236	-2.921387	-0.001236	1.004595	-1.224762	
822	1.002250	-0.000239	-1.327209	0.000239	1.002250	-1.037079	
823	1.004678	-0.000005	-3.388489	0.000005	1.004678	-1.750214	
824	1.002100	0.000156	-1.288879	-0.000156	1.002100	-0.631287	
825	1.003327	-0.000128	-2.470825	0.000128	1.003327	-1.338501	
826	1.001371	-0.000101	-1.032471	0.000101	1.001371	-0.673492	
827	1.002138	0.000099	-1.568848	-0.000099	1.002138	-0.940430	
828	1.000824	-0.000015	-0.650146	0.000015	1.000824	-0.350525	
829	1.000789	-0.000354	-0.647095	0.000354	1.000789	-0.661682	
830	1.000159	-0.000047	-0.335144	0.000047	1.000159	-0.145905	
831	1.000122	0.000127	-0.375061	-0.000127	1.000122	-0.104889	
832	1.000196	0.000001	-0.715149	-0.000001	1.000196	-0.164398	
833	1.000177	-0.000002	-1.250549	0.000002	1.000177	-0.101807	
834	1.000019	-0.000116	-0.495300	0.000116	1.000019	-0.064392	
835	0.998705	-0.000173	0.324646	0.000173	0.998705	0.311218	
836	0.998508	-0.000170	0.962402	0.000170	0.998508	0.298248	
837	0.996558	0.000040	2.407104	-0.000040	0.996558	1.294037	
838	0.997812	-0.000036	1.501892	0.000036	0.997812	0.771637	
839	0.994772	0.000015	3.436462	-0.000015	0.994772	1.918854	
840	0.996453	0.000052	2.529419	-0.000052	0.996453	1.442383	
841	0.992642	0.000093	4.804382	-0.000093	0.992642	2.833740	
842	0.996055	-0.000074	2.495178	0.000074	0.996055	1.295563	
843	0.992453	0.000025	4.665466	-0.000025	0.992453	2.749847	
844	0.996287	0.000031	2.220215	-0.000031	0.996287	1.386810	
845	0.992471	0.000135	4.444641	-0.000135	0.992471	2.886810	
846	0.996284	-0.000003	2.440857	0.000003	0.996284	1.304352	
847	0.992549	0.000105	4.598083	-0.000105	0.992549	2.692505	
848	0.996211	-0.000136	2.650940	0.000136	0.996211	1.236206	
849	0.992708	0.000024	4.644836	-0.000024	0.992708	2.547516	
850	0.996379	-0.000123	2.282349	0.000123	0.996379	1.221191	
851	0.992362	-0.000512	4.534241	0.000512	0.992362	2.359955	
852	0.996008	0.000117	2.530090	-0.000117	0.996008	1.616180	
853	0.993415	0.000150	4.136536	-0.000150	0.993415	2.426880	
854	0.995589	-0.000137	3.559387	0.000137	0.995589	1.583984	
855	0.993044	-0.000127	4.323608	0.000127	0.993044	2.416260	
856	0.996436	0.000193	2.465881	-0.000193	0.996436	1.477997	
857	0.993019	0.000400	4.493103	-0.000400	0.993019	2.937988	
858	0.997282	0.000120	1.800903	-0.000120	0.997282	1.041595	
859	0.995265	0.000164	3.028381	-0.000164	0.995265	1.800903	
860	0.996587	0.000555	2.814697	-0.000555	0.996587	1.604950	
861	0.997309	0.000104	1.859070	-0.000104	0.997309	0.937225	
862	0.999323	0.000046	0.219238	-0.000046	0.999323	0.201721	
863	0.999061	0.000020	0.558838	-0.000020	0.999061	0.305603	
864	1.000091	-0.000013	-0.292053	0.000013	1.000091	-0.054443	
865	0.999732	-0.000096	0.243103	0.000096	0.999732	-0.080322	
866	0.999833	0.000134	-0.069702	-0.000134	0.999833	0.064270	
867	1.000077	-0.000270	-0.064148	0.000270	1.000077	-0.352020	
868	0.999874	-0.000280	0.084961	0.000280	0.999874	-0.114716	
869	0.999763	0.000114	0.342957	-0.000114	0.999763	0.249176	
870	0.999987	0.000057	0.129211	-0.000057	0.999987	0.171295	
871	0.999962	0.000061	0.261597	-0.000061	0.999962	0.166046	
872	0.999896	0.000048	0.344604	-0.000048	0.999896	0.185303	
873	0.999983	0.000053	0.154114	-0.000053	0.999983	0.141144	
874	0.999755	0.000282	0.340942	-0.000282	0.999755	0.325623	
875	0.999870	0.000057	-0.044861	-0.000057	0.999870	0.111206	
876	1.000078	0.000283	-0.203552	-0.000283	1.000078	0.115875	
877	1.000981	-0.000023	-1.048950	0.000023	1.000981	-0.347626	
878	1.000559	0.000033	-0.652161	-0.000033	1.000559	-0.160248	
879	1.002032	-0.000074	-1.846802	0.000074	1.002032	-0.766907	
880	1.001326	-0.000121	-1.256592	0.000121	1.001326	-0.462830	
881	1.003019	-0.000274	-2.922546	0.000274	1.003019	-1.293274	
882	1.001421	0.000041	-1.341919	-0.000041	1.001421	-0.430542	
883	1.003676	-0.000023	-3.234497	0.000023	1.003676	-1.367126	
884	1.001961	0.000025	-1.698425	-0.000025	1.001961	-0.688568	
885	1.003546	-0.000152	-2.646423	0.000152	1.003546	-1.329681	
886	1.001819	-0.000060	-1.721802	0.000060	1.001819	-0.816345	
887	1.004988	0.000489	-3.395752	-0.000489	1.004988	-1.089081	
888	1.002487	-0.000161	-1.406067	0.000161	1.002487	-1.053192	
889	1.002487	-0.000161	-1.406067	0.000161	1.002487	-1.053192	
890	1.003544	-0.000031	-2.595459	0.000031	1.003544	-1.133362	
891	1.007388	0.000074	-4.044556	-0.000074	1.007388	-2.443817	
892	1.003669	0.000130	-2.017639	-0.000130	1.003669	-0.949066	
893	1.007449	0.000118	-3.610107	-0.000118	1.007449	-2.403503	
894	1.003583	-0.000075	-1.889526	0.000075	1.003583	-1.270142	
895	1.007279	0.000038	-2.396790	-0.000038	1.007279	-2.510742	
896	1.003479	-0.000141	-1.371277	0.000141	1.003479	-1.376221	
897	1.007378	-0.000060	-2.453125	0.000060	1.007378	-2.707001	
898	1.003393	0.000063	-1.312683	-0.000063	1.003393	-1.202362	
899	1.007186	0.000117	-2.864685	-0.000117	1.007186	-2.431091	
900	1.003453	0.000044	-1.735352	-0.000044	1.003453	-1.281036	
901	1.006921	0.000015	-3.799500	-0.000015	1.006921	-2.303772	
902	1.003632	-0.000079	-2.293579	0.000079	1.003632	-1.184845	
903	1.003590	-0.000062	-2.567322	0.000062	1.003590	-1.184692	
904	1.007535	-0.000076	-5.016602	0.000076	1.007535	-2.554535	
905	1.003851	0.000036	-2.566406	-0.000036	1.003851	-1.198578	
906	1.007414	-0.000013	-4.812256	0.000013	1.007414	-2.588440	
907	1.003786	-0.000023	-2.528320	0.000023	1.003786	-1.241364	
908	1.007615	0.000004	-4.755066	-0.000004	1.007615	-2.565277	
909	1.003948	0.000033	-2.272949	-0.000033	1.003948	-1.286743	
910	1.008053	-0.000157	-4.809814	0.000157	1.008053	-2.950348	
911	1.003795	0.000054	-2.371948	-0.000054	1.003795	-1.184448	
912	1.007413	0.000227	-5.272400	-0.000227	1.007413	-2.276611	
913	1.003482	0.000248	-2.313538	-0.000248	1.003482	-0.922302	
914	1.006096	0.000121	-4.009033	-0.000121	1.006096	-2.041412	
915	1.002395	0.000148	-1.597168	-0.000148	1.002395	-0.782257	
916	1.003641	0.000200	-2.466492	-0.000200	1.003641	-1.277985	
917	1.001389	0.000258	-1.085022	-0.000258	1.001389	-0.315857	
918	1.001792	0.000320	-1.514221	-0.000320	1.001792	-0.510162	
919	1.000636	0.000098	-0.671448	-0.000098	1.000636	-0.321716	
920	1.000022	0.000146	0.065369	-0.000146	1.000022	0.017731	
921	0.999884	-0.000059	0.162292	0.000059	0.999884	-0.001312	
922	0.999691	0.000084	0.246399	-0.000084	0.999691	0.160278	
923	0.999901	0.000001	0.223206	-0.000001	0.999901	0.098694	
924	0.999700	0.000141	0.177551	-0.000141	0.999700	0.183167	
925	0.999904	0.000091	-0.044434	-0.000091	0.999904	0.029083	
926	0.999836	-0.000064	0.010376	0.000064	0.999836	-0.051971	
927	1.000031	-0.000028	0.022827	0.000028	1.000031	-0.047668	
928	0.999327	-0.000066	-0.143127	0.000066	0.999327	0.061493	
929	0.998984	-0.000064	0.359619	0.000064	0.998984	0.157776	
930	0.995964	-0.000195	2.223389	0.000195	0.995964	1.477051	
931	0.997114	-0.000052	1.651917	0.000052	0.997114	0.946136	
932	0.992886	-0.000108	4.491943	0.000108	0.992886	2.475494	
933	0.995944	0.000094	2.449158	-0.000094	0.995944	1.451477	
934	0.991019	0.000041	4.854919	-0.000041	0.991019	3.283539	
935	0.995610	-0.000014	2.266663	0.000014	0.995610	1.673859	
936	0.991523	-0.000049	2.855530	0.000049	0.991523	2.998291	
937	0.995477	-0.000185	1.451660	0.000185	0.995477	1.577240	
938	0.991472	-0.000327	1.355774	0.000327	0.991472	2.823090	
939	0.995788	-0.000141	0.004944	0.000141	0.995788	1.420685	
940	0.992049	-0.000395	-1.035767	0.000395	0.992049	2.695679	
941	0.995693	-0.000083	-0.833252	0.000083	0.995693	1.573090	
942	0.992124	-0.000440	-2.133362	0.000440	0.992124	2.633636	
943	0.996016	-0.000135	-1.303467	0.000135	0.996016	1.428253	
944	0.992282	-0.000104	-2.422913	0.000104	0.992282	2.673431	
945	0.995700	-0.000104	-1.154663	0.000104	0.995700	1.356812	
946	0.992486	-0.000185	-1.211670	0.000185	0.992486	2.669220	
947	0.995813	-0.000021	-0.463318	0.000021	0.995813	1.379364	
948	0.992249	0.000136	0.109741	-0.000136	0.992249	2.723633	
949	0.996252	0.000202	0.337952	-0.000202	0.996252	1.322815	
950	0.992116	0.000341	0.978394	-0.000341	0.992116	2.983276	
951	0.995668	0.000180	1.532166	-0.000180	0.995668	1.635132	
952	0.991710	-0.000119	3.403870	0.000119	0.991710	2.705994	
953	0.995815	0.000040	1.542908	-0.000040	0.995815	1.514374	
954	0.992168	-0.000139	3.509216	0.000139	0.992168	2.725677	
955	0.996336	-0.000124	1.661682	0.000124	0.996336	1.310242	
956	0.994137	0.000012	1.937378	-0.000012	0.994137	2.035706	
957	0.998128	0.000075	0.744141	-0.000075	0.998128	0.684113	
958	0.996675	-0.000097	1.328552	0.000097	0.996675	1.059296	
959	0.999567	0.000048	-0.604370	-0.000048	0.999567	0.141968	
960	0.999659	-0.000066	-0.744141	0.000066	0.999659	0.067352	
961	0.999984	-0.000124	-0.358704	0.000124	0.999984	-0.060913	
962	1.000147	-0.000028	-1.244690	0.000028	1.000147	-0.072266	
963	1.000239	-0.000166	-0.116760	0.000166	1.000239	-0.128662	
964	1.000104	-0.000009	-1.001404	0.000009	1.000104	0.002899	
965	1.000102	-0.000103	-0.101624	0.000103	1.000102	-0.035980	
966	1.000091	-0.000008	-0.234863	0.000008	1.000091	0.010284	
967	1.000159	0.000020	-0.091370	-0.000020	1.000159	-0.019470	
968	1.000168	0.000055	-0.091370	-0.000055	1.000168	0.026672	
969	1.000358	0.000113	-0.186768	-0.000113	1.000358	-0.083954	
970	1.000200	0.000028	-0.150635	-0.000028	1.000200	-0.081085	
971	1.000137	0.000127	-0.045471	-0.000127	1.000137	0.036987	
972	1.000045	0.000124	-0.036377	-0.000124	1.000045	0.060730	
973	1.000109	0.000105	-0.044495	-0.000105	1.000109	0.053467	
974	1.000091	0.000080	-0.004028	-0.000080	1.000091	0.077301	
975	1.000225	0.000006	0.044434	-0.000006	1.000225	-0.022003	
976	0.999989	-0.000023	0.073853	0.000023	0.999989	0.003113	
977	1.000076	-0.000141	0.208130	0.000141	1.000076	-0.150146	
978	1.000123	0.000022	0.495361	-0.000022	1.000123	-0.085632	
979	0.999946	-0.000153	0.271362	0.000153	0.999946	-0.108124	
980	0.999972	0.000227	0.692322	-0.000227	0.999972	0.044006	
981	1.000094	0.000258	0.515747	-0.000258	1.000094	0.037445	
982	1.000164	0.000203	-0.097534	-0.000203	1.000164	0.002960	
983	1.000346	0.000170	0.177795	-0.000170	1.000346	-0.050354	
984	1.000087	0.000147	0.523071	-0.000147	1.000087	0.061462	
985	1.000332	-0.000017	-0.022949	0.000017	1.000332	-0.068298	
986	1.000104	-0.000087	0.036682	0.000087	1.000104	0.028168	
987	1.000194	-0.000428	0.239685	0.000428	1.000194	-0.120239	
988	1.000216	-0.000382	0.827515	0.000382	1.000216	-0.023285	
989	1.000357	-0.000237	0.542419	0.000237	1.000357	-0.194611	
990	1.000420	-0.000101	-0.123169	0.000101	1.000420	-0.173096	
991	1.000348	0.000158	-0.180420	-0.000158	1.000348	-0.129120	
992	1.000428	0.000201	-0.051086	-0.000201	1.000428	-0.115387	
993	1.000250	0.000045	-0.069641	-0.000045	1.000250	-0.107025	
994	1.000255	-0.000053	0.331238	0.000053	1.000255	-0.153351	
995	1.000193	-0.000136	0.136047	0.000136	1.000193	-0.110413	
996	1.000285	-0.000281	0.013245	0.000281	1.000285	-0.174835	
997	1.000233	-0.000117	-0.103394	0.000117	1.000233	-0.128479	
998	1.000224	-0.000170	0.302307	0.000170	1.000224	-0.161316	
999	1.000138	-0.000160	0.329041	0.000160	1.000138	-0.078552	
1000	1.000252	-0.000154	0.547668	0.000154	1.000252	0.046906	
1001	1.000132	0.000024	1.097595	-0.000024	1.000132	0.034027	
1002	0.999768	-0.000199	3.020020	0.000199	0.999768	0.256226	
1003	0.998174	0.000252	3.084106	-0.000252	0.998174	0.681122	
1004	0.994057	0.000162	8.678284	-0.000162	0.994057	2.222748	
1005	0.995946	0.000049	5.790588	-0.000049	0.995946	1.561401	
1006	0.989622	-0.000122	12.222595	0.000122	0.989622	3.620117	
1007	0.992916	0.000092	7.381714	-0.000092	0.992916	2.546173	
1008	0.984620	-0.000166	14.323425	0.000166	0.984620	5.332367	
1009	0.992150	-0.000106	6.653809	0.000106	0.992150	2.745239	
1010	0.984013	0.000230	13.768738	-0.000230	0.984013	6.019165	
1011	0.991852	-0.000106	7.644348	0.000106	0.991852	2.798584	
1012	0.984345	0.000240	12.803650	-0.000240	0.984345	5.739563	
1013	0.991817	0.000033	6.936523	-0.000033	0.991817	2.979156	
1014	0.984863	0.000025	13.834595	-0.000025	0.984863	5.345551	
1015	0.991848	0.000072	6.958557	-0.000072	0.991848	2.925293	
1016	0.985271	0.000156	13.122375	-0.000156	0.985271	5.393585	
1017	0.991787	0.000144	7.414185	-0.000144	0.991787	3.114502	
1018	0.984688	0.000163	14.845947	-0.000163	0.984688	5.628021	
1019	0.991762	0.000090	7.777283	-0.000090	0.991762	3.080933	
1020	0.983858	0.000341	14.716003	-0.000341	0.983858	6.003845	
1021	0.992054	0.000118	7.428040	-0.000118	0.992054	2.961517	
1022	0.984405	0.000172	13.002075	-0.000172	0.984405	5.730621	
1023	0.992320	0.000138	6.042358	-0.000138	0.992320	2.771576	
1024	0.985066	0.000159	12.748169	-0.000159	0.985066	5.563629	
1025	0.993726	0.000133	5.449463	-0.000133	0.993726	2.246704	
1026	0.990180	0.000199	9.300293	-0.000199	0.990180	3.791779	
1027	0.996159	0.000137	4.297913	-0.000137	0.996159	1.351746	
1028	0.995096	0.000386	6.886627	-0.000386	0.995096	2.001923	
1029	0.998799	-0.000063	2.857666	0.000063	0.998799	0.338318	
1030	0.999586	0.000247	2.879639	-0.000247	0.999586	0.367218	
1031	0.999824	0.000133	1.457336	-0.000133	0.999824	0.137665	
1032	0.999759	0.000119	2.652344	-0.000119	0.999759	0.147064	
1033	0.999847	0.000001	0.924988	-0.000001	0.999847	0.038666	
1034	0.999943	0.000041	1.548462	-0.000041	0.999943	0.017029	
1035	0.999952	-0.000076	0.932434	0.000076	0.999952	-0.057800	
1036	0.999873	-0.000042	1.120422	0.000042	0.999873	0.041138	
1037	0.999989	-0.000015	1.162537	0.000015	0.999989	0.001221	
1038	1.000037	-0.000045	0.926880	0.000045	1.000037	-0.017487	
1039	1.000026	-0.000001	0.578918	0.000001	1.000026	0.049225	
1040	1.000068	-0.000103	1.145081	0.000103	1.000068	0.055389	
1041	0.999976	-0.000027	0.684113	0.000027	0.999976	0.035614	
1042	1.000056	0.000229	1.083557	-0.000229	1.000056	0.266541	
1043	1.000023	-0.000095	0.856232	0.000095	1.000023	0.045898	
1044	0.999618	0.000047	0.613739	-0.000047	0.999618	0.146454	
1045	1.000003	0.000092	0.325012	-0.000092	1.000003	0.065216	
1046	0.999894	0.000118	0.885162	-0.000118	0.999894	0.000977	
1047	0.999919	0.000009	0.444916	-0.000009	0.999919	0.066223	
1048	1.000114	0.000118	-0.277435	-0.000118	1.000114	-0.083923	
1049	0.999961	-0.000024	-0.005371	0.000024	0.999961	0.010742	
1050	0.999819	0.000049	0.396423	-0.000049	0.999819	-0.053406	
1051	1.000094	-0.000054	0.066315	0.000054	1.000094	-0.095703	
1052	1.000207	0.000027	-0.337372	-0.000027	1.000207	-0.036163	
1053	1.000050	-0.000006	-0.173401	0.000006	1.000050	-0.014130	
1054	1.000629	0.000020	-1.122528	-0.000020	1.000629	-0.207458	
1055	1.000685	-0.000045	-0.948029	0.000045	1.000685	-0.214355	
1056	1.001647	0.000066	-2.702179	-0.000066	1.001647	-0.584351	
1057	1.000803	-0.000060	-0.988312	0.000060	1.000803	-0.376068	
1058	1.001433	-0.000106	-3.083984	0.000106	1.001433	-0.602112	
1059	1.000821	0.000007	-1.598816	-0.000007	1.000821	-0.291718	
1060	1.001565	-0.000021	-2.843658	0.000021	1.001565	-0.566132	
1061	1.000988	-0.000029	-1.530182	0.000029	1.000988	-0.433655	
1062	1.001620	-0.000079	-2.804047	0.000079	1.001620	-0.627838	
1063	1.000961	-0.000163	-1.809723	0.000163	1.000961	-0.424744	
1064	1.001523	-0.000222	-3.202362	0.000222	1.001523	-0.635040	
1065	1.000805	-0.000138	-1.624084	0.000138	1.000805	-0.425598	
1066	1.001787	-0.000199	-2.870148	0.000199	1.001787	-0.750977	
1067	1.001812	0.000075	-2.394867	-0.000075	1.001812	-0.691498	
1068	1.002820	-0.000283	-4.330536	0.000283	1.002820	-1.112671	
1069	1.002010	-0.000040	-2.583374	0.000040	1.002010	-0.823975	
1070	1.003774	-0.000107	-4.986725	0.000107	1.003774	-1.394318	
1071	1.002616	-0.000058	-3.111298	0.000058	1.002616	-1.076172	
1072	1.005994	-0.000131	-6.533295	0.000131	1.005994	-2.226715	
1073	1.003027	-0.000183	-3.223877	0.000183	1.003027	-1.177216	
1074	1.005838	-0.000131	-6.094025	0.000131	1.005838	-2.261200	
1075	1.002975	-0.000127	-2.645966	0.000127	1.002975	-0.879272	
1076	1.005738	-0.000089	-4.976654	0.000089	1.005738	-2.151154	
1077	1.002792	-0.000117	-2.113556	0.000117	1.002792	-1.199554	
1078	1.005622	0.000002	-4.219330	-0.000002	1.005622	-2.125580	
1079	1.002555	-0.000078	-1.963837	0.000078	1.002555	-1.055450	
1080	1.005619	0.000105	-4.358093	-0.000105	1.005619	-2.017914	
1081	1.003073	-0.000092	-1.906403	0.000092	1.003073	-1.136719	
1082	1.005738	0.000044	-4.072174	-0.000044	1.005738	-2.031799	
1083	1.002762	-0.000391	-1.785736	0.000391	1.002762	-1.217682	
1084	1.005678	0.000089	-3.752350	-0.000089	1.005678	-2.317719	
1085	1.002852	-0.000084	-1.887756	0.000084	1.002852	-1.177765	
1086	1.005570	-0.000083	-4.050964	0.000083	1.005570	-1.751373	
1087	1.002824	-0.000076	-1.991211	0.000076	1.002824	-1.285980	
1088	1.005784	-0.000139	-3.962219	0.000139	1.005784	-2.404266	
1089	1.002908	0.000007	-2.157471	-0.000007	1.002908	-1.154846	
1090	1.005740	-0.000073	-4.241638	0.000073	1.005740	-2.207184	
1091	1.002692	0.000245	-1.911011	-0.000245	1.002692	-0.964600	
1092	1.005533	-0.000065	-3.620972	0.000065	1.005533	-2.124420	
1093	1.002824	0.000107	-1.969360	-0.000107	1.002824	-0.980286	
1094	1.005583	0.000010	-4.141296	-0.000010	1.005583	-2.120422	
1095	1.002908	0.000225	-2.324524	-0.000225	1.002908	-0.986450	
1096	1.005390	0.000045	-3.535828	-0.000045	1.005390	-2.254547	
1097	1.002688	0.000157	-1.785828	-0.000157	1.002688	-1.123840	
1098	1.005431	-0.000010	-3.553589	0.000010	1.005431	-1.803192	
1099	1.002721	0.000042	-1.726868	-0.000042	1.002721	-0.831329	
1100	1.005549	0.000076	-3.759338	-0.000076	1.005549	-1.739258	
1101	1.002872	0.000054	-1.916138	-0.000054	1.002872	-1.043549	
1102	1.005793	0.000141	-3.656799	-0.000141	1.005793	-1.925018	
1103	1.002886	0.000084	-1.768127	-0.000084	1.002886	-1.036713	
1104	1.005729	0.000207	-3.418335	-0.000207	1.005729	-2.007690	
1105	1.002691	0.000213	-1.581482	-0.000213	1.002691	-1.012207	
1106	1.005356	0.000047	-1.467590	-0.000047	1.005356	-1.733246	
1107	1.002537	0.000109	0.087585	-0.000109	1.002537	-0.491486	
1108	1.004440	0.000109	-0.093445	-0.000109	1.004440	-1.214935	
1109	1.001601	-0.000195	0.259888	0.000195	1.001601	-0.613495	
1110	1.002573	-0.000035	-0.665771	0.000035	1.002573	-0.962646	
1111	1.000953	0.000012	-0.161194	-0.000012	1.000953	-0.316193	
1112	1.000854	0.000104	0.889160	-0.000104	1.000854	-0.180786	
1113	1.000118	0.000035	-0.004211	-0.000035	1.000118	0.020660	
1114	0.999975	0.000149	1.380981	-0.000149	0.999975	0.378815	
1115	0.999855	-0.000075	0.548096	0.000075	0.999855	0.409271	
1116	0.998429	0.000144	1.644775	-0.000144	0.998429	0.812347	
1117	0.998453	-0.000026	1.573853	0.000026	0.998453	0.514435	
1118	0.995549	0.000049	3.653625	-0.000049	0.995549	1.587860	
1119	0.996934	0.000037	2.481628	-0.000037	0.996934	1.066711	
1120	0.992742	0.000019	5.819275	-0.000019	0.992742	2.713226	
1121	0.995560	0.000077	3.137390	-0.000077	0.995560	1.528290	
1122	0.991358	0.000147	6.599182	-0.000147	0.991358	3.158356	
1123	0.995661	0.000149	3.223145	-0.000149	0.995661	1.614716	
1124	0.991299	0.000013	6.712402	-0.000013	0.991299	3.067749	
1125	0.995605	0.000186	3.226257	-0.000186	0.995605	1.854401	
1126	0.991296	0.000153	6.617249	-0.000153	0.991296	3.229034	
1127	0.995676	0.000134	3.379272	-0.000134	0.995676	1.662170	
1128	0.991137	0.000105	6.619263	-0.000105	0.991137	3.113068	
1129	0.995814	0.000027	3.129944	-0.000027	0.995814	1.537048	
1130	0.991236	-0.000123	5.955963	0.000123	0.991236	3.009369	
1131	0.995675	-0.000099	3.234039	0.000099	0.995675	1.254395	
1132	0.991416	-0.000027	5.772736	0.000027	0.991416	3.097748	
1133	0.995643	-0.000149	2.840485	0.000149	0.995643	1.539673	
1134	0.991590	0.000181	5.799805	-0.000181	0.991590	3.330261	
1135	0.996027	0.000015	2.518799	-0.000015	0.996027	1.493958	
1136	0.993413	0.000088	4.574829	-0.000088	0.993413	2.404846	
1137	0.997214	-0.000082	1.969055	0.000082	0.997214	0.956329	
1138	0.996492	0.000037	1.971771	-0.000037	0.996492	1.295288	
1139	0.998684	-0.000062	0.780945	0.000062	0.998684	0.465607	
1140	0.999020	0.000070	0.818359	-0.000070	0.999020	0.403473	
1141	1.000120	-0.000104	-0.113190	0.000104	1.000120	-0.071533	
1142	1.000128	-0.000037	-0.596069	0.000037	1.000128	-0.069031	
1143	1.000254	-0.000066	-0.275787	0.000066	1.000254	-0.115479	
1144	0.999987	0.000010	0.231232	-0.000010	0.999987	-0.023407	
1145	1.000337	0.000096	-0.716339	-0.000096	1.000337	-0.135040	
1146	1.000223	0.000025	-1.081543	-0.000025	1.000223	-0.098083	
1147	1.000029	-0.000071	-0.484253	0.000071	1.000029	-0.057617	
1148	1.000223	-0.000157	-1.388672	0.000157	1.000223	-0.176544	
1149	1.000185	-0.000054	-0.744293	0.000054	1.000185	-0.106018	
1150	1.000346	-0.000108	-1.414062	0.000108	1.000346	-0.212830	
1151	1.000220	0.000038	-0.839783	-0.000038	1.000220	-0.086731	
1152	1.000458	-0.000011	-1.367676	0.000011	1.000458	-0.147369	
1153	1.000077	-0.000059	-0.599487	0.000059	1.000077	-0.048462	
1154	1.000195	0.000040	-1.224487	-0.000040	1.000195	-0.065247	
1155	0.999961	-0.000121	-0.552063	0.000121	0.999961	-0.021088	
1156	1.000185	-0.000028	-1.203278	0.000028	1.000185	-0.110748	
1157	0.999861	0.000009	-0.097229	-0.000009	0.999861	0.058014	
1158	1.000142	0.000052	-0.800690	-0.000052	1.000142	-0.034912	
1159	1.000038	0.000037	-0.532928	-0.000037	1.000038	-0.005615	
1160	0.999982	-0.000012	-0.567932	0.000012	0.999982	-0.033295	
1161	0.999922	-0.000001	-0.202820	0.000001	0.999922	0.011230	
1162	0.999997	-0.000037	-0.492859	0.000037	0.999997	-0.061676	
1163	0.999871	-0.000154	-0.197723	0.000154	0.999871	-0.024384	
1164	1.000041	-0.000055	-0.620972	0.000055	1.000041	-0.040009	
1165	0.999835	-0.000144	-0.130127	0.000144	0.999835	0.005066	
1166	0.999948	-0.000108	-0.817352	0.000108	0.999948	-0.052948	
1167	1.000017	-0.000053	-0.356476	0.000053	1.000017	-0.023407	
1168	0.999958	0.000023	0.003204	-0.000023	0.999958	0.020111	
1169	0.999949	-0.000040	0.012451	0.000040	0.999949	0.011230	
1170	1.000159	-0.000067	-0.515961	0.000067	1.000159	-0.057770	
1171	1.000045	-0.000043	-0.451385	0.000043	1.000045	-0.015472	
1172	1.000039	0.000056	0.233185	-0.000056	1.000039	-0.027313	
1173	1.000080	0.000193	-0.047211	-0.000193	1.000080	-0.009430	
1174	1.000274	-0.000118	-0.479095	0.000118	1.000274	-0.238983	
1175	1.000224	0.000127	-0.381195	-0.000127	1.000224	-0.122192	
1176	1.000275	-0.000044	-0.551697	0.000044	1.000275	-0.178802	
1177	1.000219	-0.000019	-0.277130	0.000019	1.000219	-0.085602	
1178	1.000082	-0.000075	-0.125916	0.000075	1.000082	-0.042297	
1179	1.000222	0.000004	-0.104889	-0.000004	1.000222	-0.079102	
1180	1.000107	-0.000096	-0.115723	0.000096	1.000107	-0.082245	
1181	1.000147	0.000045	-0.254059	-0.000045	1.000147	-0.063446	
1182	1.000171	-0.000012	-0.444824	0.000012	1.000171	-0.108337	
1183	1.000354	0.000055	-0.406372	-0.000055	1.000354	-0.121246	
1184	1.000346	-0.000009	-0.652771	0.000009	1.000346	-0.165771	
1185	1.000162	0.000016	-0.347900	-0.000016	1.000162	-0.079651	
1186	1.000374	0.000011	-0.791016	-0.000011	1.000374	-0.154480	
1187	1.000235	-0.000043	-0.492645	0.000043	1.000235	-0.085632	
1188	1.000094	-0.000080	-0.588959	0.000080	1.000094	-0.099243	
1189	1.000038	-0.000158	-0.252258	0.000158	1.000038	-0.081818	
1190	1.000055	-0.000096	-0.565613	0.000096	1.000055	-0.087128	
1191	1.000094	0.000011	-0.334137	-0.000011	1.000094	-0.043854	
1192	1.000036	-0.000086	-0.370850	0.000086	1.000036	-0.099182	
1193	1.000097	0.000042	-0.391235	-0.000042	1.000097	-0.039673	
1194	1.000084	0.000017	-0.392456	-0.000017	1.000084	-0.040375	
1195	0.999977	0.000237	-0.084015	-0.000237	0.999977	0.050781	
1196	1.000048	0.000038	-0.182281	-0.000038	1.000048	0.021637	
1197	1.000093	-0.000067	-0.050537	0.000067	1.000093	-0.036835	
1198	1.000061	0.000007	-0.738983	-0.000007	1.000061	0.011627	
1199	1.000102	0.000026	-0.016968	-0.000026	1.000102	-0.021759	
1200	1.000222	0.000027	-0.526855	-0.000027	1.000222	-0.041901	
1201	1.000089	0.000084	-0.597595	-0.000084	1.000089	-0.003387	
1202	1.000164	0.000023	-1.262421	-0.000023	1.000164	-0.050171	
1203	1.000059	-0.000029	-0.800140	0.000029	1.000059	0.011292	
1204	1.000130	-0.000055	-1.537415	0.000055	1.000130	-0.063904	
1205	0.999921	-0.000188	-0.841766	0.000188	0.999921	-0.071198	
1206	1.000499	-0.000115	-2.179474	0.000115	1.000499	-0.148773	
1207	1.000235	-0.000105	-1.333801	0.000105	1.000235	-0.058105	
1208	1.000674	-0.000016	-2.888336	0.000016	1.000674	-0.207367	
1209	1.000194	-0.000007	-1.349304	0.000007	1.000194	0.003052	
1210	1.000374	-0.000039	-2.596588	0.000039	1.000374	-0.222229	
1211	1.000119	0.000085	-1.176483	-0.000085	1.000119	-0.008057	
1212	1.000270	-0.000118	-1.960724	0.000118	1.000270	-0.148224	
1213	0.999871	-0.000185	-0.706787	0.000185	0.999871	-0.038116	
1214	1.000266	-0.000086	-1.128967	0.000086	1.000266	-0.147583	
1215	1.000261	0.000097	-0.920563	-0.000097	1.000261	-0.054382	
1216	1.000310	-0.000004	-1.681274	0.000004	1.000310	-0.093079	
1217	1.000189	-0.000025	-0.939453	0.000025	1.000189	-0.073730	
1218	1.000139	-0.000160	-1.639343	0.000160	1.000139	-0.119049	
1219	1.000229	0.000052	-0.774963	-0.000052	1.000229	-0.086487	
1220	1.000082	-0.000083	-0.966095	0.000083	1.000082	-0.087555	
1221	1.000000	0.000037	-0.292786	-0.000037	1.000000	0.017242	
1222	0.999935	0.000018	-0.744141	-0.000018	0.999935	0.048950	
1223	1.000106	0.000036	-0.476593	-0.000036	1.000106	0.021942	
1224	1.000125	-0.000043	-0.763580	0.000043	1.000125	-0.038849	
1225	1.000264	-0.000020	-0.485046	0.000020	1.000264	-0.090637	
1226	1.000283	-0.000066	-0.950653	0.000066	1.000283	-0.071075	
1227	1.000572	0.000159	-0.566040	-0.000159	1.000572	-0.009399	
1228	1.000129	-0.000121	-1.008331	0.000121	1.000129	-0.106293	
1229	1.000208	0.000017	-0.618469	-0.000017	1.000208	-0.034515	
1230	1.000200	-0.000010	-1.040833	0.000010	1.000200	-0.066772	
1231	1.000241	0.000029	-0.517639	-0.000029	1.000241	-0.056488	
1232	0.999951	-0.000014	-0.666321	0.000014	0.999951	0.020905	
1233	0.999925	0.000023	-0.167908	-0.000023	0.999925	0.029053	
1234	0.998894	0.000056	0.430756	-0.000056	0.998894	0.384583	
1235	0.999272	0.000005	0.516022	-0.000005	0.999272	0.333771	
1236	0.998534	0.000042	1.054108	-0.000042	0.998534	0.532867	
1237	0.998801	0.000029	0.859558	-0.000029	0.998801	0.503235	
1238	0.998584	-0.000052	0.946411	0.000052	0.998584	0.545227	
1239	0.994833	-0.000002	3.248627	0.000002	0.994833	1.889648	
1240	0.996099	-0.000293	2.550171	0.000293	0.996099	1.311218	
1241	0.990234	-0.000038	6.064117	0.000038	0.990234	3.454346	
1242	0.994033	0.000029	3.575500	-0.000029	0.994033	2.148010	
1243	0.987548	-0.000088	7.737366	0.000088	0.987548	4.313843	
1244	0.993915	0.000053	3.465057	-0.000053	0.993915	2.083435	
1245	0.987702	-0.000051	7.336914	0.000051	0.987702	4.333710	
1246	0.994341	-0.000064	3.421844	0.000064	0.994341	2.081848	
1247	0.989867	-0.000164	5.776245	0.000164	0.989867	3.527771	
1248	0.995752	0.000118	2.111206	-0.000118	0.995752	1.690338	
1249	0.993288	-0.000110	3.232056	0.000110	0.993288	2.361694	
1250	0.997701	0.000088	1.040100	-0.000088	0.997701	0.885712	
1251	0.997043	-0.000240	1.028839	0.000240	0.997043	0.954712	
1252	0.999322	-0.000021	0.089691	0.000021	0.999322	0.305939	
1253	0.999880	-0.000125	-0.851715	0.000125	0.999880	-0.032593	
1254	0.999830	0.000124	-0.416809	-0.000124	0.999830	0.015015	
1255	1.000343	0.000218	-0.808685	-0.000218	1.000343	-0.081146	
1256	1.000460	-0.000217	-0.227081	0.000217	1.000460	-0.206055	
1257	0.999944	-0.000075	-0.150238	0.000075	0.999944	-0.003937	
1258	1.000020	-0.000132	0.024719	0.000132	1.000020	-0.044830	
1259	1.000115	0.000033	-0.080811	-0.000033	1.000115	-0.001312	
1260	1.000262	-0.000002	-0.055664	0.000002	1.000262	-0.072876	
1261	0.999953	-0.000052	0.024078	0.000052	0.999953	0.026428	
1262	1.001392	0.000657	-0.286240	-0.000657	1.001392	-0.317139	
1263	1.000078	0.000021	-0.002014	-0.000021	1.000078	0.002563	
1264	1.000092	-0.000072	0.006378	0.000072	1.000092	-0.048065	
1265	1.000007	0.000081	0.003845	-0.000081	1.000007	0.016785	
1266	1.000067	0.000088	-0.002106	-0.000088	1.000067	-0.003723	
1267	1.000019	0.000198	-0.045837	-0.000198	1.000019	0.086273	
1268	0.999947	0.000088	-0.013916	-0.000088	0.999947	0.080353	
1269	1.000120	0.000041	-0.558533	-0.000041	1.000120	0.010529	
1270	1.000174	0.000037	-0.535980	-0.000037	1.000174	-0.003784	
1271	1.000022	-0.000089	-1.039246	0.000089	1.000022	-0.028442	
1272	0.999964	-0.000040	-0.571533	0.000040	0.999964	0.025330	
1273	1.000085	-0.000165	-1.234955	0.000165	1.000085	-0.024780	
1274	1.000034	-0.000120	-0.498138	0.000120	1.000034	-0.012360	
1275	1.000147	0.000006	-0.790771	-0.000006	1.000147	-0.039185	
1276	1.000327	-0.000070	-0.315674	0.000070	1.000327	-0.098419	
1277	1.000257	0.000011	-0.120361	-0.000011	1.000257	-0.100677	
1278	0.999983	-0.000041	-0.020386	0.000041	0.999983	-0.031830	
1279	1.000075	0.000023	-0.552734	-0.000023	1.000075	-0.019867	
1280	1.000006	0.000041	0.047974	-0.000041	1.000006	0.020447	
1281	1.000062	0.000057	-0.029144	-0.000057	1.000062	0.001526	
1282	0.999811	0.000111	-0.034546	-0.000111	0.999811	0.039795	
1283	0.999864	-0.000076	-0.040375	0.000076	0.999864	0.002167	
1284	1.000441	-0.000008	-0.219452	0.000008	1.000441	-0.153992	
1285	1.001336	-0.000100	-0.805542	0.000100	1.001336	-0.580414	
1286	1.000877	-0.000016	-0.576172	0.000016	1.000877	-0.331329	
1287	1.002105	-0.000023	-1.406769	0.000023	1.002105	-0.804199	
1288	1.001046	-0.000167	-0.704926	0.000167	1.001046	-0.492859	
1289	1.002273	-0.000114	-1.370605	0.000114	1.002273	-0.896515	
1290	1.001075	-0.000054	-0.766052	0.000054	1.001075	-0.438690	
1291	1.000739	-0.000815	-0.955109	0.000815	1.000739	-0.454620	
1292	1.000726	-0.000280	-0.591217	0.000280	1.000726	-0.257080	
1293	1.002415	-0.000103	-1.437958	0.000103	1.002415	-0.924988	
1294	0.999801	-0.000164	-0.465393	0.000164	0.999801	0.064362	
1295	1.002210	-0.000112	-1.307983	0.000112	1.002210	-0.824310	
1296	1.001057	-0.000047	-0.863953	0.000047	1.001057	-0.503784	
1297	1.002547	0.000004	-1.621399	-0.000004	1.002547	-0.935638	
1298	1.001393	-0.000114	-1.080231	0.000114	1.001393	-0.539246	
1299	1.004080	-0.000148	-2.641052	0.000148	1.004080	-1.617065	
1300	1.002466	0.000028	-1.528748	-0.000028	1.002466	-1.000610	
1301	1.005462	-0.000074	-3.349792	0.000074	1.005462	-2.076904	
1302	1.002776	0.000057	-1.795776	-0.000057	1.002776	-1.023773	
1303	1.005913	0.000208	-3.660980	-0.000208	1.005913	-2.135345	
1304	1.003248	0.000103	-1.799072	-0.000103	1.003248	-1.059235	
1305	1.005773	0.000025	-3.621887	-0.000025	1.005773	-2.165253	
1306	1.003217	0.000170	-1.720612	-0.000170	1.003217	-1.068939	
1307	1.006529	0.000000	-3.903290	-0.000000	1.006529	-2.355682	
1308	1.003744	0.000083	-2.371155	-0.000083	1.003744	-1.308258	
1309	1.007681	-0.000053	-4.926239	0.000053	1.007681	-2.676300	
1310	1.003869	0.000049	-2.457886	-0.000049	1.003869	-1.218048	
1311	1.007380	-0.000069	-4.782776	0.000069	1.007380	-2.629150	
1312	1.003783	-0.000004	-2.511292	0.000004	1.003783	-1.287598	
1313	1.007469	-0.000058	-4.629761	0.000058	1.007469	-2.683014	
1314	1.003815	0.000008	-2.460388	-0.000008	1.003815	-1.277954	
1315	1.007492	-0.000031	-4.919128	0.000031	1.007492	-2.711090	
1316	1.003771	-0.000039	-2.431213	0.000039	1.003771	-1.248627	
1317	1.007400	0.000109	-5.030334	-0.000109	1.007400	-2.595978	
1318	1.003692	0.000082	-2.519287	-0.000082	1.003692	-1.306274	
1319	1.007491	0.000001	-6.397705	-0.000001	1.007491	-2.661530	
1320	1.003732	-0.000045	-3.313477	0.000045	1.003732	-1.429291	
1321	1.007923	0.000069	-7.120239	-0.000069	1.007923	-2.835388	
1322	1.003837	0.000039	-3.323364	-0.000039	1.003837	-1.439484	
1323	1.007446	0.000145	-6.293518	-0.000145	1.007446	-2.603638	
1324	1.003827	-0.000296	-3.226929	0.000296	1.003827	-1.405121	
1325	1.007194	-0.000106	-6.031372	0.000106	1.007194	-2.580994	
1326	1.004222	-0.000040	-3.407349	0.000040	1.004222	-1.436920	
1327	1.006949	-0.000558	-6.162354	0.000558	1.006949	-2.629333	
1328	1.003845	0.000080	-3.356323	-0.000080	1.003845	-1.222534	
1329	1.006414	-0.000103	-6.155273	0.000103	1.006414	-2.390656	
1330	1.003454	0.000082	-3.217163	-0.000082	1.003454	-1.156738	
1331	1.007482	-0.000237	-6.507996	0.000237	1.007482	-2.712616	
1332	1.003524	0.000160	-3.485657	-0.000160	1.003524	-1.216278	
1333	1.007116	0.000162	-7.436890	-0.000162	1.007116	-2.378967	
1334	1.003910	0.000330	-4.092957	-0.000330	1.003910	-1.147034	
1335	1.006425	-0.000095	-7.592346	0.000095	1.006425	-2.363739	
1336	1.003536	0.000170	-3.794617	-0.000170	1.003536	-1.252808	
1337	1.007101	0.001110	-7.629944	-0.001110	1.007101	-2.197449	
1338	1.002244	0.000107	-3.044800	-0.000107	1.002244	-0.690887	
1339	1.003587	-0.000412	-5.663513	0.000412	1.003587	-1.397964	
1340	1.001282	0.000087	-2.493774	-0.000087	1.001282	-0.438110	
1341	1.001036	0.000092	-3.923523	-0.000092	1.001036	-0.290802	
1342	0.999956	0.000016	-1.914246	-0.000016	0.999956	-0.007812	
1343	0.999889	-0.000138	-2.748291	0.000138	0.999889	-0.019928	
1344	0.999937	-0.000178	-1.050537	0.000178	0.999937	-0.019867	
1345	0.999359	-0.000129	-1.740723	0.000129	0.999359	0.213348	
1346	0.999653	0.000102	-1.048950	-0.000102	0.999653	0.158417	
1347	0.999690	-0.000035	-1.310791	0.000035	0.999690	0.128143	
1348	0.999735	-0.000056	-0.360718	0.000056	0.999735	0.054657	
1349	1.000097	-0.000054	-1.567688	0.000054	1.000097	-0.127136	
1350	0.999856	-0.000022	-0.669556	0.000022	0.999856	-0.056824	
1351	0.999951	-0.000176	-1.687195	0.000176	0.999951	-0.101990	
1352	1.000272	0.000121	-1.020203	-0.000121	1.000272	-0.111603	
1353	1.000153	0.000044	-1.392944	-0.000044	1.000153	0.028137	
1354	0.999891	0.000120	-0.481201	-0.000120	0.999891	0.096344	
1355	0.999890	0.000040	-1.477295	-0.000040	0.999890	0.116577	
1356	1.000121	-0.000053	-0.824036	0.000053	1.000121	-0.049500	
1357	0.999915	-0.000010	-1.291260	0.000010	0.999915	0.184296	
1358	1.000177	0.000044	-0.682251	-0.000044	1.000177	0.012604	
1359	1.000060	0.000129	-1.203857	-0.000129	1.000060	0.043488	
1360	0.999725	0.000069	-0.484497	-0.000069	0.999725	0.106689	
1361	0.999844	-0.000058	-1.091553	0.000058	0.999844	-0.011292	
1362	1.000018	-0.000140	-0.613281	0.000140	1.000018	-0.081787	
1363	1.000048	-0.000151	-1.545227	0.000151	1.000048	-0.009125	
1364	0.999941	0.000012	-0.893677	-0.000012	0.999941	0.039246	
1365	1.000224	-0.000157	-1.739197	0.000157	1.000224	-0.059845	
1366	1.000187	0.000090	-1.058472	-0.000090	1.000187	0.028961	
1367	1.000224	0.000142	-1.876648	-0.000142	1.000224	0.084839	
1368	1.000094	0.000003	-1.113403	-0.000003	1.000094	0.018280	
1369	1.000153	0.000087	-1.806641	-0.000087	1.000153	0.086090	
1370	0.999987	0.000199	-0.994263	-0.000199	0.999987	0.124634	
1371	0.999927	0.000029	-1.894226	-0.000029	0.999927	0.071442	
1372	0.999914	0.000019	-0.999084	-0.000019	0.999914	0.083160	
1373	1.000002	0.000148	-1.705078	-0.000148	1.000002	0.067719	
1374	0.999798	-0.000002	-0.614380	0.000002	0.999798	0.171906	
1375	1.000000	0.000002	-1.235474	-0.000002	1.000000	0.089691	
1376	0.999904	-0.000126	-0.198120	0.000126	0.999904	0.028320	
1377	0.999954	-0.000206	-0.570801	0.000206	0.999954	-0.044922	
1378	0.999773	-0.000203	-0.204895	0.000203	0.999773	0.044739	
1379	1.000107	-0.000137	-0.489441	0.000137	1.000107	-0.038208	
1380	0.999922	-0.000228	-0.223999	0.000228	0.999922	-0.066803	
1381	1.000010	0.000146	-0.164795	-0.000146	1.000010	0.070709	
1382	1.000068	0.000264	-0.023926	-0.000264	1.000068	0.122253	
1383	1.000044	0.000195	-0.020752	-0.000195	1.000044	0.089813	
1384	1.000074	-0.000027	0.086426	0.000027	1.000074	0.001892	
1385	1.000263	-0.000088	0.368713	0.000088	1.000263	-0.002106	
1386	1.000117	-0.000067	0.269653	0.000067	1.000117	0.211456	
1387	1.000071	-0.000058	0.371338	0.000058	1.000071	0.028351	
1388	1.000065	0.000144	0.160339	-0.000144	1.000065	0.102020	
1389	1.000071	0.000090	0.684631	-0.000090	1.000071	0.120667	
1390	0.999739	-0.000109	0.551453	0.000109	0.999739	0.009125	
1391	0.999694	-0.000009	1.477234	0.000009	0.999694	0.089722	
1392	0.999897	0.000103	0.940918	-0.000103	0.999897	0.090286	
1393	0.999432	-0.000036	2.052765	0.000036	0.999432	0.235474	
1394	1.000836	0.000150	0.561218	-0.000150	1.000836	0.144348	
1395	0.999402	0.000487	2.859558	-0.000487	0.999402	0.385208	
1396	0.999354	0.000283	2.532776	-0.000283	0.999354	0.515152	
1397	0.996691	0.000317	6.097534	-0.000317	0.996691	1.282867	
1398	0.995826	-0.000953	4.780487	0.000953	0.995826	1.271057	
1399	0.993348	0.000401	8.950745	-0.000401	0.993348	2.426865	
1400	0.995818	-0.000124	4.955383	0.000124	0.995818	1.430450	
1401	0.990268	0.000140	11.940002	-0.000140	0.990268	3.555328	
1402	0.985263	-0.000078	16.525085	0.000078	0.985263	5.311676	
