0	1.000000	0.000000	0.000000	0.000000	1.000000	0.000000	
1	1.003326	0.001849	-3.162659	-0.001849	1.003326	1.680878	
2	1.000015	-0.000078	0.010742	0.000078	1.000015	0.019226	
3	0.999929	-0.000016	0.168396	0.000016	0.999929	0.091156	
4	1.000000	-0.000078	0.041992	0.000078	1.000000	0.060638	
5	1.000096	0.000076	0.017151	-0.000076	1.000096	0.156525	
6	0.999949	-0.000130	0.029968	0.000130	0.999949	0.003326	
7	1.001312	-0.000805	-1.140991	0.000805	1.001312	-0.786163	
8	0.999105	-0.002361	0.937256	0.002361	0.999105	-2.189728	
9	0.999999	-0.000409	-0.126709	0.000409	0.999999	-0.233124	
10	0.999899	-0.000022	0.132935	0.000022	0.999899	-0.070404	
11	0.999995	0.000007	-0.001831	-0.000007	0.999995	0.006134	
12	0.999906	-0.000186	-0.010376	0.000186	0.999906	-0.262970	
13	1.000024	0.000072	0.004822	-0.000072	1.000024	0.072479	
14	0.999918	-0.000054	0.081360	0.000054	0.999918	-0.113129	
15	0.999978	0.000009	0.003967	-0.000009	0.999978	0.016205	
16	0.999441	0.000271	0.866882	-0.000271	0.999441	0.312988	
17	0.999993	0.000018	0.019714	-0.000018	0.999993	0.043457	
18	1.002873	0.001858	-2.701477	-0.001858	1.002873	1.765106	
19	1.000835	-0.001939	-0.741211	0.001939	1.000835	-1.842331	
20	0.999660	0.000935	0.297852	-0.000935	0.999660	0.981812	
21	1.000169	-0.005385	-0.073853	0.005385	1.000169	-5.142715	
22	1.000021	-0.000008	-0.137146	0.000008	1.000021	0.051270	
23	0.999881	0.000146	0.080872	-0.000146	0.999881	0.063477	
24	0.998833	-0.003132	2.067932	0.003132	0.998833	-1.973755	
25	1.001191	-0.000129	-1.097595	0.000129	1.001191	-0.278290	
26	1.003614	0.001567	-3.419617	-0.001567	1.003614	1.410431	
27	0.999942	-0.000066	-0.021423	0.000066	0.999942	-0.087219	
28	0.999872	0.000065	0.158020	-0.000065	0.999872	-0.024323	
29	0.999950	-0.000029	0.077515	0.000029	0.999950	-0.087616	
30	0.999953	0.000000	0.090149	-0.000000	0.999953	-0.040497	
31	0.999954	0.000015	0.104675	-0.000015	0.999954	0.014069	
32	1.000012	-0.000029	0.087891	0.000029	1.000012	-0.016022	
33	1.000012	-0.000029	0.087891	0.000029	1.000012	-0.016022	
34	1.000464	0.000687	-0.475464	-0.000687	1.000464	0.618469	
35	1.000018	0.000004	-0.072388	-0.000004	1.000018	0.046814	
36	1.000034	-0.000045	-0.077026	0.000045	1.000034	0.036377	
37	1.000034	-0.000045	-0.077026	0.000045	1.000034	0.036377	
38	1.002167	0.004283	-2.076477	-0.004283	1.002167	4.070602	
39	1.000015	0.000103	0.016174	-0.000103	1.000015	0.073242	
40	1.000063	-0.000000	-0.065979	0.000000	1.000063	-0.020172	
41	1.000038	-0.000064	-0.055908	0.000064	1.000038	-0.074051	
42	1.000193	0.003866	-0.207458	-0.003866	1.000193	3.692429	
43	1.000061	-0.000080	-0.086060	0.000080	1.000061	-0.087128	
44	1.000145	-0.000719	-0.157776	0.000719	1.000145	-0.696136	
45	1.000145	-0.000719	-0.157776	0.000719	1.000145	-0.696136	
46	0.999977	-0.000099	-0.142090	0.000099	0.999977	-0.152435	
47	1.000394	-0.002761	-0.366394	0.002761	1.000394	-2.641510	
48	1.000044	-0.000105	-0.107239	0.000105	1.000044	0.016327	
49	0.999930	-0.000071	0.060974	0.000071	0.999930	-0.027588	
50	1.000036	0.000150	0.207153	-0.000150	1.000036	0.106476	
51	0.999976	-0.002424	0.046875	0.002424	0.999976	-2.408768	
52	0.999647	-0.000800	0.403259	0.000800	0.999647	-0.606384	
53	1.000066	0.000584	0.129028	-0.000584	1.000066	0.459930	
54	0.999783	-0.000099	0.254883	0.000099	0.999783	-0.067932	
55	0.997739	-0.000764	2.220337	0.000764	0.997739	-0.676117	
56	0.999338	-0.001522	0.590942	0.001522	0.999338	-1.239105	
57	0.999338	-0.001522	0.590942	0.001522	0.999338	-1.239105	
58	0.998913	0.004337	0.956909	-0.004337	0.998913	4.256760	
59	1.001122	-0.000309	-0.236511	0.000309	1.001122	-0.355194	
60	1.000165	0.000035	-0.055420	-0.000035	1.000165	-0.056488	
61	1.000009	0.000161	0.072144	-0.000161	1.000009	0.076294	
62	0.999982	-0.000108	-0.109314	0.000108	0.999982	-0.095795	
63	0.999982	-0.000108	-0.109314	0.000108	0.999982	-0.095795	
64	0.999752	-0.000103	0.765747	0.000103	0.999752	0.009521	
65	1.001387	-0.003670	-1.376953	0.003670	1.001387	-3.656723	
66	1.002057	-0.003320	0.533203	0.003320	1.002057	-3.797241	
67	1.002057	-0.003320	0.533203	0.003320	1.002057	-3.797241	
68	1.001617	-0.001010	-0.918030	0.001010	1.001617	-1.750732	
69	1.000001	-0.000010	0.007080	0.000010	1.000001	0.046417	
70	0.995913	-0.002789	5.606201	0.002789	0.995913	-0.164307	
71	0.999939	-0.000069	0.065369	0.000069	0.999939	-0.083160	
72	0.999444	-0.000299	0.582703	0.000299	0.999444	-0.177429	
73	0.999873	-0.000059	0.145447	0.000059	0.999873	-0.152130	
74	0.999933	-0.000024	0.035156	0.000024	0.999933	-0.046387	
75	0.998134	-0.003795	1.847778	0.003795	0.998134	-3.731461	
76	1.000572	-0.002525	-0.797424	0.002525	1.000572	-2.398651	
77	1.000026	-0.000060	-0.092041	0.000060	1.000026	-0.065460	
78	1.000212	-0.000168	-0.569702	0.000168	1.000212	-0.289825	
79	1.000044	0.000041	-0.026123	-0.000041	1.000044	0.099304	
80	1.005964	-0.009718	-5.038086	0.009718	1.005964	-8.905838	
81	1.005964	-0.009718	-5.038086	0.009718	1.005964	-8.905838	
82	1.000097	-0.000094	-0.102478	0.000094	1.000097	-0.104919	
83	1.000097	-0.000094	-0.102478	0.000094	1.000097	-0.104919	
84	0.999930	-0.000026	0.108582	0.000026	0.999930	-0.105804	
85	0.997324	-0.000322	2.620483	0.000322	0.997324	-0.283478	
86	1.001569	0.000671	-1.549133	-0.000671	1.001569	0.692505	
87	1.000089	0.001138	0.073608	-0.001138	1.000089	1.068695	
88	1.001869	0.004738	-1.987732	-0.004738	1.001869	4.555008	
89	1.001869	0.004738	-1.987732	-0.004738	1.001869	4.555008	
90	1.001869	0.004738	-1.987732	-0.004738	1.001869	4.555008	
91	1.001869	0.004738	-1.987732	-0.004738	1.001869	4.555008	
92	1.000155	0.000499	-0.031555	-0.000499	1.000155	0.277008	
93	1.000155	0.000499	-0.031555	-0.000499	1.000155	0.277008	
94	0.997012	-0.000881	2.898376	0.000881	0.997012	-0.725266	
95	0.997012	-0.000881	2.898376	0.000881	0.997012	-0.725266	
96	1.000347	-0.003460	2.260498	0.003460	1.000347	-5.161469	
97	1.000093	-0.000031	-0.022705	0.000031	1.000093	-0.061310	
98	1.000432	-0.002273	-0.428406	0.002273	1.000432	-2.158691	
99	1.000432	-0.002273	-0.428406	0.002273	1.000432	-2.158691	
100	1.000432	-0.002273	-0.428406	0.002273	1.000432	-2.158691	
101	1.000432	-0.002273	-0.428406	0.002273	1.000432	-2.158691	
102	1.001480	-0.000820	-1.722046	0.000820	1.001480	-0.916931	
103	1.000198	-0.000063	-0.291687	0.000063	1.000198	-0.045807	
104	0.999590	0.002042	0.360962	-0.002042	0.999590	1.940109	
105	1.000115	-0.000034	-0.113281	0.000034	1.000115	-0.018646	
106	1.000666	-0.000375	-1.126099	0.000375	1.000666	-0.920258	
107	1.000666	-0.000375	-1.126099	0.000375	1.000666	-0.920258	
108	0.998965	-0.003346	1.027527	0.003346	0.998965	-3.267700	
109	0.998965	-0.003346	1.027527	0.003346	0.998965	-3.267700	
110	1.005612	0.000439	-5.356140	-0.000439	1.005612	-1.896057	
111	1.005612	0.000439	-5.356140	-0.000439	1.005612	-1.896057	
112	1.000056	-0.000037	-0.079895	0.000037	1.000056	-0.000519	
113	1.000056	-0.000037	-0.079895	0.000037	1.000056	-0.000519	
114	1.002732	-0.000102	-0.221375	0.000102	1.002732	-1.494080	
115	0.999500	0.000017	0.253784	-0.000017	0.999500	0.027954	
116	0.999931	0.001849	0.528320	-0.001849	0.999931	2.497375	
117	0.999931	0.001849	0.528320	-0.001849	0.999931	2.497375	
118	0.999768	0.000309	0.326050	-0.000309	0.999768	0.551361	
119	0.999768	0.000309	0.326050	-0.000309	0.999768	0.551361	
120	0.999768	0.000309	0.326050	-0.000309	0.999768	0.551361	
121	0.999768	0.000309	0.326050	-0.000309	0.999768	0.551361	
122	1.000009	0.000067	0.067444	-0.000067	1.000009	0.156006	
123	1.000009	0.000067	0.067444	-0.000067	1.000009	0.156006	
124	0.999904	0.000137	0.149658	-0.000137	0.999904	0.168823	
125	0.999919	0.000089	0.110107	-0.000089	0.999919	0.059845	
126	0.999827	0.001865	0.205139	-0.001865	0.999827	1.814758	
127	0.999827	0.001865	0.205139	-0.001865	0.999827	1.814758	
128	0.999363	-0.000331	1.056519	0.000331	0.999363	-0.530060	
129	0.999363	-0.000331	1.056519	0.000331	0.999363	-0.530060	
130	0.999363	-0.000331	1.056519	0.000331	0.999363	-0.530060	
131	0.999363	-0.000331	1.056519	0.000331	0.999363	-0.530060	
132	0.999363	-0.000331	1.056519	0.000331	0.999363	-0.530060	
133	0.999967	-0.000107	-0.009827	0.000107	0.999967	-0.087128	
134	1.000049	-0.000046	-0.248657	0.000046	1.000049	0.093445	
135	1.000049	-0.000046	-0.248657	0.000046	1.000049	0.093445	
136	0.999921	-0.000074	0.070740	0.000074	0.999921	-0.008606	
137	0.999897	0.000129	0.095947	-0.000129	0.999897	0.219879	
138	0.999590	0.000095	0.660400	-0.000095	0.999590	0.290039	
139	0.999590	0.000095	0.660400	-0.000095	0.999590	0.290039	
140	0.999728	0.000097	0.218384	-0.000097	0.999728	0.222382	
141	0.999724	0.000035	0.095947	-0.000035	0.999724	0.042084	
142	0.999602	0.000633	0.533752	-0.000633	0.999602	0.803711	
143	1.000057	0.000161	0.040222	-0.000161	1.000057	0.129272	
144	1.000041	0.000127	0.014038	-0.000127	1.000041	0.151703	
145	0.999973	0.000164	-0.004822	-0.000164	0.999973	0.115326	
146	0.999985	0.000186	0.012939	-0.000186	0.999985	0.121796	
147	0.999791	0.000810	0.143250	-0.000810	0.999791	0.682587	
148	0.999879	-0.000046	0.191772	0.000046	0.999879	-0.024628	
149	0.999879	-0.000046	0.191772	0.000046	0.999879	-0.024628	
150	0.999879	-0.000046	0.191772	0.000046	0.999879	-0.024628	
151	1.000114	-0.000171	-0.170593	0.000171	1.000114	-0.123993	
152	1.001374	0.004883	-1.425720	-0.004883	1.001374	4.667648	
153	1.000002	-0.000005	-0.001038	0.000005	1.000002	0.021301	
154	0.998972	0.001765	-0.481812	-0.001765	0.998972	2.314575	
155	1.004857	-0.003366	-2.017639	0.003366	1.004857	-4.473511	
156	0.999829	-0.000133	0.276672	0.000133	0.999829	-0.180420	
157	0.999829	-0.000133	0.276672	0.000133	0.999829	-0.180420	
158	0.999957	0.000120	0.055115	-0.000120	0.999957	-0.066040	
159	0.999957	0.000120	0.055115	-0.000120	0.999957	-0.066040	
160	1.000660	0.000741	-0.672546	-0.000741	1.000660	0.550507	
161	1.000660	0.000741	-0.672546	-0.000741	1.000660	0.550507	
162	1.000194	0.000096	-0.344238	-0.000096	1.000194	0.138885	
163	0.999942	0.000138	0.175171	-0.000138	0.999942	0.091003	
164	0.997518	-0.000657	2.302734	0.000657	0.997518	-0.565338	
165	1.000153	0.000868	-0.182312	-0.000868	1.000153	0.792389	
166	1.000685	-0.000270	-0.891357	0.000270	1.000685	-1.665192	
167	1.000152	0.000123	-0.208252	-0.000123	1.000152	0.306244	
168	0.995492	-0.000997	4.069214	0.000997	0.995492	-1.005463	
169	0.995492	-0.000997	4.069214	0.000997	0.995492	-1.005463	
170	1.000285	0.000668	-0.210876	-0.000668	1.000285	0.510803	
171	1.000285	0.000668	-0.210876	-0.000668	1.000285	0.510803	
172	1.000148	-0.000359	-0.082581	0.000359	1.000148	0.025238	
173	0.999902	-0.000024	0.044678	0.000024	0.999902	-0.083160	
174	0.999902	-0.000024	0.044678	0.000024	0.999902	-0.083160	
175	0.999902	-0.000024	0.044678	0.000024	0.999902	-0.083160	
176	0.999902	-0.000024	0.044678	0.000024	0.999902	-0.083160	
177	0.999902	-0.000024	0.044678	0.000024	0.999902	-0.083160	
178	0.999891	-0.000107	0.128296	0.000107	0.999891	-0.115387	
179	1.003281	0.000044	-2.951660	-0.000044	1.003281	-1.994446	
180	0.999295	0.000092	0.672485	-0.000092	0.999295	-0.013763	
181	1.000202	-0.000017	-0.141479	0.000017	1.000202	-0.002716	
182	1.000019	0.000206	-0.071655	-0.000206	1.000019	0.053314	
183	1.000019	0.000206	-0.071655	-0.000206	1.000019	0.053314	
184	1.000019	0.000206	-0.071655	-0.000206	1.000019	0.053314	
185	1.000019	0.000206	-0.071655	-0.000206	1.000019	0.053314	
186	0.999262	0.000148	0.055847	-0.000148	0.999262	0.197998	
187	0.999262	0.000148	0.055847	-0.000148	0.999262	0.197998	
188	1.000042	0.000045	0.017883	-0.000045	1.000042	-0.061829	
189	0.999562	0.001738	-0.598022	-0.001738	0.999562	0.379303	
190	0.999982	0.000042	-0.002197	-0.000042	0.999982	-0.048309	
191	1.000241	0.002025	-2.550537	-0.002025	1.000241	2.169312	
192	1.000320	0.000704	-0.523193	-0.000704	1.000320	0.692627	
193	0.998019	0.000618	1.063354	-0.000618	0.998019	1.921204	
194	1.000330	0.000081	-0.469238	-0.000081	1.000330	0.054321	
195	1.000330	0.000081	-0.469238	-0.000081	1.000330	0.054321	
196	1.000309	0.000251	-0.735718	-0.000251	1.000309	0.255554	
197	1.001815	0.002130	-3.651978	-0.002130	1.001815	0.842072	
198	1.000500	-0.000087	-0.866516	0.000087	1.000500	-0.372375	
199	1.000500	-0.000087	-0.866516	0.000087	1.000500	-0.372375	
200	0.999830	-0.000011	0.139160	0.000011	0.999830	-0.099152	
201	0.999830	-0.000011	0.139160	0.000011	0.999830	-0.099152	
202	1.001334	0.002147	-1.353821	-0.002147	1.001334	2.148651	
203	1.001334	0.002147	-1.353821	-0.002147	1.001334	2.148651	
204	1.000138	0.000055	-0.127808	-0.000055	1.000138	0.166779	
205	1.000138	0.000055	-0.127808	-0.000055	1.000138	0.166779	
206	0.998823	0.012935	0.582886	-0.012935	0.998823	11.464828	
207	0.998823	0.012935	0.582886	-0.012935	0.998823	11.464828	
208	1.000131	0.000070	-0.052612	-0.000070	1.000131	-0.000916	
209	1.000131	0.000070	-0.052612	-0.000070	1.000131	-0.000916	
210	0.999897	0.000062	0.072815	-0.000062	0.999897	-0.034271	
211	0.999924	-0.000048	0.044312	0.000048	0.999924	-0.085602	
212	0.999924	-0.000048	0.044312	0.000048	0.999924	-0.085602	
213	0.999924	-0.000048	0.044312	0.000048	0.999924	-0.085602	
214	0.999948	0.000066	0.083618	-0.000066	0.999948	0.049377	
215	0.999948	0.000066	0.083618	-0.000066	0.999948	0.049377	
216	0.999948	0.000066	0.083618	-0.000066	0.999948	0.049377	
217	0.999948	0.000066	0.083618	-0.000066	0.999948	0.049377	
218	1.000066	-0.000001	-0.103882	0.000001	1.000066	0.012604	
219	1.000066	-0.000001	-0.103882	0.000001	1.000066	0.012604	
220	1.000066	-0.000001	-0.103882	0.000001	1.000066	0.012604	
221	1.000066	-0.000001	-0.103882	0.000001	1.000066	0.012604	
222	0.998491	-0.001417	1.356201	0.001417	0.998491	-1.256409	
223	0.998491	-0.001417	1.356201	0.001417	0.998491	-1.256409	
224	0.998491	-0.001417	1.356201	0.001417	0.998491	-1.256409	
225	0.993787	-0.008826	6.680420	0.008826	0.993787	-8.842743	
226	0.993787	-0.008826	6.680420	0.008826	0.993787	-8.842743	
227	0.993787	-0.008826	6.680420	0.008826	0.993787	-8.842743	
228	0.993787	-0.008826	6.680420	0.008826	0.993787	-8.842743	
229	0.993787	-0.008826	6.680420	0.008826	0.993787	-8.842743	
230	0.999976	0.000033	0.020569	-0.000033	0.999976	0.041718	
231	0.999918	-0.000004	0.076782	0.000004	0.999918	-0.000580	
232	0.999913	0.000086	0.046753	-0.000086	0.999913	0.049438	
233	0.999968	0.000016	0.035950	-0.000016	0.999968	0.010742	
234	0.999840	-0.000001	-0.013916	0.000001	0.999840	0.023743	
235	0.999986	-0.000048	-0.069519	0.000048	0.999986	-0.002365	
236	0.999912	-0.000132	-0.052368	0.000132	0.999912	0.060883	
237	1.000592	-0.000079	-1.010376	0.000079	1.000592	0.021912	
238	1.000158	-0.000632	-0.219116	0.000632	1.000158	-0.583710	
239	1.000158	-0.000632	-0.219116	0.000632	1.000158	-0.583710	
240	1.000010	0.000001	-0.061279	-0.000001	1.000010	-0.045746	
241	0.999985	0.000083	0.006348	-0.000083	0.999985	0.090179	
242	1.000093	0.000011	-0.011963	-0.000011	1.000093	0.026764	
243	1.000035	-0.000003	0.043091	0.000003	1.000035	0.002655	
244	1.000124	0.000004	0.018066	-0.000004	1.000124	-0.015472	
245	1.000077	0.000002	0.068604	-0.000002	1.000077	-0.043213	
246	1.000077	0.000002	0.068604	-0.000002	1.000077	-0.043213	
247	1.000382	0.000258	-0.434326	-0.000258	1.000382	0.148102	
248	1.000382	0.000258	-0.434326	-0.000258	1.000382	0.148102	
249	1.000146	-0.000082	-0.069824	0.000082	1.000146	-0.141174	
250	1.000146	-0.000082	-0.069824	0.000082	1.000146	-0.141174	
251	1.000198	-0.000054	-0.107971	0.000054	1.000198	-0.160400	
252	0.999995	0.000031	0.027771	-0.000031	0.999995	0.031708	
253	1.000998	0.000284	-0.873535	-0.000284	1.000998	0.105835	
254	1.000061	0.000058	-0.075378	-0.000058	1.000061	0.092773	
255	1.000102	-0.000075	-0.118530	0.000075	1.000102	-0.117310	
256	1.000102	-0.000075	-0.118530	0.000075	1.000102	-0.117310	
257	1.000085	-0.000128	-0.161072	0.000128	1.000085	-0.117523	
258	1.000085	-0.000128	-0.161072	0.000128	1.000085	-0.117523	
259	1.000058	0.000057	-0.042419	-0.000057	1.000058	0.056396	
260	1.000058	0.000057	-0.042419	-0.000057	1.000058	0.056396	
261	1.000058	0.000057	-0.042419	-0.000057	1.000058	0.056396	
262	0.999169	-0.003505	3.319519	0.003505	0.999169	-2.428223	
263	0.999169	-0.003505	3.319519	0.003505	0.999169	-2.428223	
264	1.000010	-0.000072	-0.066345	0.000072	1.000010	-0.061035	
265	0.999335	0.000972	-0.348083	-0.000972	0.999335	1.430481	
266	0.999335	0.000972	-0.348083	-0.000972	0.999335	1.430481	
267	1.000059	-0.000147	-0.088989	0.000147	1.000059	-0.135376	
268	1.000117	-0.000145	-0.100952	0.000145	1.000117	-0.097870	
269	0.999995	-0.000161	-0.054565	0.000161	0.999995	-0.135712	
270	1.000441	-0.001465	-0.406738	0.001465	1.000441	-1.414337	
271	0.999974	-0.000116	0.043457	0.000116	0.999974	-0.026215	
272	0.999974	-0.000116	0.043457	0.000116	0.999974	-0.026215	
273	0.999595	-0.000794	0.477966	0.000794	0.999595	-0.847107	
274	1.000363	-0.000247	-0.665161	0.000247	1.000363	-0.389008	
275	0.999056	0.001309	0.561646	-0.001309	0.999056	1.165039	
276	0.999056	0.001309	0.561646	-0.001309	0.999056	1.165039	
277	1.000226	-0.000106	-0.335205	0.000106	1.000226	-0.182190	
278	1.000226	-0.000106	-0.335205	0.000106	1.000226	-0.182190	
279	1.000491	-0.000114	-0.725952	0.000114	1.000491	0.194061	
280	1.000184	0.000044	-0.258911	-0.000044	1.000184	-0.015015	
281	0.999106	-0.000234	0.912231	0.000234	0.999106	0.502075	
282	0.999892	-0.000177	0.027344	0.000177	0.999892	-0.166687	
283	0.999892	-0.000177	0.027344	0.000177	0.999892	-0.166687	
284	0.999945	0.000011	0.054932	-0.000011	0.999945	0.005554	
285	1.000241	-0.000325	-0.389526	0.000325	1.000241	-0.495789	
286	0.999749	0.000508	0.099426	-0.000508	0.999749	0.489868	
287	1.000058	0.000082	-0.070496	-0.000082	1.000058	0.027161	
288	0.999867	0.000021	0.036987	-0.000021	0.999867	-0.015411	
289	0.999981	0.000052	-0.012695	-0.000052	0.999981	0.075989	
290	0.999252	0.001064	0.570740	-0.001064	0.999252	1.063721	
291	0.999853	0.000063	0.088928	-0.000063	0.999853	0.021515	
292	0.999853	0.000063	0.088928	-0.000063	0.999853	0.021515	
293	0.999856	0.002527	0.119568	-0.002527	0.999856	2.448120	
294	0.999856	0.002527	0.119568	-0.002527	0.999856	2.448120	
295	0.999220	0.003523	0.658936	-0.003523	0.999220	3.450989	
296	0.995582	-0.003409	4.321533	0.003409	0.995582	-3.200012	
297	0.999700	-0.000174	0.068298	0.000174	0.999700	0.046143	
298	0.999971	-0.000007	-0.294189	0.000007	0.999971	-0.002869	
299	1.000073	0.000001	-0.329346	-0.000001	1.000073	0.010223	
300	0.999816	-0.000144	-0.024780	0.000144	0.999816	-0.065857	
301	0.999953	-0.000112	-0.061218	0.000112	0.999953	-0.168335	
302	1.000070	-0.000259	-0.135559	0.000259	1.000070	-0.288391	
303	0.999833	-0.000165	-0.118652	0.000165	0.999833	-0.187866	
304	0.999939	-0.000149	-0.005981	0.000149	0.999939	-0.210663	
305	1.000017	-0.000213	-0.032532	0.000213	1.000017	-0.357117	
306	1.000722	0.000097	-1.179932	-0.000097	1.000722	-0.345337	
307	0.999948	-0.000012	-0.104004	0.000012	0.999948	-0.020172	
308	1.000083	-0.000030	-0.271179	0.000030	1.000083	0.009521	
309	1.000282	-0.000152	-0.348938	0.000152	1.000282	-0.294556	
310	1.001454	-0.000206	-0.136169	0.000206	1.001454	-0.818817	
311	1.000055	-0.000975	0.265137	0.000975	1.000055	-0.648499	
312	1.000055	-0.000975	0.265137	0.000975	1.000055	-0.648499	
313	1.002216	-0.000289	-0.255737	0.000289	1.002216	-0.884094	
314	1.002216	-0.000289	-0.255737	0.000289	1.002216	-0.884094	
315	1.000417	0.000083	-0.070679	-0.000083	1.000417	-0.053070	
316	1.000011	0.000128	0.113342	-0.000128	1.000011	0.144714	
317	0.998466	-0.001273	3.300842	0.001273	0.998466	-0.775757	
318	0.998466	-0.001273	3.300842	0.001273	0.998466	-0.775757	
319	0.998466	-0.001273	3.300842	0.001273	0.998466	-0.775757	
320	0.998466	-0.001273	3.300842	0.001273	0.998466	-0.775757	
321	0.998466	-0.001273	3.300842	0.001273	0.998466	-0.775757	
322	0.999875	0.000141	0.077332	-0.000141	0.999875	0.103638	
323	1.000037	-0.000195	-0.148865	0.000195	1.000037	-0.187653	
324	0.998677	-0.001660	1.279114	0.001660	0.998677	-1.527649	
325	0.999147	0.000220	0.522644	-0.000220	0.999147	0.658386	
326	0.999147	0.000220	0.522644	-0.000220	0.999147	0.658386	
327	0.999762	0.000005	0.116150	-0.000005	0.999762	0.034363	
328	0.999762	0.000005	0.116150	-0.000005	0.999762	0.034363	
329	0.999762	0.000005	0.116150	-0.000005	0.999762	0.034363	
330	0.999762	0.000005	0.116150	-0.000005	0.999762	0.034363	
331	1.000106	-0.000062	0.077759	0.000062	1.000106	0.001038	
332	1.000106	-0.000062	0.077759	0.000062	1.000106	0.001038	
333	0.999087	-0.000105	0.923950	0.000105	0.999087	0.582855	
334	0.999817	-0.000153	0.174866	0.000153	0.999817	-0.095459	
335	0.999474	-0.000521	0.163086	0.000521	0.999474	0.022736	
336	0.999474	-0.000521	0.163086	0.000521	0.999474	0.022736	
337	1.000630	0.000435	-0.283386	-0.000435	1.000630	0.256927	
338	1.000630	0.000435	-0.283386	-0.000435	1.000630	0.256927	
339	0.999973	0.000109	0.010193	-0.000109	0.999973	0.308990	
340	0.999973	0.000109	0.010193	-0.000109	0.999973	0.308990	
341	0.999089	0.000126	0.712952	-0.000126	0.999089	0.458374	
342	0.999779	0.000042	0.222534	-0.000042	0.999779	0.031891	
343	0.999751	0.000114	0.234985	-0.000114	0.999751	0.148682	
344	0.999825	-0.000287	0.439331	0.000287	0.999825	-0.387177	
345	0.999829	-0.000018	0.166687	0.000018	0.999829	0.035614	
346	0.999339	-0.000073	0.447510	0.000073	0.999339	-0.005432	
347	0.999833	0.000013	0.068665	-0.000013	0.999833	-0.042633	
348	0.999240	-0.001462	0.851685	0.001462	0.999240	-1.551819	
349	1.000073	-0.000014	-0.232178	0.000014	1.000073	-0.081848	
350	1.000039	-0.000178	-0.044250	0.000178	1.000039	-0.154785	
351	1.000188	-0.000207	-0.240173	0.000207	1.000188	-0.196564	
352	1.000113	-0.000129	-0.085205	0.000129	1.000113	-0.104645	
353	1.000664	-0.000221	-0.867310	0.000221	1.000664	-0.529419	
354	1.000664	-0.000221	-0.867310	0.000221	1.000664	-0.529419	
355	1.000137	0.000021	-0.055725	-0.000021	1.000137	0.063751	
356	1.000067	0.000019	-0.120056	-0.000019	1.000067	0.052429	
357	1.000067	0.000019	-0.120056	-0.000019	1.000067	0.052429	
358	0.999933	0.000043	0.096313	-0.000043	0.999933	0.037201	
359	1.002481	-0.001847	-2.300232	0.001847	1.002481	-1.769333	
360	1.000078	0.000011	-0.021362	-0.000011	1.000078	0.075012	
361	1.000091	0.000112	-0.068542	-0.000112	1.000091	0.052734	
362	0.998574	-0.000443	3.100464	0.000443	0.998574	0.172668	
363	0.999954	0.000124	0.104309	-0.000124	0.999954	0.204712	
364	1.000016	0.000063	-0.010498	-0.000063	1.000016	0.088379	
365	0.999880	0.000103	0.267212	-0.000103	0.999880	0.028046	
366	1.000025	-0.000048	-0.034607	0.000048	1.000025	-0.124847	
367	0.999982	0.000019	-0.082153	-0.000019	0.999982	-0.063995	
368	1.000044	-0.000016	-0.163330	0.000016	1.000044	-0.002655	
369	1.000070	0.000094	-0.146240	-0.000094	1.000070	0.092133	
370	1.003435	0.000723	-3.374329	-0.000723	1.003435	0.629547	
371	1.003435	0.000723	-3.374329	-0.000723	1.003435	0.629547	
372	1.003435	0.000723	-3.374329	-0.000723	1.003435	0.629547	
373	1.003435	0.000723	-3.374329	-0.000723	1.003435	0.629547	
374	1.003435	0.000723	-3.374329	-0.000723	1.003435	0.629547	
375	1.006193	-0.000907	-3.865784	0.000907	1.006193	-4.497803	
376	1.006193	-0.000907	-3.865784	0.000907	1.006193	-4.497803	
377	1.006193	-0.000907	-3.865784	0.000907	1.006193	-4.497803	
378	1.006193	-0.000907	-3.865784	0.000907	1.006193	-4.497803	
379	0.999557	-0.003372	0.459778	0.003372	0.999557	-3.301071	
380	0.999925	0.000019	0.031006	-0.000019	0.999925	0.024963	
381	0.999546	-0.000097	0.167664	0.000097	0.999546	-0.086700	
382	0.999546	-0.000097	0.167664	0.000097	0.999546	-0.086700	
383	1.011616	-0.002043	-9.911316	0.002043	1.011616	-2.259399	
384	1.011616	-0.002043	-9.911316	0.002043	1.011616	-2.259399	
385	1.000149	0.000003	-0.155212	-0.000003	1.000149	0.033997	
386	1.000149	0.000003	-0.155212	-0.000003	1.000149	0.033997	
387	1.000533	-0.000124	-0.608826	0.000124	1.000533	-0.117126	
388	1.000053	0.000214	-0.064880	-0.000214	1.000053	0.173553	
389	0.999803	0.000125	0.081848	-0.000125	0.999803	0.019043	
390	0.999803	0.000125	0.081848	-0.000125	0.999803	0.019043	
391	0.999954	0.000035	-0.064575	-0.000035	0.999954	-0.054352	
392	0.999823	0.000267	0.049927	-0.000267	0.999823	0.110168	
393	0.999925	-0.000105	0.041931	0.000105	0.999925	0.031342	
394	0.999993	0.000039	-0.015930	-0.000039	0.999993	0.051239	
395	0.999881	-0.000933	-0.026611	0.000933	0.999881	-0.807068	
396	1.000072	-0.000056	-0.156799	0.000056	1.000072	-0.034332	
397	1.000032	-0.000045	-0.125732	0.000045	1.000032	-0.058746	
398	0.999908	-0.000005	0.203674	0.000005	0.999908	-0.083221	
399	1.000293	-0.000057	-0.529663	0.000057	1.000293	-0.244873	
400	1.000293	-0.000057	-0.529663	0.000057	1.000293	-0.244873	
401	1.000153	0.000131	-0.215942	-0.000131	1.000153	0.144653	
402	1.000153	0.000131	-0.215942	-0.000131	1.000153	0.144653	
403	0.999981	-0.000111	-0.008850	0.000111	0.999981	-0.022064	
404	1.000384	0.000032	-0.170105	-0.000032	1.000384	0.029022	
405	1.000163	0.000038	-0.177795	-0.000038	1.000163	0.150543	
406	0.999872	0.000050	0.062500	-0.000050	0.999872	0.017456	
407	1.000104	-0.000048	-0.087952	0.000048	1.000104	-0.146637	
408	1.000104	-0.000048	-0.087952	0.000048	1.000104	-0.146637	
409	1.000046	-0.000164	0.000671	0.000164	1.000046	-0.235107	
410	1.000042	0.000061	-0.004944	-0.000061	1.000042	0.073944	
411	1.000042	0.000061	-0.004944	-0.000061	1.000042	0.073944	
412	1.000042	0.000061	-0.004944	-0.000061	1.000042	0.073944	
413	1.000042	0.000061	-0.004944	-0.000061	1.000042	0.073944	
414	1.000042	0.000061	-0.004944	-0.000061	1.000042	0.073944	
415	1.000042	0.000061	-0.004944	-0.000061	1.000042	0.073944	
416	1.000042	0.000061	-0.004944	-0.000061	1.000042	0.073944	
417	0.999994	-0.000010	0.026184	0.000010	0.999994	0.031616	
418	0.999994	-0.000010	0.026184	0.000010	0.999994	0.031616	
419	0.999932	0.000046	-0.031189	-0.000046	0.999932	-0.035309	
420	0.999932	0.000046	-0.031189	-0.000046	0.999932	-0.035309	
421	0.999958	-0.000111	-0.003784	0.000111	0.999958	-0.120972	
422	0.999958	-0.000111	-0.003784	0.000111	0.999958	-0.120972	
423	1.000405	-0.000642	-0.104126	0.000642	1.000405	-1.449951	
424	1.000405	-0.000642	-0.104126	0.000642	1.000405	-1.449951	
425	1.000052	0.000029	-0.031250	-0.000029	1.000052	0.032990	
426	1.000059	0.000107	-0.039124	-0.000107	1.000059	0.111420	
427	1.000059	0.000107	-0.039124	-0.000107	1.000059	0.111420	
428	1.000005	0.000054	0.041077	-0.000054	1.000005	0.094452	
429	0.999975	-0.000038	0.011719	0.000038	0.999975	-0.002136	
430	0.999975	-0.000038	0.011719	0.000038	0.999975	-0.002136	
431	0.999794	-0.000065	0.150696	0.000065	0.999794	-0.050323	
432	0.999794	-0.000065	0.150696	0.000065	0.999794	-0.050323	
433	0.999969	0.000050	0.069153	-0.000050	0.999969	0.053131	
434	1.000015	-0.000036	-0.026550	0.000036	1.000015	-0.020569	
435	1.000015	-0.000036	-0.026550	0.000036	1.000015	-0.020569	
436	0.999951	0.000055	0.067261	-0.000055	0.999951	0.067963	
437	0.999119	-0.001582	0.810303	0.001582	0.999119	-1.478119	
438	1.000021	0.000010	-0.015991	-0.000010	1.000021	0.013458	
439	1.000021	0.000010	-0.015991	-0.000010	1.000021	0.013458	
440	1.000037	-0.000011	-0.047119	0.000011	1.000037	-0.032349	
441	0.999993	0.000020	0.000793	-0.000020	0.999993	0.038483	
442	0.999993	0.000020	0.000793	-0.000020	0.999993	0.038483	
443	1.000010	0.000042	-0.050293	-0.000042	1.000010	0.014008	
444	1.003067	0.003304	-5.753357	-0.003304	1.003067	2.171967	
445	1.000210	0.000003	-0.463989	-0.000003	1.000210	-0.041870	
446	1.000380	-0.000452	-0.629272	0.000452	1.000380	-0.903259	
447	0.999982	0.000115	-0.226562	-0.000115	0.999982	0.107788	
448	1.000232	-0.000082	-0.234497	0.000082	1.000232	-0.073090	
449	1.000238	0.000528	-0.283508	-0.000528	1.000238	0.527313	
450	0.999900	0.000213	0.097900	-0.000213	0.999900	0.068939	
451	1.000185	0.000085	-0.250610	-0.000085	1.000185	-0.009338	
452	1.000167	0.000046	-0.159424	-0.000046	1.000167	-0.088531	
453	1.000077	0.000053	-0.111694	-0.000053	1.000077	0.043335	
454	1.000129	0.000014	-0.175293	-0.000014	1.000129	-0.014008	
455	1.000256	-0.000028	-0.262329	0.000028	1.000256	-0.126831	
456	1.000207	0.000024	-0.198853	-0.000024	1.000207	-0.163849	
457	1.000138	-0.000055	-0.109070	0.000055	1.000138	-0.099731	
458	1.000236	-0.000020	-0.273010	0.000020	1.000236	-0.158234	
459	1.000024	0.000018	0.024048	-0.000018	1.000024	0.117432	
460	1.000185	0.000014	-0.221436	-0.000014	1.000185	0.148987	
461	1.000097	0.000201	-0.252991	-0.000201	1.000097	0.343964	
462	1.000085	-0.000049	-0.147705	0.000049	1.000085	-0.099548	
463	1.000134	0.000146	-0.280945	-0.000146	1.000134	0.013275	
464	1.000057	0.000010	-0.216187	-0.000010	1.000057	-0.037292	
465	1.000074	-0.000006	-0.067261	0.000006	1.000074	0.082794	
466	1.000384	0.000010	-0.396851	-0.000010	1.000384	-0.056305	
467	0.999984	-0.000021	0.018005	0.000021	0.999984	-0.002899	
468	1.000156	-0.000112	-0.080566	0.000112	1.000156	-0.037994	
469	1.000128	-0.000087	-0.064819	0.000087	1.000128	-0.150299	
470	0.999979	0.000171	0.032043	-0.000171	0.999979	0.129822	
471	1.000080	0.000157	-0.028503	-0.000157	1.000080	0.200378	
472	0.999835	0.000042	0.205505	-0.000042	0.999835	0.196869	
473	0.999984	-0.000079	0.054749	0.000079	0.999984	-0.025909	
474	1.000103	-0.000507	0.047729	0.000507	1.000103	-0.385620	
475	0.999864	-0.000212	0.119507	0.000212	0.999864	-0.320435	
476	0.999864	-0.000212	0.119507	0.000212	0.999864	-0.320435	
477	0.999923	-0.000121	0.059814	0.000121	0.999923	-0.222961	
478	1.000472	-0.000627	-0.005371	0.000627	1.000472	-0.456146	
479	0.999885	-0.000293	0.032654	0.000293	0.999885	-0.279846	
480	1.000062	-0.000147	-0.105835	0.000147	1.000062	-0.070648	
481	0.999934	-0.000244	0.090393	0.000244	0.999934	-0.211426	
482	1.000047	-0.000117	-0.129517	0.000117	1.000047	0.104706	
483	1.000075	-0.000039	0.114624	0.000039	1.000075	0.145782	
484	1.000079	-0.000019	0.016663	0.000019	1.000079	0.091431	
485	0.999978	0.000078	0.153442	-0.000078	0.999978	0.097534	
486	0.999902	0.000159	0.176575	-0.000159	0.999902	0.144867	
487	1.000566	-0.000002	-0.122314	0.000002	1.000566	0.047638	
488	0.999886	0.000189	0.195190	-0.000189	0.999886	0.146057	
489	0.999929	0.000319	0.110962	-0.000319	0.999929	0.200043	
490	1.000293	0.000153	-0.122009	-0.000153	1.000293	0.061157	
491	1.000043	0.000055	-0.002991	-0.000055	1.000043	0.066528	
492	0.999788	-0.000008	0.278381	0.000008	0.999788	0.030548	
493	0.999874	0.000004	0.072876	-0.000004	0.999874	0.127777	
494	0.999444	0.000364	0.575684	-0.000364	0.999444	0.667603	
495	0.999609	0.000480	0.678772	-0.000480	0.999609	0.694336	
496	0.995488	0.001622	1.308777	-0.001622	0.995488	4.464478	
497	0.999815	-0.000052	0.126709	0.000052	0.999815	0.031799	
498	0.999928	-0.000039	0.027527	0.000039	0.999928	-0.005402	
499	0.999873	-0.000158	0.019653	0.000158	0.999873	-0.127716	
500	0.999920	-0.000118	0.041748	0.000118	0.999920	-0.116547	
501	0.999758	-0.000246	0.135254	0.000246	0.999758	-0.177856	
502	0.999854	-0.000122	0.149963	0.000122	0.999854	-0.095367	
503	1.000070	-0.000034	-0.122803	0.000034	1.000070	-0.118469	
504	0.999602	0.001656	-1.164978	-0.001656	0.999602	0.740845	
505	1.000123	0.000010	-0.097046	-0.000010	1.000123	0.065887	
506	1.000093	0.000087	-0.035645	-0.000087	1.000093	0.101868	
507	0.999766	-0.000444	0.543396	0.000444	0.999766	0.105042	
508	0.999954	0.000092	0.041748	-0.000092	0.999954	0.136536	
509	0.999859	0.000060	0.109558	-0.000060	0.999859	0.129425	
510	1.000129	0.000141	-0.143250	-0.000141	1.000129	0.218140	
511	0.999847	-0.000045	-0.081360	0.000045	0.999847	-0.055115	
512	1.000214	0.000263	-0.134094	-0.000263	1.000214	0.216980	
513	0.998971	0.001523	-0.546509	-0.001523	0.998971	1.248840	
514	0.998971	0.001523	-0.546509	-0.001523	0.998971	1.248840	
515	0.998971	0.001523	-0.546509	-0.001523	0.998971	1.248840	
516	1.000003	-0.000066	-0.009644	0.000066	1.000003	-0.102661	
517	1.000821	-0.000716	-0.795654	0.000716	1.000821	-0.822723	
518	1.000050	-0.000135	-0.053162	0.000135	1.000050	-0.105865	
519	1.000050	-0.000135	-0.053162	0.000135	1.000050	-0.105865	
520	1.000050	-0.000135	-0.053162	0.000135	1.000050	-0.105865	
521	1.000096	0.000098	-0.095703	-0.000098	1.000096	0.177063	
522	1.000138	-0.000108	-0.264404	0.000108	1.000138	-0.108948	
523	1.000045	-0.000155	-0.150452	0.000155	1.000045	-0.160522	
524	1.000045	-0.000155	-0.150452	0.000155	1.000045	-0.160522	
525	1.000045	-0.000155	-0.150452	0.000155	1.000045	-0.160522	
526	1.000045	-0.000155	-0.150452	0.000155	1.000045	-0.160522	
527	1.000187	0.000163	-0.091431	-0.000163	1.000187	0.035309	
528	1.000085	0.000066	-0.025269	-0.000066	1.000085	0.009888	
529	1.000085	0.000066	-0.025269	-0.000066	1.000085	0.009888	
530	1.000085	0.000066	-0.025269	-0.000066	1.000085	0.009888	
531	0.999968	-0.000010	0.004211	0.000010	0.999968	0.001587	
532	1.000008	-0.000005	0.032410	0.000005	1.000008	0.032471	
533	0.999781	0.000019	0.274475	-0.000019	0.999781	0.135406	
534	0.999781	0.000019	0.274475	-0.000019	0.999781	0.135406	
535	1.000061	0.000033	-0.112366	-0.000033	1.000061	-0.042358	
536	0.999641	0.000817	0.367065	-0.000817	0.999641	0.897430	
537	0.998335	-0.008838	8.419006	0.008838	0.998335	-5.806030	
538	0.998335	-0.008838	8.419006	0.008838	0.998335	-5.806030	
539	1.000043	-0.000073	0.165894	0.000073	1.000043	0.077087	
540	1.000015	0.000001	-0.009094	-0.000001	1.000015	0.001892	
541	0.999835	0.000034	0.259155	-0.000034	0.999835	0.069336	
542	0.999835	0.000034	0.259155	-0.000034	0.999835	0.069336	
543	0.999104	-0.000073	1.251404	0.000073	0.999104	-0.015564	
544	1.000082	-0.000068	-0.080322	0.000068	1.000082	-0.057526	
545	1.001124	-0.000070	-0.016174	0.000070	1.001124	-0.675964	
546	1.001124	-0.000070	-0.016174	0.000070	1.001124	-0.675964	
547	0.999630	-0.000479	0.241577	0.000479	0.999630	0.200104	
548	1.000001	0.000006	-0.006226	-0.000006	1.000001	0.016388	
549	0.995658	-0.003738	5.288574	0.003738	0.995658	-0.008698	
550	0.995658	-0.003738	5.288574	0.003738	0.995658	-0.008698	
551	0.999584	-0.003327	0.438599	0.003327	0.999584	-3.191467	
552	0.999584	-0.003327	0.438599	0.003327	0.999584	-3.191467	
553	0.999425	-0.000387	0.241760	0.000387	0.999425	-0.126343	
554	0.999425	-0.000387	0.241760	0.000387	0.999425	-0.126343	
555	0.994832	0.001678	4.961182	-0.001678	0.994832	1.712708	
556	0.994832	0.001678	4.961182	-0.001678	0.994832	1.712708	
557	0.997700	-0.001318	5.146301	0.001318	0.997700	-0.870575	
558	0.999901	-0.000056	0.049500	0.000056	0.999901	-0.089264	
559	0.999906	-0.000018	0.077576	0.000018	0.999906	0.043915	
560	0.999587	-0.000038	0.205627	0.000038	0.999587	-0.084961	
561	0.999608	-0.000522	0.386902	0.000522	0.999608	-0.065521	
562	0.999476	-0.000376	0.242676	0.000376	0.999476	-0.127899	
563	0.999848	0.000005	0.043213	-0.000005	0.999848	-0.012146	
564	0.999848	0.000005	0.043213	-0.000005	0.999848	-0.012146	
565	0.999848	0.000005	0.043213	-0.000005	0.999848	-0.012146	
566	1.000015	0.000114	-0.020203	-0.000114	1.000015	0.041809	
567	0.996335	-0.001141	6.733765	0.001141	0.996335	0.699158	
568	0.997057	0.003017	2.805237	-0.003017	0.997057	3.098358	
569	0.999877	0.000187	0.028931	-0.000187	0.999877	0.199738	
570	0.999873	0.000066	0.113159	-0.000066	0.999873	0.116455	
571	0.999873	0.000066	0.113159	-0.000066	0.999873	0.116455	
572	1.000381	-0.001735	-0.413574	0.001735	1.000381	-1.546265	
573	1.000381	-0.001735	-0.413574	0.001735	1.000381	-1.546265	
574	0.998906	0.003050	-1.060669	-0.003050	0.998906	5.138672	
575	0.998906	0.003050	-1.060669	-0.003050	0.998906	5.138672	
576	0.999925	-0.001425	1.182678	0.001425	0.999925	-0.601807	
577	1.000089	-0.000010	-0.072266	0.000010	1.000089	-0.010956	
578	1.000034	-0.000097	-0.064819	0.000097	1.000034	-0.171875	
579	1.000034	-0.000097	-0.064819	0.000097	1.000034	-0.171875	
580	1.000034	-0.000097	-0.064819	0.000097	1.000034	-0.171875	
581	1.000034	-0.000097	-0.064819	0.000097	1.000034	-0.171875	
582	1.000034	-0.000097	-0.064819	0.000097	1.000034	-0.171875	
583	1.000769	0.001233	-0.723206	-0.001233	1.000769	1.207703	
584	0.999869	0.000042	0.122620	-0.000042	0.999869	0.014069	
585	0.999795	-0.000061	0.160583	0.000061	0.999795	-0.035309	
586	0.999877	-0.000116	0.137878	0.000116	0.999877	-0.085236	
587	0.999564	-0.000425	0.361572	0.000425	0.999564	-0.310089	
588	1.000028	-0.000016	-0.041687	0.000016	1.000028	-0.004913	
589	0.999655	0.000325	0.291626	-0.000325	0.999655	0.246857	
590	0.999182	0.000511	0.714905	-0.000511	0.999182	0.453491	
591	0.999182	0.000511	0.714905	-0.000511	0.999182	0.453491	
592	1.000535	0.000200	-0.125977	-0.000200	1.000535	0.001373	
593	0.999999	0.000118	0.010010	-0.000118	0.999999	0.088409	
594	1.000355	-0.000190	-0.443359	0.000190	1.000355	-0.184326	
595	1.000355	-0.000190	-0.443359	0.000190	1.000355	-0.184326	
596	1.000178	-0.000048	-0.203552	0.000048	1.000178	-0.027527	
597	1.000706	0.000521	-1.387573	-0.000521	1.000706	0.591614	
598	1.000159	0.000058	-0.187744	-0.000058	1.000159	0.128662	
599	1.000474	-0.000181	-0.523315	0.000181	1.000474	-0.074066	
600	1.000173	0.000072	-0.244080	-0.000072	1.000173	0.148743	
601	1.000173	0.000072	-0.244080	-0.000072	1.000173	0.148743	
602	0.998918	0.001851	-0.340271	-0.001851	0.998918	2.067627	
603	1.000005	0.000081	-0.014526	-0.000081	1.000005	0.122925	
604	1.000144	-0.000154	-0.414307	0.000154	1.000144	-0.547058	
605	1.000144	-0.000154	-0.414307	0.000154	1.000144	-0.547058	
606	1.000009	0.000060	-0.041931	-0.000060	1.000009	0.031799	
607	0.999978	-0.000026	-0.005859	0.000026	0.999978	-0.045746	
608	0.999999	0.000016	-0.081543	-0.000016	0.999999	-0.017792	
609	0.999867	-0.000009	0.069641	0.000009	0.999867	-0.079773	
610	0.999867	-0.000009	0.069641	0.000009	0.999867	-0.079773	
611	0.999826	0.000031	0.156128	-0.000031	0.999826	0.001862	
612	0.999826	0.000031	0.156128	-0.000031	0.999826	0.001862	
613	0.999772	0.000094	0.210510	-0.000094	0.999772	0.118134	
614	1.000305	0.000114	-0.534973	-0.000114	1.000305	0.047729	
615	1.000118	0.000106	-0.010864	-0.000106	1.000118	0.072235	
616	0.999896	0.000154	0.194641	-0.000154	0.999896	0.286896	
617	1.000136	0.000088	-0.069458	-0.000088	1.000136	0.053406	
618	0.999956	-0.000011	0.100525	0.000011	0.999956	0.044189	
619	1.000808	-0.000234	-0.795471	0.000234	1.000808	-0.203003	
620	1.000092	0.000162	-0.011719	-0.000162	1.000092	-0.070618	
621	1.000003	-0.000123	-0.041138	0.000123	1.000003	-0.077667	
622	0.999247	-0.000928	0.615906	0.000928	0.999247	-0.599030	
623	1.000268	-0.000497	-0.235352	0.000497	1.000268	-0.425476	
624	0.999899	-0.000102	0.218506	0.000102	0.999899	-0.000488	
625	0.999864	0.000053	0.153687	-0.000053	0.999864	0.041962	
626	0.999964	0.000070	-0.048157	-0.000070	0.999964	0.090179	
627	0.999964	0.000070	-0.048157	-0.000070	0.999964	0.090179	
628	1.000159	0.000245	-0.093689	-0.000245	1.000159	0.106445	
629	1.000159	0.000245	-0.093689	-0.000245	1.000159	0.106445	
630	0.999997	0.000080	0.001465	-0.000080	0.999997	0.172363	
631	0.999997	0.000080	0.001465	-0.000080	0.999997	0.172363	
632	1.000003	0.000224	0.051514	-0.000224	1.000003	0.211182	
633	1.000217	0.000257	-0.102600	-0.000257	1.000217	0.238312	
634	1.000920	-0.000246	-0.408447	0.000246	1.000920	-0.926270	
635	0.999995	0.000118	0.107117	-0.000118	0.999995	0.188965	
636	0.999741	0.000179	0.263550	-0.000179	0.999741	0.414825	
637	1.000052	-0.000009	-0.049561	0.000009	1.000052	-0.013611	
638	1.000105	0.000122	-0.067627	-0.000122	1.000105	0.158783	
639	1.000105	0.000122	-0.067627	-0.000122	1.000105	0.158783	
640	1.000207	0.000047	-0.147339	-0.000047	1.000207	0.016602	
641	1.000319	0.000394	-0.175476	-0.000394	1.000319	0.230408	
642	1.000399	-0.000060	-0.452759	0.000060	1.000399	-0.317505	
643	1.000399	-0.000060	-0.452759	0.000060	1.000399	-0.317505	
644	0.999946	-0.000118	0.039124	0.000118	0.999946	-0.216736	
645	0.999873	0.000001	0.078857	-0.000001	0.999873	-0.016205	
646	1.000005	0.000077	-0.064026	-0.000077	1.000005	0.015289	
647	0.999556	-0.000837	1.167725	0.000837	0.999556	-1.258423	
648	1.000394	-0.000041	-0.663940	0.000041	1.000394	-0.442474	
649	1.000394	-0.000041	-0.663940	0.000041	1.000394	-0.442474	
650	0.999800	-0.000052	0.089233	0.000052	0.999800	-0.164368	
651	0.999800	-0.000052	0.089233	0.000052	0.999800	-0.164368	
652	1.000117	-0.000073	-0.023193	0.000073	1.000117	-0.208405	
653	1.000117	-0.000073	-0.023193	0.000073	1.000117	-0.208405	
654	0.999849	-0.000405	0.164246	0.000405	0.999849	-0.308044	
655	0.999970	0.000019	0.031982	-0.000019	0.999970	-0.044159	
656	1.000108	-0.000149	-0.131531	0.000149	1.000108	-0.079803	
657	0.999689	-0.000131	0.016357	0.000131	0.999689	-0.001221	
658	1.000417	-0.000209	-0.429077	0.000209	1.000417	-0.552643	
659	1.000009	-0.000067	-0.042480	0.000067	1.000009	-0.122040	
660	0.999970	-0.000037	-0.058838	0.000037	0.999970	0.020264	
661	0.999970	-0.000037	-0.058838	0.000037	0.999970	0.020264	
662	1.000064	-0.000061	-0.055237	0.000061	1.000064	-0.137665	
663	1.001511	0.000119	-1.536743	-0.000119	1.001511	0.097198	
664	1.000206	0.000115	-0.239502	-0.000115	1.000206	0.083466	
665	1.000867	-0.000158	-0.496887	0.000158	1.000867	-0.129181	
666	1.000764	0.000264	-0.632019	-0.000264	1.000764	0.206696	
667	1.000764	0.000264	-0.632019	-0.000264	1.000764	0.206696	
668	0.999888	0.000080	0.116882	-0.000080	0.999888	0.038544	
669	0.999888	0.000080	0.116882	-0.000080	0.999888	0.038544	
670	0.999851	0.000373	-0.314575	-0.000373	0.999851	0.247192	
671	0.999851	0.000373	-0.314575	-0.000373	0.999851	0.247192	
672	1.000013	-0.000141	-0.030457	0.000141	1.000013	-0.192078	
673	1.000013	-0.000141	-0.030457	0.000141	1.000013	-0.192078	
674	0.999670	0.000093	0.196411	-0.000093	0.999670	-0.061707	
675	1.000144	-0.000012	-0.189331	0.000012	1.000144	-0.141510	
676	0.999903	-0.000095	0.073547	0.000095	0.999903	-0.009430	
677	0.999903	-0.000095	0.073547	0.000095	0.999903	-0.009430	
678	1.000018	0.000185	-0.131287	-0.000185	1.000018	0.185669	
679	0.999899	0.002405	-1.552490	-0.002405	0.999899	3.052734	
680	0.999290	0.000725	0.140015	-0.000725	0.999290	1.465363	
681	1.000857	-0.001515	1.101990	0.001515	1.000857	-1.324768	
682	0.999797	-0.000006	0.172058	0.000006	0.999797	0.037323	
683	0.999921	0.000033	0.127014	-0.000033	0.999921	0.002747	
684	0.999933	0.000014	0.002747	-0.000014	0.999933	-0.075806	
685	0.999874	0.000024	0.069031	-0.000024	0.999874	0.104553	
686	0.999955	0.000043	-0.030518	-0.000043	0.999955	0.082092	
687	0.999587	0.002787	-2.218567	-0.002787	0.999587	1.765076	
688	0.999997	0.000060	-0.149841	-0.000060	0.999997	0.076050	
689	0.999997	0.000060	-0.149841	-0.000060	0.999997	0.076050	
690	1.000513	0.000206	-0.737366	-0.000206	1.000513	-0.123871	
691	1.000513	0.000206	-0.737366	-0.000206	1.000513	-0.123871	
692	0.999902	0.000027	0.068542	-0.000027	0.999902	0.091095	
693	0.999902	0.000027	0.068542	-0.000027	0.999902	0.091095	
694	0.999903	-0.000144	0.027100	0.000144	0.999903	-0.123108	
695	0.999771	-0.000328	0.121887	0.000328	0.999771	-0.130859	
696	0.995993	0.001883	2.580383	-0.001883	0.995993	4.834595	
697	0.999781	-0.000064	0.353516	0.000064	0.999781	-0.025330	
698	0.999530	-0.000394	0.366943	0.000394	0.999530	-0.093079	
699	0.999530	-0.000394	0.366943	0.000394	0.999530	-0.093079	
700	0.999555	-0.000612	0.429199	0.000612	0.999555	-0.604919	
701	0.999831	0.000238	0.042725	-0.000238	0.999831	0.213379	
702	1.000096	-0.000024	-0.121948	0.000024	1.000096	-0.060516	
703	1.000096	-0.000024	-0.121948	0.000024	1.000096	-0.060516	
704	1.000096	-0.000024	-0.121948	0.000024	1.000096	-0.060516	
705	1.000096	-0.000024	-0.121948	0.000024	1.000096	-0.060516	
706	1.000096	-0.000024	-0.121948	0.000024	1.000096	-0.060516	
707	1.000096	-0.000024	-0.121948	0.000024	1.000096	-0.060516	
708	1.000096	-0.000024	-0.121948	0.000024	1.000096	-0.060516	
709	1.000071	-0.000008	-0.078247	0.000008	1.000071	-0.075470	
710	0.999887	-0.000099	0.078674	0.000099	0.999887	-0.203278	
711	0.999887	-0.000099	0.078674	0.000099	0.999887	-0.203278	
712	1.001357	0.005310	-5.668274	-0.005310	1.001357	3.497864	
713	1.001357	0.005310	-5.668274	-0.005310	1.001357	3.497864	
714	1.002653	0.002915	-5.081055	-0.002915	1.002653	0.651184	
715	0.999870	-0.000131	0.127930	0.000131	0.999870	-0.103943	
716	1.000833	-0.000653	0.002136	0.000653	1.000833	-0.792908	
717	1.000072	0.000256	0.011353	-0.000256	1.000072	0.410797	
718	1.000650	0.000272	-0.186890	-0.000272	1.000650	0.197113	
719	0.998568	-0.000964	1.373535	0.000964	0.998568	-0.934677	
720	1.000248	0.000256	-0.298767	-0.000256	1.000248	0.207916	
721	1.000248	0.000256	-0.298767	-0.000256	1.000248	0.207916	
722	1.000061	-0.000312	-0.067566	0.000312	1.000061	-0.602905	
723	1.000061	-0.000312	-0.067566	0.000312	1.000061	-0.602905	
724	0.999442	0.001740	-0.889404	-0.001740	0.999442	0.580048	
725	0.999389	0.000670	0.353027	-0.000670	0.999389	0.392944	
726	1.000605	0.000451	-1.212402	-0.000451	1.000605	0.331512	
727	1.000258	0.000043	-0.039490	-0.000043	1.000258	0.100861	
728	0.999725	0.000409	0.044922	-0.000409	0.999725	0.561768	
729	0.999725	0.000409	0.044922	-0.000409	0.999725	0.561768	
730	0.999076	0.000343	-0.132141	-0.000343	0.999076	0.743652	
731	0.999076	0.000343	-0.132141	-0.000343	0.999076	0.743652	
732	0.999765	0.000718	-0.595947	-0.000718	0.999765	0.462982	
733	0.999765	0.000718	-0.595947	-0.000718	0.999765	0.462982	
734	0.999998	-0.000017	-0.119629	0.000017	0.999998	-0.164032	
735	0.999998	-0.000017	-0.119629	0.000017	0.999998	-0.164032	
736	1.000253	-0.000055	-0.021179	0.000055	1.000253	-0.036224	
737	1.000253	-0.000055	-0.021179	0.000055	1.000253	-0.036224	
738	1.000272	-0.000096	-0.060608	0.000096	1.000272	-0.119934	
739	1.000074	-0.000185	0.157227	0.000185	1.000074	-0.049316	
740	1.000376	-0.000530	0.140015	0.000530	1.000376	-0.474731	
741	0.999978	0.000196	-0.060730	-0.000196	0.999978	0.184845	
742	1.000060	0.000116	0.023315	-0.000116	1.000060	0.092194	
743	1.000060	0.000116	0.023315	-0.000116	1.000060	0.092194	
744	1.000060	0.000116	0.023315	-0.000116	1.000060	0.092194	
745	1.000060	0.000116	0.023315	-0.000116	1.000060	0.092194	
746	1.000060	0.000116	0.023315	-0.000116	1.000060	0.092194	
747	1.000060	0.000116	0.023315	-0.000116	1.000060	0.092194	
748	1.000060	0.000116	0.023315	-0.000116	1.000060	0.092194	
749	0.999969	-0.000178	0.005859	0.000178	0.999969	-0.160797	
750	0.999910	0.000122	0.080444	-0.000122	0.999910	0.139893	
751	0.999910	0.000122	0.080444	-0.000122	0.999910	0.139893	
752	0.999927	-0.000046	-0.406738	0.000046	0.999927	-0.038300	
753	0.999927	-0.000046	-0.406738	0.000046	0.999927	-0.038300	
754	0.999806	0.000023	0.232178	-0.000023	0.999806	0.079285	
755	0.999976	-0.000208	0.020996	0.000208	0.999976	-0.142212	
756	0.999777	-0.000742	0.618530	0.000742	0.999777	-0.749817	
757	1.000051	-0.000043	-0.006226	0.000043	1.000051	-0.040619	
758	1.001486	0.000139	-2.891235	-0.000139	1.001486	-0.365723	
759	1.001486	0.000139	-2.891235	-0.000139	1.001486	-0.365723	
760	1.000033	-0.000045	-0.050659	0.000045	1.000033	-0.014984	
761	1.000033	-0.000045	-0.050659	0.000045	1.000033	-0.014984	
762	0.996482	0.000474	1.906189	-0.000474	0.996482	2.514404	
763	0.996482	0.000474	1.906189	-0.000474	0.996482	2.514404	
764	0.999145	-0.000632	0.592590	0.000632	0.999145	0.376587	
765	0.999145	-0.000632	0.592590	0.000632	0.999145	0.376587	
766	0.999145	-0.000632	0.592590	0.000632	0.999145	0.376587	
767	0.999839	-0.000125	0.034485	0.000125	0.999839	-0.181458	
768	0.999839	-0.000125	0.034485	0.000125	0.999839	-0.181458	
769	0.999839	-0.000125	0.034485	0.000125	0.999839	-0.181458	
770	0.999586	-0.001367	1.341125	0.001367	0.999586	-0.370117	
771	0.999813	-0.000119	0.183716	0.000119	0.999813	-0.074432	
772	0.999791	-0.000080	0.159790	0.000080	0.999791	0.060699	
773	0.999791	-0.000080	0.159790	0.000080	0.999791	0.060699	
774	0.999557	0.000001	0.760742	-0.000001	0.999557	0.302124	
775	0.999557	0.000001	0.760742	-0.000001	0.999557	0.302124	
776	0.999284	-0.000520	1.568237	0.000520	0.999284	-0.193176	
777	1.000256	0.000159	-0.168457	-0.000159	1.000256	0.214325	
778	1.000025	-0.000069	0.136719	0.000069	1.000025	-0.074341	
779	1.000078	-0.000168	0.017334	0.000168	1.000078	-0.106110	
780	1.000621	-0.000570	-0.156982	0.000570	1.000621	-1.012878	
781	1.000621	-0.000570	-0.156982	0.000570	1.000621	-1.012878	
782	0.999508	0.000067	1.065674	-0.000067	0.999508	0.474548	
783	0.999508	0.000067	1.065674	-0.000067	0.999508	0.474548	
784	0.999508	0.000067	1.065674	-0.000067	0.999508	0.474548	
785	0.999508	0.000067	1.065674	-0.000067	0.999508	0.474548	
786	0.999508	0.000067	1.065674	-0.000067	0.999508	0.474548	
787	0.999508	0.000067	1.065674	-0.000067	0.999508	0.474548	
788	0.999508	0.000067	1.065674	-0.000067	0.999508	0.474548	
789	0.999508	0.000067	1.065674	-0.000067	0.999508	0.474548	
790	0.999810	0.000234	0.223389	-0.000234	0.999810	0.438080	
791	0.999988	-0.000081	-0.045349	0.000081	0.999988	-0.049561	
792	0.999709	-0.000435	0.138916	0.000435	0.999709	-0.221222	
793	0.999918	-0.000009	0.074890	0.000009	0.999918	-0.028473	
794	0.999948	-0.000116	0.015320	0.000116	0.999948	-0.071259	
795	0.999948	-0.000116	0.015320	0.000116	0.999948	-0.071259	
796	1.000013	-0.000027	-0.028259	0.000027	1.000013	-0.022980	
797	1.000013	-0.000027	-0.028259	0.000027	1.000013	-0.022980	
798	1.000013	-0.000027	-0.028259	0.000027	1.000013	-0.022980	
799	1.000013	-0.000027	-0.028259	0.000027	1.000013	-0.022980	
800	1.000013	-0.000027	-0.028259	0.000027	1.000013	-0.022980	
801	1.000013	-0.000027	-0.028259	0.000027	1.000013	-0.022980	
802	1.000013	-0.000027	-0.028259	0.000027	1.000013	-0.022980	
803	1.000013	-0.000027	-0.028259	0.000027	1.000013	-0.022980	
804	1.000013	-0.000027	-0.028259	0.000027	1.000013	-0.022980	
805	1.000013	-0.000027	-0.028259	0.000027	1.000013	-0.022980	
806	0.999482	-0.000137	0.399170	0.000137	0.999482	-0.100708	
807	1.000024	0.000050	0.000183	-0.000050	1.000024	0.067047	
808	1.000024	0.000050	0.000183	-0.000050	1.000024	0.067047	
809	1.000024	0.000050	0.000183	-0.000050	1.000024	0.067047	
810	1.000022	0.000179	0.028076	-0.000179	1.000022	0.183380	
811	1.000022	0.000179	0.028076	-0.000179	1.000022	0.183380	
812	1.000022	0.000179	0.028076	-0.000179	1.000022	0.183380	
813	1.000082	0.000009	-0.032532	-0.000009	1.000082	0.006500	
814	1.000026	0.000191	-0.051941	-0.000191	1.000026	0.242554	
815	0.999929	-0.000051	0.033997	0.000051	0.999929	-0.112183	
816	0.999984	-0.000199	-0.054504	0.000199	0.999984	-0.234833	
817	0.999984	-0.000199	-0.054504	0.000199	0.999984	-0.234833	
818	1.000232	-0.000038	-0.311584	0.000038	1.000232	-0.000061	
819	1.000232	-0.000038	-0.311584	0.000038	1.000232	-0.000061	
820	0.999923	-0.000077	0.045715	0.000077	0.999923	-0.079498	
821	1.000045	-0.000080	-0.042725	0.000080	1.000045	-0.083405	
822	0.999734	0.000378	0.272888	-0.000378	0.999734	0.257233	
823	0.998833	0.000424	1.230042	-0.000424	0.998833	0.483978	
824	1.002787	-0.001384	-1.494995	0.001384	1.002787	-3.563965	
825	1.002787	-0.001384	-1.494995	0.001384	1.002787	-3.563965	
826	1.002787	-0.001384	-1.494995	0.001384	1.002787	-3.563965	
827	1.002787	-0.001384	-1.494995	0.001384	1.002787	-3.563965	
828	1.002787	-0.001384	-1.494995	0.001384	1.002787	-3.563965	
829	0.999944	-0.000008	0.045410	0.000008	0.999944	-0.027130	
830	1.000260	-0.002035	-0.528870	0.002035	1.000260	-2.176056	
831	1.000260	-0.002035	-0.528870	0.002035	1.000260	-2.176056	
832	0.999186	-0.001359	1.370850	0.001359	0.999186	-1.697876	
833	0.999974	-0.000111	0.028809	0.000111	0.999974	-0.123474	
834	1.000138	0.000343	-0.045410	-0.000343	1.000138	0.249359	
835	0.999848	0.000060	0.141541	-0.000060	0.999848	0.027802	
836	0.999902	0.000068	0.189209	-0.000068	0.999902	0.045959	
837	0.999881	0.000029	0.105286	-0.000029	0.999881	0.046875	
838	1.000015	-0.000293	-0.001160	0.000293	1.000015	-0.507874	
839	0.999774	-0.000347	0.144104	0.000347	0.999774	-0.128082	
840	0.999875	0.000018	-0.012817	-0.000018	0.999875	0.073303	
841	0.999944	-0.000068	-0.090942	0.000068	0.999944	0.023102	
842	1.000356	0.000046	-0.463806	-0.000046	1.000356	-0.169006	
843	0.999926	0.000096	0.286011	-0.000096	0.999926	0.202911	
844	1.000018	0.000158	0.102661	-0.000158	1.000018	0.169037	
845	1.000018	0.000158	0.102661	-0.000158	1.000018	0.169037	
846	1.000293	0.000114	-0.156616	-0.000114	1.000293	-0.000641	
847	1.000625	-0.000281	-0.356506	0.000281	1.000625	-0.137238	
848	1.001745	-0.000259	-1.477783	0.000259	1.001745	-0.384460	
849	1.001745	-0.000259	-1.477783	0.000259	1.001745	-0.384460	
850	1.001164	-0.000343	-0.060974	0.000343	1.001164	-0.265289	
851	1.001164	-0.000343	-0.060974	0.000343	1.001164	-0.265289	
852	1.001164	-0.000343	-0.060974	0.000343	1.001164	-0.265289	
853	1.001164	-0.000343	-0.060974	0.000343	1.001164	-0.265289	
854	0.998145	-0.001219	3.833984	0.001219	0.998145	-0.202209	
855	0.999960	-0.000069	0.068115	0.000069	0.999960	-0.046570	
856	0.999960	-0.000069	0.068115	0.000069	0.999960	-0.046570	
857	1.000160	0.000123	-0.080811	-0.000123	1.000160	0.084290	
858	1.000160	0.000123	-0.080811	-0.000123	1.000160	0.084290	
859	1.000160	0.000123	-0.080811	-0.000123	1.000160	0.084290	
860	1.000150	0.000229	-0.226196	-0.000229	1.000150	0.405548	
861	1.000150	0.000229	-0.226196	-0.000229	1.000150	0.405548	
862	1.001473	0.000741	-2.790894	-0.000741	1.001473	0.800140	
863	1.004379	0.000344	-6.489136	-0.000344	1.004379	-1.866852	
864	1.000249	0.000169	-0.265747	-0.000169	1.000249	0.170074	
865	1.000249	0.000169	-0.265747	-0.000169	1.000249	0.170074	
866	0.997894	0.001317	0.017517	-0.001317	0.997894	1.935944	
867	0.997894	0.001317	0.017517	-0.001317	0.997894	1.935944	
868	0.997894	0.001317	0.017517	-0.001317	0.997894	1.935944	
869	1.000389	0.000223	-0.210815	-0.000223	1.000389	0.050537	
870	1.000389	0.000223	-0.210815	-0.000223	1.000389	0.050537	
871	1.000389	0.000223	-0.210815	-0.000223	1.000389	0.050537	
872	0.999478	-0.000132	0.220581	0.000132	0.999478	0.058563	
873	0.999478	-0.000132	0.220581	0.000132	0.999478	0.058563	
874	0.999478	-0.000132	0.220581	0.000132	0.999478	0.058563	
875	0.999478	-0.000132	0.220581	0.000132	0.999478	0.058563	
876	1.001762	0.000335	-1.977173	-0.000335	1.001762	-1.451355	
877	1.001762	0.000335	-1.977173	-0.000335	1.001762	-1.451355	
878	1.000171	-0.000447	-0.322021	0.000447	1.000171	-0.666534	
879	0.999637	-0.002550	1.730347	0.002550	0.999637	-2.891113	
880	0.999845	-0.000087	-0.153625	0.000087	0.999845	0.025452	
881	0.999973	-0.000032	-0.103455	0.000032	0.999973	-0.129242	
882	1.000101	0.000166	-0.309998	-0.000166	1.000101	0.082855	
883	1.000027	-0.000027	-0.065918	0.000027	1.000027	0.004303	
884	0.999944	0.000094	-0.077637	-0.000094	0.999944	0.132751	
885	0.999931	-0.000036	-0.075378	0.000036	0.999931	-0.030060	
886	1.000141	-0.000375	0.153687	0.000375	1.000141	-0.366089	
887	1.000244	-0.000098	-0.170471	0.000098	1.000244	-0.075897	
888	1.000398	0.000564	-0.373047	-0.000564	1.000398	0.237030	
889	1.000398	0.000564	-0.373047	-0.000564	1.000398	0.237030	
890	1.001048	-0.000604	0.816223	0.000604	1.001048	-0.949890	
891	1.001048	-0.000604	0.816223	0.000604	1.001048	-0.949890	
892	1.001048	-0.000604	0.816223	0.000604	1.001048	-0.949890	
893	1.001048	-0.000604	0.816223	0.000604	1.001048	-0.949890	
894	1.001048	-0.000604	0.816223	0.000604	1.001048	-0.949890	
895	1.001048	-0.000604	0.816223	0.000604	1.001048	-0.949890	
896	0.999935	0.000030	0.120789	-0.000030	0.999935	-0.029968	
897	0.999652	-0.000199	0.135864	0.000199	0.999652	-0.118988	
898	0.999836	0.000058	0.242798	-0.000058	0.999836	0.047089	
899	1.000060	-0.000132	-0.019897	0.000132	1.000060	-0.140289	
900	1.000139	0.000154	-0.350159	-0.000154	1.000139	0.019714	
901	1.001109	-0.000928	-1.449585	0.000928	1.001109	-2.418213	
902	1.004539	-0.001619	-4.636841	0.001619	1.004539	-1.605194	
903	1.002208	0.000559	-4.407959	-0.000559	1.002208	-0.301056	
904	1.002208	0.000559	-4.407959	-0.000559	1.002208	-0.301056	
905	1.002208	0.000559	-4.407959	-0.000559	1.002208	-0.301056	
906	1.002208	0.000559	-4.407959	-0.000559	1.002208	-0.301056	
907	1.002701	-0.002638	-3.859619	0.002638	1.002701	-5.337952	
908	0.999908	-0.000050	0.064087	0.000050	0.999908	-0.034943	
909	1.002424	-0.001784	-2.232300	0.001784	1.002424	-1.718109	
910	1.002424	-0.001784	-2.232300	0.001784	1.002424	-1.718109	
911	1.000991	0.000463	-0.564758	-0.000463	1.000991	0.085571	
912	1.000158	0.000116	0.024231	-0.000116	1.000158	-0.046844	
913	1.000210	0.000045	-0.237122	-0.000045	1.000210	-0.052582	
914	1.000210	0.000045	-0.237122	-0.000045	1.000210	-0.052582	
915	0.999909	0.000085	0.103760	-0.000085	0.999909	0.075623	
916	0.999909	0.000085	0.103760	-0.000085	0.999909	0.075623	
917	0.999607	0.001467	0.254639	-0.001467	0.999607	1.319580	
918	1.000417	-0.001922	1.186890	0.001922	1.000417	-1.879944	
919	0.999907	0.000010	0.010498	-0.000010	0.999907	-0.110931	
920	0.997717	-0.003223	2.117981	0.003223	0.997717	-3.026154	
921	1.000292	-0.000769	-0.150757	0.000769	1.000292	-1.312744	
922	0.999465	-0.000926	0.524719	0.000926	0.999465	-0.854462	
923	0.999969	-0.000230	0.004211	0.000230	0.999969	-0.321503	
924	1.000144	-0.000056	-0.030273	0.000056	1.000144	0.039154	
925	0.999972	-0.000086	0.022644	0.000086	0.999972	-0.013885	
926	0.999972	-0.000086	0.022644	0.000086	0.999972	-0.013885	
927	0.999827	-0.000181	-0.025513	0.000181	0.999827	-0.050354	
928	0.999827	-0.000181	-0.025513	0.000181	0.999827	-0.050354	
929	0.999994	-0.000139	0.008911	0.000139	0.999994	-0.096985	
930	0.999904	-0.000033	0.074890	0.000033	0.999904	-0.022766	
931	0.999904	-0.000033	0.074890	0.000033	0.999904	-0.022766	
932	0.999904	-0.000033	0.074890	0.000033	0.999904	-0.022766	
933	1.000097	-0.000146	-0.126465	0.000146	1.000097	-0.149658	
934	1.000097	-0.000146	-0.126465	0.000146	1.000097	-0.149658	
935	1.000097	-0.000146	-0.126465	0.000146	1.000097	-0.149658	
936	1.000097	-0.000146	-0.126465	0.000146	1.000097	-0.149658	
937	1.000000	-0.000019	0.109802	0.000019	1.000000	-0.088989	
938	1.000000	-0.000019	0.109802	0.000019	1.000000	-0.088989	
939	0.998994	0.001160	0.984131	-0.001160	0.998994	1.050934	
940	0.998994	0.001160	0.984131	-0.001160	0.998994	1.050934	
941	0.999862	0.000185	0.158325	-0.000185	0.999862	0.095123	
942	0.999862	0.000185	0.158325	-0.000185	0.999862	0.095123	
943	0.999862	0.000185	0.158325	-0.000185	0.999862	0.095123	
944	0.999862	0.000185	0.158325	-0.000185	0.999862	0.095123	
945	0.999327	-0.000026	0.176147	0.000026	0.999327	0.106873	
946	0.999327	-0.000026	0.176147	0.000026	0.999327	0.106873	
947	1.001435	-0.002827	-1.305969	0.002827	1.001435	-2.228836	
948	1.001435	-0.002827	-1.305969	0.002827	1.001435	-2.228836	
949	1.001435	-0.002827	-1.305969	0.002827	1.001435	-2.228836	
950	1.001435	-0.002827	-1.305969	0.002827	1.001435	-2.228836	
951	1.003352	-0.003167	-3.072876	0.003167	1.003352	-2.871536	
952	1.003352	-0.003167	-3.072876	0.003167	1.003352	-2.871536	
953	0.999822	-0.000492	0.197205	0.000492	0.999822	-0.439484	
954	0.999822	-0.000492	0.197205	0.000492	0.999822	-0.439484	
955	0.997691	-0.000438	0.184326	0.000438	0.997691	0.676331	
956	0.997691	-0.000438	0.184326	0.000438	0.997691	0.676331	
957	0.999946	0.002793	-2.184753	-0.002793	0.999946	2.741577	
958	0.999946	0.002793	-2.184753	-0.002793	0.999946	2.741577	
959	1.000182	-0.000048	-0.249634	0.000048	1.000182	0.009430	
960	1.000100	-0.000104	-0.112000	0.000104	1.000100	-0.077484	
961	1.000763	-0.000103	-1.264221	0.000103	1.000763	-0.147980	
962	0.999954	-0.000092	-0.035095	0.000092	0.999954	-0.094879	
963	1.000149	-0.000120	-0.216919	0.000120	1.000149	-0.067505	
964	1.000322	-0.000393	-0.285645	0.000393	1.000322	-0.359222	
965	1.000051	-0.000002	-0.069641	0.000002	1.000051	0.105743	
966	1.000051	-0.000002	-0.069641	0.000002	1.000051	0.105743	
967	1.000876	-0.000858	-0.419678	0.000858	1.000876	-1.401367	
968	0.999876	-0.000764	0.124268	0.000764	0.999876	-0.768036	
969	0.999973	-0.000034	0.025269	0.000034	0.999973	-0.032440	
970	1.000034	-0.000024	0.004028	0.000024	1.000034	-0.058044	
971	0.999689	0.000158	0.233582	-0.000158	0.999689	-0.129791	
972	0.999689	0.000158	0.233582	-0.000158	0.999689	-0.129791	
973	1.000521	-0.000189	-0.830933	0.000189	1.000521	-0.200012	
974	1.000521	-0.000189	-0.830933	0.000189	1.000521	-0.200012	
975	0.999272	0.000446	1.233643	-0.000446	0.999272	1.175720	
976	0.999272	0.000446	1.233643	-0.000446	0.999272	1.175720	
977	0.999272	0.000446	1.233643	-0.000446	0.999272	1.175720	
978	0.999272	0.000446	1.233643	-0.000446	0.999272	1.175720	
979	0.999793	-0.000164	0.242798	0.000164	0.999793	-0.316223	
980	0.999201	0.000107	0.638611	-0.000107	0.999201	0.040100	
981	0.999797	-0.000073	0.232910	0.000073	0.999797	-0.026093	
982	0.999797	-0.000073	0.232910	0.000073	0.999797	-0.026093	
983	0.999812	-0.000083	0.223206	0.000083	0.999812	-0.183929	
984	0.999812	-0.000083	0.223206	0.000083	0.999812	-0.183929	
985	0.999919	0.000097	0.158386	-0.000097	0.999919	0.081909	
986	0.999919	0.000097	0.158386	-0.000097	0.999919	0.081909	
987	0.999298	-0.000669	0.421387	0.000669	0.999298	0.201172	
988	0.999298	-0.000669	0.421387	0.000669	0.999298	0.201172	
989	0.999771	0.000379	0.285156	-0.000379	0.999771	0.614166	
990	1.000115	0.000080	-0.103271	-0.000080	1.000115	0.050507	
991	1.000359	-0.000038	-0.087830	0.000038	1.000359	-0.124939	
992	1.000359	-0.000038	-0.087830	0.000038	1.000359	-0.124939	
993	1.000044	0.000025	0.012329	-0.000025	1.000044	0.079224	
994	1.000013	-0.000073	-0.020447	0.000073	1.000013	0.012878	
995	1.000013	-0.000073	-0.020447	0.000073	1.000013	0.012878	
996	1.000013	-0.000073	-0.020447	0.000073	1.000013	0.012878	
997	0.998548	0.003091	-2.464355	-0.003091	0.998548	3.475769	
998	0.999876	-0.000053	0.068665	0.000053	0.999876	-0.055054	
999	0.999967	-0.000034	-0.239929	0.000034	0.999967	-0.016144	
1000	0.999967	-0.000034	-0.239929	0.000034	0.999967	-0.016144	
1001	1.000012	0.000124	-0.485107	-0.000124	1.000012	0.287964	
1002	1.000012	0.000124	-0.485107	-0.000124	1.000012	0.287964	
1003	0.999766	0.000043	-0.025269	-0.000043	0.999766	0.101044	
1004	0.997611	-0.001450	3.862549	0.001450	0.997611	0.159973	
1005	0.999877	0.000328	0.009949	-0.000328	0.999877	0.700348	
1006	1.000049	-0.000261	-0.155884	0.000261	1.000049	0.123749	
1007	1.000406	0.000159	-0.316101	-0.000159	1.000406	0.143524	
1008	0.998028	-0.000648	3.224854	0.000648	0.998028	0.844910	
1009	0.999135	-0.000859	0.436218	0.000859	0.999135	0.064270	
1010	1.000612	0.001334	-0.251953	-0.001334	1.000612	0.538696	
1011	1.000081	-0.000061	-0.066711	0.000061	1.000081	-0.075623	
1012	1.000081	-0.000061	-0.066711	0.000061	1.000081	-0.075623	
1013	1.000081	-0.000061	-0.066711	0.000061	1.000081	-0.075623	
1014	1.000081	-0.000061	-0.066711	0.000061	1.000081	-0.075623	
1015	1.000081	-0.000061	-0.066711	0.000061	1.000081	-0.075623	
1016	1.000081	-0.000061	-0.066711	0.000061	1.000081	-0.075623	
1017	1.000081	-0.000061	-0.066711	0.000061	1.000081	-0.075623	
1018	1.000125	-0.000133	-0.150818	0.000133	1.000125	-0.095978	
1019	1.000125	-0.000133	-0.150818	0.000133	1.000125	-0.095978	
1020	1.000125	-0.000133	-0.150818	0.000133	1.000125	-0.095978	
1021	1.000108	0.000275	0.041931	-0.000275	1.000108	-0.176514	
1022	0.999960	-0.000014	0.143372	0.000014	0.999960	-0.088074	
1023	1.000711	-0.002566	1.191223	0.002566	1.000711	-3.644440	
1024	1.000711	-0.002566	1.191223	0.002566	1.000711	-3.644440	
1025	0.999922	0.000009	0.196838	-0.000009	0.999922	-0.078247	
1026	0.999922	0.000009	0.196838	-0.000009	0.999922	-0.078247	
1027	0.999451	-0.000872	1.186829	0.000872	0.999451	-1.180084	
1028	0.999451	-0.000872	1.186829	0.000872	0.999451	-1.180084	
1029	0.997660	0.000830	2.453003	-0.000830	0.997660	0.839142	
1030	0.997660	0.000830	2.453003	-0.000830	0.997660	0.839142	
1031	1.000017	0.000160	0.059753	-0.000160	1.000017	0.167694	
1032	1.000017	0.000160	0.059753	-0.000160	1.000017	0.167694	
1033	1.000017	0.000160	0.059753	-0.000160	1.000017	0.167694	
1034	1.000017	0.000160	0.059753	-0.000160	1.000017	0.167694	
1035	1.000017	0.000160	0.059753	-0.000160	1.000017	0.167694	
1036	1.000017	0.000160	0.059753	-0.000160	1.000017	0.167694	
1037	1.000017	0.000160	0.059753	-0.000160	1.000017	0.167694	
1038	1.000017	0.000160	0.059753	-0.000160	1.000017	0.167694	
1039	1.000017	0.000160	0.059753	-0.000160	1.000017	0.167694	
1040	1.000017	0.000160	0.059753	-0.000160	1.000017	0.167694	
1041	1.000003	0.000107	0.043091	-0.000107	1.000003	0.056335	
1042	1.000122	0.000164	-0.045044	-0.000164	1.000122	0.159607	
1043	1.000122	0.000164	-0.045044	-0.000164	1.000122	0.159607	
1044	1.000122	0.000164	-0.045044	-0.000164	1.000122	0.159607	
1045	1.000122	0.000164	-0.045044	-0.000164	1.000122	0.159607	
1046	1.000122	0.000164	-0.045044	-0.000164	1.000122	0.159607	
1047	1.000122	0.000164	-0.045044	-0.000164	1.000122	0.159607	
1048	1.000122	0.000164	-0.045044	-0.000164	1.000122	0.159607	
1049	1.000122	0.000164	-0.045044	-0.000164	1.000122	0.159607	
1050	1.000122	0.000164	-0.045044	-0.000164	1.000122	0.159607	
1051	0.999963	0.000050	0.048401	-0.000050	0.999963	0.060364	
1052	0.999963	0.000050	0.048401	-0.000050	0.999963	0.060364	
1053	0.999980	0.000199	0.038696	-0.000199	0.999980	0.096497	
1054	0.999980	0.000199	0.038696	-0.000199	0.999980	0.096497	
1055	1.000172	-0.000016	-0.185974	0.000016	1.000172	0.012115	
1056	1.000096	-0.000128	-0.145447	0.000128	1.000096	-0.137207	
1057	1.000096	-0.000128	-0.145447	0.000128	1.000096	-0.137207	
1058	1.000096	-0.000128	-0.145447	0.000128	1.000096	-0.137207	
1059	1.000096	-0.000128	-0.145447	0.000128	1.000096	-0.137207	
1060	1.000096	-0.000128	-0.145447	0.000128	1.000096	-0.137207	
1061	1.000015	-0.000008	-0.016113	0.000008	1.000015	0.017273	
1062	1.000015	-0.000008	-0.016113	0.000008	1.000015	0.017273	
1063	1.000015	-0.000008	-0.016113	0.000008	1.000015	0.017273	
1064	1.000116	0.000003	-0.061157	-0.000003	1.000116	-0.035278	
1065	1.000147	0.000098	-0.122803	-0.000098	1.000147	0.100372	
1066	1.000147	0.000098	-0.122803	-0.000098	1.000147	0.100372	
1067	0.997254	0.000280	0.115234	-0.000280	0.997254	1.853210	
1068	1.000057	-0.000042	-0.088074	0.000042	1.000057	-0.090118	
1069	0.999865	-0.000014	0.161133	0.000014	0.999865	0.004761	
1070	0.999865	-0.000014	0.161133	0.000014	0.999865	0.004761	
1071	0.999981	-0.000238	-0.107361	0.000238	0.999981	-0.261932	
1072	0.999010	-0.000158	0.800415	0.000158	0.999010	-0.074493	
1073	1.001850	-0.000749	-2.867310	0.000749	1.001850	-2.743774	
1074	1.001850	-0.000749	-2.867310	0.000749	1.001850	-2.743774	
1075	1.000053	0.000052	-0.079224	-0.000052	1.000053	0.046936	
1076	1.000053	0.000052	-0.079224	-0.000052	1.000053	0.046936	
1077	1.000053	0.000052	-0.079224	-0.000052	1.000053	0.046936	
1078	1.000032	-0.000014	0.015381	0.000014	1.000032	0.000824	
1079	1.000103	0.001227	-0.191406	-0.001227	1.000103	1.283875	
1080	1.000103	0.001227	-0.191406	-0.001227	1.000103	1.283875	
1081	1.000398	-0.000367	-0.616455	0.000367	1.000398	-0.494598	
1082	1.000234	-0.000058	-0.187134	0.000058	1.000234	-0.072998	
1083	1.000037	0.000086	0.039185	-0.000086	1.000037	0.033356	
1084	1.000037	0.000086	0.039185	-0.000086	1.000037	0.033356	
1085	1.001478	-0.000197	-1.850708	0.000197	1.001478	-1.241333	
1086	1.000242	-0.000099	-0.235596	0.000099	1.000242	-0.110046	
1087	0.996293	0.002202	3.592590	-0.002202	0.996293	2.125885	
1088	0.999739	-0.000045	0.479004	0.000045	0.999739	0.018799	
1089	0.999958	-0.000070	0.032043	0.000070	0.999958	-0.047028	
1090	0.999816	0.000130	0.044983	-0.000130	0.999816	0.081482	
1091	0.998560	0.003044	1.291504	-0.003044	0.998560	2.991516	
1092	1.000108	0.000384	0.025574	-0.000384	1.000108	0.284882	
1093	0.999349	0.001142	0.740662	-0.001142	0.999349	1.291748	
1094	0.999349	0.001142	0.740662	-0.001142	0.999349	1.291748	
1095	1.000093	0.000067	-0.135620	-0.000067	1.000093	0.151245	
1096	1.000093	0.000067	-0.135620	-0.000067	1.000093	0.151245	
1097	1.000361	0.000786	-1.763062	-0.000786	1.000361	1.316376	
1098	1.000361	0.000786	-1.763062	-0.000786	1.000361	1.316376	
1099	0.999833	0.000239	0.202148	-0.000239	0.999833	0.385986	
1100	1.000075	0.000408	-0.137329	-0.000408	1.000075	0.185211	
1101	1.000075	0.000408	-0.137329	-0.000408	1.000075	0.185211	
1102	1.000075	0.000408	-0.137329	-0.000408	1.000075	0.185211	
1103	1.000075	0.000408	-0.137329	-0.000408	1.000075	0.185211	
1104	1.000117	-0.000158	-0.170410	0.000158	1.000117	-0.121490	
1105	1.000029	-0.000215	-0.062744	0.000215	1.000029	-0.193298	
1106	1.000029	-0.000215	-0.062744	0.000215	1.000029	-0.193298	
1107	0.999949	0.000100	-0.064758	-0.000100	0.999949	0.151855	
1108	1.000001	0.000031	-0.002014	-0.000031	1.000001	0.024658	
1109	1.000139	0.000095	-0.055298	-0.000095	1.000139	0.106812	
1110	1.000139	0.000095	-0.055298	-0.000095	1.000139	0.106812	
1111	1.000139	0.000095	-0.055298	-0.000095	1.000139	0.106812	
1112	0.999931	0.000466	0.165894	-0.000466	0.999931	0.235199	
1113	0.999931	0.000466	0.165894	-0.000466	0.999931	0.235199	
1114	0.999931	0.000466	0.165894	-0.000466	0.999931	0.235199	
1115	0.999954	-0.000115	0.030396	0.000115	0.999954	-0.084991	
1116	0.999954	-0.000115	0.030396	0.000115	0.999954	-0.084991	
1117	0.999954	-0.000115	0.030396	0.000115	0.999954	-0.084991	
1118	1.000073	-0.000026	-0.069946	0.000026	1.000073	0.034912	
1119	1.000108	0.000248	-0.314148	-0.000248	1.000108	0.059570	
1120	0.999922	-0.000104	0.180786	0.000104	0.999922	0.003601	
1121	0.999207	0.000784	0.124634	-0.000784	0.999207	1.389526	
1122	0.999712	-0.000360	0.302917	0.000360	0.999712	-0.303650	
1123	0.999995	-0.000004	0.092468	0.000004	0.999995	-0.039551	
1124	1.000085	0.000014	-0.062134	-0.000014	1.000085	-0.056274	
1125	1.000050	0.000032	0.082214	-0.000032	1.000050	-0.009155	
1126	1.000179	0.000216	-0.076599	-0.000216	1.000179	0.211487	
1127	1.000142	-0.000068	0.027588	0.000068	1.000142	-0.042542	
1128	1.000140	-0.000046	-0.121216	0.000046	1.000140	-0.137390	
1129	0.999842	-0.000045	0.215576	0.000045	0.999842	0.076538	
1130	0.999956	0.000025	0.059570	-0.000025	0.999956	0.107300	
1131	0.999979	0.000055	-0.011108	-0.000055	0.999979	0.113464	
1132	1.000039	0.000042	-0.097046	-0.000042	1.000039	0.051697	
1133	1.000313	0.000003	-0.430542	-0.000003	1.000313	-0.210815	
1134	1.000313	0.000003	-0.430542	-0.000003	1.000313	-0.210815	
1135	1.000133	0.000037	-0.052490	-0.000037	1.000133	-0.039124	
1136	1.000285	0.000174	-0.249878	-0.000174	1.000285	0.119568	
1137	1.001871	0.003318	-4.404114	-0.003318	1.001871	1.876099	
1138	1.001871	0.003318	-4.404114	-0.003318	1.001871	1.876099	
1139	1.000107	-0.000033	-0.090088	0.000033	1.000107	-0.018738	
1140	1.000107	-0.000033	-0.090088	0.000033	1.000107	-0.018738	
1141	1.000147	0.000075	-0.160706	-0.000075	1.000147	0.085114	
1142	1.000147	0.000075	-0.160706	-0.000075	1.000147	0.085114	
1143	1.000064	-0.000213	-0.138123	0.000213	1.000064	-0.143036	
1144	1.000064	-0.000213	-0.138123	0.000213	1.000064	-0.143036	
1145	0.998189	-0.001488	3.450684	0.001488	0.998189	-0.429688	
1146	0.998189	-0.001488	3.450684	0.001488	0.998189	-0.429688	
1147	0.999897	-0.000192	0.089355	0.000192	0.999897	-0.157532	
1148	1.000041	-0.000120	-0.102295	0.000120	1.000041	-0.115784	
1149	1.000041	-0.000120	-0.102295	0.000120	1.000041	-0.115784	
1150	0.999777	0.000046	0.269287	-0.000046	0.999777	0.041931	
1151	0.998938	-0.000453	2.104370	0.000453	0.998938	-0.146606	
1152	0.998938	-0.000453	2.104370	0.000453	0.998938	-0.146606	
1153	1.000015	-0.000000	-0.041138	0.000000	1.000015	0.016479	
1154	0.999896	0.000126	0.147278	-0.000126	0.999896	0.155762	
1155	0.999896	0.000126	0.147278	-0.000126	0.999896	0.155762	
1156	0.999896	0.000126	0.147278	-0.000126	0.999896	0.155762	
1157	0.999731	0.000061	0.254028	-0.000061	0.999731	0.121002	
1158	0.999752	0.000145	0.260620	-0.000145	0.999752	0.093384	
1159	1.000696	0.000556	-1.713379	-0.000556	1.000696	0.717072	
1160	1.000696	0.000556	-1.713379	-0.000556	1.000696	0.717072	
1161	1.000040	0.000137	-0.127930	-0.000137	1.000040	0.055298	
1162	1.000040	0.000137	-0.127930	-0.000137	1.000040	0.055298	
1163	1.000044	-0.000095	-0.086975	0.000095	1.000044	-0.081909	
1164	1.003020	-0.001091	-3.027161	0.001091	1.003020	-1.143555	
1165	0.999041	-0.000355	0.829834	0.000355	0.999041	-0.313019	
1166	0.999041	-0.000355	0.829834	0.000355	0.999041	-0.313019	
1167	0.999942	-0.000195	0.402039	0.000195	0.999942	-0.318970	
1168	0.999942	-0.000195	0.402039	0.000195	0.999942	-0.318970	
1169	0.999947	-0.002657	0.050232	0.002657	0.999947	-2.429199	
1170	1.000113	0.000063	-0.326050	-0.000063	1.000113	0.078430	
1171	0.999982	0.000011	-0.058716	-0.000011	0.999982	-0.021759	
1172	0.999982	0.000011	-0.058716	-0.000011	0.999982	-0.021759	
1173	0.999982	0.000011	-0.058716	-0.000011	0.999982	-0.021759	
1174	0.999982	0.000011	-0.058716	-0.000011	0.999982	-0.021759	
1175	0.999982	0.000011	-0.058716	-0.000011	0.999982	-0.021759	
1176	0.999982	0.000011	-0.058716	-0.000011	0.999982	-0.021759	
1177	0.999486	0.000192	0.498535	-0.000192	0.999486	0.152405	
1178	0.999486	0.000192	0.498535	-0.000192	0.999486	0.152405	
1179	0.999486	0.000192	0.498535	-0.000192	0.999486	0.152405	
1180	1.000726	-0.000051	-0.533386	0.000051	1.000726	0.009583	
1181	1.000080	0.000168	0.007996	-0.000168	1.000080	0.088104	
1182	1.000080	0.000168	0.007996	-0.000168	1.000080	0.088104	
1183	1.000080	0.000168	0.007996	-0.000168	1.000080	0.088104	
1184	1.000080	0.000168	0.007996	-0.000168	1.000080	0.088104	
1185	1.000080	0.000168	0.007996	-0.000168	1.000080	0.088104	
1186	1.000080	0.000168	0.007996	-0.000168	1.000080	0.088104	
1187	1.000080	0.000168	0.007996	-0.000168	1.000080	0.088104	
1188	1.000080	0.000168	0.007996	-0.000168	1.000080	0.088104	
1189	1.000080	0.000168	0.007996	-0.000168	1.000080	0.088104	
1190	1.000080	0.000168	0.007996	-0.000168	1.000080	0.088104	
1191	0.999880	-0.000036	0.019775	0.000036	0.999880	0.001160	
1192	0.999880	-0.000036	0.019775	0.000036	0.999880	0.001160	
1193	0.999880	-0.000036	0.019775	0.000036	0.999880	0.001160	
1194	0.999880	-0.000036	0.019775	0.000036	0.999880	0.001160	
1195	0.999880	-0.000036	0.019775	0.000036	0.999880	0.001160	
1196	0.999880	-0.000036	0.019775	0.000036	0.999880	0.001160	
1197	1.000700	0.000324	-0.126404	-0.000324	1.000700	-0.365601	
1198	1.000084	0.000180	0.100464	-0.000180	1.000084	0.189270	
1199	1.000052	0.000025	0.246460	-0.000025	1.000052	-0.091614	
1200	0.999442	0.001864	0.625183	-0.001864	0.999442	1.737030	
1201	1.000116	0.000235	0.008667	-0.000235	1.000116	0.209564	
1202	1.000013	-0.000022	-0.049683	0.000022	1.000013	-0.033417	
