0	1.000000	0.000000	0.000000	0.000000	1.000000	0.000000	
1	0.999954	-0.000055	-0.141113	0.000055	0.999954	-0.296143	
2	1.000052	0.000054	0.283447	-0.000054	1.000052	0.319351	
3	0.999986	-0.000046	0.931396	0.000046	0.999986	-0.028000	
4	0.999992	-0.000031	0.047974	0.000031	0.999992	-0.015411	
5	1.000005	0.000001	0.004517	-0.000001	1.000005	0.015045	
6	0.999964	0.000019	1.207275	-0.000019	0.999964	0.380783	
7	0.999998	-0.000042	0.918213	0.000042	0.999998	-0.178726	
8	0.999991	-0.000023	-0.018433	0.000023	0.999991	-0.116043	
9	1.000035	0.000021	0.288818	-0.000021	1.000035	0.147507	
10	0.999958	-0.000026	0.916016	0.000026	0.999958	0.193039	
11	0.999947	-0.000025	0.181763	0.000025	0.999947	0.181244	
12	0.999996	-0.000042	0.307617	0.000042	0.999996	0.214584	
13	0.999973	0.000014	0.046997	-0.000014	0.999973	0.048248	
14	1.000056	0.000015	0.494751	-0.000015	1.000056	0.050613	
15	0.999966	-0.000039	0.583862	0.000039	0.999966	0.380157	
16	0.999972	0.000015	0.182251	-0.000015	0.999972	0.003403	
17	1.000029	0.000011	0.500244	-0.000011	1.000029	0.023026	
18	1.000017	-0.000025	0.413330	0.000025	1.000017	-0.027588	
19	1.000000	0.000023	0.535156	-0.000023	1.000000	0.029236	
20	1.000021	-0.000006	0.409790	0.000006	1.000021	0.017487	
21	1.000009	-0.000035	0.359985	0.000035	1.000009	-0.022507	
22	1.000005	0.000038	0.364136	-0.000038	1.000005	0.042374	
23	0.999992	-0.000020	1.007568	0.000020	0.999992	0.293198	
24	1.000000	0.000005	0.311523	-0.000005	1.000000	-0.165451	
25	1.000027	-0.000021	0.309937	0.000021	1.000027	0.217133	
26	0.999984	0.000026	0.566650	-0.000026	0.999984	0.218613	
27	0.999969	-0.000011	0.488403	0.000011	0.999969	-0.062210	
28	1.000006	-0.000006	0.225342	0.000006	1.000006	0.126114	
29	0.999984	-0.000024	0.263306	0.000024	0.999984	-0.022690	
30	1.000020	0.000005	0.187500	-0.000005	1.000020	0.068787	
31	0.999981	0.000008	0.213623	-0.000008	0.999981	0.174103	
32	1.000012	-0.000014	0.197144	0.000014	1.000012	0.026474	
33	1.000021	-0.000019	0.160156	0.000019	1.000021	0.016144	
34	0.999995	-0.000004	-0.002686	0.000004	0.999995	0.157761	
35	1.000030	0.000004	0.128540	-0.000004	1.000030	0.127701	
36	1.000000	-0.000044	0.141479	0.000044	1.000000	0.213943	
37	0.999956	-0.000026	-0.097534	0.000026	0.999956	0.030853	
38	1.000027	0.000043	0.004272	-0.000043	1.000027	0.089737	
39	1.000067	0.000031	0.334473	-0.000031	1.000067	0.354843	
40	0.999897	-0.000006	-0.254272	0.000006	0.999897	-0.082901	
41	1.000053	-0.000004	0.232666	0.000004	1.000053	0.531113	
42	0.999977	0.000004	0.728394	-0.000004	0.999977	0.551178	
43	0.999930	-0.000049	-0.278076	0.000049	0.999930	0.211166	
44	0.999976	-0.000027	1.003296	0.000027	0.999976	0.462540	
45	0.999979	-0.000012	0.126221	0.000012	0.999979	-0.253586	
46	1.000038	0.000023	0.888733	-0.000023	1.000038	0.002060	
47	0.999984	0.000017	0.899658	-0.000017	0.999984	0.552582	
48	0.999970	-0.000093	0.972168	0.000093	0.999970	-0.003372	
49	0.999985	-0.000013	0.437866	0.000013	0.999985	-0.017029	
50	1.000017	0.000000	1.050537	-0.000000	1.000017	0.783493	
51	0.999966	-0.000043	0.756348	0.000043	0.999966	0.742447	
52	1.000029	0.000031	0.068237	-0.000031	1.000029	1.236145	
53	0.999966	-0.000005	0.585938	0.000005	0.999966	0.904572	
54	1.000014	-0.000012	0.040894	0.000012	1.000014	-0.032761	
55	0.999952	0.000023	1.329468	-0.000023	0.999952	3.032532	
56	0.999936	-0.000028	0.125000	0.000028	0.999936	1.647507	
57	0.999972	-0.000004	-0.241943	0.000004	0.999972	0.786194	
58	0.999991	0.000011	1.124756	-0.000011	0.999991	1.305511	
59	0.999925	0.000017	1.306274	-0.000017	0.999925	2.721771	
60	0.999979	-0.000050	0.096313	0.000050	0.999979	0.538864	
61	1.000026	0.000056	0.873047	-0.000056	1.000026	1.468369	
62	0.999937	-0.000027	0.547607	0.000027	0.999937	1.091095	
63	0.999989	-0.000046	-0.375610	0.000046	0.999989	1.094498	
64	0.999946	-0.000004	0.459595	0.000004	0.999946	0.585953	
65	0.999975	-0.000024	-0.399536	0.000024	0.999975	-0.042252	
66	1.000021	0.000008	0.388550	-0.000008	1.000021	0.630020	
67	0.999956	-0.000034	-0.196167	0.000034	0.999956	0.320679	
68	0.999988	0.000014	-0.595581	-0.000014	0.999988	0.027069	
69	1.000014	-0.000001	-0.674072	0.000001	1.000014	-0.000198	
70	0.999955	0.000006	-0.154907	-0.000006	0.999955	0.047333	
71	0.999988	-0.000017	-0.141113	0.000017	0.999988	0.765396	
72	0.999994	0.000007	0.307861	-0.000007	0.999994	0.345032	
73	0.999994	-0.000031	0.032227	0.000031	0.999994	0.267624	
74	0.999988	0.000008	0.009521	-0.000008	0.999988	0.042831	
75	1.000000	0.000027	0.002197	-0.000027	1.000000	0.111053	
76	1.000019	0.000015	0.755981	-0.000015	1.000019	0.896042	
77	0.999912	-0.000045	0.029907	0.000045	0.999912	0.250763	
78	0.999970	0.000010	-0.062256	-0.000010	0.999970	0.087799	
79	0.999988	-0.000007	0.079468	0.000007	0.999988	0.156219	
80	0.999990	0.000007	0.029663	-0.000007	0.999990	0.010132	
81	1.000020	0.000005	0.167847	-0.000005	1.000020	0.001373	
82	0.999979	0.000105	-0.448975	-0.000105	0.999979	-0.042953	
83	1.000042	-0.000075	0.392456	0.000075	1.000042	0.627731	
84	0.999972	-0.000012	0.079712	0.000012	0.999972	0.378906	
85	0.999960	0.000001	0.044678	-0.000001	0.999960	0.282257	
86	1.000004	0.000010	-0.013306	-0.000010	1.000004	0.105316	
87	0.999957	-0.000029	-0.231445	0.000029	0.999957	1.022491	
88	0.999976	-0.000003	-0.071655	0.000003	0.999976	-0.021072	
89	1.000038	-0.000010	0.174438	0.000010	1.000038	0.579468	
90	0.999996	-0.000012	0.045776	0.000012	0.999996	0.288101	
91	0.999981	-0.000006	0.271484	0.000006	0.999981	0.325287	
92	0.999947	0.000005	-0.070923	-0.000005	0.999947	0.550827	
93	0.999920	-0.000008	-0.114502	0.000008	0.999920	-0.020599	
94	1.000080	-0.000010	0.140137	0.000010	1.000080	-0.018799	
95	0.999931	0.000045	-0.121338	-0.000045	0.999931	0.497314	
96	1.000042	-0.000052	0.621948	0.000052	1.000042	0.175583	
97	1.000005	-0.000006	0.694824	0.000006	1.000005	0.067215	
98	0.999975	-0.000005	-0.308472	0.000005	0.999975	-0.032486	
99	0.999986	-0.000033	0.596191	0.000033	0.999986	0.633102	
100	0.999971	0.000011	-0.612427	-0.000011	0.999971	-0.222366	
101	1.000048	0.000014	0.254150	-0.000014	1.000048	0.108673	
102	0.999972	-0.000031	0.861206	0.000031	0.999972	0.712036	
103	0.999988	0.000009	-1.003296	-0.000009	0.999988	0.062210	
104	0.999972	-0.000034	1.064941	0.000034	0.999972	0.712997	
105	0.999980	0.000012	-0.829468	-0.000012	0.999980	0.052261	
106	0.999968	0.000019	-0.373657	-0.000019	0.999968	-0.049515	
107	1.000057	-0.000010	0.133057	0.000010	1.000057	0.037079	
108	0.999969	0.000003	0.036621	-0.000003	0.999969	0.115555	
109	1.000021	-0.000001	0.473877	0.000001	1.000021	0.403961	
110	0.999992	-0.000034	-0.012817	0.000034	0.999992	-0.016266	
111	1.000041	0.000008	0.430420	-0.000008	1.000041	-0.020844	
112	0.999975	-0.000012	-0.150146	0.000012	0.999975	-0.016068	
113	0.999966	-0.000002	-0.204102	0.000002	0.999966	-0.079971	
114	1.000056	0.000009	0.222046	-0.000009	1.000056	-0.053040	
115	0.999962	-0.000025	-0.042725	0.000025	0.999962	-0.147919	
116	1.000067	0.000000	0.209961	-0.000000	1.000067	0.075287	
117	0.999894	-0.000008	-0.229126	0.000008	0.999894	-0.011292	
118	1.000057	0.000022	-0.040649	-0.000022	1.000057	-0.016907	
119	1.000000	-0.000006	0.801636	0.000006	1.000000	-0.038528	
120	0.999998	0.000034	-0.655884	-0.000034	0.999998	-0.224930	
121	1.000004	-0.000026	1.237061	0.000026	1.000004	0.376617	
122	1.000015	0.000011	0.332764	-0.000011	1.000015	-0.071899	
123	1.000003	0.000019	0.062134	-0.000019	1.000003	-0.282623	
124	1.000024	-0.000001	0.968384	0.000001	1.000024	-0.007034	
125	0.999993	-0.000006	0.012939	0.000006	0.999993	0.001236	
126	1.000015	-0.000017	0.255127	0.000017	1.000015	0.059906	
127	1.000005	-0.000008	2.348267	0.000008	1.000005	0.262436	
128	1.000000	0.000011	-0.316895	-0.000011	1.000000	-0.274643	
129	1.000043	0.000022	0.541504	-0.000022	1.000043	0.160431	
130	0.999987	0.000025	0.820190	-0.000025	0.999987	0.278183	
131	0.999988	-0.000078	-0.114746	0.000078	0.999988	-0.260315	
132	1.000027	0.000058	0.878906	-0.000058	1.000027	0.146912	
133	0.999977	-0.000018	0.419312	0.000018	0.999977	-0.019943	
134	0.999965	0.000044	-0.610962	-0.000044	0.999965	-0.033859	
135	1.000045	-0.000035	1.052246	0.000035	1.000045	0.055939	
136	0.999997	0.000024	-0.277466	-0.000024	0.999997	-0.178452	
137	0.999989	-0.000009	0.038086	0.000009	0.999989	-0.016174	
138	0.999961	-0.000001	0.837036	0.000001	0.999961	0.434937	
139	0.999985	-0.000046	-0.328003	0.000046	0.999985	-0.389389	
140	1.000006	0.000062	-0.154297	-0.000062	1.000006	0.438126	
141	1.000002	0.000006	0.171753	-0.000006	1.000002	-0.241714	
142	1.000011	-0.000010	-0.263550	0.000010	1.000011	-0.063400	
143	1.000034	0.000032	0.348267	-0.000032	1.000034	0.249161	
144	0.999940	-0.000066	-0.292358	0.000066	0.999940	-0.189972	
145	1.000075	0.000005	0.132568	-0.000005	1.000075	0.336365	
146	0.999957	-0.000044	0.372925	0.000044	0.999957	-0.089645	
147	0.999949	0.000041	-0.807861	-0.000041	0.999949	-0.224823	
148	1.000070	-0.000004	0.426392	0.000004	1.000070	-0.040466	
149	0.999928	-0.000006	-0.155396	0.000006	0.999928	-0.003326	
150	0.999983	0.000016	-0.052734	-0.000016	0.999983	0.017029	
151	1.000007	-0.000010	0.011719	0.000010	1.000007	0.004684	
152	0.999966	-0.000003	-0.149902	0.000003	0.999966	-0.059509	
153	1.000040	-0.000013	0.083252	0.000013	1.000040	-0.025375	
154	0.999986	0.000018	0.043701	-0.000018	0.999986	0.181488	
155	1.000032	-0.000005	-0.106567	0.000005	1.000032	0.010803	
156	0.999999	-0.000031	0.248047	0.000031	0.999999	0.023712	
157	0.999961	0.000009	-0.379272	-0.000009	0.999961	0.007812	
158	1.000031	0.000011	0.353149	-0.000011	1.000031	-0.011642	
159	0.999996	0.000027	-0.346497	-0.000027	0.999996	-0.115036	
160	0.999974	-0.000016	0.064331	0.000016	0.999974	-0.053391	
161	1.000061	-0.000018	0.405212	0.000018	1.000061	-0.000748	
162	0.999983	-0.000027	-0.166748	0.000027	0.999983	-0.009018	
163	1.000040	-0.000030	0.310486	0.000030	1.000040	0.007767	
164	0.999942	-0.000027	0.247986	0.000027	0.999942	-0.006882	
165	1.000003	0.000006	-0.465332	-0.000006	1.000003	-0.021912	
166	1.000026	-0.000007	0.284363	0.000007	1.000026	-0.005386	
167	0.999988	0.000037	-0.462219	-0.000037	0.999988	-0.058182	
168	1.000020	-0.000008	0.205505	0.000008	1.000020	-0.007019	
169	1.000000	-0.000005	0.614380	0.000005	1.000000	0.007019	
170	0.999984	-0.000028	-0.380005	0.000028	0.999984	-0.020111	
171	1.000021	-0.000012	1.016235	0.000012	1.000021	-0.005203	
172	1.000000	-0.000009	-0.027222	0.000009	1.000000	-0.105362	
173	0.999938	0.000012	-0.067749	-0.000012	0.999938	-0.157867	
174	1.000066	-0.000014	0.068359	0.000014	1.000066	-0.071396	
175	1.000009	-0.000000	-0.050293	0.000000	1.000009	0.001587	
176	0.999979	-0.000003	0.000000	0.000003	0.999979	0.007950	
177	0.999998	0.000003	0.000854	-0.000003	0.999998	0.003815	
178	1.000008	-0.000000	0.075806	0.000000	1.000008	0.000778	
179	0.999969	-0.000013	-0.008057	0.000013	0.999969	-0.036057	
180	0.999985	0.000005	0.089478	-0.000005	0.999985	-0.002197	
181	0.999988	-0.000006	0.024109	0.000006	0.999988	-0.010269	
182	1.000010	-0.000004	-0.035767	0.000004	1.000010	-0.008911	
183	0.999990	-0.000006	0.131470	0.000006	0.999990	-0.003769	
184	0.999987	-0.000004	-0.116333	0.000004	0.999987	0.001129	
185	1.000023	0.000004	0.039307	-0.000004	1.000023	-0.003601	
186	0.999981	-0.000010	0.000610	0.000010	0.999981	-0.011398	
187	1.000011	-0.000006	-0.107544	0.000006	1.000011	0.004486	
188	0.999986	0.000010	-0.280029	-0.000010	0.999986	0.036896	
189	1.000008	0.000002	0.007935	-0.000002	1.000008	0.000977	
190	1.000015	-0.000015	0.138794	0.000015	1.000015	-0.032547	
191	0.999968	-0.000007	-0.293335	0.000007	0.999968	-0.075272	
192	0.999996	0.000001	-0.240723	-0.000001	0.999996	-0.036194	
193	0.999983	-0.000002	0.241821	0.000002	0.999983	0.003967	
194	1.000000	-0.000003	-0.016113	0.000003	1.000000	0.002625	
195	0.999996	0.000005	0.617432	-0.000005	0.999996	0.037109	
196	0.999982	-0.000003	0.091187	0.000003	0.999982	-0.007263	
197	0.999978	-0.000008	-0.198486	0.000008	0.999978	-0.161957	
198	1.000059	0.000006	0.283203	-0.000006	1.000059	-0.067520	
199	0.999986	0.000002	0.570435	-0.000002	0.999986	-0.136230	
200	1.000017	0.000005	0.337463	-0.000005	1.000017	-0.047516	
201	1.000018	-0.000011	0.308411	0.000011	1.000018	-0.044495	
202	0.999992	-0.000002	0.139709	0.000002	0.999992	-0.054398	
203	1.000040	-0.000008	2.749756	0.000008	1.000040	0.137573	
204	0.999979	0.000020	-0.039917	-0.000020	0.999979	-0.174408	
205	1.000013	0.000055	1.366089	-0.000055	1.000013	0.000534	
206	1.000006	-0.000015	1.367188	0.000015	1.000006	-0.047363	
207	1.000002	0.000027	1.976135	-0.000027	1.000002	-0.181671	
208	1.000005	0.000018	1.240723	-0.000018	1.000005	-0.098694	
209	1.000014	-0.000004	0.723755	0.000004	1.000014	-0.296661	
210	0.999990	0.000003	1.584473	-0.000003	0.999990	0.003571	
211	1.000023	0.000009	0.256165	-0.000009	1.000023	-0.026520	
212	1.000015	0.000036	2.227905	-0.000036	1.000015	-0.002396	
213	1.000013	-0.000013	0.357727	0.000013	1.000013	-0.302032	
214	0.999986	0.000008	-0.299744	-0.000008	0.999986	0.003082	
215	1.000001	0.000041	1.645996	-0.000041	1.000001	0.072220	
216	1.000009	-0.000024	0.408875	0.000024	1.000009	-0.028259	
217	0.999996	-0.000013	0.862427	0.000013	0.999996	0.014145	
218	0.999996	-0.000030	0.790527	0.000030	0.999996	0.237915	
219	1.000044	-0.000001	0.594055	0.000001	1.000044	-0.245377	
220	0.999971	0.000030	1.274597	-0.000030	0.999971	0.576508	
221	1.000032	-0.000031	-0.038330	0.000031	1.000032	-0.508911	
222	1.000018	-0.000006	-0.151855	0.000006	1.000018	-0.324295	
223	1.000010	0.000019	1.532959	-0.000019	1.000010	0.421860	
224	1.000032	-0.000014	-0.213745	0.000014	1.000032	-0.377472	
225	1.000003	0.000035	1.287476	-0.000035	1.000003	0.716827	
226	1.000002	-0.000035	0.896301	0.000035	1.000002	-0.139297	
227	1.000001	0.000007	0.607849	-0.000007	1.000001	-0.124542	
228	1.000010	0.000001	0.837708	-0.000001	1.000010	-0.073425	
229	0.999971	-0.000031	0.192627	0.000031	0.999971	-0.413864	
230	1.000036	0.000014	0.654175	-0.000014	1.000036	0.229385	
231	1.000008	0.000055	1.559937	-0.000055	1.000008	-0.141235	
232	1.000001	0.000012	0.992249	-0.000012	1.000001	-0.036789	
233	1.000003	-0.000011	0.876404	0.000011	1.000003	-0.022934	
234	1.000015	-0.000007	0.323242	0.000007	1.000015	-0.310196	
235	1.000025	0.000015	1.622559	-0.000015	1.000025	-0.017319	
236	0.999996	0.000013	0.370605	-0.000013	0.999996	-0.350098	
237	1.000035	-0.000007	0.144897	0.000007	1.000035	-0.253036	
238	0.999970	-0.000007	1.695068	0.000007	0.999970	0.414505	
239	1.000033	0.000044	1.270996	-0.000044	1.000033	-0.423264	
240	0.999993	0.000030	1.341370	-0.000030	0.999993	0.349670	
241	1.000002	0.000025	1.088013	-0.000025	1.000002	-0.437347	
242	1.000030	-0.000016	1.075867	0.000016	1.000030	-0.344482	
243	1.000045	0.000003	3.595764	-0.000003	1.000045	-0.653595	
244	1.000023	-0.000001	0.778809	0.000001	1.000023	-0.228958	
245	1.000034	0.000004	2.820435	-0.000004	1.000034	-0.130051	
246	1.000016	-0.000000	1.304443	0.000000	1.000016	-1.152405	
247	1.000038	0.000046	2.449341	-0.000046	1.000038	-0.050735	
248	1.000040	0.000019	2.365356	-0.000019	1.000040	-0.031616	
249	1.000032	-0.000007	0.854736	0.000007	1.000032	0.017914	
250	1.000034	0.000027	1.153320	-0.000027	1.000034	0.019760	
251	1.000015	-0.000011	3.511108	0.000011	1.000015	-0.038147	
252	0.999970	0.000024	0.325317	-0.000024	0.999970	0.018494	
253	1.000001	0.000011	2.484192	-0.000011	1.000001	0.001190	
254	1.000019	-0.000039	1.447266	0.000039	1.000019	-0.051468	
255	1.000028	0.000029	3.159546	-0.000029	1.000028	-0.131119	
256	1.000000	0.000070	1.323792	-0.000070	1.000000	-0.318726	
257	1.000041	-0.000032	0.523254	0.000032	1.000041	-0.473038	
258	1.000061	0.000022	1.112549	-0.000022	1.000061	-0.033524	
259	1.000002	-0.000022	1.320801	0.000022	1.000002	-0.334503	
260	0.999985	0.000008	1.437195	-0.000008	0.999985	0.225998	
261	1.000026	-0.000022	1.427307	0.000022	1.000026	-0.179031	
262	1.000029	0.000007	-0.079163	-0.000007	1.000029	-0.312424	
263	1.000030	0.000020	2.344910	-0.000020	1.000030	-0.000641	
264	1.000024	0.000018	-0.014160	-0.000018	1.000024	-0.015015	
265	0.999999	0.000034	0.835754	-0.000034	0.999999	0.102036	
266	0.999998	-0.000008	0.739136	0.000008	0.999998	-0.257446	
267	1.000012	-0.000015	1.315552	0.000015	1.000012	0.010941	
268	0.999999	0.000007	0.746765	-0.000007	0.999999	-0.043839	
269	1.000005	0.000005	0.730774	-0.000005	1.000005	0.135178	
270	0.999988	0.000001	0.855408	-0.000001	0.999988	-0.217514	
271	1.000027	0.000028	1.123230	-0.000028	1.000027	-0.060211	
272	0.999992	-0.000030	0.770447	0.000030	0.999992	-0.057526	
273	1.000033	-0.000001	0.308167	0.000001	1.000033	0.002731	
274	1.000000	0.000022	0.348816	-0.000022	1.000000	0.032120	
275	1.000040	-0.000009	0.723816	0.000009	1.000040	-0.656799	
276	0.999971	0.000030	0.926697	-0.000030	0.999971	0.794250	
277	1.000036	-0.000048	-0.334290	0.000048	1.000036	-0.238922	
278	0.999973	0.000018	-0.988586	-0.000018	0.999973	-0.280075	
279	1.000023	-0.000011	0.223816	0.000011	1.000023	-0.149261	
280	0.999994	0.000010	-0.500122	-0.000010	0.999994	-0.000366	
281	0.999998	-0.000000	0.145935	0.000000	0.999998	0.042603	
282	1.000000	-0.000004	-0.232788	0.000004	1.000000	-0.014923	
283	0.999981	0.000028	-0.505615	-0.000028	0.999981	0.387955	
284	1.000045	-0.000030	-0.024658	0.000030	1.000045	-0.496506	
285	1.000012	-0.000010	-1.019104	0.000010	1.000012	-0.184937	
286	0.999970	0.000012	-0.486145	-0.000012	0.999970	0.012955	
287	1.000023	0.000005	0.445679	-0.000005	1.000023	0.034592	
288	0.999988	0.000059	-0.737732	-0.000059	0.999988	0.182556	
289	0.999980	-0.000043	0.605835	0.000043	0.999980	0.506439	
290	1.000011	-0.000012	0.365234	0.000012	1.000011	0.070221	
291	0.999989	0.000000	-0.044067	-0.000000	0.999989	-0.039810	
292	1.000030	-0.000010	-0.208252	0.000010	1.000030	0.029617	
293	0.999990	-0.000028	-0.922974	0.000028	0.999990	-0.291000	
294	0.999968	0.000036	0.015808	-0.000036	0.999968	0.478409	
295	1.000028	0.000008	0.221741	-0.000008	1.000028	-0.073975	
296	0.999947	-0.000022	-0.047729	0.000022	0.999947	0.105804	
297	1.000043	-0.000009	0.077332	0.000009	1.000043	0.030441	
298	0.999967	-0.000004	-0.056335	0.000004	0.999967	0.054413	
299	1.000034	0.000003	-0.012207	-0.000003	1.000034	-0.689804	
300	0.999983	0.000026	-0.192322	-0.000026	0.999983	-0.151459	
301	1.000025	0.000021	0.843201	-0.000021	1.000025	-0.002411	
302	0.999980	0.000016	0.040466	-0.000016	0.999980	-0.071823	
303	1.000027	-0.000006	-0.313782	0.000006	1.000027	-0.538284	
304	0.999971	0.000008	0.074280	-0.000008	0.999971	-0.023422	
305	1.000035	-0.000005	-0.874756	0.000005	1.000035	-0.868881	
306	0.999990	0.000026	0.395691	-0.000026	0.999990	0.005386	
307	1.000027	-0.000033	0.813416	0.000033	1.000027	-0.047440	
308	0.999969	0.000007	-0.821289	-0.000007	0.999969	0.004715	
309	0.999994	-0.000009	0.251770	0.000009	0.999994	0.337646	
310	1.000004	-0.000008	0.246216	0.000008	1.000004	0.335220	
311	0.999997	0.000029	-1.127869	-0.000029	0.999997	-0.224258	
312	0.999988	-0.000076	-0.893555	0.000076	0.999988	-0.003204	
313	1.000022	0.000005	-1.132385	-0.000005	1.000022	-0.530640	
314	0.999989	-0.000008	-1.124451	0.000008	0.999989	-0.370667	
315	0.999975	-0.000098	-2.810181	0.000098	0.999975	-1.199570	
316	1.000105	-0.000058	-4.197144	0.000058	1.000105	-3.253937	
317	1.000049	0.000023	-6.265503	-0.000023	1.000049	-2.441147	
318	0.999996	-0.000029	-3.392151	0.000029	0.999996	-0.974045	
319	1.000014	-0.000003	-5.874756	0.000003	1.000014	-1.254868	
320	0.999987	-0.000023	-3.051270	0.000023	0.999987	-0.255112	
321	0.999963	-0.000196	-4.009155	0.000196	0.999963	-1.390427	
322	1.000018	-0.000004	-4.115173	0.000004	1.000018	-2.072418	
323	1.000094	-0.000009	-6.458252	0.000009	1.000094	-3.918045	
324	1.000058	-0.000042	-4.196228	0.000042	1.000058	-2.555847	
325	1.000014	0.000012	-3.083862	-0.000012	1.000014	-1.970963	
326	1.000025	-0.000048	-3.357666	0.000048	1.000025	-2.151749	
327	1.000087	-0.000011	-7.455078	0.000011	1.000087	-4.278366	
328	1.000006	-0.000067	-3.064697	0.000067	1.000006	-1.445114	
329	1.000026	-0.000042	-3.236084	0.000042	1.000026	-1.551804	
330	1.000025	0.000008	-2.701172	-0.000008	1.000025	-0.949478	
331	1.000041	0.000041	-6.042969	-0.000041	1.000041	-3.253242	
332	1.000026	-0.000048	-1.409424	0.000048	1.000026	-0.504982	
333	0.999998	0.000008	-0.676880	-0.000008	0.999998	-0.751678	
334	1.000005	0.000028	-1.611084	-0.000028	1.000005	-0.898422	
335	1.000009	0.000010	-4.436768	-0.000010	1.000009	-0.426567	
336	0.999952	0.000026	-1.687256	-0.000026	0.999952	-0.963074	
337	1.000026	0.000002	-2.581909	-0.000002	1.000026	-0.199646	
338	0.999945	-0.000134	-1.620239	0.000134	0.999945	-0.318405	
339	1.000015	-0.000007	-4.693604	0.000007	1.000015	-1.168854	
340	0.999950	-0.000027	-1.821045	0.000027	0.999950	-0.095291	
341	0.999975	-0.000017	-3.608765	0.000017	0.999975	-0.090698	
342	0.999938	-0.000010	-2.458374	0.000010	0.999938	-0.022079	
343	0.994983	-0.000098	-2.258545	0.000098	0.994983	2.711372	
344	0.992880	-0.000001	3.034058	0.000001	0.992880	4.005753	
345	0.991408	0.000014	5.563843	-0.000014	0.991408	4.506393	
346	0.991608	-0.000113	4.185059	0.000113	0.991608	4.242004	
347	0.983106	-0.000110	9.837036	0.000110	0.983106	10.193039	
348	0.991759	-0.000019	3.927368	0.000019	0.991759	3.936157	
349	0.991487	0.000037	4.146606	-0.000037	0.991487	4.914978	
350	0.991565	-0.000015	5.276611	0.000015	0.991565	4.866608	
351	0.983359	-0.000076	9.516113	0.000076	0.983359	9.068741	
352	0.991654	0.000035	7.210449	-0.000035	0.991654	5.764633	
353	0.991711	-0.000079	5.818848	0.000079	0.991711	4.345871	
354	0.991531	0.000065	6.589355	-0.000065	0.991531	4.622925	
355	0.983771	-0.000041	13.142090	0.000041	0.983771	9.604767	
356	0.991376	-0.000000	7.296631	0.000000	0.991376	5.568268	
357	0.991937	-0.000036	6.723022	0.000036	0.991937	5.185135	
358	0.992465	-0.000065	4.419312	0.000065	0.992465	4.362869	
359	0.984064	-0.000071	12.176025	0.000071	0.984064	11.623642	
360	0.992245	0.000005	4.460083	-0.000005	0.992245	4.556595	
361	0.992250	0.000028	5.427490	-0.000028	0.992250	5.232712	
362	0.993479	0.000021	4.942993	-0.000021	0.993479	3.975372	
363	0.990339	-0.000042	5.634888	0.000042	0.990339	5.915955	
364	0.995559	-0.000032	3.848511	0.000032	0.995559	3.289459	
365	0.994801	-0.000022	3.341919	0.000022	0.994801	2.603745	
366	0.996127	-0.000026	3.219788	0.000026	0.996127	3.080307	
367	0.993587	0.000055	4.598328	-0.000055	0.993587	5.604279	
368	0.999822	-0.000035	0.004517	0.000035	0.999822	1.366684	
369	0.999886	-0.000003	-0.334961	0.000003	0.999886	1.596024	
370	0.999925	0.000016	-0.868286	-0.000016	0.999925	0.894775	
371	0.999931	0.000050	0.210938	-0.000050	0.999931	2.498001	
372	0.999970	-0.000023	-0.743652	0.000023	0.999970	0.745819	
373	0.999971	0.000005	-0.152832	-0.000005	0.999971	1.489517	
374	0.999946	-0.000009	0.515869	0.000009	0.999946	1.113403	
375	0.999983	0.000017	0.063599	-0.000017	0.999983	1.791397	
376	0.999878	-0.000018	0.338501	0.000018	0.999878	1.719986	
377	0.999980	0.000002	0.085449	-0.000002	0.999980	1.462967	
378	0.999959	-0.000019	0.108032	0.000019	0.999959	3.055649	
379	0.999789	0.000035	0.189697	-0.000035	0.999789	5.215271	
380	0.999837	-0.000009	0.584473	0.000009	0.999837	3.088242	
381	0.999947	0.000061	-0.725830	-0.000061	0.999947	1.581467	
382	1.000002	-0.000040	1.090576	0.000040	1.000002	0.436905	
383	0.999947	0.000017	0.608643	-0.000017	0.999947	0.741562	
384	0.999978	-0.000041	0.141602	0.000041	0.999978	0.279007	
385	0.999984	0.000001	0.095703	-0.000001	0.999984	0.433640	
386	0.999974	0.000004	0.053833	-0.000004	0.999974	0.391098	
387	0.999968	-0.000013	0.092529	0.000013	0.999968	0.720169	
388	1.000008	0.000033	-0.295776	-0.000033	1.000008	0.022095	
389	1.000005	0.000027	0.803467	-0.000027	1.000005	0.015259	
390	0.999996	-0.000020	1.045044	0.000020	0.999996	-0.012878	
391	1.000000	0.000008	0.422729	-0.000008	1.000000	0.023071	
392	0.999991	0.000002	0.378052	-0.000002	0.999991	0.014999	
393	1.000015	0.000041	0.920776	-0.000041	1.000015	0.392395	
394	1.000006	0.000022	1.070923	-0.000022	1.000006	-0.264374	
395	1.000056	0.000014	2.072388	-0.000014	1.000056	0.370880	
396	0.999998	0.000028	2.782593	-0.000028	0.999998	-0.281219	
397	1.000026	-0.000024	1.293945	0.000024	1.000026	-0.456284	
398	1.000046	0.000108	2.409424	-0.000108	1.000046	0.857025	
399	1.000049	-0.000019	6.746948	0.000019	1.000049	-1.102386	
400	1.000008	0.000055	3.396729	-0.000055	1.000008	0.764328	
401	1.000011	0.000045	3.364868	-0.000045	1.000011	-0.272919	
402	1.000019	0.000018	3.596008	-0.000018	1.000019	-0.571747	
403	0.999990	0.000007	5.528564	-0.000007	0.999990	-0.136612	
404	1.000041	0.000121	3.634949	-0.000121	1.000041	-0.057434	
405	1.000008	0.000014	3.167175	-0.000014	1.000008	-0.086380	
406	1.000021	0.000001	3.790955	-0.000001	1.000021	-0.007263	
407	1.000023	0.000007	6.263184	-0.000007	1.000023	-0.523224	
408	1.000016	0.000029	2.872620	-0.000029	1.000016	-0.016556	
409	1.000003	0.000028	3.946777	-0.000028	1.000003	0.400726	
410	1.000021	0.000053	4.634521	-0.000053	1.000021	-0.130203	
411	1.000006	0.000032	8.915649	-0.000032	1.000006	0.076721	
412	0.999997	0.000105	5.454285	-0.000105	0.999997	-0.433548	
413	1.000049	0.000044	3.411499	-0.000044	1.000049	-0.537674	
414	1.000031	0.000117	4.764160	-0.000117	1.000031	0.201447	
415	0.999999	-0.000072	8.271362	0.000072	0.999999	-1.656876	
416	1.000057	0.000078	3.410889	-0.000078	1.000057	-0.010193	
417	0.999935	0.000021	3.549927	-0.000021	0.999935	-0.663681	
418	1.000095	0.000017	2.460388	-0.000017	1.000095	-1.519882	
419	0.999994	-0.000013	5.328857	0.000013	0.999994	-0.134094	
420	1.000030	0.000095	2.255981	-0.000095	1.000030	-0.826706	
421	1.000021	0.000010	1.504089	-0.000010	1.000021	-0.467041	
422	1.000049	0.000050	1.580933	-0.000050	1.000049	-0.966736	
423	1.000040	0.000040	2.955994	-0.000040	1.000040	-1.531052	
424	1.000054	0.000026	1.378662	-0.000026	1.000054	-1.113571	
425	1.000026	0.000028	1.989197	-0.000028	1.000026	-0.858627	
426	1.000031	0.000020	0.682922	-0.000020	1.000031	-1.155563	
427	1.000038	0.000012	3.285645	-0.000012	1.000038	-1.594971	
428	1.000035	0.000090	0.651123	-0.000090	1.000035	-1.284134	
429	1.000024	0.000007	0.966003	-0.000007	1.000024	-1.123489	
430	1.000072	0.000010	1.413696	-0.000010	1.000072	-0.774872	
431	1.000021	0.000026	1.863281	-0.000026	1.000021	-1.059341	
432	1.000065	0.000002	0.900513	-0.000002	1.000065	-0.516006	
433	0.999996	-0.000018	1.482544	0.000018	0.999996	0.154953	
434	0.999994	0.000002	1.174744	-0.000002	0.999994	-0.065842	
435	1.000094	0.000140	4.569702	-0.000140	1.000094	-1.573105	
436	1.000009	-0.000008	3.005676	0.000008	1.000009	-0.340134	
437	1.000015	-0.000040	3.799988	0.000040	1.000015	0.029861	
438	1.000008	-0.000039	2.622803	0.000039	1.000008	-0.012131	
439	1.000004	0.000065	6.786377	-0.000065	1.000004	0.500458	
440	1.000023	0.000038	3.453857	-0.000038	1.000023	-0.841476	
441	1.000054	0.000073	2.558105	-0.000073	1.000054	-0.433456	
442	1.000029	-0.000045	4.521301	0.000045	1.000029	0.348892	
443	1.000008	-0.000030	6.175781	0.000030	1.000008	-0.389099	
444	1.000029	0.000017	3.037476	-0.000017	1.000029	0.296875	
445	0.999996	-0.000006	3.403931	0.000006	0.999996	-0.107269	
446	1.000033	-0.000009	3.158936	0.000009	1.000033	0.067734	
447	1.000000	-0.000062	3.683411	0.000062	1.000000	-0.015732	
448	1.000000	-0.000154	2.939697	0.000154	1.000000	0.593719	
449	0.999947	-0.000053	0.780151	0.000053	0.999947	0.094070	
450	1.000033	0.000016	1.986328	-0.000016	1.000033	-0.237808	
451	1.000005	-0.000001	2.353333	0.000001	1.000005	-0.462463	
452	1.000042	0.000020	1.520386	-0.000020	1.000042	0.088364	
453	0.999983	0.000030	3.588318	-0.000030	0.999983	0.186417	
454	0.999994	-0.000021	1.258179	0.000021	0.999994	-0.829117	
455	0.999989	0.000000	5.348083	-0.000000	0.999989	0.266327	
456	1.000037	0.000025	2.195068	-0.000025	1.000037	-0.956879	
457	0.999995	0.000012	0.559204	-0.000012	0.999995	-0.472610	
458	1.000010	0.000017	2.033081	-0.000017	1.000010	-0.463348	
459	1.000053	0.000005	2.910034	-0.000005	1.000053	-2.481949	
460	1.000071	0.000040	0.951599	-0.000040	1.000071	-1.677582	
461	1.000042	0.000015	1.534607	-0.000015	1.000042	-0.902771	
462	1.000024	-0.000024	0.425964	0.000024	1.000024	-1.082443	
463	1.000045	0.000069	3.525879	-0.000069	1.000045	-0.758530	
464	0.999970	0.000044	1.068359	-0.000044	0.999970	-0.471039	
465	0.999997	0.000040	2.619507	-0.000040	0.999997	-0.117828	
466	1.000034	-0.000035	2.847046	0.000035	1.000034	-0.065781	
467	1.000029	0.000126	2.722961	-0.000126	1.000029	-1.138275	
468	1.000022	0.000027	2.391907	-0.000027	1.000022	-0.515366	
469	0.999985	0.000025	0.936157	-0.000025	0.999985	-1.056183	
470	1.000061	0.000025	1.062866	-0.000025	1.000061	-0.847534	
471	1.000037	-0.000007	2.624268	0.000007	1.000037	-0.545288	
472	0.999981	0.000009	0.287048	-0.000009	0.999981	-0.655457	
473	1.000012	-0.000007	0.812683	0.000007	1.000012	-0.073608	
474	1.000002	0.000001	0.314209	-0.000001	1.000002	-0.336685	
475	1.000026	0.000053	0.505310	-0.000053	1.000026	-0.387314	
476	0.999998	-0.000015	0.249207	0.000015	0.999998	-0.526230	
477	1.000039	-0.000036	-0.065369	0.000036	1.000039	-0.546173	
478	0.999949	-0.000041	0.166687	0.000041	0.999949	0.343674	
479	0.999976	-0.000073	-0.017334	0.000073	0.999976	-0.108917	
480	1.000003	-0.000042	-0.035339	0.000042	1.000003	0.042221	
481	0.999956	-0.000006	-0.336914	0.000006	0.999956	-0.432648	
482	1.000008	0.000006	-0.621948	-0.000006	1.000008	-0.035400	
483	1.000007	-0.000104	0.433167	0.000104	1.000007	0.158234	
484	0.999989	0.000002	-0.685852	-0.000002	0.999989	-0.014511	
485	0.999982	0.000020	-0.088257	-0.000020	0.999982	-0.066650	
486	1.000002	-0.000021	0.151367	0.000021	1.000002	-0.258911	
487	1.000005	-0.000011	-0.682190	0.000011	1.000005	-0.437485	
488	0.999982	-0.000054	0.474365	0.000054	0.999982	-0.509064	
489	1.000012	-0.000009	-0.086548	0.000009	1.000012	-0.345490	
490	0.999994	-0.000005	-0.306213	0.000005	0.999994	-0.155365	
491	1.000026	-0.000013	-0.228088	0.000013	1.000026	-0.524612	
492	0.999960	-0.000042	-0.053650	0.000042	0.999960	-0.029434	
493	0.999994	0.000017	-0.731750	-0.000017	0.999994	-0.644150	
494	1.000022	0.000009	-0.055237	-0.000009	1.000022	-0.511673	
495	1.000001	-0.000031	0.416565	0.000031	1.000001	-0.615295	
496	1.000031	0.000064	0.028687	-0.000064	1.000031	0.007401	
497	1.000030	-0.000008	0.455750	0.000008	1.000030	-0.048172	
498	1.000014	0.000005	-0.451294	-0.000005	1.000014	-0.293762	
499	1.000008	0.000015	0.008667	-0.000015	1.000008	-0.477158	
500	0.999989	0.000000	-0.006409	-0.000000	0.999989	-0.412064	
501	1.000043	-0.000026	0.030640	0.000026	1.000043	-0.590958	
502	1.000021	0.000004	-0.446533	-0.000004	1.000021	-0.975067	
503	1.000075	-0.000019	0.352112	0.000019	1.000075	-1.341080	
504	1.000003	0.000053	-0.007202	-0.000053	1.000003	-0.245544	
505	0.999993	0.000022	-0.047546	-0.000022	0.999993	-0.397461	
506	0.999996	0.000018	-0.043518	-0.000018	0.999996	-0.379044	
507	1.000003	0.000038	1.058594	-0.000038	1.000003	-0.423874	
508	1.000024	0.000006	-0.328308	-0.000006	1.000024	-0.618790	
509	0.999985	0.000020	-0.116333	-0.000020	0.999985	-0.020981	
510	1.000014	0.000003	0.214355	-0.000003	1.000014	0.005524	
511	0.999992	0.000000	0.322021	-0.000000	0.999992	0.013855	
512	1.000016	0.000030	0.091919	-0.000030	1.000016	0.646790	
513	0.999971	0.000017	-0.172119	-0.000017	0.999971	0.061813	
514	1.000000	0.000030	0.592224	-0.000030	1.000000	1.998352	
515	0.999836	0.000007	-0.303589	-0.000007	0.999836	2.627975	
516	1.000017	-0.000023	0.055176	0.000023	1.000017	0.292160	
517	0.999910	0.000029	0.276001	-0.000029	0.999910	1.575912	
518	0.999981	-0.000008	0.076782	0.000008	0.999981	0.313507	
519	0.999939	0.000003	0.606628	-0.000003	0.999939	1.308960	
520	0.999969	0.000022	0.033020	-0.000022	0.999969	0.809006	
521	0.999974	-0.000009	1.065796	0.000009	0.999974	1.054871	
522	1.000008	0.000007	-0.238586	-0.000007	1.000008	0.090302	
523	0.999988	0.000038	0.977356	-0.000038	0.999988	0.864594	
524	0.999937	-0.000038	-0.334473	0.000038	0.999937	-0.296860	
525	1.000025	0.000063	-0.294312	-0.000063	1.000025	-0.264771	
526	1.000021	0.000009	1.117493	-0.000009	1.000021	0.548752	
527	0.999981	-0.000012	-0.535828	0.000012	0.999981	-0.736404	
528	0.999996	-0.000010	0.646790	0.000010	0.999996	0.334152	
529	1.000014	-0.000013	0.125977	0.000013	1.000014	-0.067596	
530	0.999989	-0.000030	-0.367798	0.000030	0.999989	-0.476028	
531	1.000001	0.000061	1.238281	-0.000061	1.000001	0.324707	
532	0.999986	0.000002	-0.902344	-0.000002	0.999986	-0.567551	
533	1.000005	0.000017	0.076599	-0.000017	1.000005	-0.077347	
534	0.999987	-0.000037	0.902649	0.000037	0.999987	0.404404	
535	1.000013	0.000035	-1.151978	-0.000035	1.000013	-1.283264	
536	1.000024	-0.000011	0.610291	0.000011	1.000024	0.174103	
537	0.999981	-0.000065	0.190063	0.000065	0.999981	0.310425	
538	0.999941	0.000007	-0.340515	-0.000007	0.999941	-0.288696	
539	1.000059	0.000059	0.072998	-0.000059	1.000059	-0.137619	
540	0.999972	-0.000035	-0.112976	0.000035	0.999972	-0.020630	
541	1.000028	0.000019	0.066101	-0.000019	1.000028	0.040894	
542	0.999979	0.000015	-0.109009	-0.000015	0.999979	-0.121536	
543	1.000025	0.000004	0.281128	-0.000004	1.000025	-0.518158	
544	0.999997	-0.000007	0.012390	0.000007	0.999997	-0.017212	
545	0.999970	0.000004	-0.021362	-0.000004	0.999970	-0.025711	
546	0.999999	0.000019	-0.001465	-0.000019	0.999999	-0.027573	
547	1.000014	-0.000028	-0.054138	0.000028	1.000014	-0.866226	
548	1.000008	0.000047	-0.016418	-0.000047	1.000008	-0.069763	
549	1.000005	-0.000004	-0.065613	0.000004	1.000005	-0.037064	
550	0.999994	-0.000001	-0.224060	0.000001	0.999994	-0.018265	
551	1.000014	0.000009	-0.079407	-0.000009	1.000014	-0.192169	
552	1.000010	0.000017	-0.032898	-0.000017	1.000010	-0.171631	
553	1.000012	-0.000000	-0.056885	0.000000	1.000012	-0.192657	
554	1.000001	-0.000023	0.131348	0.000023	1.000001	-0.074432	
555	1.000010	-0.000008	-0.269104	0.000008	1.000010	-0.376404	
556	1.000007	0.000017	0.193726	-0.000017	1.000007	-0.044266	
557	0.999993	0.000001	0.289551	-0.000001	0.999993	-0.005890	
558	0.999991	-0.000001	-0.303589	0.000001	0.999991	-0.267975	
559	1.000003	0.000005	0.087646	-0.000005	1.000003	-0.092529	
560	1.000001	-0.000015	-0.003967	0.000015	1.000001	-0.402802	
561	1.000000	0.000016	0.007324	-0.000016	1.000000	-0.235214	
562	1.000006	0.000003	-0.143555	-0.000003	1.000006	-0.261047	
563	1.000038	0.000008	0.426331	-0.000008	1.000038	-0.085541	
564	0.999994	0.000017	-0.521851	-0.000017	0.999994	-0.363678	
565	1.000004	0.000027	0.240662	-0.000027	1.000004	-0.002747	
566	0.999986	-0.000010	-0.054321	0.000010	0.999986	-0.018158	
567	0.999984	-0.000041	0.055054	0.000041	0.999984	0.225296	
568	0.999981	-0.000100	0.051941	0.000100	0.999981	0.051331	
569	0.999997	-0.000051	0.013672	0.000051	0.999997	0.344055	
570	0.999980	-0.000029	-0.019287	0.000029	0.999980	0.004837	
571	0.999979	-0.000072	-0.022705	0.000072	0.999979	0.047424	
572	0.999995	-0.000011	0.028809	0.000011	0.999995	0.026779	
573	1.000025	-0.000025	0.214355	0.000025	1.000025	-0.070953	
574	0.999982	0.000019	-0.828857	-0.000019	0.999982	-0.264633	
575	1.000054	0.000092	0.309204	-0.000092	1.000054	-0.383362	
576	1.000007	0.000033	-0.282166	-0.000033	1.000007	-0.521179	
577	1.000006	0.000006	0.321350	-0.000006	1.000006	-0.033066	
578	1.000001	0.000004	0.063904	-0.000004	1.000001	-0.139572	
579	1.000060	0.000050	0.078125	-0.000050	1.000060	-0.880081	
580	0.999982	-0.000022	0.167358	0.000022	0.999982	-0.069031	
581	0.999993	0.000010	-0.244995	-0.000010	0.999993	-0.030762	
582	1.000004	0.000011	0.189087	-0.000011	1.000004	-0.022293	
583	1.000007	-0.000009	-0.111816	0.000009	1.000007	-0.319809	
584	1.000012	0.000032	-0.035278	-0.000032	1.000012	-0.090164	
585	1.000015	0.000021	-0.020874	-0.000021	1.000015	-0.102676	
586	0.999983	0.000065	-0.025085	-0.000065	0.999983	-0.409729	
587	1.000041	-0.000001	-0.094421	0.000001	1.000041	-0.077759	
588	1.000004	0.000012	-0.059570	-0.000012	1.000004	-0.139999	
589	1.000022	-0.000009	0.010742	0.000009	1.000022	-0.075378	
590	1.000023	0.000003	0.074158	-0.000003	1.000023	-0.077057	
591	0.999992	0.000034	0.022644	-0.000034	0.999992	-0.163864	
592	1.000008	-0.000006	0.246094	0.000006	1.000008	-0.013504	
593	1.000024	-0.000015	0.178772	0.000015	1.000024	-0.017517	
594	0.999985	0.000006	-0.279358	-0.000006	0.999985	0.003815	
595	1.000008	0.000006	0.356812	-0.000006	1.000008	-0.015915	
596	0.999989	0.000023	0.009705	-0.000023	0.999989	-0.039032	
597	1.000050	-0.000009	0.346069	0.000009	1.000050	-0.057083	
598	0.999980	-0.000043	-0.062500	0.000043	0.999980	0.254105	
599	1.000004	-0.000003	-0.140625	0.000003	1.000004	-0.504166	
600	1.000023	0.000007	0.094421	-0.000007	1.000023	0.027618	
601	1.000017	-0.000015	0.046021	0.000015	1.000017	-0.017044	
602	0.999991	-0.000011	-0.105774	0.000011	0.999991	-0.003677	
603	0.999995	-0.000103	-0.063232	0.000103	0.999995	0.011795	
604	0.999992	-0.000015	-0.041504	0.000015	0.999992	-0.005356	
605	0.999976	0.000019	-0.150696	-0.000019	0.999976	-0.028290	
606	0.999995	-0.000057	0.334167	0.000057	0.999995	0.331375	
607	0.999994	-0.000050	-0.462280	0.000050	0.999994	0.030746	
608	0.999995	-0.000098	0.008728	0.000098	0.999995	0.040085	
609	0.999993	-0.000008	-0.152588	0.000008	0.999993	0.105194	
610	1.000014	-0.000021	0.110168	0.000021	1.000014	0.250046	
611	1.000010	-0.000130	-0.872314	0.000130	1.000010	0.109787	
612	0.999975	-0.000010	-0.525085	0.000010	0.999975	-0.062851	
613	1.000003	-0.000020	0.453308	0.000020	1.000003	0.620377	
614	0.999991	-0.000016	-0.044312	0.000016	0.999991	-0.021774	
615	1.000003	-0.000013	-0.296509	0.000013	1.000003	-0.062332	
616	0.999986	-0.000006	-0.095154	0.000006	0.999986	0.345032	
617	0.999962	-0.000050	-0.388977	0.000050	0.999962	-0.199570	
618	1.000015	0.000014	-0.328491	-0.000014	1.000015	0.010696	
619	1.000000	0.000004	-0.282837	-0.000004	1.000000	0.025406	
620	1.000005	0.000011	-0.308594	-0.000011	1.000005	0.012924	
621	0.999993	0.000002	0.006531	-0.000002	0.999993	0.002914	
622	1.000030	-0.000001	0.054688	0.000001	1.000030	-0.007874	
623	0.999996	-0.000024	-0.968445	0.000024	0.999996	-0.013351	
624	0.999984	0.000013	-0.232300	-0.000013	0.999984	0.020752	
625	1.000034	-0.000003	-0.287964	0.000003	1.000034	0.364288	
626	0.999970	-0.000042	-0.376465	0.000042	0.999970	0.294205	
627	1.000008	0.000008	-1.266235	-0.000008	1.000008	0.606369	
628	0.999977	-0.000017	-0.724731	0.000017	0.999977	0.904297	
629	0.999953	0.000014	-0.717163	-0.000014	0.999953	1.308136	
630	0.999972	-0.000023	-1.010742	0.000023	0.999972	0.958862	
631	1.000008	0.000004	-2.775269	-0.000004	1.000008	1.358658	
632	0.999919	-0.000030	-1.352661	0.000030	0.999919	1.026520	
633	0.999945	-0.000021	-2.591370	0.000021	0.999945	0.154358	
634	1.000008	-0.000027	-3.099915	0.000027	1.000008	0.621414	
635	0.999945	-0.000015	-5.541809	0.000015	0.999945	1.630005	
636	0.999972	-0.000044	-2.958679	0.000044	0.999972	0.697083	
637	0.999983	-0.000011	-3.211304	0.000011	0.999983	1.054871	
638	0.999968	-0.000007	-2.766235	0.000007	0.999968	0.649841	
639	0.999966	-0.000012	-5.138550	0.000012	0.999966	1.379028	
640	0.999982	-0.000035	-1.987000	0.000035	0.999982	0.866165	
641	0.999926	0.000010	-1.897644	-0.000010	0.999926	0.836502	
642	0.999963	-0.000014	-1.700928	0.000014	0.999963	0.807648	
643	0.999970	-0.000033	-3.669983	0.000033	0.999970	1.477539	
644	0.999977	-0.000012	-1.548645	0.000012	0.999977	1.060242	
645	0.999924	-0.000007	-1.342285	0.000007	0.999924	0.781433	
646	0.999949	-0.000010	-1.626099	0.000010	0.999949	0.691071	
647	0.999927	-0.000002	-1.602783	0.000002	0.999927	1.563599	
648	0.999972	0.000001	-1.227783	-0.000001	0.999972	0.624344	
649	0.999975	-0.000025	-1.513306	0.000025	0.999975	0.604401	
650	0.999966	0.000000	-1.059631	-0.000000	0.999966	1.160736	
651	0.999970	-0.000025	-2.544617	0.000025	0.999970	1.064926	
652	0.999993	0.000006	-1.328308	-0.000006	0.999993	1.013733	
653	0.999928	-0.000029	-1.390015	0.000029	0.999928	0.733459	
654	0.999974	-0.000034	-1.320190	0.000034	0.999974	0.590546	
655	0.999961	-0.000010	-3.413879	0.000010	0.999961	1.331406	
656	0.999946	-0.000026	-1.587891	0.000026	0.999946	0.900757	
657	0.999946	-0.000032	-1.431519	0.000032	0.999946	0.600952	
658	0.999970	-0.000017	-1.601501	0.000017	0.999970	0.618301	
659	0.999978	-0.000012	-2.951111	0.000012	0.999978	0.842422	
660	0.999939	-0.000060	-1.826782	0.000060	0.999939	0.354294	
661	0.999989	-0.000006	-1.606934	0.000006	0.999989	0.333435	
662	0.999981	-0.000023	-1.265625	0.000023	0.999981	0.050705	
663	0.999938	-0.000026	-3.632812	0.000026	0.999938	1.096313	
664	0.999987	-0.000028	-1.213257	0.000028	0.999987	0.155533	
665	0.999992	-0.000002	-1.947693	0.000002	0.999992	0.007751	
666	0.999977	-0.000017	-1.625488	0.000017	0.999977	0.365433	
667	1.000005	-0.000082	-3.704285	0.000082	1.000005	0.025620	
668	0.999984	0.000039	-1.594238	-0.000039	0.999984	0.391769	
669	0.999957	-0.000017	-1.477356	0.000017	0.999957	0.126663	
670	0.999974	-0.000013	-1.984009	0.000013	0.999974	0.030823	
671	0.999981	-0.000039	-2.894897	0.000039	0.999981	0.540756	
672	0.999985	0.000001	-1.544006	-0.000001	0.999985	-0.000702	
673	0.999977	-0.000038	-1.728638	0.000038	0.999977	0.060410	
674	0.999963	-0.000002	-2.496094	0.000002	0.999963	0.420258	
675	0.999979	-0.000055	-4.222595	0.000055	0.999979	0.551880	
676	1.000005	0.000024	-2.239502	-0.000024	1.000005	0.038132	
677	1.000000	-0.000013	-2.002380	0.000013	1.000000	0.278275	
678	0.999998	-0.000011	-2.526306	0.000011	0.999998	0.356003	
679	0.999987	-0.000020	-4.106689	0.000020	0.999987	0.436325	
680	0.999974	-0.000014	-2.024597	0.000014	0.999974	0.573578	
681	0.999982	-0.000010	-1.944885	0.000010	0.999982	0.391434	
682	1.000013	0.000019	-2.178955	-0.000019	1.000013	0.319916	
683	0.999962	-0.000001	-1.567688	0.000001	0.999962	1.936676	
684	0.999950	-0.000039	-0.864197	0.000039	0.999950	1.019745	
685	1.000010	0.000032	-1.103821	-0.000032	1.000010	1.185745	
686	0.999901	0.000013	-0.084778	-0.000013	0.999901	1.959717	
687	0.999904	-0.000015	-0.470886	0.000015	0.999904	2.893051	
688	0.999964	0.000022	0.334900	-0.000022	0.999964	0.752182	
689	1.000021	-0.000034	0.365967	0.000034	1.000021	0.298096	
690	1.000025	0.000012	-0.122925	-0.000012	1.000025	0.029724	
691	0.999981	0.000000	0.516113	-0.000000	0.999981	1.466064	
692	0.999989	-0.000006	-0.194214	0.000006	0.999989	0.022537	
693	1.000017	0.000008	-0.822998	-0.000008	1.000017	1.171906	
694	0.999975	0.000031	0.432312	-0.000031	0.999975	1.129501	
695	0.999939	0.000012	0.478027	-0.000012	0.999939	0.919235	
696	0.999984	-0.000008	0.081848	0.000008	0.999984	0.843231	
697	1.000000	-0.000044	0.084045	0.000044	1.000000	0.543304	
698	0.999996	0.000005	0.406006	-0.000005	0.999996	0.848862	
699	0.999915	-0.000002	0.109924	0.000002	0.999915	0.896347	
700	0.999964	0.000003	0.290161	-0.000003	0.999964	0.749832	
701	0.999987	-0.000020	0.300354	0.000020	0.999987	-0.017548	
702	0.999974	-0.000033	0.134277	0.000033	0.999974	-0.023300	
703	1.000012	-0.000006	0.709229	0.000006	1.000012	0.564651	
704	1.000018	0.000007	0.032227	-0.000007	1.000018	0.039856	
705	0.999996	0.000072	-0.047424	-0.000072	0.999996	0.618179	
706	1.000000	-0.000018	-0.022400	0.000018	1.000000	0.430298	
707	0.999963	0.000012	0.001648	-0.000012	0.999963	0.622787	
708	0.999998	-0.000021	0.146912	0.000021	0.999998	0.325363	
709	0.999974	0.000010	0.094849	-0.000010	0.999974	0.354843	
710	0.999984	-0.000006	0.080322	0.000006	0.999984	0.266968	
711	0.999979	-0.000006	0.152588	0.000006	0.999979	0.459976	
712	0.999979	-0.000009	0.056824	0.000009	0.999979	0.185287	
713	0.999982	-0.000006	0.072632	0.000006	0.999982	0.202576	
714	0.999978	0.000007	0.040039	-0.000007	0.999978	0.251053	
715	1.000000	-0.000014	0.017151	0.000014	1.000000	0.350906	
716	0.999990	0.000005	0.057617	-0.000005	0.999990	0.025085	
717	1.000009	-0.000010	0.069031	0.000010	1.000009	0.047668	
718	1.000009	0.000000	0.030945	-0.000000	1.000009	0.025970	
719	0.999980	0.000006	0.074402	-0.000006	0.999980	0.345520	
720	0.999997	0.000013	0.002991	-0.000013	0.999997	0.025604	
721	0.999983	-0.000002	0.028381	0.000002	0.999983	0.082123	
722	0.999982	-0.000006	0.015991	0.000006	0.999982	0.105881	
723	0.999979	-0.000000	0.216797	0.000000	0.999979	0.191833	
724	0.999983	0.000005	0.435913	-0.000005	0.999983	0.202301	
725	0.999964	-0.000015	-0.088257	0.000015	0.999964	0.035751	
726	1.000007	-0.000003	0.053772	0.000003	1.000007	0.151306	
727	1.000020	-0.000005	0.144226	0.000005	1.000020	0.392761	
728	0.999996	0.000002	-0.000427	-0.000002	0.999996	0.011597	
729	0.999995	-0.000005	0.019409	0.000005	0.999995	0.016220	
730	0.999995	0.000014	0.014709	-0.000014	0.999995	0.028687	
731	1.000010	0.000003	-0.013367	-0.000003	1.000010	0.004074	
732	0.999991	0.000006	0.128235	-0.000006	0.999991	0.184464	
733	0.999996	-0.000004	0.007690	0.000004	0.999996	0.131653	
734	0.999994	0.000000	0.014404	-0.000000	0.999994	0.068954	
735	0.999977	0.000005	0.085449	-0.000005	0.999977	0.183319	
736	0.999994	-0.000003	0.002563	0.000003	0.999994	0.049820	
737	0.999986	0.000002	0.004700	-0.000002	0.999986	0.079971	
738	0.999993	-0.000005	0.000305	0.000005	0.999993	0.112320	
739	0.999998	-0.000004	-0.002136	0.000004	0.999998	0.312119	
740	0.999991	-0.000012	0.013916	0.000012	0.999991	-0.002914	
741	1.000011	-0.000001	-0.010254	0.000001	1.000011	0.015060	
742	0.999990	0.000009	0.010742	-0.000009	0.999990	0.022552	
743	0.999986	0.000002	0.037292	-0.000002	0.999986	0.055847	
744	1.000004	0.000010	0.049438	-0.000010	1.000004	0.120438	
745	1.000003	0.000000	0.071167	-0.000000	1.000003	0.181931	
746	1.000008	0.000002	0.041809	-0.000002	1.000008	0.064575	
747	0.999970	0.000002	0.119507	-0.000002	0.999970	0.342133	
748	0.999991	-0.000027	0.050171	0.000027	0.999991	0.119644	
749	0.999973	-0.000009	0.075195	0.000009	0.999973	0.208542	
750	1.000021	0.000004	0.001892	-0.000004	1.000021	-0.004913	
751	0.999999	0.000022	0.920227	-0.000022	0.999999	0.392960	
752	1.000008	-0.000016	0.337280	0.000016	1.000008	-0.000061	
753	0.999973	-0.000014	0.137207	0.000014	0.999973	0.061890	
754	1.000034	-0.000004	0.259766	0.000004	1.000034	0.264709	
755	0.999984	0.000003	0.466248	-0.000003	0.999984	0.116257	
756	1.000006	0.000018	0.195435	-0.000018	1.000006	0.152084	
757	1.000023	-0.000005	0.222778	0.000005	1.000023	0.182587	
758	1.000006	-0.000001	0.173706	0.000001	1.000006	0.145126	
759	0.999992	0.000048	0.530884	-0.000048	0.999992	0.343323	
760	0.999992	-0.000041	1.130615	0.000041	0.999992	-0.009033	
761	0.999982	0.000001	0.032349	-0.000001	0.999982	0.037186	
762	0.999970	0.000013	0.057190	-0.000013	0.999970	0.097412	
763	0.999988	-0.000026	0.350159	0.000026	0.999988	0.462311	
764	0.999981	-0.000001	0.049377	0.000001	0.999981	0.069992	
765	0.999990	0.000012	0.152222	-0.000012	0.999990	0.088486	
766	1.000003	-0.000012	0.018372	0.000012	1.000003	0.023712	
767	0.999972	-0.000011	-0.108337	0.000011	0.999972	0.507492	
768	0.999974	-0.000000	-0.033203	0.000000	0.999974	0.270844	
769	0.999994	-0.000007	-0.002197	0.000007	0.999994	0.003387	
770	1.000010	-0.000008	0.023132	0.000008	1.000010	0.037796	
771	0.999963	0.000004	-0.383789	-0.000004	0.999963	0.109848	
772	0.999980	0.000002	0.020386	-0.000002	0.999980	0.033173	
773	0.999990	0.000005	-0.000488	-0.000005	0.999990	0.029037	
774	0.999966	0.000021	-0.307007	-0.000021	0.999966	0.187866	
775	0.999993	-0.000013	-0.263733	0.000013	0.999993	0.414932	
776	1.000000	-0.000002	0.000671	0.000002	1.000000	0.010025	
777	0.999995	0.000013	0.041199	-0.000013	0.999995	0.027893	
778	1.000022	0.000012	0.091980	-0.000012	1.000022	0.016129	
779	0.999907	-0.000009	-0.149841	0.000009	0.999907	0.029419	
780	0.999991	0.000002	-0.012634	-0.000002	0.999991	0.005371	
781	0.999998	0.000001	-0.013794	-0.000001	0.999998	0.067856	
782	0.999988	-0.000003	0.004333	0.000003	0.999988	0.018402	
783	0.999978	-0.000008	-0.292969	0.000008	0.999978	0.099472	
784	1.000025	0.000006	0.153320	-0.000006	1.000025	0.144241	
785	1.000009	0.000009	-0.389465	-0.000009	1.000009	-0.013779	
786	0.999982	0.000033	-0.108032	-0.000033	0.999982	0.032593	
787	0.999964	0.000000	0.078674	-0.000000	0.999964	0.331680	
788	0.999971	-0.000011	-0.223633	0.000011	0.999971	0.066101	
789	0.999980	0.000020	0.239807	-0.000020	0.999980	0.432266	
790	0.999972	-0.000015	0.030823	0.000015	0.999972	0.086014	
791	0.999935	0.000007	0.205261	-0.000007	0.999935	0.242508	
792	0.999965	-0.000005	0.061523	0.000005	0.999965	0.041595	
793	1.000003	-0.000025	0.297241	0.000025	1.000003	0.020447	
794	0.999974	-0.000017	-0.100891	0.000017	0.999974	0.264465	
795	0.999977	-0.000026	-0.205994	0.000026	0.999977	0.146744	
796	0.999974	0.000002	0.113037	-0.000002	0.999974	0.271790	
797	0.999996	-0.000020	-0.012390	0.000020	0.999996	-0.030762	
798	0.999975	-0.000024	-0.106873	0.000024	0.999975	-0.005981	
799	0.999990	0.000008	0.356506	-0.000008	0.999990	0.373337	
800	0.999994	-0.000007	0.009094	0.000007	0.999994	0.018295	
801	0.999987	-0.000010	0.070129	0.000010	0.999987	0.026779	
802	0.999982	0.000002	0.099182	-0.000002	0.999982	0.033386	
803	0.999970	-0.000006	0.045593	0.000006	0.999970	0.318420	
804	0.999991	0.000000	0.009949	-0.000000	0.999991	0.042679	
805	0.999983	0.000002	0.002747	-0.000002	0.999983	0.067368	
806	0.999989	0.000003	0.007935	-0.000003	0.999989	0.109131	
807	0.999970	-0.000007	0.016724	0.000007	0.999970	0.092316	
808	0.999982	0.000000	-0.002991	-0.000000	0.999982	0.017197	
809	0.999988	-0.000003	0.001465	0.000003	0.999988	0.003677	
810	0.999987	-0.000003	-0.002563	0.000003	0.999987	0.008484	
811	0.999993	0.000000	-0.148743	-0.000000	0.999993	0.015335	
812	1.000002	0.000005	-0.050842	-0.000005	1.000002	0.008209	
813	0.999997	-0.000000	-0.003418	0.000000	0.999997	0.008972	
814	0.999995	0.000005	0.079651	-0.000005	0.999995	0.032669	
815	1.000008	-0.000005	0.004822	0.000005	1.000008	0.010605	
816	1.000009	0.000000	-0.010193	-0.000000	1.000009	0.093323	
817	0.999995	0.000006	-0.018921	-0.000006	0.999995	0.205719	
818	0.999996	-0.000000	-0.016968	0.000000	0.999996	0.025238	
819	0.999983	0.000003	0.037231	-0.000003	0.999983	0.133224	
820	0.999989	-0.000003	0.033569	0.000003	0.999989	0.038513	
821	0.999991	-0.000003	0.021057	0.000003	0.999991	0.105316	
822	0.999993	0.000001	0.019958	-0.000001	0.999993	0.122955	
823	0.999968	-0.000001	-0.015137	0.000001	0.999968	0.101593	
824	0.999982	0.000005	0.006714	-0.000005	0.999982	0.236450	
825	0.999996	-0.000005	0.009583	0.000005	0.999996	0.144577	
826	0.999999	0.000010	-0.009399	-0.000010	0.999999	0.124619	
827	0.999999	-0.000014	-0.466248	0.000014	0.999999	0.165939	
828	0.999984	0.000022	-0.319519	-0.000022	0.999984	0.111496	
829	1.000006	0.000003	-0.038391	-0.000003	1.000006	0.013824	
830	0.999995	-0.000009	-0.261780	0.000009	0.999995	0.010681	
831	1.000012	0.000011	-0.459839	-0.000011	1.000012	0.025055	
832	0.999965	-0.000014	-0.339050	0.000014	0.999965	-0.003479	
833	1.000000	0.000001	-0.677307	-0.000001	1.000000	0.001007	
834	0.999983	0.000003	-0.039368	-0.000003	0.999983	0.006363	
835	0.999989	-0.000018	-1.347961	0.000018	0.999989	-0.025635	
836	0.999997	-0.000001	-0.338074	0.000001	0.999997	0.003098	
837	0.999984	-0.000019	-0.415588	0.000019	0.999984	-0.079224	
838	0.999998	-0.000008	-1.091187	0.000008	0.999998	-0.008957	
839	0.999990	0.000013	-0.576599	-0.000013	0.999990	0.023697	
840	1.000000	0.000002	-0.629761	-0.000002	1.000000	0.004837	
841	1.000005	-0.000005	-0.027710	0.000005	1.000005	-0.007172	
842	0.999988	-0.000019	-0.451050	0.000019	0.999988	0.000488	
843	1.000002	0.000021	-1.029602	-0.000021	1.000002	0.051849	
844	0.999999	-0.000069	-0.401917	0.000069	0.999999	-0.016556	
845	1.000004	0.000057	-1.313538	-0.000057	1.000004	0.030594	
846	0.999981	0.000004	-0.315857	-0.000004	0.999981	0.337997	
847	1.000004	-0.000001	-0.569824	0.000001	1.000004	-0.015274	
848	0.999997	-0.000052	0.011353	0.000052	0.999997	0.088150	
849	1.000012	0.000030	-1.133667	-0.000030	1.000012	-0.150330	
850	0.999987	-0.000024	-1.054382	0.000024	0.999987	-0.092773	
851	1.000010	0.000022	0.218750	-0.000022	1.000010	0.057571	
852	0.999954	-0.000011	0.044189	0.000011	0.999954	-0.064331	
853	1.000013	-0.000011	0.397949	0.000011	1.000013	-0.107971	
854	1.000006	-0.000017	0.331299	0.000017	1.000006	-0.085144	
855	0.999969	-0.000004	-0.405701	0.000004	0.999969	-0.014862	
856	1.000032	-0.000004	0.089111	0.000004	1.000032	-0.027023	
857	0.999985	-0.000016	-0.129211	0.000016	0.999985	-0.024689	
858	1.000004	-0.000015	-0.140076	0.000015	1.000004	0.002197	
859	0.999999	0.000010	0.245239	-0.000010	0.999999	-0.078461	
860	1.000025	-0.000044	0.327148	0.000044	1.000025	-0.076309	
861	1.000002	-0.000002	-0.069458	0.000002	1.000002	-0.007263	
862	0.999997	-0.000020	0.028809	0.000020	0.999997	0.117752	
863	1.000002	0.000014	0.003662	-0.000014	1.000002	0.011124	
864	0.999997	0.000002	-0.001282	-0.000002	0.999997	-0.000214	
865	1.000007	0.000005	0.019226	-0.000005	1.000007	0.009079	
866	1.000036	0.000027	0.070862	-0.000027	1.000036	0.023224	
867	0.999992	-0.000007	0.031128	0.000007	0.999992	0.003311	
868	0.999994	0.000008	0.002502	-0.000008	0.999994	0.021454	
869	0.999957	0.000010	0.170593	-0.000010	0.999957	0.072388	
870	1.000005	0.000001	0.286011	-0.000001	1.000005	0.063156	
871	0.999996	0.000001	0.264099	-0.000001	0.999996	0.059631	
872	0.999998	0.000007	0.048340	-0.000007	0.999998	0.003204	
873	0.999997	0.000006	0.031555	-0.000006	0.999997	0.003189	
874	0.999995	-0.000018	-0.262512	0.000018	0.999995	0.017578	
875	1.000008	0.000030	-0.149719	-0.000030	1.000008	0.055511	
876	0.999994	-0.000009	0.223511	0.000009	0.999994	-0.008926	
877	1.000013	-0.000002	0.296265	0.000002	1.000013	-0.005707	
878	1.000025	-0.000002	0.160828	0.000002	1.000025	-0.005615	
879	0.999995	-0.000003	0.028076	0.000003	0.999995	0.012589	
880	0.999998	0.000004	0.013550	-0.000004	0.999998	0.009766	
881	0.999997	-0.000004	0.032959	0.000004	0.999997	0.004547	
882	0.999977	0.000002	0.104248	-0.000002	0.999977	0.006805	
883	0.999995	0.000161	-0.629395	-0.000161	0.999995	0.028473	
884	0.999991	0.000018	0.038208	-0.000018	0.999991	0.014542	
885	1.000005	-0.000132	0.767944	0.000132	1.000005	0.115646	
886	0.999985	-0.000029	-0.021729	0.000029	0.999985	0.130234	
887	1.000021	0.000044	-0.349426	-0.000044	1.000021	-0.158188	
888	0.999995	0.000197	-1.408447	-0.000197	0.999995	-1.164261	
889	1.000065	-0.000055	0.847595	0.000055	1.000065	-0.218002	
890	0.999981	-0.000046	0.213257	0.000046	0.999981	0.437881	
891	0.999960	-0.000157	0.642029	0.000157	0.999960	0.875671	
892	0.999994	0.000035	0.007385	-0.000035	0.999994	0.018280	
893	0.999973	0.000117	0.172791	-0.000117	0.999973	0.004425	
894	1.000005	0.000030	0.004883	-0.000030	1.000005	-0.005157	
895	0.999957	0.000005	-0.120972	-0.000005	0.999957	-0.036377	
896	1.000003	-0.000012	-0.039673	0.000012	1.000003	-0.038742	
897	1.000007	-0.000027	0.269287	0.000027	1.000007	-0.052231	
898	1.000009	-0.000022	0.227539	0.000022	1.000009	-0.034500	
899	0.999988	0.000154	-0.434143	-0.000154	0.999988	-0.794250	
900	1.000045	-0.000032	0.174683	0.000032	1.000045	-0.587616	
901	1.000024	-0.000105	0.070984	0.000105	1.000024	-0.325684	
902	0.999991	0.000073	-0.517090	-0.000073	0.999991	0.255310	
903	0.999981	0.000045	-0.213196	-0.000045	0.999981	-0.260086	
904	1.000001	-0.000016	0.003967	0.000016	1.000001	0.301331	
905	0.999990	-0.000008	0.011230	0.000008	0.999990	0.031250	
906	0.999982	0.000031	0.047974	-0.000031	0.999982	-0.566193	
907	0.999970	0.000018	-0.086731	-0.000018	0.999970	-0.433121	
908	1.000018	0.000009	0.045959	-0.000009	1.000018	-0.003662	
909	1.000001	-0.000013	-0.098999	0.000013	1.000001	-0.112320	
910	0.999967	0.000045	-0.245789	-0.000045	0.999967	-0.437195	
911	1.000033	-0.000039	0.352844	0.000039	1.000033	-0.366257	
912	1.000006	-0.000015	-0.008789	0.000015	1.000006	-0.026031	
913	1.000016	-0.000006	0.112976	0.000006	1.000016	-0.032898	
914	1.000024	0.000030	0.065125	-0.000030	1.000024	-0.077911	
915	0.999994	-0.000006	0.202759	0.000006	0.999994	-0.731110	
916	1.000011	-0.000027	0.046204	0.000027	1.000011	-0.165390	
917	0.999987	0.000010	0.011780	-0.000010	0.999987	-0.144684	
918	1.000018	0.000058	-0.213135	-0.000058	1.000018	-0.567932	
919	0.999983	-0.000015	0.455505	0.000015	0.999983	-0.102600	
920	0.999990	-0.000065	-0.150391	0.000065	0.999990	-0.265686	
921	1.000012	0.000052	-0.049011	-0.000052	1.000012	-0.296631	
922	1.000011	0.000040	-0.044983	-0.000040	1.000011	-0.290421	
923	1.000022	-0.000061	-0.047668	0.000061	1.000022	-1.085007	
924	1.000020	0.000043	-0.056763	-0.000043	1.000020	-0.106918	
925	0.999979	0.000009	0.140747	-0.000009	0.999979	-0.366806	
926	1.000053	-0.000016	-0.263245	0.000016	1.000053	-0.739273	
927	1.000000	0.000001	-0.134888	-0.000001	1.000000	-0.561249	
928	1.000000	-0.000004	-0.038940	0.000004	1.000000	-0.417343	
929	1.000009	0.000005	0.002686	-0.000005	1.000009	-0.368393	
930	1.000001	0.000037	0.014648	-0.000037	1.000001	-0.544693	
931	1.000051	-0.000011	0.018372	0.000011	1.000051	-1.641556	
932	1.000075	0.000011	0.073059	-0.000011	1.000075	-0.941559	
933	1.000017	-0.000025	-0.081543	0.000025	1.000017	-0.679947	
934	0.999961	-0.000003	-0.028564	0.000003	0.999961	-0.438568	
935	1.000037	0.000015	-0.026367	-0.000015	1.000037	-0.901825	
936	1.000013	-0.000013	-0.002686	0.000013	1.000013	-0.510712	
937	1.000073	-0.000020	0.116943	0.000020	1.000073	-0.543625	
938	1.000027	-0.000001	0.090149	0.000001	1.000027	-0.920410	
939	1.000060	0.000018	-0.011108	-0.000018	1.000060	-0.867767	
940	0.999984	-0.000035	0.227112	0.000035	0.999984	-0.702820	
941	1.000043	0.000015	0.086609	-0.000015	1.000043	-0.759705	
942	1.000025	0.000049	0.010803	-0.000049	1.000025	-0.258255	
943	1.000065	-0.000061	0.021667	0.000061	1.000065	-1.224686	
944	1.000027	0.000032	0.282715	-0.000032	1.000027	-0.125198	
945	1.001732	-0.000007	-0.996155	0.000007	1.001732	-1.816299	
946	1.002527	-0.000019	-2.404968	0.000019	1.002527	-2.265320	
947	1.003557	-0.000002	-2.775818	0.000002	1.003557	-3.075287	
948	1.003901	0.000011	-3.258606	-0.000011	1.003901	-2.974594	
949	1.003317	0.000010	-3.136719	-0.000010	1.003317	-2.583923	
950	1.003955	-0.000067	-3.701538	0.000067	1.003955	-2.966522	
951	1.006473	0.000029	-5.746948	-0.000029	1.006473	-5.117950	
952	1.003133	0.000013	-2.470154	-0.000013	1.003133	-2.016220	
953	1.002180	-0.000020	-2.038757	0.000020	1.002180	-1.398102	
954	1.003723	0.000017	-2.892395	-0.000017	1.003723	-2.100357	
955	1.006725	-0.000000	-5.628601	0.000000	1.006725	-4.414459	
956	1.002605	-0.000018	-1.759216	0.000018	1.002605	-1.603195	
957	1.003123	0.000002	-2.574463	-0.000002	1.003123	-2.574814	
958	1.003553	-0.000013	-3.468994	0.000013	1.003553	-2.992935	
959	1.006147	-0.000024	-4.620239	0.000024	1.006147	-5.091095	
960	1.003043	0.000003	-2.866089	-0.000003	1.003043	-2.970505	
961	1.003046	0.000030	-2.612488	-0.000030	1.003046	-2.433380	
962	1.003778	-0.000064	-3.005554	0.000064	1.003778	-2.441467	
963	1.005386	0.000038	-5.201477	-0.000038	1.005386	-5.114716	
964	1.003566	-0.000019	-3.123901	0.000019	1.003566	-2.720505	
965	1.003610	-0.000037	-3.490112	0.000037	1.003610	-3.175629	
966	1.002875	0.000002	-2.772644	-0.000002	1.002875	-2.417419	
967	1.006044	-0.000013	-5.717529	0.000013	1.006044	-4.977829	
968	1.003810	-0.000007	-3.669800	0.000007	1.003810	-3.331955	
969	1.002928	0.000023	-2.935791	-0.000023	1.002928	-2.708466	
970	1.002927	-0.000005	-3.101379	0.000005	1.002927	-3.117706	
971	1.006464	0.000003	-5.944580	-0.000003	1.006464	-6.920181	
972	1.003243	-0.000014	-3.020874	0.000014	1.003243	-3.184509	
973	1.002942	-0.000031	-2.843018	0.000031	1.002942	-3.387024	
974	1.002673	0.000028	-2.268921	-0.000028	1.002673	-3.018036	
975	1.006435	0.000024	-5.560974	-0.000024	1.006435	-5.912735	
976	1.002923	0.000026	-2.679138	-0.000026	1.002923	-2.857422	
977	1.003031	-0.000049	-2.879395	0.000049	1.003031	-3.299530	
978	1.003574	0.000023	-3.117920	-0.000023	1.003574	-2.885910	
979	1.006156	-0.000015	-3.965820	0.000015	1.006156	-5.705887	
980	1.002864	0.000019	-2.261169	-0.000019	1.002864	-2.718170	
981	1.004054	0.000047	-1.952393	-0.000047	1.004054	-3.002289	
982	1.003267	-0.000029	-1.198975	0.000029	1.003267	-3.247284	
983	1.001693	0.000060	0.518555	-0.000060	1.001693	-2.899948	
984	1.000100	-0.000026	1.405823	0.000026	1.000100	-1.540955	
985	1.000004	0.000044	0.912720	-0.000044	1.000004	-1.290253	
986	1.000064	0.000002	1.091980	-0.000002	1.000064	-1.171265	
987	1.000064	-0.000011	2.355103	0.000011	1.000064	-2.585999	
988	1.000019	0.000020	1.015564	-0.000020	1.000019	-1.128922	
989	1.000048	0.000003	0.430237	-0.000003	1.000048	-1.264877	
990	1.000011	0.000007	0.619385	-0.000007	1.000011	-0.766205	
991	1.000068	-0.000022	2.130066	0.000022	1.000068	-2.241257	
992	0.999990	0.000014	0.988037	-0.000014	0.999990	-1.192291	
993	1.000050	-0.000039	1.064636	0.000039	1.000050	-1.117722	
994	1.000019	-0.000016	0.585205	0.000016	1.000019	-0.293640	
995	0.999998	0.000019	2.775269	-0.000019	0.999998	-1.492950	
996	1.000028	-0.000007	1.049194	0.000007	1.000028	-0.984604	
997	0.999986	-0.000016	1.048279	0.000016	0.999986	-0.970245	
998	1.000047	0.000031	1.284729	-0.000031	1.000047	-0.795563	
999	1.000024	0.000005	2.547913	-0.000005	1.000024	-0.777267	
1000	1.000005	-0.000003	1.163330	0.000003	1.000005	-0.923904	
1001	1.000088	-0.000034	1.557678	0.000034	1.000088	-0.771805	
1002	1.000060	-0.000005	1.561462	0.000005	1.000060	-0.685226	
1003	0.999981	0.000033	3.354248	-0.000033	0.999981	-0.812271	
1004	1.000021	0.000031	3.037109	-0.000031	1.000021	-0.352264	
1005	1.000081	0.000037	2.822083	-0.000037	1.000081	-0.284286	
1006	1.000020	-0.000016	2.652893	0.000016	1.000020	-0.268021	
1007	1.000040	0.000030	4.800049	-0.000030	1.000040	-0.750015	
1008	1.000023	0.000036	2.166931	-0.000036	1.000023	-0.147675	
1009	1.000029	-0.000032	1.912537	0.000032	1.000029	-0.852371	
1010	1.000040	0.000010	2.336670	-0.000010	1.000040	-0.270935	
1011	1.000008	-0.000031	4.658997	0.000031	1.000008	-0.613052	
1012	1.000009	0.000037	2.889526	-0.000037	1.000009	-0.219971	
1013	0.999980	0.000010	3.266846	-0.000010	0.999980	-0.367081	
1014	1.000018	0.000000	2.535461	-0.000000	1.000018	-0.573303	
1015	1.000010	-0.000011	4.579773	0.000011	1.000010	-0.617294	
1016	1.000019	-0.000000	3.042480	0.000000	1.000019	-0.529831	
1017	0.999990	-0.000025	2.852905	0.000025	0.999990	-1.116043	
1018	1.000014	0.000024	1.900574	-0.000024	1.000014	-0.622574	
1019	1.000014	0.000024	4.594177	-0.000024	1.000014	-0.839355	
1020	1.000035	0.000045	1.899048	-0.000045	1.000035	-0.296112	
1021	0.999990	0.000002	1.948608	-0.000002	0.999990	-0.388718	
1022	1.000052	0.000065	1.736389	-0.000065	1.000052	-0.418762	
1023	0.999991	0.000015	3.903748	-0.000015	0.999991	-0.856323	
1024	1.000013	0.000012	1.235718	-0.000012	1.000013	-0.445129	
1025	1.000033	0.000026	1.905945	-0.000026	1.000033	-0.478546	
1026	1.000036	0.000015	1.377136	-0.000015	1.000036	-0.481613	
1027	0.999985	0.000036	2.982300	-0.000036	0.999985	-0.588760	
1028	1.000045	0.000027	1.341003	-0.000027	1.000045	-0.630157	
1029	0.999988	0.000010	1.285767	-0.000010	0.999988	-0.396912	
1030	1.000027	0.000029	2.007629	-0.000029	1.000027	-0.269424	
1031	1.000039	0.000026	3.091553	-0.000026	1.000039	-1.007935	
1032	0.999993	0.000009	1.428528	-0.000009	0.999993	-0.308105	
1033	1.000035	0.000027	1.197876	-0.000027	1.000035	-0.063019	
1034	0.999955	0.000025	1.233948	-0.000025	0.999955	-0.032806	
1035	1.000036	0.000024	3.394958	-0.000024	1.000036	-0.608200	
1036	1.000028	0.000026	1.796692	-0.000026	1.000028	-0.602554	
1037	1.000019	0.000019	1.585205	-0.000019	1.000019	-0.045044	
1038	1.000014	-0.000016	1.221191	0.000016	1.000014	-0.083969	
1039	0.999973	0.000020	2.505676	-0.000020	0.999973	-0.555771	
1040	1.000009	0.000020	1.447449	-0.000020	1.000009	-0.214584	
1041	1.000009	-0.000015	1.608154	0.000015	1.000009	-0.147263	
1042	1.000014	0.000034	1.119995	-0.000034	1.000014	-0.479919	
1043	0.999971	0.000035	2.320312	-0.000035	0.999971	0.318390	
1044	1.000043	-0.000037	0.518433	0.000037	1.000043	-0.022705	
1045	0.999943	0.000041	0.440735	-0.000041	0.999943	0.080460	
1046	1.000005	-0.000020	0.609497	0.000020	1.000005	-0.016464	
1047	0.999975	0.000015	0.887085	-0.000015	0.999975	0.498108	
1048	1.000017	-0.000022	1.533691	0.000022	1.000017	-0.155472	
1049	1.000039	0.000018	0.703125	-0.000018	1.000039	-0.118637	
1050	0.999953	0.000043	1.231140	-0.000043	0.999953	0.309921	
1051	1.000035	-0.000035	0.822571	0.000035	1.000035	-0.014374	
1052	0.999960	-0.000001	1.203613	0.000001	0.999960	-0.006516	
1053	1.000028	-0.000016	0.999023	0.000016	1.000028	-0.006042	
1054	1.000013	0.000015	0.025452	-0.000015	1.000013	0.084381	
1055	1.000003	-0.000022	0.632507	0.000022	1.000003	-0.044647	
1056	1.000021	0.000017	-0.457458	-0.000017	1.000021	0.181000	
1057	0.999968	0.000015	0.694397	-0.000015	0.999968	0.514038	
1058	1.000004	-0.000088	-0.438965	0.000088	1.000004	-0.181473	
1059	0.999971	0.000055	-0.070496	-0.000055	0.999971	0.378815	
1060	0.999981	-0.000007	0.034180	0.000007	0.999981	0.741165	
1061	1.000003	-0.000061	-0.363037	0.000061	1.000003	-0.405792	
1062	0.999991	0.000057	0.238037	-0.000057	0.999991	0.112961	
1063	1.000008	-0.000041	-1.191284	0.000041	1.000008	0.115341	
1064	0.999965	-0.000005	0.007812	0.000005	0.999965	-0.104828	
1065	1.000055	0.000027	-0.222900	-0.000027	1.000055	-0.907639	
1066	1.000001	0.000006	0.002014	-0.000006	1.000001	-0.031235	
1067	0.999998	0.000000	-0.678833	-0.000000	0.999998	0.453369	
1068	0.999953	0.000037	0.266296	-0.000037	0.999953	0.629242	
1069	1.000002	-0.000037	0.645203	0.000037	1.000002	-0.031387	
1070	1.000019	-0.000015	-0.435242	0.000015	1.000019	-0.071396	
1071	0.999966	0.000005	-0.241516	-0.000005	0.999966	-0.009613	
1072	1.000030	-0.000012	-0.673096	0.000012	1.000030	-0.004364	
1073	0.999950	0.000030	-0.219666	-0.000030	0.999950	0.040939	
1074	0.999984	0.000002	0.562683	-0.000002	0.999984	-0.041061	
1075	1.000014	0.000001	0.377747	-0.000001	1.000014	-0.344437	
1076	0.999971	0.000008	-0.046082	-0.000008	0.999971	0.253189	
1077	0.999996	-0.000011	0.078003	0.000011	0.999996	0.219910	
1078	1.000006	-0.000008	-0.011230	0.000008	1.000006	0.020386	
1079	0.999970	0.000014	0.206482	-0.000014	0.999970	0.157974	
1080	1.000039	-0.000021	-0.275696	0.000021	1.000039	-0.008194	
1081	0.999966	0.000022	-0.079834	-0.000022	0.999966	0.044434	
1082	1.000016	-0.000010	0.436462	0.000010	1.000016	0.205170	
1083	0.999953	-0.000009	-0.580994	0.000009	0.999953	0.032928	
1084	1.000001	-0.000014	0.354248	0.000014	1.000001	0.296585	
1085	0.999973	-0.000003	0.082092	0.000003	0.999973	0.037598	
1086	1.000019	-0.000025	0.020874	0.000025	1.000019	-0.011322	
1087	0.999950	0.000052	0.104675	-0.000052	0.999950	0.311249	
1088	0.999999	-0.000045	0.042480	0.000045	0.999999	-0.040268	
1089	0.999987	-0.000006	0.163208	0.000006	0.999987	-0.310410	
1090	0.999999	0.000034	0.204590	-0.000034	0.999999	0.437210	
1091	0.999970	-0.000012	-0.243591	0.000012	0.999970	0.818558	
1092	0.999957	-0.000004	-0.033997	0.000004	0.999957	0.016190	
1093	1.000000	0.000007	-0.101685	-0.000007	1.000000	0.068253	
1094	0.999979	0.000015	0.004944	-0.000015	0.999979	0.615402	
1095	0.999998	-0.000029	-0.229736	0.000029	0.999998	0.186340	
1096	0.999988	-0.000001	0.031799	0.000001	0.999988	0.014008	
1097	0.999986	-0.000007	0.389709	0.000007	0.999986	0.006012	
1098	0.999972	-0.000028	0.136047	0.000028	0.999972	0.617859	
1099	0.999974	-0.000022	0.558716	0.000022	0.999974	0.235794	
1100	0.999990	0.000007	0.184753	-0.000007	0.999990	0.642563	
1101	0.999954	-0.000008	0.180847	0.000008	0.999954	0.319931	
1102	1.000052	-0.000011	0.006897	0.000011	1.000052	-0.040024	
1103	0.999958	0.000003	0.157898	-0.000003	0.999958	0.398956	
1104	0.999990	0.000025	0.299255	-0.000025	0.999990	0.496155	
1105	0.999982	-0.000024	0.119507	0.000024	0.999982	0.362137	
1106	1.000007	0.000012	-0.047058	-0.000012	1.000007	0.488693	
1107	0.999966	-0.000013	0.072937	0.000013	0.999966	0.813004	
1108	1.000018	-0.000013	-0.000183	0.000013	1.000018	0.341156	
1109	1.000007	0.000003	-0.004578	-0.000003	1.000007	0.020584	
1110	1.000016	0.000053	-0.002747	-0.000053	1.000016	0.978119	
1111	0.999922	-0.000038	0.024353	0.000038	0.999922	1.224106	
1112	1.000007	0.000072	0.432373	-0.000072	1.000007	1.088364	
1113	0.999968	-0.000031	-0.220520	0.000031	0.999968	0.667694	
1114	0.999980	-0.000020	0.634460	0.000020	0.999980	0.378128	
1115	0.999992	0.000077	-0.246216	-0.000077	0.999992	2.075424	
1116	0.999944	-0.000029	0.504456	0.000029	0.999944	1.200165	
1117	0.999974	-0.000053	0.477966	0.000053	0.999974	0.685760	
1118	0.999997	0.000004	-0.227905	-0.000004	0.999997	0.322388	
1119	0.999962	-0.000010	0.330994	0.000010	0.999962	1.676178	
1120	0.999983	-0.000021	0.013733	0.000021	0.999983	0.440567	
1121	0.999984	0.000003	0.006226	-0.000003	0.999984	0.414932	
1122	0.999966	0.000000	0.115112	-0.000000	0.999966	-0.053345	
1123	1.000021	-0.000021	0.554871	0.000021	1.000021	-0.034897	
1124	1.000017	0.000002	0.043640	-0.000002	1.000017	-0.016342	
1125	1.000005	-0.000048	-0.600342	0.000048	1.000005	-0.170654	
1126	0.999973	0.000020	0.178406	-0.000020	0.999973	0.028152	
1127	1.000023	0.000000	-0.782471	-0.000000	1.000023	0.121017	
1128	0.999972	0.000012	0.123169	-0.000012	0.999972	0.004395	
1129	1.000033	-0.000026	-0.144897	0.000026	1.000033	-0.031052	
1130	1.000009	-0.000044	-0.813965	0.000044	1.000009	-0.260712	
1131	0.999986	0.000063	-0.279968	-0.000063	0.999986	0.140533	
1132	1.000003	-0.000002	-0.362610	0.000002	1.000003	0.013626	
1133	0.999993	0.000014	-0.492920	-0.000014	0.999993	0.205002	
1134	0.999982	-0.000002	0.831970	0.000002	0.999982	0.028229	
1135	1.000041	-0.000003	-0.459290	0.000003	1.000041	-0.174011	
1136	1.000000	-0.000013	0.751892	0.000013	1.000000	0.132782	
1137	1.000029	-0.000020	-0.005005	0.000020	1.000029	-0.173615	
1138	1.000021	0.000075	-0.338989	-0.000075	1.000021	0.160568	
1139	1.000005	-0.000043	0.212280	0.000043	1.000005	0.446838	
1140	1.000027	0.000041	-0.106262	-0.000041	1.000027	0.147385	
1141	0.999980	0.000002	-0.111694	-0.000002	0.999980	0.535294	
1142	0.999985	-0.000006	0.081360	0.000006	0.999985	0.304901	
1143	0.999995	-0.000017	-0.407166	0.000017	0.999995	0.170837	
1144	0.999999	-0.000002	0.100159	0.000002	0.999999	0.209656	
1145	1.000035	-0.000024	0.069946	0.000024	1.000035	0.280914	
1146	0.999986	0.000019	-0.903564	-0.000019	0.999986	0.350571	
1147	1.000001	0.000008	-0.364990	-0.000008	1.000001	0.913345	
1148	0.999989	-0.000021	-0.773071	0.000021	0.999989	0.336212	
1149	0.999998	-0.000017	-0.580811	0.000017	0.999998	0.503021	
1150	0.999952	0.000035	-0.227905	-0.000035	0.999952	0.437637	
1151	1.000079	-0.000042	-2.084595	0.000042	1.000079	0.268585	
1152	0.999984	0.000021	-1.268066	-0.000021	0.999984	1.136871	
1153	0.999977	-0.000063	-1.377380	0.000063	0.999977	0.644836	
1154	1.000035	0.000008	-2.575073	-0.000008	1.000035	0.347839	
1155	0.999998	-0.000068	-5.466614	0.000068	0.999998	0.401947	
1156	1.000034	-0.000042	-3.550842	0.000042	1.000034	-0.030869	
1157	1.000038	-0.000031	-4.631470	0.000031	1.000038	-0.029663	
1158	1.000023	-0.000026	-4.641052	0.000026	1.000023	-0.046906	
1159	0.999992	-0.000025	-8.546997	0.000025	0.999992	0.353027	
1160	1.000010	0.000013	-4.541382	-0.000013	1.000010	0.004730	
1161	1.000008	-0.000016	-4.224060	0.000016	1.000008	0.006485	
1162	0.999997	-0.000017	-4.200378	0.000017	0.999997	-0.005951	
1163	0.999963	-0.000087	-8.812988	0.000087	0.999963	0.073578	
1164	0.999991	0.000020	-4.163086	-0.000020	0.999991	0.022644	
1165	1.000041	-0.000077	-4.527588	0.000077	1.000041	0.220078	
1166	0.999987	-0.000035	-4.567383	0.000035	0.999987	0.077164	
1167	0.999984	-0.000031	-8.832031	0.000031	0.999984	0.088837	
1168	1.000008	-0.000027	-4.176453	0.000027	1.000008	0.046143	
1169	1.000013	-0.000012	-4.769897	0.000012	1.000013	0.026382	
1170	0.999985	0.000008	-4.809631	-0.000008	0.999985	0.169876	
1171	0.999981	-0.000025	-7.884705	0.000025	0.999981	0.378922	
1172	0.999983	-0.000063	-4.093689	0.000063	0.999983	0.256927	
1173	0.999945	-0.000013	-3.648254	0.000013	0.999945	0.329819	
1174	1.000017	-0.000001	-3.277588	0.000001	1.000017	-0.004303	
1175	0.999980	-0.000030	-7.114990	0.000030	0.999980	0.010727	
1176	0.999982	-0.000002	-3.478455	0.000002	0.999982	0.007874	
1177	0.999948	-0.000024	-3.217773	0.000024	0.999948	0.015228	
1178	1.000022	-0.000023	-3.037598	0.000023	1.000022	-0.000275	
1179	0.999948	-0.000034	-5.756226	0.000034	0.999948	-0.054916	
1180	0.999997	-0.000022	-2.468994	0.000022	0.999997	-0.025742	
1181	0.999989	-0.000028	-3.285889	0.000028	0.999989	-0.058945	
1182	0.999991	-0.000018	-3.705444	0.000018	0.999991	-0.000259	
1183	0.999961	-0.000027	-7.092285	0.000027	0.999961	0.025238	
1184	0.999985	-0.000030	-3.128906	0.000030	0.999985	0.025345	
1185	0.999959	-0.000057	-2.959717	0.000057	0.999959	0.080734	
1186	0.999990	-0.000001	-2.587524	0.000001	0.999990	0.016266	
1187	0.999988	-0.000073	-5.786743	0.000073	0.999988	0.099655	
1188	0.999942	-0.000028	-3.288696	0.000028	0.999942	0.106827	
1189	0.999957	-0.000017	-3.269043	0.000017	0.999957	0.000366	
1190	1.000009	-0.000028	-3.521362	0.000028	1.000009	-0.031738	
1191	0.999932	-0.000081	-7.279663	0.000081	0.999932	0.127411	
1192	0.999926	0.000039	-3.691406	-0.000039	0.999926	0.139145	
1193	0.999969	-0.000095	-3.452515	0.000095	0.999969	0.182816	
1194	0.999960	-0.000015	-3.738647	0.000015	0.999960	-0.005173	
1195	0.999963	0.000002	-7.086304	-0.000002	0.999963	0.004700	
1196	0.999954	-0.000031	-3.328735	0.000031	0.999954	0.003952	
1197	1.000033	-0.000024	-3.605713	0.000024	1.000033	0.002319	
1198	0.999948	-0.000004	-2.835327	0.000004	0.999948	-0.000259	
1199	0.999967	-0.000075	-6.483887	0.000075	0.999967	-0.271957	
1200	0.999989	0.000021	-2.759155	-0.000021	0.999989	-0.073822	
1201	0.999949	-0.000044	-2.367676	0.000044	0.999949	-0.167908	
1202	0.999967	-0.000047	-5.975098	0.000047	0.999967	-0.153641	
