0	1.000000	0.000000	0.000000	0.000000	1.000000	0.000000	
1	1.002004	0.000568	-1.822327	-0.000568	1.002004	-1.247498	
2	1.001966	0.000351	-2.023865	-0.000351	1.001966	-1.380737	
3	1.002154	0.000496	-2.260986	-0.000496	1.002154	-1.251282	
4	1.002056	-0.000045	-1.995544	0.000045	1.002056	-1.321289	
5	1.002139	0.000090	-1.912842	-0.000090	1.002139	-1.599915	
6	1.002057	0.000100	-1.655762	-0.000100	1.002057	-1.368774	
7	1.002273	0.000012	-1.848938	-0.000012	1.002273	-1.708008	
8	1.002292	-0.000904	-1.756531	0.000904	1.002292	-2.471436	
9	1.002521	0.000532	-3.095947	-0.000532	1.002521	-1.043335	
10	1.001946	-0.000728	-1.659912	0.000728	1.001946	-2.084473	
11	1.001913	-0.000627	-2.065796	0.000627	1.001913	-1.963196	
12	1.001757	-0.000612	-1.908142	0.000612	1.001757	-2.231445	
13	1.003476	-0.000050	-4.436646	0.000050	1.003476	-3.406189	
14	1.001877	-0.000336	-2.356750	0.000336	1.001877	-2.033142	
15	1.002035	-0.000465	-2.201782	0.000465	1.002035	-2.243103	
16	1.001745	-0.000316	-1.904419	0.000316	1.001745	-2.039246	
17	1.001624	-0.000468	-1.813904	0.000468	1.001624	-1.850830	
18	1.003330	-0.001003	-3.354736	0.001003	1.003330	-3.936523	
19	1.001815	-0.000404	-1.805725	0.000404	1.001815	-2.184753	
20	1.001696	-0.000099	-1.941956	0.000099	1.001696	-1.673035	
21	1.001391	-0.000492	-1.561279	0.000492	1.001391	-1.977844	
22	1.001775	-0.000295	-1.957153	0.000295	1.001775	-2.032471	
23	1.002795	-0.000009	-2.856323	0.000009	1.002795	-3.004883	
24	1.001860	0.000209	-1.882690	-0.000209	1.001860	-1.658447	
25	1.001521	0.000107	-1.392761	-0.000107	1.001521	-1.527710	
26	1.001206	0.000014	-0.817566	-0.000014	1.001206	-1.490784	
27	1.003382	0.002291	-3.802612	-0.002291	1.003382	-0.887329	
28	1.003382	0.002291	-3.802612	-0.002291	1.003382	-0.887329	
29	1.001442	0.000001	-1.320984	-0.000001	1.001442	-1.660828	
30	1.000013	0.003039	-1.395508	-0.003039	1.000013	2.719971	
31	1.001473	-0.000144	-1.201721	0.000144	1.001473	-1.720215	
32	1.001356	0.000084	-1.030090	-0.000084	1.001356	-1.390930	
33	1.003694	-0.000309	-2.068176	0.000309	1.003694	-3.614227	
34	1.001206	0.000545	-0.798584	-0.000545	1.001206	-0.592651	
35	1.001457	0.000227	-0.832336	-0.000227	1.001457	-1.064209	
36	1.000915	0.000315	-0.549927	-0.000315	1.000915	-0.627441	
37	1.000802	0.000164	-0.315430	-0.000164	1.000802	-0.777344	
38	1.001809	-0.000871	-1.008667	0.000871	1.001809	-2.955261	
39	1.000666	0.000276	-0.457397	-0.000276	1.000666	-0.464600	
40	1.000549	0.000215	-0.181396	-0.000215	1.000549	-0.670837	
41	1.000530	0.000237	-0.183472	-0.000237	1.000530	-0.497986	
42	1.000358	0.000145	0.166992	-0.000145	1.000358	-0.318420	
43	1.000655	0.000128	-0.106812	-0.000128	1.000655	-0.418701	
44	1.000181	-0.000244	0.127075	0.000244	1.000181	-0.351868	
45	0.999916	-0.000294	0.153625	0.000294	0.999916	-0.267761	
46	1.000167	-0.000396	-0.031616	0.000396	1.000167	-0.483521	
47	0.999817	-0.000573	0.370972	0.000573	0.999817	-0.504456	
48	0.999329	-0.000327	0.601379	0.000327	0.999329	0.114990	
49	0.999654	-0.000132	0.239319	0.000132	0.999654	0.582092	
50	0.999555	-0.000151	0.188354	0.000151	0.999555	0.536621	
51	0.999241	-0.000287	0.544312	0.000287	0.999241	0.582886	
52	0.999563	-0.000509	0.455750	0.000509	0.999563	0.241089	
53	0.999375	0.000228	0.037964	-0.000228	0.999375	1.343933	
54	0.999165	0.000188	0.219238	-0.000188	0.999165	1.286804	
55	0.999298	-0.000137	0.246521	0.000137	0.999298	0.950317	
56	0.999046	0.000139	0.615051	-0.000139	0.999046	1.321594	
57	0.998833	0.000096	0.599487	-0.000096	0.998833	1.196899	
58	0.997792	0.000251	1.394958	-0.000251	0.997792	3.143738	
59	0.998707	0.000294	0.748413	-0.000294	0.998707	1.649353	
60	0.997510	0.001324	1.527222	-0.001324	0.997510	3.638977	
61	0.998508	0.000093	1.269409	-0.000093	0.998508	1.703674	
62	0.999796	0.001222	-0.443909	-0.001222	0.999796	1.726746	
63	0.997036	0.000187	2.565979	-0.000187	0.997036	3.311035	
64	0.998327	0.000110	1.199219	-0.000110	0.998327	1.572266	
65	0.995827	-0.001338	5.131226	0.001338	0.995827	1.234558	
66	0.998213	0.000138	1.759216	-0.000138	0.998213	1.814209	
67	0.998422	0.000038	1.228699	-0.000038	0.998422	1.513916	
68	0.998422	0.000038	1.228699	-0.000038	0.998422	1.513916	
69	0.999396	0.000835	0.386597	-0.000835	0.999396	1.543274	
70	0.998094	0.000088	1.895874	-0.000088	0.998094	1.809692	
71	0.996884	0.000450	2.604553	-0.000450	0.996884	2.611877	
72	0.995318	-0.006218	8.050659	0.006218	0.995318	-5.116882	
73	0.998056	0.000359	1.699524	-0.000359	0.998056	2.253784	
74	0.995900	-0.000542	4.613525	0.000542	0.995900	2.701355	
75	0.997984	0.000087	2.230774	-0.000087	0.997984	1.747498	
76	0.998022	-0.000113	2.280029	0.000113	0.998022	1.501587	
77	0.997880	0.000126	2.152222	-0.000126	0.997880	1.960510	
78	0.997714	-0.000036	2.570923	0.000036	0.997714	1.787903	
79	0.996386	0.000582	3.760925	-0.000582	0.996386	3.678711	
80	0.996386	0.000582	3.760925	-0.000582	0.996386	3.678711	
81	0.998338	0.000037	1.840332	-0.000037	0.998338	1.511902	
82	0.998703	0.000602	1.130676	-0.000602	0.998703	1.819702	
83	0.998058	0.000059	2.063904	-0.000059	0.998058	1.751465	
84	0.996570	0.004075	1.746948	-0.004075	0.996570	7.789551	
85	0.997987	-0.000193	2.093445	0.000193	0.997987	1.587036	
86	0.998406	-0.000257	1.932800	0.000257	0.998406	1.265015	
87	0.998123	-0.000320	2.089417	0.000320	0.998123	1.402344	
88	0.998176	-0.000218	1.982605	0.000218	0.998176	1.469299	
89	0.996199	0.000009	4.380737	-0.000009	0.996199	3.524841	
90	0.998132	-0.000055	1.700012	0.000055	0.998132	1.593384	
91	0.998370	-0.000436	1.633179	0.000436	0.998370	1.272827	
92	0.998356	-0.000060	1.585144	0.000060	0.998356	1.445251	
93	0.997881	0.000049	1.717041	-0.000049	0.997881	1.746277	
94	0.996743	-0.000188	2.506714	0.000188	0.996743	2.594910	
95	0.998238	-0.000022	1.394958	0.000022	0.998238	1.433289	
96	0.998185	-0.000173	1.629150	0.000173	0.998185	1.109650	
97	0.998185	-0.000173	1.629150	0.000173	0.998185	1.109650	
98	0.997794	-0.000691	2.047607	0.000691	0.997794	0.921875	
99	0.996681	-0.000679	3.246643	0.000679	0.996681	1.642212	
100	0.997898	-0.000005	1.902527	0.000005	0.997898	1.292542	
101	0.998011	-0.000335	1.877686	0.000335	0.998011	0.923035	
102	0.998053	0.000153	1.734131	-0.000153	0.998053	1.492615	
103	0.998158	-0.000056	1.782410	0.000056	0.998158	1.331543	
104	0.996674	-0.000159	2.684509	0.000159	0.996674	1.767883	
105	0.998360	-0.000105	1.392456	0.000105	0.998360	1.170715	
106	0.998316	-0.000384	1.533447	0.000384	0.998316	0.371704	
107	0.998422	-0.000413	1.243958	0.000413	0.998422	0.770264	
108	0.998218	-0.000459	1.888123	0.000459	0.998218	1.014832	
109	0.997416	-0.000540	2.738464	0.000540	0.997416	1.519043	
110	0.998412	-0.000582	1.981750	0.000582	0.998412	0.912537	
111	0.998500	-0.000284	1.734070	0.000284	0.998500	1.114868	
112	0.998824	0.000018	1.530151	-0.000018	0.998824	1.312439	
113	0.998573	0.000225	1.624084	-0.000225	0.998573	1.471130	
114	0.997673	0.000186	2.490173	-0.000186	0.997673	2.543274	
115	0.998743	0.000306	1.291809	-0.000306	0.998743	1.695740	
116	0.998881	0.000330	1.315674	-0.000330	0.998881	1.514648	
117	0.999007	0.000272	1.293091	-0.000272	0.999007	1.434631	
118	0.998859	0.000228	1.419617	-0.000228	0.998859	1.390503	
119	0.998046	0.000327	2.757629	-0.000327	0.998046	2.385498	
120	0.999267	0.000575	1.055969	-0.000575	0.999267	1.498962	
121	0.999128	0.000198	1.172485	-0.000198	0.999128	1.163818	
122	0.999803	0.001049	0.324890	-0.001049	0.999803	1.296448	
123	0.999196	0.000058	1.291504	-0.000058	0.999196	0.830261	
124	0.998900	0.000457	1.462463	-0.000457	0.998900	1.571899	
125	0.999569	0.000235	0.662537	-0.000235	0.999569	0.775696	
126	0.999452	0.000252	0.746277	-0.000252	0.999452	0.803284	
127	0.999609	0.000129	0.565796	-0.000129	0.999609	0.512268	
128	0.999641	0.000211	0.586975	-0.000211	0.999641	0.480286	
129	0.999555	0.000190	0.804626	-0.000190	0.999555	0.516602	
130	1.000077	0.000327	-0.039673	-0.000327	1.000077	0.263184	
131	1.000070	0.000161	0.003418	-0.000161	1.000070	-0.007568	
132	0.999950	0.000186	0.187622	-0.000186	0.999950	0.217468	
133	0.999837	0.000359	0.118408	-0.000359	0.999837	0.436401	
134	1.000259	0.000243	-0.634033	-0.000243	1.000259	-0.464417	
135	1.000033	0.000058	-0.204468	-0.000058	1.000033	-0.433105	
136	1.000094	0.000005	-0.257629	-0.000005	1.000094	-0.460571	
137	1.000328	-0.000028	-0.667542	0.000028	1.000328	-0.669922	
138	1.000240	0.000237	-0.707397	-0.000237	1.000240	-0.319824	
139	1.000586	-0.000221	-1.052856	0.000221	1.000586	-1.253540	
140	1.000505	0.000064	-0.896301	-0.000064	1.000505	-0.734436	
141	1.000622	0.000157	-1.084290	-0.000157	1.000622	-0.492981	
142	1.000741	0.000090	-1.185120	-0.000090	1.000741	-0.786011	
143	1.000809	0.000212	-1.319153	-0.000212	1.000809	-0.564209	
144	1.001629	0.000161	-2.558594	-0.000161	1.001629	-1.292725	
145	1.000952	0.000132	-1.270142	-0.000132	1.000952	-0.701599	
146	1.001003	0.000407	-1.349426	-0.000407	1.001003	-0.365234	
147	1.001026	0.000274	-1.452759	-0.000274	1.001026	-0.526245	
148	1.001136	0.000264	-1.461060	-0.000264	1.001136	-0.488281	
149	1.002428	-0.000176	-2.844238	0.000176	1.002428	-1.985474	
150	1.001531	0.000064	-1.535095	-0.000064	1.001531	-0.938965	
151	1.001374	0.000283	-1.731628	-0.000283	1.001374	-0.654358	
152	1.001436	0.000166	-1.654175	-0.000166	1.001436	-0.894470	
153	1.001375	0.000134	-1.506958	-0.000134	1.001375	-0.872864	
154	1.002871	0.000500	-3.258850	-0.000500	1.002871	-1.598877	
155	1.001592	0.000271	-1.789124	-0.000271	1.001592	-0.834961	
156	1.001671	0.000095	-1.635742	-0.000095	1.001671	-1.243408	
157	1.001664	0.000182	-1.624268	-0.000182	1.001664	-1.146790	
158	1.001796	0.000048	-1.681763	-0.000048	1.001796	-1.271362	
159	1.003072	0.000287	-2.762207	-0.000287	1.003072	-2.333374	
160	1.001703	0.000129	-1.413391	-0.000129	1.001703	-1.345886	
161	1.001703	0.000129	-1.413391	-0.000129	1.001703	-1.345886	
162	1.001655	0.000119	-1.344849	-0.000119	1.001655	-1.491211	
163	1.001750	0.000118	-1.532410	-0.000118	1.001750	-1.399719	
164	1.003294	0.000329	-2.719116	-0.000329	1.003294	-2.658813	
165	1.001739	0.000867	-1.679443	-0.000867	1.001739	-0.672180	
166	1.001866	0.000171	-1.557800	-0.000171	1.001866	-1.528076	
167	1.001630	0.000176	-1.601990	-0.000176	1.001630	-1.368164	
168	1.001551	0.000022	-1.174500	-0.000022	1.001551	-1.535950	
169	1.003284	0.000398	-2.717041	-0.000398	1.003284	-2.651184	
170	1.001760	-0.000004	-1.356995	0.000004	1.001760	-1.574402	
171	1.001766	0.000225	-1.424866	-0.000225	1.001766	-1.294556	
172	1.001760	-0.000162	-1.235352	0.000162	1.001760	-1.713745	
173	1.001896	-0.000104	-1.440186	0.000104	1.001896	-1.653564	
174	1.003419	0.000402	-3.002197	-0.000402	1.003419	-2.104248	
175	1.001650	-0.000034	-1.439270	0.000034	1.001650	-1.076599	
176	1.001647	-0.000185	-1.518311	0.000185	1.001647	-1.464478	
177	1.001723	0.000186	-1.717529	-0.000186	1.001723	-1.084473	
178	1.001573	-0.000219	-1.611816	0.000219	1.001573	-1.475403	
179	1.003328	0.000187	-4.025635	-0.000187	1.003328	-2.141052	
180	1.001853	0.000021	-2.151978	-0.000021	1.001853	-1.179321	
181	1.001830	-0.000362	-1.911072	0.000362	1.001830	-1.700745	
182	1.001779	-0.000197	-1.821472	0.000197	1.001779	-1.562500	
183	1.001727	-0.000284	-1.781921	0.000284	1.001727	-1.381714	
184	1.003498	-0.000358	-4.034180	0.000358	1.003498	-2.464844	
185	1.001913	-0.000658	-1.642822	0.000658	1.001913	-1.904846	
186	1.001204	0.000414	-1.875549	-0.000414	1.001204	-0.937012	
187	1.001579	-0.000050	-1.752686	0.000050	1.001579	-1.380432	
188	1.001851	-0.000147	-2.125549	0.000147	1.001851	-1.867249	
189	1.003577	-0.001174	-4.020752	0.001174	1.003577	-4.349792	
190	1.001824	-0.000068	-2.063171	0.000068	1.001824	-1.602112	
191	1.001711	0.000032	-2.090088	-0.000032	1.001711	-1.596008	
192	1.001729	-0.000096	-1.852173	0.000096	1.001729	-1.704285	
193	1.001568	0.000203	-1.713806	-0.000203	1.001568	-1.296326	
194	1.003338	-0.000114	-3.404907	0.000114	1.003338	-3.246460	
195	1.001773	0.000075	-1.793884	-0.000075	1.001773	-1.742310	
196	1.001839	-0.000120	-1.625427	0.000120	1.001839	-1.930298	
197	1.001659	-0.000016	-1.602356	0.000016	1.001659	-1.628113	
198	1.001651	-0.000172	-1.486450	0.000172	1.001651	-2.066284	
199	1.003075	-0.000073	-2.773376	0.000073	1.003075	-3.246826	
200	1.001440	-0.000292	-1.039612	0.000292	1.001440	-1.950806	
201	1.001550	-0.000173	-1.126892	0.000173	1.001550	-1.862305	
202	1.001463	-0.000268	-1.195190	0.000268	1.001463	-1.901062	
203	1.001390	-0.000267	-0.913757	0.000267	1.001390	-1.948669	
204	1.002813	-0.000335	-2.166809	0.000335	1.002813	-3.284302	
205	1.001210	-0.000156	-0.816223	0.000156	1.001210	-1.518433	
206	1.001529	-0.000019	-1.202881	0.000019	1.001529	-1.576355	
207	1.001375	-0.000237	-0.994934	0.000237	1.001375	-1.793396	
208	1.001252	-0.000198	-0.756897	0.000198	1.001252	-1.545898	
209	1.002253	0.000182	-1.476746	-0.000182	1.002253	-2.215210	
210	1.001171	-0.000219	-0.555176	0.000219	1.001171	-1.364136	
211	1.001045	-0.000079	-0.563477	0.000079	1.001045	-1.149597	
212	1.001154	0.000006	-0.808533	-0.000006	1.001154	-1.084961	
213	1.000976	0.000157	-0.549866	-0.000157	1.000976	-0.818237	
214	1.001594	0.000026	-1.159729	-0.000026	1.001594	-1.424072	
215	1.000840	0.000094	-0.617615	-0.000094	1.000840	-0.593567	
216	1.000697	-0.000004	-0.448547	0.000004	1.000697	-0.705627	
217	1.000542	0.000022	-0.430603	-0.000022	1.000542	-0.539429	
218	1.000611	0.000120	-0.589722	-0.000120	1.000611	-0.091309	
219	1.000563	-0.000128	-0.237671	0.000128	1.000563	-0.706116	
220	1.000152	0.000290	-0.251526	-0.000290	1.000152	0.078674	
221	1.000126	0.000065	-0.143555	-0.000065	1.000126	-0.128845	
222	1.000053	0.000176	-0.367920	-0.000176	1.000053	0.066711	
223	0.999915	-0.000019	0.004272	0.000019	0.999915	-0.006104	
224	0.999532	-0.000061	0.357849	0.000061	0.999532	-0.073914	
225	0.999618	0.000151	0.070312	-0.000151	0.999618	0.320251	
226	0.999564	-0.000066	0.250488	0.000066	0.999564	0.521790	
227	0.999482	0.000207	0.145996	-0.000207	0.999482	0.726440	
228	0.999406	0.000031	0.190002	-0.000031	0.999406	0.749939	
229	1.003041	0.005470	-7.282349	-0.005470	1.003041	5.916382	
230	0.999006	-0.000094	0.664917	0.000094	0.999006	0.623779	
231	0.999160	-0.000389	0.657104	0.000389	0.999160	0.182312	
232	0.999013	-0.000021	0.293152	0.000021	0.999013	1.137695	
233	0.998162	-0.000463	1.338257	0.000463	0.998162	1.292419	
234	0.997397	-0.000290	2.308044	0.000290	0.997397	1.810730	
235	0.998478	-0.000090	1.281677	0.000090	0.998478	1.264099	
236	0.998509	-0.000192	1.208191	0.000192	0.998509	1.090027	
237	0.998370	0.000102	1.326843	-0.000102	0.998370	1.811340	
238	0.997508	-0.000685	2.261658	0.000685	0.997508	1.587585	
239	0.998016	-0.000095	1.749329	0.000095	0.998016	1.612488	
240	0.996383	-0.000045	3.453674	0.000045	0.996383	3.398987	
241	0.998275	0.000153	1.572327	-0.000153	0.998275	1.972595	
242	0.998284	0.000475	1.438416	-0.000475	0.998284	2.497437	
243	0.998110	0.000288	1.644470	-0.000288	0.998110	2.210999	
244	0.998291	0.000240	1.447632	-0.000240	0.998291	2.262512	
245	0.996458	0.000576	3.236877	-0.000576	0.996458	4.291565	
246	0.998085	0.000318	1.649780	-0.000318	0.998085	2.231750	
247	0.997992	0.000027	1.819824	-0.000027	0.997992	2.411499	
248	0.997708	0.000037	2.195007	-0.000037	0.997708	2.376770	
249	0.998102	0.000014	2.005859	-0.000014	0.998102	1.949890	
250	0.996325	-0.001021	4.401306	0.001021	0.996325	3.274048	
251	0.998071	0.000155	2.058777	-0.000155	0.998071	2.131836	
252	0.997788	0.000044	2.604614	-0.000044	0.997788	2.368713	
253	0.997790	0.000026	2.256104	-0.000026	0.997790	2.170776	
254	0.997919	0.000415	1.913879	-0.000415	0.997919	2.483459	
255	0.995870	0.000137	4.473572	-0.000137	0.995870	3.777771	
256	0.997918	-0.000002	2.159546	0.000002	0.997918	1.629028	
257	0.997887	0.000491	1.892639	-0.000491	0.997887	2.380371	
258	0.998129	-0.000027	2.039551	0.000027	0.998129	1.707275	
259	0.998075	0.000231	2.004578	-0.000231	0.998075	1.772766	
260	0.995983	-0.000431	4.657227	0.000431	0.995983	2.956604	
261	0.997860	-0.000136	2.456055	0.000136	0.997860	1.617126	
262	0.997860	0.000077	2.329590	-0.000077	0.997860	1.809753	
263	0.998082	-0.000297	1.940430	0.000297	0.998082	1.202026	
264	0.997858	-0.000085	2.035278	0.000085	0.997858	1.611206	
265	0.996415	0.000215	3.069946	-0.000215	0.996415	2.739624	
266	0.998035	-0.000387	1.781128	0.000387	0.998035	1.056702	
267	0.998137	0.000427	1.355530	-0.000427	0.998137	1.780090	
268	0.998020	-0.000062	1.755432	0.000062	0.998020	1.322205	
269	0.998224	-0.000537	1.874878	0.000537	0.998224	0.708435	
270	0.996742	-0.000993	3.579651	0.000993	0.996742	1.278015	
271	0.998221	-0.000174	1.930847	0.000174	0.998221	1.267456	
272	0.998071	-0.000214	1.970398	0.000214	0.998071	1.428894	
273	0.998294	-0.000145	1.634338	0.000145	0.998294	0.990356	
274	0.998228	-0.000019	1.522095	0.000019	0.998228	1.280945	
275	0.996799	-0.000133	2.427979	0.000133	0.996799	2.057739	
276	0.998216	-0.000142	1.341858	0.000142	0.998216	1.200745	
277	0.998101	0.000107	1.618958	-0.000107	0.998101	1.515564	
278	0.998493	-0.000002	1.186035	0.000002	0.998493	0.938416	
279	0.998467	-0.000089	1.445679	0.000089	0.998467	1.164856	
280	0.997355	-0.000370	2.707642	0.000370	0.997355	2.168274	
281	0.998802	-0.000276	1.379211	0.000276	0.998802	1.033936	
282	1.001571	-0.005261	2.609863	0.005261	1.001571	-5.164062	
283	0.998724	-0.000189	1.302307	0.000189	0.998724	0.979614	
284	0.998885	-0.000098	1.066956	0.000098	0.998885	1.124084	
285	0.997765	-0.000326	2.083618	0.000326	0.997765	1.840637	
286	0.999023	-0.000352	1.019470	0.000352	0.999023	0.570129	
287	0.999068	-0.000271	1.299255	0.000271	0.999068	0.609314	
288	0.999163	-0.000023	0.949219	0.000023	0.999163	0.764160	
289	0.999362	0.000039	0.828552	-0.000039	0.999362	0.860596	
290	0.998747	-0.000142	1.786499	0.000142	0.998747	1.363586	
291	0.999509	-0.000105	0.721558	0.000105	0.999509	0.348572	
292	0.999452	-0.000069	0.924988	0.000069	0.999452	0.277893	
293	0.999470	0.000103	0.687561	-0.000103	0.999470	0.381592	
294	0.999662	0.000014	0.346497	-0.000014	0.999662	0.149414	
295	0.998745	-0.000659	1.679382	0.000659	0.998745	0.050171	
296	0.999866	0.000179	0.252502	-0.000179	0.999866	0.151611	
297	1.000059	0.000032	0.268555	-0.000032	1.000059	-0.205261	
298	1.000191	0.000104	-0.034973	-0.000104	1.000191	-0.112854	
299	1.000050	0.000125	0.058960	-0.000125	1.000050	0.003235	
300	1.000595	0.000179	-0.153503	-0.000179	1.000595	-0.479309	
301	1.000366	0.000133	-0.171265	-0.000133	1.000366	-0.648132	
302	1.000533	0.000059	-0.365845	-0.000059	1.000533	-0.752869	
303	1.000480	0.000131	-0.576477	-0.000131	1.000480	-0.763123	
304	1.000667	0.000153	-0.811951	-0.000153	1.000667	-0.596802	
305	1.001297	0.000043	-1.417542	-0.000043	1.001297	-1.393250	
306	1.000798	-0.000001	-0.718323	0.000001	1.000798	-1.002625	
307	1.000911	-0.000094	-0.819641	0.000094	1.000911	-1.119202	
308	1.000925	-0.000046	-0.927795	0.000046	1.000925	-0.824036	
309	1.000951	0.000108	-1.093933	-0.000108	1.000951	-0.679871	
310	1.001957	0.000138	-2.214478	-0.000138	1.001957	-1.455688	
311	1.001096	0.000174	-1.368896	-0.000174	1.001096	-0.830383	
312	1.001305	0.000404	-1.674072	-0.000404	1.001305	-0.696655	
313	1.001310	-0.000134	-1.623535	0.000134	1.001310	-1.117249	
314	1.001330	0.000184	-1.687500	-0.000184	1.001330	-0.793335	
315	1.002277	0.000301	-2.673340	-0.000301	1.002277	-1.337585	
316	1.001310	-0.000002	-1.390503	0.000002	1.001310	-1.080811	
317	1.001495	0.000062	-1.669556	-0.000062	1.001495	-1.042664	
318	1.001527	0.000027	-1.637695	-0.000027	1.001527	-0.982605	
319	1.001716	0.000122	-1.841309	-0.000122	1.001716	-0.982361	
320	1.003101	0.000025	-3.548523	-0.000025	1.003101	-2.141846	
321	1.001613	0.000068	-1.762634	-0.000068	1.001613	-1.124695	
322	1.001690	0.000380	-1.982300	-0.000380	1.001690	-1.011169	
323	1.001749	0.000206	-2.080994	-0.000206	1.001749	-0.956909	
324	1.001658	0.000060	-1.799072	-0.000060	1.001658	-1.256836	
325	1.003059	0.000412	-3.326172	-0.000412	1.003059	-2.074402	
326	1.001810	0.000162	-2.054565	-0.000162	1.001810	-1.206543	
327	1.001750	0.000091	-1.803650	-0.000091	1.001750	-1.292847	
328	1.001884	0.000310	-1.974548	-0.000310	1.001884	-1.096924	
329	1.001793	0.000100	-1.754333	-0.000100	1.001793	-1.543396	
330	1.003279	0.000206	-3.331970	-0.000206	1.003279	-2.435944	
331	1.001730	0.000149	-1.630737	-0.000149	1.001730	-1.329773	
332	1.001799	-0.000055	-1.456177	0.000055	1.001799	-1.623779	
333	1.001863	-0.000205	-1.555481	0.000205	1.001863	-1.829468	
334	1.001870	0.000057	-1.692749	-0.000057	1.001870	-1.241272	
335	1.003263	0.000132	-2.932251	-0.000132	1.003263	-2.362366	
336	1.001790	-0.000075	-1.391846	0.000075	1.001790	-1.668579	
337	1.001818	0.000152	-1.710815	-0.000152	1.001818	-1.413574	
338	1.001704	0.000033	-1.681274	-0.000033	1.001704	-1.375671	
339	1.001887	0.000070	-1.989746	-0.000070	1.001887	-1.284363	
340	1.003457	-0.000006	-3.154175	0.000006	1.003457	-2.835022	
341	1.002067	0.000023	-1.828613	-0.000023	1.002067	-1.555542	
342	1.002077	0.000037	-1.755859	-0.000037	1.002077	-1.527527	
343	1.002010	0.000324	-1.823669	-0.000324	1.002010	-1.073853	
344	1.001925	-0.000444	-1.527771	0.000444	1.001925	-1.696228	
345	1.003890	0.000287	-3.822937	-0.000287	1.003890	-2.240540	
346	1.001956	0.000036	-1.873108	-0.000036	1.001956	-1.511230	
347	1.001956	0.000036	-1.873108	-0.000036	1.001956	-1.511230	
348	1.002217	-0.000233	-1.713806	0.000233	1.002217	-4.770081	
349	1.005866	-0.002317	-5.236938	0.002317	1.005866	-9.747162	
350	1.005866	-0.002317	-5.236938	0.002317	1.005866	-9.747162	
351	1.002824	0.000253	-2.705627	-0.000253	1.002824	-3.537720	
352	1.008051	-0.000245	-7.416016	0.000245	1.008051	-7.525116	
353	1.003718	0.000186	-3.496643	-0.000186	1.003718	-3.867126	
354	1.005308	0.000513	-6.181885	-0.000513	1.005308	-4.452637	
355	1.005308	0.000513	-6.181885	-0.000513	1.005308	-4.452637	
356	1.005308	0.000513	-6.181885	-0.000513	1.005308	-4.452637	
357	1.008887	-0.000574	-7.845825	0.000574	1.008887	-7.639435	
358	1.008887	-0.000574	-7.845825	0.000574	1.008887	-7.639435	
359	1.008887	-0.000574	-7.845825	0.000574	1.008887	-7.639435	
360	1.008887	-0.000574	-7.845825	0.000574	1.008887	-7.639435	
361	1.008887	-0.000574	-7.845825	0.000574	1.008887	-7.639435	
362	1.008887	-0.000574	-7.845825	0.000574	1.008887	-7.639435	
363	1.008887	-0.000574	-7.845825	0.000574	1.008887	-7.639435	
364	1.010169	0.000576	-10.176025	-0.000576	1.010169	-7.495728	
365	1.010169	0.000576	-10.176025	-0.000576	1.010169	-7.495728	
366	1.010169	0.000576	-10.176025	-0.000576	1.010169	-7.495728	
367	1.010169	0.000576	-10.176025	-0.000576	1.010169	-7.495728	
368	1.010169	0.000576	-10.176025	-0.000576	1.010169	-7.495728	
369	1.003384	-0.000203	-3.155457	0.000203	1.003384	-3.884277	
370	1.003384	-0.000203	-3.155457	0.000203	1.003384	-3.884277	
371	1.003384	-0.000203	-3.155457	0.000203	1.003384	-3.884277	
372	1.003384	-0.000203	-3.155457	0.000203	1.003384	-3.884277	
373	1.003384	-0.000203	-3.155457	0.000203	1.003384	-3.884277	
374	1.003384	-0.000203	-3.155457	0.000203	1.003384	-3.884277	
375	1.003384	-0.000203	-3.155457	0.000203	1.003384	-3.884277	
376	1.000693	0.000270	-0.359741	-0.000270	1.000693	-1.915588	
377	1.000693	0.000270	-0.359741	-0.000270	1.000693	-1.915588	
378	1.000828	0.000245	-0.236755	-0.000245	1.000828	-1.810730	
379	0.999529	-0.000194	1.324341	0.000194	0.999529	-0.831665	
380	0.998761	0.000470	1.460266	-0.000470	0.998761	1.036438	
381	0.998761	0.000470	1.460266	-0.000470	0.998761	1.036438	
382	0.998761	0.000470	1.460266	-0.000470	0.998761	1.036438	
383	1.000942	-0.000836	-0.071289	0.000836	1.000942	-1.955750	
384	0.999220	0.000220	0.516602	-0.000220	0.999220	0.332397	
385	0.999220	0.000220	0.516602	-0.000220	0.999220	0.332397	
386	0.999220	0.000220	0.516602	-0.000220	0.999220	0.332397	
387	0.993421	-0.000478	6.914124	0.000478	0.993421	4.192017	
388	0.997437	-0.000401	2.535522	0.000401	0.997437	1.192017	
389	0.994154	0.000227	5.694946	-0.000227	0.994154	3.403625	
390	0.994154	0.000227	5.694946	-0.000227	0.994154	3.403625	
391	0.996866	-0.000363	3.015991	0.000363	0.996866	1.545837	
392	0.996866	-0.000363	3.015991	0.000363	0.996866	1.545837	
393	0.996171	-0.000401	3.518188	0.000401	0.996171	2.497498	
394	0.996171	-0.000401	3.518188	0.000401	0.996171	2.497498	
395	0.996171	-0.000401	3.518188	0.000401	0.996171	2.497498	
396	0.996171	-0.000401	3.518188	0.000401	0.996171	2.497498	
397	0.996171	-0.000401	3.518188	0.000401	0.996171	2.497498	
398	0.996171	-0.000401	3.518188	0.000401	0.996171	2.497498	
399	0.995986	-0.000111	3.784424	0.000111	0.995986	3.526733	
400	0.995986	-0.000111	3.784424	0.000111	0.995986	3.526733	
401	0.995851	-0.000555	3.803406	0.000555	0.995851	3.434143	
402	0.995851	-0.000555	3.803406	0.000555	0.995851	3.434143	
403	0.992265	-0.000004	7.145813	0.000004	0.992265	6.854492	
404	0.992128	-0.000781	6.964905	0.000781	0.992128	6.819031	
405	0.996082	0.001408	2.351379	-0.001408	0.996082	5.033447	
406	0.996082	0.001408	2.351379	-0.001408	0.996082	5.033447	
407	0.996082	0.001408	2.351379	-0.001408	0.996082	5.033447	
408	0.992378	0.000482	6.131470	-0.000482	0.992378	8.424194	
409	0.992481	-0.000166	6.838562	0.000166	0.992481	7.119019	
410	0.996958	0.000176	2.128845	-0.000176	0.996958	3.602905	
411	0.994852	-0.000159	4.345703	0.000159	0.994852	5.725464	
412	0.994852	-0.000159	4.345703	0.000159	0.994852	5.725464	
413	0.994852	-0.000159	4.345703	0.000159	0.994852	5.725464	
414	0.996803	0.000752	2.357849	-0.000752	0.996803	4.287354	
415	0.998453	-0.000384	1.267456	0.000384	0.998453	2.047180	
416	0.998453	-0.000384	1.267456	0.000384	0.998453	2.047180	
417	0.998895	0.000263	0.747192	-0.000263	0.998895	2.223755	
418	0.999380	0.000130	0.377808	-0.000130	0.999380	1.821960	
419	0.999318	-0.000043	0.514343	0.000043	0.999318	1.957947	
420	0.999007	-0.000006	1.007874	0.000006	0.999007	1.863800	
421	1.001298	0.000890	-2.017700	-0.000890	1.001298	2.763000	
422	1.000396	0.000326	-0.313049	-0.000326	1.000396	1.153442	
423	1.001003	0.000035	-0.786682	-0.000035	1.001003	0.603455	
424	1.001965	-0.000234	-1.075195	0.000234	1.001965	-0.389282	
425	1.001353	-0.000050	-0.858887	0.000050	1.001353	0.051025	
426	1.002919	-0.000734	-1.937073	0.000734	1.002919	-1.847992	
427	1.002372	-0.000143	-1.988708	0.000143	1.002372	-1.494263	
428	1.004189	-0.000457	-3.939636	0.000457	1.004189	-3.134766	
429	1.004289	-0.000026	-3.348755	0.000026	1.004289	-3.161438	
430	1.004120	-0.000611	-3.989868	0.000611	1.004120	-3.538391	
431	1.004120	-0.000611	-3.989868	0.000611	1.004120	-3.538391	
432	1.004480	0.005064	-7.825134	-0.005064	1.004480	1.509583	
433	1.006032	0.000263	-5.584229	-0.000263	1.006032	-3.868958	
434	1.006032	0.000263	-5.584229	-0.000263	1.006032	-3.868958	
435	1.003708	0.000431	-3.597168	-0.000431	1.003708	-2.124084	
436	1.003708	0.000431	-3.597168	-0.000431	1.003708	-2.124084	
437	1.008418	-0.000519	-7.814636	0.000519	1.008418	-6.296021	
438	1.007147	0.000323	-6.716675	-0.000323	1.007147	-4.681061	
439	1.007147	0.000323	-6.716675	-0.000323	1.007147	-4.681061	
440	1.003487	0.000370	-3.620789	-0.000370	1.003487	-2.352173	
441	1.003487	0.000370	-3.620789	-0.000370	1.003487	-2.352173	
442	1.003490	0.000457	-3.597351	-0.000457	1.003490	-1.418457	
443	1.003490	0.000457	-3.597351	-0.000457	1.003490	-1.418457	
444	1.005855	0.000328	-6.081665	-0.000328	1.005855	-3.777893	
445	1.008010	0.000122	-7.256836	-0.000122	1.008010	-5.785583	
446	1.008010	0.000122	-7.256836	-0.000122	1.008010	-5.785583	
447	1.006825	-0.000083	-6.753479	0.000083	1.006825	-5.648865	
448	1.006479	0.000123	-6.670776	-0.000123	1.006479	-4.874634	
449	1.007194	0.001490	-7.970581	-0.001490	1.007194	-3.059631	
450	1.003190	0.000750	-3.948486	-0.000750	1.003190	-1.335266	
451	1.004878	0.000915	-5.276733	-0.000915	1.004878	-1.789490	
452	1.002041	0.000470	-2.323242	-0.000470	1.002041	-0.849365	
453	1.001602	-0.001145	-0.019409	0.001145	1.001602	-2.360901	
454	1.001746	0.000667	-1.941467	-0.000667	1.001746	-0.895508	
455	1.001334	0.000031	-1.020081	-0.000031	1.001334	-1.574341	
456	1.005650	0.000284	-5.416992	-0.000284	1.005650	-4.326721	
457	1.001739	-0.000217	-1.241455	0.000217	1.001739	-1.976379	
458	1.000879	0.000249	-0.608765	-0.000249	1.000879	-0.810181	
459	1.000203	0.000060	0.454529	-0.000060	1.000203	-0.858093	
460	1.000149	-0.000117	1.289246	0.000117	1.000149	-1.316650	
461	0.998018	0.000552	1.847839	-0.000552	0.998018	0.557495	
462	0.998668	0.000057	1.347595	-0.000057	0.998668	0.918640	
463	0.997675	-0.000516	2.151062	0.000516	0.997675	1.551025	
464	0.998347	-0.000243	1.628296	0.000243	0.998347	0.620056	
465	0.997350	-0.000424	2.645386	0.000424	0.997350	0.706787	
466	0.997350	-0.000424	2.645386	0.000424	0.997350	0.706787	
467	0.996446	-0.000696	3.796509	0.000696	0.996446	1.414917	
468	0.996637	-0.000651	3.289856	0.000651	0.996637	1.653442	
469	0.996986	-0.000513	3.243530	0.000513	0.996986	1.696960	
470	0.995533	-0.000553	4.616211	0.000553	0.995533	1.813599	
471	0.992520	0.002477	5.668701	-0.002477	0.992520	6.204224	
472	0.995241	-0.000544	4.280701	0.000544	0.995241	2.550842	
473	0.995241	-0.000544	4.280701	0.000544	0.995241	2.550842	
474	0.993841	0.000433	5.772583	-0.000433	0.993841	4.517731	
475	0.993421	0.000396	5.887207	-0.000396	0.993421	4.314514	
476	0.993421	0.000396	5.887207	-0.000396	0.993421	4.314514	
477	0.993421	0.000396	5.887207	-0.000396	0.993421	4.314514	
478	0.995431	-0.000600	5.104187	0.000600	0.995431	2.797668	
479	0.995307	-0.000528	5.253723	0.000528	0.995307	3.257080	
480	0.995307	-0.000528	5.253723	0.000528	0.995307	3.257080	
481	0.995307	-0.000528	5.253723	0.000528	0.995307	3.257080	
482	0.996052	-0.000243	3.911682	0.000243	0.996052	3.193848	
483	0.996365	0.000122	3.349731	-0.000122	0.996365	3.713684	
484	0.996263	0.000018	3.512146	-0.000018	0.996263	3.551514	
485	0.996263	0.000018	3.512146	-0.000018	0.996263	3.551514	
486	0.996263	0.000018	3.512146	-0.000018	0.996263	3.551514	
487	0.994863	0.000287	4.771729	-0.000287	0.994863	4.450073	
488	0.993578	0.000002	5.913452	-0.000002	0.993578	5.813843	
489	0.996798	-0.001127	3.256958	0.001127	0.996798	1.706299	
490	0.994643	-0.000007	4.700989	0.000007	0.994643	5.129761	
491	0.991528	0.000199	6.850403	-0.000199	0.991528	8.216003	
492	0.995543	-0.000570	3.872681	0.000570	0.995543	3.721436	
493	0.995596	-0.000320	3.604919	0.000320	0.995596	3.557251	
494	0.995596	-0.000320	3.604919	0.000320	0.995596	3.557251	
495	0.995910	0.000475	3.156372	-0.000475	0.995910	4.350525	
496	0.995910	0.000475	3.156372	-0.000475	0.995910	4.350525	
497	0.998588	-0.000434	1.205750	0.000434	0.998588	1.173157	
498	0.996806	-0.000482	3.205627	0.000482	0.996806	2.223236	
499	0.997915	0.000262	1.401917	-0.000262	0.997915	2.333923	
500	1.000854	0.000310	-1.364258	-0.000310	1.000854	0.002991	
501	1.000854	0.000310	-1.364258	-0.000310	1.000854	0.002991	
502	0.999274	0.000115	0.482178	-0.000115	0.999274	1.093567	
503	0.999611	0.000085	0.187012	-0.000085	0.999611	0.969666	
504	0.999798	0.000167	0.186401	-0.000167	0.999798	0.742981	
505	1.000125	-0.000037	0.018311	0.000037	1.000125	0.201172	
506	1.001330	-0.000061	-0.597229	0.000061	1.001330	-0.532898	
507	1.000896	0.000121	-0.515198	-0.000121	1.000896	-0.293091	
508	1.001363	-0.000300	-0.430603	0.000300	1.001363	-1.181213	
509	1.001985	0.000235	-1.183228	-0.000235	1.001985	-0.726379	
510	1.002287	-0.000113	-1.563599	0.000113	1.002287	-1.544861	
511	1.006020	-0.001149	-4.647217	0.001149	1.006020	-4.909180	
512	1.002540	0.000185	-1.713257	-0.000185	1.002540	-1.592102	
513	1.003361	-0.000161	-2.041687	0.000161	1.003361	-2.753113	
514	1.003981	-0.000184	-3.217529	0.000184	1.003981	-3.062195	
515	1.002827	0.000230	-2.011108	-0.000230	1.002827	-1.885925	
516	1.005145	0.000112	-3.574951	-0.000112	1.005145	-3.592712	
517	1.005890	0.000168	-4.477722	-0.000168	1.005890	-4.608521	
518	1.005154	-0.000514	-4.201233	0.000514	1.005154	-4.370117	
519	1.004724	-0.000207	-3.916382	0.000207	1.004724	-3.848267	
520	1.004647	-0.000157	-3.738220	0.000157	1.004647	-3.960938	
521	1.009099	0.000483	-7.251648	-0.000483	1.009099	-6.775696	
522	1.003821	0.000840	-3.707275	-0.000840	1.003821	-2.278687	
523	1.007498	0.000175	-7.058105	-0.000175	1.007498	-5.173462	
524	1.005692	0.000457	-5.638855	-0.000457	1.005692	-3.140747	
525	1.005556	0.000412	-5.714111	-0.000412	1.005556	-3.822815	
526	1.005556	0.000412	-5.714111	-0.000412	1.005556	-3.822815	
527	1.005691	0.000346	-5.343079	-0.000346	1.005691	-3.559692	
528	1.006618	-0.000583	-5.724915	0.000583	1.006618	-5.080200	
529	1.006965	0.000808	-6.749634	-0.000808	1.006965	-3.794983	
530	1.006101	0.000446	-5.833069	-0.000446	1.006101	-4.079102	
531	1.013969	-0.002264	-12.634155	0.002264	1.013969	-13.761475	
532	1.005798	0.000596	-5.665222	-0.000596	1.005798	-3.894897	
533	1.005840	0.000769	-5.668823	-0.000769	1.005840	-3.566162	
534	1.006039	0.000608	-5.301941	-0.000608	1.006039	-3.522278	
535	1.005809	0.000490	-4.827759	-0.000490	1.005809	-3.406921	
536	1.016780	0.001573	-16.186523	-0.001573	1.016780	-9.445557	
537	1.007685	0.000235	-6.673584	-0.000235	1.007685	-5.528442	
538	1.004695	0.000712	-3.229919	-0.000712	1.004695	-3.568970	
539	1.006412	0.000440	-4.983521	-0.000440	1.006412	-5.511230	
540	1.006590	0.002105	-5.958435	-0.002105	1.006590	-3.842041	
541	1.006070	0.000311	-4.124573	-0.000311	1.006070	-5.535645	
542	1.007186	0.000834	-5.900085	-0.000834	1.007186	-4.682983	
543	1.004340	0.000570	-3.707397	-0.000570	1.004340	-2.794800	
544	1.004398	0.000769	-3.877686	-0.000769	1.004398	-2.424377	
545	1.005542	0.000344	-4.081604	-0.000344	1.005542	-3.806641	
546	1.008095	-0.001222	-6.176758	0.001222	1.008095	-6.837982	
547	1.005723	0.000465	-4.629944	-0.000465	1.005723	-3.572144	
548	1.005048	0.000143	-3.918884	-0.000143	1.005048	-3.444214	
549	1.004644	0.000618	-4.055054	-0.000618	1.004644	-2.554932	
550	1.004673	0.000433	-4.239807	-0.000433	1.004673	-2.634888	
551	1.007721	0.000156	-5.956177	-0.000156	1.007721	-5.047302	
552	1.003357	0.000292	-3.051514	-0.000292	1.003357	-2.035278	
553	1.003177	-0.000116	-2.642883	0.000116	1.003177	-2.106934	
554	1.002629	-0.000140	-2.227966	0.000140	1.002629	-1.762329	
555	1.002317	-0.000103	-1.879944	0.000103	1.002317	-1.578186	
556	1.002618	-0.000069	-2.543518	0.000069	1.002618	-1.816772	
557	1.000853	-0.000260	-0.693542	0.000260	1.000853	-0.877563	
558	1.000352	0.000144	-0.563843	-0.000144	1.000352	-0.238403	
559	0.999975	0.000136	-0.293518	-0.000136	0.999975	-0.062500	
560	0.999363	0.000202	0.158081	-0.000202	0.999363	0.545410	
561	0.997835	0.000253	1.354797	-0.000253	0.997835	1.330078	
562	0.998395	-0.000116	1.321411	0.000116	0.998395	0.986023	
563	0.998089	-0.000346	1.783142	0.000346	0.998089	0.812012	
564	0.997749	-0.000030	2.020325	0.000030	0.997749	1.543152	
565	0.997213	-0.000303	2.550659	0.000303	0.997213	1.465454	
566	0.992891	-0.001146	6.144714	0.001146	0.992891	3.501129	
567	0.996325	0.000078	3.189880	-0.000078	0.996325	2.322449	
568	0.995174	-0.000134	3.773499	0.000134	0.995174	3.001282	
569	0.996217	-0.000152	3.340820	0.000152	0.996217	2.279297	
570	0.996100	-0.000028	3.651062	0.000028	0.996100	2.565247	
571	0.995675	-0.000285	4.266418	0.000285	0.995675	2.881714	
572	0.991059	-0.001447	10.187561	0.001447	0.991059	6.331604	
573	0.994420	-0.000197	5.141724	0.000197	0.994420	4.139282	
574	0.994588	-0.000649	5.570923	0.000649	0.994588	4.042664	
575	0.993042	-0.000203	6.241455	0.000203	0.993042	5.480896	
576	0.992613	-0.000493	7.029053	0.000493	0.992613	5.615479	
577	0.984616	-0.000739	14.986572	0.000739	0.984616	12.280640	
578	0.992660	-0.000325	7.091919	0.000325	0.992660	5.900208	
579	0.992915	-0.000673	7.084778	0.000673	0.992915	5.659363	
580	0.993040	-0.000258	6.878235	0.000258	0.993040	6.039490	
581	0.993450	-0.000797	6.714844	0.000797	0.993450	5.209045	
582	0.984639	-0.001094	16.003113	0.001094	0.984639	12.502380	
583	0.993685	-0.000496	6.791809	0.000496	0.993685	5.284790	
584	0.993874	-0.000836	6.436096	0.000836	0.993874	5.089966	
585	0.995463	-0.000124	5.124817	0.000124	0.995463	4.500854	
586	0.995387	-0.000064	4.918823	0.000064	0.995387	4.573059	
587	0.991368	-0.000238	8.580627	0.000238	0.991368	8.450623	
588	0.993939	-0.000425	5.676331	0.000425	0.993939	5.416992	
589	0.995721	-0.000256	4.442200	0.000256	0.995721	3.928589	
590	0.994535	-0.000783	5.436768	0.000783	0.994535	4.312805	
591	0.995120	-0.000554	5.139648	0.000554	0.995120	3.900818	
592	0.991359	-0.001149	8.083557	0.001149	0.991359	7.763000	
593	0.995345	-0.000251	3.928833	0.000251	0.995345	4.161926	
594	0.996547	-0.000313	3.437866	0.000313	0.996547	2.723633	
595	0.995858	-0.000590	3.699341	0.000590	0.995858	2.981689	
596	0.996329	-0.000368	3.532349	0.000368	0.996329	2.881592	
597	0.995769	-0.000172	3.529053	0.000172	0.995769	3.414795	
598	0.996884	-0.000242	2.344543	0.000242	0.996884	2.268616	
599	0.997334	-0.000250	2.262146	0.000250	0.997334	2.065002	
600	0.997965	-0.000106	1.750366	0.000106	0.997965	1.601746	
601	0.997329	-0.000101	2.069214	0.000101	0.997329	2.091370	
602	0.996332	-0.000288	2.852661	0.000288	0.996332	2.685608	
603	0.998634	-0.000205	1.009766	0.000205	0.998634	1.099182	
604	0.998904	-0.000103	0.601074	0.000103	0.998904	0.847778	
605	0.999334	-0.000223	0.445007	0.000223	0.999334	0.690552	
606	0.999615	0.000045	0.356445	-0.000045	0.999615	0.441589	
607	1.000462	-0.000213	-0.245483	0.000213	1.000462	0.022705	
608	1.000908	0.000164	-1.003784	-0.000164	1.000908	0.081116	
609	1.001216	0.000199	-1.302612	-0.000199	1.001216	-0.180237	
610	1.001508	-0.000139	-0.706604	0.000139	1.001508	-0.697205	
611	1.001453	-0.000029	-1.139099	0.000029	1.001453	-1.155518	
612	1.004137	0.000377	-3.261108	-0.000377	1.004137	-2.905426	
613	1.001466	-0.000102	-1.155701	0.000102	1.001466	-1.423523	
614	1.003699	0.000139	-3.493835	-0.000139	1.003699	-1.726196	
615	1.003290	0.000211	-2.486694	-0.000211	1.003290	-1.850342	
616	1.003727	0.000123	-3.109497	-0.000123	1.003727	-2.697693	
617	1.003727	0.000123	-3.109497	-0.000123	1.003727	-2.697693	
618	1.004523	-0.000065	-4.412354	0.000065	1.004523	-3.761414	
619	1.004523	-0.000065	-4.412354	0.000065	1.004523	-3.761414	
620	1.004523	-0.000065	-4.412354	0.000065	1.004523	-3.761414	
621	1.005227	0.001000	-4.574402	-0.001000	1.005227	-2.571228	
622	1.005227	0.001000	-4.574402	-0.001000	1.005227	-2.571228	
623	1.006405	0.000640	-6.085754	-0.000640	1.006405	-3.604797	
624	1.005596	0.000904	-5.506775	-0.000904	1.005596	-2.618530	
625	1.004007	0.000157	-3.816650	-0.000157	1.004007	-2.716614	
626	1.004007	0.000157	-3.816650	-0.000157	1.004007	-2.716614	
627	1.004007	0.000157	-3.816650	-0.000157	1.004007	-2.716614	
628	1.005138	-0.000667	-4.580444	0.000667	1.005138	-5.680115	
629	1.005909	-0.003077	-3.218689	0.003077	1.005909	-14.711487	
630	1.003992	-0.004764	-0.838196	0.004764	1.003992	-16.644379	
631	1.007596	0.000700	-8.474365	-0.000700	1.007596	-8.951233	
632	1.007596	0.000700	-8.474365	-0.000700	1.007596	-8.951233	
633	1.002628	-0.000017	-3.426575	0.000017	1.002628	-5.229004	
634	1.006107	-0.000148	-6.720215	0.000148	1.006107	-7.669617	
635	1.003199	-0.000030	-3.778198	0.000030	1.003199	-3.931030	
636	1.003904	0.000346	-4.773743	-0.000346	1.003904	-3.368958	
637	1.003904	0.000346	-4.773743	-0.000346	1.003904	-3.368958	
638	1.003904	0.000346	-4.773743	-0.000346	1.003904	-3.368958	
639	1.003904	0.000346	-4.773743	-0.000346	1.003904	-3.368958	
640	0.996497	0.001603	0.654297	-0.001603	0.996497	4.621277	
641	0.993913	0.000968	3.629028	-0.000968	0.993913	4.531189	
642	1.004675	-0.000693	-5.025269	0.000693	1.004675	-3.754272	
643	0.997330	0.002052	-0.102173	-0.002052	0.997330	5.118347	
644	1.001813	0.000106	-2.113220	-0.000106	1.001813	-1.271790	
645	1.001813	0.000106	-2.113220	-0.000106	1.001813	-1.271790	
646	1.001395	-0.000400	-1.112915	0.000400	1.001395	-1.669678	
647	1.001395	-0.000400	-1.112915	0.000400	1.001395	-1.669678	
648	1.001260	0.000039	-1.478149	-0.000039	1.001260	-1.109741	
649	1.000445	-0.000268	-0.456665	0.000268	1.000445	-0.843567	
650	1.000299	-0.000044	-0.425781	0.000044	1.000299	-0.371094	
651	0.999681	0.001338	-1.252441	-0.001338	0.999681	1.696472	
652	0.998272	0.000264	1.446655	-0.000264	0.998272	1.202026	
653	0.998272	0.000264	1.446655	-0.000264	0.998272	1.202026	
654	0.998167	0.000559	1.453796	-0.000559	0.998167	1.559570	
655	0.998125	-0.000211	2.029602	0.000211	0.998125	0.973633	
656	0.997941	0.002242	0.164307	-0.002242	0.997941	2.462341	
657	0.997941	0.002242	0.164307	-0.002242	0.997941	2.462341	
658	0.995993	-0.000304	3.987427	0.000304	0.995993	2.379456	
659	0.995359	0.000069	4.454895	-0.000069	0.995359	3.541809	
660	0.996925	0.000930	2.474792	-0.000930	0.996925	2.787231	
661	0.996228	0.001573	3.202820	-0.001573	0.996228	4.357361	
662	0.996228	0.001573	3.202820	-0.001573	0.996228	4.357361	
663	0.997465	0.000769	2.670044	-0.000769	0.997465	3.219116	
664	0.991250	0.000570	7.958313	-0.000570	0.991250	8.118652	
665	0.993895	-0.000040	6.643066	0.000040	0.993895	5.632690	
666	0.993895	-0.000040	6.643066	0.000040	0.993895	5.632690	
667	0.993895	-0.000040	6.643066	0.000040	0.993895	5.632690	
668	0.996712	0.000125	3.191772	-0.000125	0.996712	3.652771	
669	0.993758	-0.000326	6.616821	0.000326	0.993758	5.924744	
670	0.994423	-0.000102	5.842285	0.000102	0.994423	5.692627	
671	0.994098	-0.000218	5.941467	0.000218	0.994098	6.174866	
672	0.995321	-0.000071	4.684692	0.000071	0.995321	6.750183	
673	0.993530	-0.000393	6.404236	0.000393	0.993530	6.670898	
674	0.997340	0.000104	2.845703	-0.000104	0.997340	3.350525	
675	0.997904	-0.000186	2.557190	0.000186	0.997904	2.396423	
676	0.992374	-0.001320	9.942749	0.001320	0.992374	3.283936	
677	0.996067	-0.000764	4.189270	0.000764	0.996067	4.658936	
678	0.996170	0.000191	3.618408	-0.000191	0.996170	4.267395	
679	0.996822	-0.000565	3.085083	0.000565	0.996822	2.678711	
680	0.999118	-0.003817	4.358093	0.003817	0.999118	-1.478577	
681	0.999118	-0.003817	4.358093	0.003817	0.999118	-1.478577	
682	0.997248	-0.000195	2.601929	0.000195	0.997248	3.826782	
683	0.999726	0.000340	0.051270	-0.000340	0.999726	0.810181	
684	1.000489	-0.000041	-0.607422	0.000041	1.000489	-0.498474	
685	1.001330	-0.000346	-1.622559	0.000346	1.001330	-1.539429	
686	1.001330	-0.000346	-1.622559	0.000346	1.001330	-1.539429	
687	1.001330	-0.000346	-1.622559	0.000346	1.001330	-1.539429	
688	1.003679	-0.000310	-3.115295	0.000310	1.003679	-2.944946	
689	1.003679	-0.000310	-3.115295	0.000310	1.003679	-2.944946	
690	1.003679	-0.000310	-3.115295	0.000310	1.003679	-2.944946	
691	1.003058	0.000220	-2.890442	-0.000220	1.003058	-1.796387	
692	1.003058	0.000220	-2.890442	-0.000220	1.003058	-1.796387	
693	1.006184	0.000434	-5.967407	-0.000434	1.006184	-3.695374	
694	1.008222	0.000330	-8.020508	-0.000330	1.008222	-5.482300	
695	1.005988	-0.000142	-5.839172	0.000142	1.005988	-4.142151	
696	1.004328	0.000847	-4.605957	-0.000847	1.004328	-1.893066	
697	1.004328	0.000847	-4.605957	-0.000847	1.004328	-1.893066	
698	1.006671	-0.000373	-6.135620	0.000373	1.006671	-5.478394	
699	1.009174	0.000600	-9.027100	-0.000600	1.009174	-6.015564	
700	1.009018	0.001249	-8.871338	-0.001249	1.009018	-5.218628	
701	1.005280	-0.000493	-4.608032	0.000493	1.005280	-3.904114	
702	1.005280	-0.000493	-4.608032	0.000493	1.005280	-3.904114	
703	1.005683	0.001165	-5.344971	-0.001165	1.005683	-2.632812	
704	1.005683	0.001165	-5.344971	-0.001165	1.005683	-2.632812	
705	1.007017	0.000134	-7.034058	-0.000134	1.007017	-5.311951	
706	1.006289	-0.000937	-6.017334	0.000937	1.006289	-5.869812	
707	1.006289	-0.000937	-6.017334	0.000937	1.006289	-5.869812	
708	1.006553	0.000070	-6.218018	-0.000070	1.006553	-4.979431	
709	1.006553	0.000070	-6.218018	-0.000070	1.006553	-4.979431	
710	1.006553	0.000070	-6.218018	-0.000070	1.006553	-4.979431	
711	1.006553	0.000070	-6.218018	-0.000070	1.006553	-4.979431	
712	1.006553	0.000070	-6.218018	-0.000070	1.006553	-4.979431	
713	1.004057	-0.000545	-2.202576	0.000545	1.004057	-5.047546	
714	1.003661	-0.000195	-2.281372	0.000195	1.003661	-4.225037	
715	1.002989	-0.000022	-1.492493	0.000022	1.002989	-3.656128	
716	1.005538	-0.000543	-3.031128	0.000543	1.005538	-6.482788	
717	1.010335	0.001054	-7.780151	-0.001054	1.010335	-11.218567	
718	1.003464	0.000129	-1.577454	-0.000129	1.003464	-5.960999	
719	1.003717	-0.000600	-0.618774	0.000600	1.003717	-7.210083	
720	1.004034	-0.000170	-1.332886	0.000170	1.004034	-7.097656	
721	1.002164	0.000070	0.492798	-0.000070	1.002164	-5.682251	
722	1.005656	0.001539	-2.884033	-0.001539	1.005656	-10.211121	
723	1.002191	0.000454	-0.874878	-0.000454	1.002191	-4.835571	
724	1.003651	-0.000681	-0.990784	0.000681	1.003651	-6.909668	
725	1.002548	0.000536	-2.021057	-0.000536	1.002548	-4.129883	
726	1.002838	-0.000307	-1.419189	0.000307	1.002838	-4.822632	
727	1.004413	0.001442	-4.336670	-0.001442	1.004413	-5.508301	
728	1.001770	0.000278	-1.163757	-0.000278	1.001770	-2.613770	
729	1.001091	0.000220	-0.538391	-0.000220	1.001091	-2.052185	
730	1.000921	0.000074	-0.299255	-0.000074	1.000921	-1.957031	
731	1.000553	0.000285	-0.371765	-0.000285	1.000553	-1.327576	
732	1.000218	0.000535	-0.088928	-0.000535	1.000218	-0.990662	
733	1.000087	0.000087	0.161865	-0.000087	1.000087	-0.170898	
734	0.999472	-0.000081	1.004517	0.000081	0.999472	0.268372	
735	0.999339	-0.000062	1.027344	0.000062	0.999339	0.331482	
736	0.999103	-0.000013	1.027832	0.000013	0.999103	0.693909	
737	0.998750	0.000032	1.181519	-0.000032	0.998750	1.053284	
738	0.996669	-0.000049	3.133911	0.000049	0.996669	2.655151	
739	0.998195	0.000111	1.368896	-0.000111	0.998195	1.323059	
740	0.997747	0.000064	1.672852	-0.000064	0.997747	1.667297	
741	0.997683	0.000036	1.747803	-0.000036	0.997683	1.701538	
742	0.997779	-0.000098	1.848267	0.000098	0.997779	1.601196	
743	0.994725	-0.000359	4.645020	0.000359	0.994725	3.642700	
744	0.997657	0.000234	2.089600	-0.000234	0.997657	2.132568	
745	0.996278	-0.000932	4.664307	0.000932	0.996278	1.354248	
746	0.997432	0.000296	2.286255	-0.000296	0.997432	2.430542	
747	0.997377	0.000068	2.630066	-0.000068	0.997377	2.342651	
748	0.993986	0.000016	6.906860	-0.000016	0.993986	4.862549	
749	0.996029	0.000416	3.898621	-0.000416	0.996029	3.304321	
750	0.996265	0.000027	3.759216	-0.000027	0.996265	2.983154	
751	0.995613	-0.000074	4.038818	0.000074	0.995613	3.193420	
752	0.995883	0.000082	3.980896	-0.000082	0.995883	3.301941	
753	0.995883	0.000082	3.980896	-0.000082	0.995883	3.301941	
754	0.995927	0.000173	3.505737	-0.000173	0.995927	3.651184	
755	0.995717	-0.000063	3.764404	0.000063	0.995717	3.362000	
756	0.994639	-0.000478	5.050537	0.000478	0.994639	3.256897	
757	0.996185	0.000080	3.025146	-0.000080	0.996185	2.938416	
758	0.996185	0.000080	3.025146	-0.000080	0.996185	2.938416	
759	0.991804	-0.000196	8.441772	0.000196	0.991804	5.028503	
760	0.994292	-0.000305	4.530762	0.000305	0.994292	3.525696	
761	0.990817	-0.000706	8.637817	0.000706	0.990817	5.924500	
762	0.992423	-0.007770	9.285400	0.007770	0.992423	-2.181274	
763	0.992423	-0.007770	9.285400	0.007770	0.992423	-2.181274	
764	0.996152	-0.000460	1.998535	0.000460	0.996152	2.153137	
765	0.997183	-0.000698	1.452942	0.000698	0.997183	1.408447	
766	0.995226	-0.001380	3.650513	0.001380	0.995226	1.734131	
767	0.994588	-0.000178	2.258179	0.000178	0.994588	2.990417	
768	0.994588	-0.000178	2.258179	0.000178	0.994588	2.990417	
769	0.995303	-0.000592	2.360046	0.000592	0.995303	2.591003	
770	0.994494	-0.001902	2.767517	0.001902	0.994494	2.603973	
771	0.996559	-0.000771	1.559937	0.000771	0.996559	1.455994	
772	0.991400	-0.002218	5.630005	0.002218	0.991400	5.602112	
773	0.988926	-0.000893	6.747742	0.000893	0.988926	6.691772	
774	0.998365	0.000394	-1.241150	-0.000394	0.998365	1.175964	
775	0.996678	-0.000707	1.368652	0.000707	0.996678	1.442993	
776	0.996392	-0.000957	1.856995	0.000957	0.996392	1.366638	
777	0.997777	-0.000590	0.894897	0.000590	0.997777	0.518860	
778	0.994844	-0.000967	2.083618	0.000967	0.994844	2.579041	
779	0.997792	-0.000056	0.328064	0.000056	0.997792	1.335388	
780	0.998360	-0.000474	0.114319	0.000474	0.998360	0.659058	
781	0.999705	0.000038	-1.376099	-0.000038	0.999705	-0.135681	
782	0.999664	-0.000276	-0.828308	0.000276	0.999664	-0.154358	
783	1.001701	0.000173	-3.022095	-0.000173	1.001701	-0.778625	
784	1.001134	-0.000149	-0.837219	0.000149	1.001134	-0.866516	
785	1.001312	0.000099	-0.582336	-0.000099	1.001312	-0.841675	
786	1.001586	-0.000212	-0.267273	0.000212	1.001586	-1.494080	
787	1.002292	0.000433	-1.369934	-0.000433	1.002292	-0.974854	
788	1.002292	0.000433	-1.369934	-0.000433	1.002292	-0.974854	
789	1.003900	0.000576	-2.569336	-0.000576	1.003900	-2.123108	
790	1.004786	0.000916	-3.214417	-0.000916	1.004786	-2.294250	
791	1.004786	0.000916	-3.214417	-0.000916	1.004786	-2.294250	
792	0.997829	-0.000021	2.471130	0.000021	0.997829	1.783752	
793	0.996367	-0.000658	3.684570	0.000658	0.996367	2.714905	
794	0.997963	0.000019	2.009705	-0.000019	0.997963	1.489990	
795	0.998001	0.000071	1.661316	-0.000071	0.998001	1.413940	
796	0.998316	-0.000056	1.485168	0.000056	0.998316	0.981628	
797	0.998263	-0.000334	1.573486	0.000334	0.998263	0.911255	
798	0.996658	-0.000473	3.148254	0.000473	0.996658	2.277832	
799	0.998258	-0.000157	1.761902	0.000157	0.998258	1.389832	
800	0.998150	-0.000194	2.103516	0.000194	0.998150	1.191528	
801	0.998490	0.000092	1.737122	-0.000092	0.998490	1.497131	
802	0.998488	-0.000215	1.818848	0.000215	0.998488	1.041565	
803	0.997357	-0.000216	2.862976	0.000216	0.997357	1.999329	
804	0.998588	-0.000086	1.436096	0.000086	0.998588	0.814575	
805	0.998806	-0.000059	1.083069	0.000059	0.998806	0.872742	
806	0.998868	0.000005	1.102783	-0.000005	0.998868	0.983887	
807	0.999023	0.000041	0.791199	-0.000041	0.999023	0.686035	
808	0.998234	0.000043	1.856873	-0.000043	0.998234	1.382385	
809	0.999466	-0.000270	0.670593	0.000270	0.999466	0.285706	
810	0.999252	-0.000154	0.914185	0.000154	0.999252	0.763245	
811	0.999409	-0.000184	0.911011	0.000184	0.999409	0.374390	
812	0.999241	0.002225	-1.679688	-0.002225	0.999241	3.230835	
813	0.999280	0.000064	0.838257	-0.000064	0.999280	0.975159	
814	0.999909	0.000325	-0.076660	-0.000325	0.999909	0.498840	
815	0.999835	0.000286	-0.043762	-0.000286	0.999835	0.544128	
816	0.999827	-0.000067	0.079773	0.000067	0.999827	0.115417	
817	1.001417	-0.002085	-0.365173	0.002085	1.001417	-2.289001	
818	1.001173	0.000854	-1.595398	-0.000854	1.001173	0.251953	
819	1.000394	-0.000202	-0.222412	0.000202	1.000394	-0.307556	
820	1.000569	0.000002	-0.474426	-0.000002	1.000569	-0.316345	
821	1.000494	0.000018	-0.367981	-0.000018	1.000494	-0.290527	
822	1.000697	-0.000063	-0.725403	0.000063	1.000697	-0.547668	
823	1.001616	-0.000044	-1.957092	0.000044	1.001616	-1.291199	
824	1.001378	0.001253	-1.957642	-0.001253	1.001378	0.329346	
825	1.001073	0.000185	-1.263855	-0.000185	1.001073	-0.908813	
826	1.001013	0.000155	-1.233093	-0.000155	1.001013	-0.991638	
827	1.001118	0.000146	-1.270569	-0.000146	1.001118	-0.828491	
828	1.002242	0.000619	-2.515869	-0.000619	1.002242	-1.525818	
829	1.001308	0.000062	-1.235596	-0.000062	1.001308	-1.101440	
830	1.001391	-0.000042	-1.370544	0.000042	1.001391	-1.451477	
831	1.001445	-0.000042	-1.575867	0.000042	1.001445	-1.475342	
832	1.001600	0.000054	-1.679993	-0.000054	1.001600	-1.401123	
833	1.002900	-0.000301	-3.103333	0.000301	1.002900	-3.127380	
834	1.001483	0.000120	-1.443176	-0.000120	1.001483	-1.315369	
835	1.001770	0.000529	-1.848450	-0.000529	1.001770	-1.081482	
836	1.001773	0.000298	-1.724731	-0.000298	1.001773	-1.448853	
837	1.002116	0.000375	-1.927063	-0.000375	1.002116	-1.412537	
838	1.003415	0.000152	-2.968689	-0.000152	1.003415	-2.871948	
839	1.002241	0.000153	-2.064209	-0.000153	1.002241	-1.570862	
840	1.001843	-0.000225	-1.647583	0.000225	1.001843	-1.559448	
841	1.002052	0.000248	-1.980225	-0.000248	1.002052	-1.389526	
842	1.002038	0.000152	-2.142944	-0.000152	1.002038	-1.486023	
843	1.002038	0.000152	-2.142944	-0.000152	1.002038	-1.486023	
844	1.002127	0.000262	-2.325439	-0.000262	1.002127	-1.330627	
845	1.002078	0.000076	-1.922180	-0.000076	1.002078	-1.414368	
846	1.002366	-0.000048	-2.155029	0.000048	1.002366	-1.675842	
847	1.002095	0.000126	-1.839661	-0.000126	1.002095	-1.509277	
848	1.003964	-0.000220	-3.037781	0.000220	1.003964	-3.042480	
849	1.002183	0.000113	-2.026550	-0.000113	1.002183	-1.303406	
850	1.002183	0.000113	-2.026550	-0.000113	1.002183	-1.303406	
851	1.002408	0.000479	-2.464355	-0.000479	1.002408	-1.154114	
852	1.002408	0.000479	-2.464355	-0.000479	1.002408	-1.154114	
853	1.003821	0.000008	-4.147156	-0.000008	1.003821	-3.022949	
854	1.002217	0.000070	-2.556946	-0.000070	1.002217	-1.664978	
855	1.002422	-0.000026	-2.586792	0.000026	1.002422	-1.598572	
856	1.002048	-0.000216	-1.834656	0.000216	1.002048	-1.742371	
857	1.002192	-0.000223	-1.967590	0.000223	1.002192	-2.180908	
858	1.004382	-0.000586	-3.748474	0.000586	1.004382	-4.019409	
859	1.002336	0.000236	-2.452026	-0.000236	1.002336	-1.602661	
860	1.002357	-0.000783	-2.176636	0.000783	1.002357	-2.425781	
861	1.002091	0.000008	-2.293457	-0.000008	1.002091	-1.981873	
862	1.002342	0.000022	-2.735352	-0.000022	1.002342	-2.108032	
863	1.004353	0.000067	-5.031189	-0.000067	1.004353	-4.366821	
864	1.001808	0.000096	-2.130554	-0.000096	1.001808	-1.745300	
865	1.001973	-0.000373	-1.969055	0.000373	1.001973	-2.282227	
866	1.002631	0.000307	-2.617981	-0.000307	1.002631	-2.089874	
867	1.002275	-0.000182	-1.851501	0.000182	1.002275	-2.387146	
868	1.004394	-0.000525	-3.871643	0.000525	1.004394	-4.819794	
869	1.002192	-0.000346	-1.903687	0.000346	1.002192	-2.387451	
870	1.002119	0.000040	-2.188110	-0.000040	1.002119	-1.917725	
871	1.002040	0.000179	-2.207031	-0.000179	1.002040	-2.059448	
872	1.001889	0.000084	-2.115723	-0.000084	1.001889	-2.074280	
873	1.003723	-0.001747	-2.981201	0.001747	1.003723	-6.364532	
874	1.001422	-0.001679	-0.169312	0.001679	1.001422	-2.744629	
875	1.001729	-0.000154	-1.487915	0.000154	1.001729	-2.196350	
876	1.001628	-0.000136	-1.510498	0.000136	1.001628	-2.033569	
877	1.001425	-0.000031	-1.046814	0.000031	1.001425	-1.835815	
878	1.002673	-0.000366	-2.091309	0.000366	1.002673	-3.820740	
879	1.001315	-0.000140	-1.291199	0.000140	1.001315	-1.999756	
880	1.001122	0.000270	-1.088562	-0.000270	1.001122	-1.316284	
881	1.000993	0.000102	-0.805603	-0.000102	1.000993	-1.332275	
882	1.001047	-0.000112	-0.902405	0.000112	1.001047	-1.604797	
883	1.002201	-0.000215	-1.749695	0.000215	1.002201	-2.680603	
884	1.000920	-0.000109	-0.632996	0.000109	1.000920	-1.200317	
885	1.000867	-0.000006	-0.666077	0.000006	1.000867	-0.910706	
886	1.001026	0.000207	-0.739014	-0.000207	1.001026	-0.474243	
887	1.000604	0.000071	-0.518860	-0.000071	1.000604	-0.664429	
888	1.000955	0.000238	-0.667908	-0.000238	1.000955	-0.497314	
889	1.000290	0.000220	-0.158325	-0.000220	1.000290	-0.153564	
890	0.999962	0.000121	0.226318	-0.000121	0.999962	0.179382	
891	0.999872	0.000299	0.149170	-0.000299	0.999872	0.634644	
892	0.999877	0.000077	0.324524	-0.000077	0.999877	0.372498	
893	0.999407	-0.000031	1.215210	0.000031	0.999407	0.767822	
894	0.999710	0.000078	0.363220	-0.000078	0.999710	0.799744	
895	0.999546	0.000175	0.432434	-0.000175	0.999546	1.335022	
896	0.999421	0.000170	0.508301	-0.000170	0.999421	1.167175	
897	0.999494	0.000148	0.583313	-0.000148	0.999494	1.144226	
898	0.998501	-0.000050	1.273315	0.000050	0.998501	1.798279	
899	0.999178	0.000147	0.721313	-0.000147	0.999178	1.614380	
900	0.999176	0.000096	0.522156	-0.000096	0.999176	1.443665	
901	0.999001	0.000130	0.663513	-0.000130	0.999001	1.478760	
902	0.998992	0.000076	0.901489	-0.000076	0.998992	1.496582	
903	0.998830	0.000067	1.038940	-0.000067	0.998830	1.288269	
904	0.997418	0.000406	2.212585	-0.000406	0.997418	3.066101	
905	0.998684	0.000947	0.502441	-0.000947	0.998684	1.902100	
906	0.998227	0.000086	1.601318	-0.000086	0.998227	1.699890	
907	0.998428	0.000028	1.449341	-0.000028	0.998428	1.482605	
908	0.998334	0.000108	1.216309	-0.000108	0.998334	1.488037	
909	0.996454	-0.000214	3.245972	0.000214	0.996454	2.900879	
910	0.997862	-0.000078	1.914978	0.000078	0.997862	1.359985	
911	0.998093	-0.000080	1.894348	0.000080	0.998093	1.563904	
912	0.997895	-0.000262	2.196106	0.000262	0.997895	1.290588	
913	0.998035	0.000193	1.798218	-0.000193	0.998035	1.725220	
914	0.996234	0.000092	3.258667	-0.000092	0.996234	3.114990	
915	0.997595	0.000296	1.944946	-0.000296	0.997595	2.431885	
916	0.997657	0.000037	2.172668	-0.000037	0.997657	1.964966	
917	0.998468	-0.000161	1.275757	0.000161	0.998468	1.511597	
918	0.997915	0.000058	1.850464	-0.000058	0.997915	1.752441	
919	0.995964	0.000182	3.608643	-0.000182	0.995964	3.932190	
920	0.997767	0.000058	2.135010	-0.000058	0.997767	2.067078	
921	0.997624	0.000105	2.406067	-0.000105	0.997624	2.197754	
922	0.997770	-0.000159	2.244995	0.000159	0.997770	1.790833	
923	0.997781	-0.000151	2.386108	0.000151	0.997781	1.937378	
924	0.995319	-0.000789	5.654114	0.000789	0.995319	4.206909	
925	0.998262	0.000433	1.592285	-0.000433	0.998262	2.524719	
926	0.997637	0.000092	2.309631	-0.000092	0.997637	2.344971	
927	0.997829	0.000024	2.264282	-0.000024	0.997829	2.030334	
928	0.997831	-0.000109	2.017761	0.000109	0.997831	2.093750	
929	0.994790	-0.001213	5.630798	0.001213	0.994790	3.509460	
930	0.997945	-0.000316	2.416992	0.000316	0.997945	2.019104	
931	0.997894	-0.000010	2.266479	0.000010	0.997894	2.267029	
932	0.997810	0.000263	2.315125	-0.000263	0.997810	2.245300	
933	0.997825	-0.000058	2.563843	0.000058	0.997825	2.043030	
934	0.996007	0.000448	3.946289	-0.000448	0.996007	3.899231	
935	0.997978	-0.000238	2.146118	0.000238	0.997978	1.657288	
936	0.999378	-0.000504	0.907593	0.000504	0.999378	0.501892	
937	0.997777	-0.000065	2.107605	0.000065	0.997777	1.566162	
938	0.998171	-0.000505	1.841187	0.000505	0.998171	0.982666	
939	0.996012	-0.000147	3.860718	0.000147	0.996012	3.000732	
940	0.997956	-0.000118	2.178650	0.000118	0.997956	1.608032	
941	0.997955	-0.000489	2.196960	0.000489	0.997955	1.082458	
942	0.998038	-0.000208	2.108887	0.000208	0.998038	1.331543	
943	0.997881	-0.000416	2.535828	0.000416	0.997881	1.218323	
944	0.996142	-0.000334	3.657715	0.000334	0.996142	2.066956	
945	0.998021	-0.000164	1.902161	0.000164	0.998021	1.111755	
946	0.998103	-0.000195	1.615417	0.000195	0.998103	1.017639	
947	0.998187	-0.000178	1.568726	0.000178	0.998187	0.898804	
948	0.998160	0.000006	1.575012	-0.000006	0.998160	1.165100	
949	0.996912	-0.000142	2.837830	0.000142	0.996912	1.837463	
950	0.998187	-0.000674	2.055298	0.000674	0.998187	0.462463	
951	0.998536	-0.000271	1.459839	0.000271	0.998536	0.888916	
952	0.998461	-0.000423	1.657288	0.000423	0.998461	0.826721	
953	0.998670	-0.000274	1.395935	0.000274	0.998670	0.931641	
954	0.997507	-0.000289	2.433838	0.000289	0.997507	1.744324	
955	0.998904	-0.000315	1.033447	0.000315	0.998904	0.607544	
956	0.999029	-0.000131	0.787292	0.000131	0.999029	0.697021	
957	1.001689	-0.005912	1.852112	0.005912	1.001689	-6.892395	
958	0.999148	0.000272	0.657593	-0.000272	0.999148	1.085388	
959	0.998778	-0.000150	1.291931	0.000150	0.998778	1.443298	
960	0.999599	-0.000162	0.570496	0.000162	0.999599	0.445923	
961	0.999677	-0.000119	0.486084	0.000119	0.999677	0.558472	
962	0.999791	-0.000144	0.361145	0.000144	0.999791	0.400452	
963	0.999980	0.000007	0.016785	-0.000007	0.999980	0.334534	
964	0.999993	0.000135	0.010010	-0.000135	0.999993	0.688660	
965	1.000297	0.000104	-0.366943	-0.000104	1.000297	0.141235	
966	1.000293	0.000058	-0.341003	-0.000058	1.000293	0.097656	
967	1.001088	0.000612	-1.039124	-0.000612	1.001088	0.104553	
968	1.000428	0.000091	-0.150574	-0.000091	1.000428	-0.316345	
969	1.000632	-0.000412	0.166199	0.000412	1.000632	-1.040100	
970	1.000795	0.000082	-0.625854	-0.000082	1.000795	-0.623840	
971	1.000840	0.000246	-0.818298	-0.000246	1.000840	-0.517212	
972	1.000719	0.000310	-0.751892	-0.000310	1.000719	-0.340149	
973	1.000871	0.000283	-0.838257	-0.000283	1.000871	-0.644470	
974	1.001931	-0.000054	-1.680176	0.000054	1.001931	-2.218811	
975	1.001067	0.000110	-1.012329	-0.000110	1.001067	-1.102661	
976	1.001378	0.000253	-1.382812	-0.000253	1.001378	-1.023621	
977	1.001250	0.000235	-1.246521	-0.000235	1.001250	-1.130310	
978	1.001356	0.000149	-1.362915	-0.000149	1.001356	-1.344910	
979	1.002606	0.000350	-2.452209	-0.000350	1.002606	-2.400208	
980	1.001563	0.000249	-1.585022	-0.000249	1.001563	-1.429382	
981	1.001589	0.000271	-1.672913	-0.000271	1.001589	-1.047729	
982	1.008876	-0.000630	-9.204102	0.000630	1.008876	-2.344055	
983	1.008576	-0.001198	-8.713501	0.001198	1.008576	-1.609924	
984	1.003438	0.000075	-3.331909	-0.000075	1.003438	-3.013184	
985	1.002029	-0.000264	-1.934937	0.000264	1.002029	-1.778748	
986	1.002217	-0.000011	-2.287231	0.000011	1.002217	-1.771057	
987	1.002099	0.000073	-2.180664	-0.000073	1.002099	-1.376526	
988	1.002130	-0.000109	-2.227539	0.000109	1.002130	-1.677307	
989	1.004150	0.000415	-4.569763	-0.000415	1.004150	-2.696411	
990	1.002010	0.000310	-2.411194	-0.000310	1.002010	-1.132935	
991	1.002298	-0.000108	-2.378540	0.000108	1.002298	-1.802551	
992	1.002173	0.000154	-2.286804	-0.000154	1.002173	-1.346313	
993	1.002206	0.000143	-2.187439	-0.000143	1.002206	-1.637573	
994	1.005448	-0.000067	-5.467285	0.000067	1.005448	-3.867126	
995	1.001542	0.003181	-3.156067	-0.003181	1.001542	0.768616	
996	1.006366	0.005334	-11.100830	-0.005334	1.006366	3.253540	
997	1.002339	0.000231	-2.252258	-0.000231	1.002339	-1.553284	
998	1.002284	-0.000148	-2.145447	0.000148	1.002284	-1.783447	
999	1.005237	0.000207	-5.894897	-0.000207	1.005237	-3.824402	
1000	1.002216	0.000124	-2.452637	-0.000124	1.002216	-1.311218	
1001	1.002146	-0.000012	-2.292297	0.000012	1.002146	-1.696045	
1002	1.002160	0.000087	-2.145813	-0.000087	1.002160	-1.538025	
1003	1.002054	0.000127	-2.011108	-0.000127	1.002054	-1.700684	
1004	1.004244	0.000461	-4.182495	-0.000461	1.004244	-2.551392	
1005	1.003285	0.000130	-3.356812	-0.000130	1.003285	-1.918854	
1006	1.002042	0.000038	-1.932068	-0.000038	1.002042	-1.452271	
1007	1.005599	0.003402	-5.605286	-0.003402	1.005599	-1.634949	
1008	1.001533	-0.001178	-0.986938	0.001178	1.001533	-3.230774	
1009	1.001533	-0.001178	-0.986938	0.001178	1.001533	-3.230774	
1010	1.002213	0.000344	-2.906921	-0.000344	1.002213	-1.693237	
1011	1.001913	-0.000051	-1.913147	0.000051	1.001913	-1.750916	
1012	1.002005	-0.000127	-2.080078	0.000127	1.002005	-2.020203	
1013	1.002541	0.000288	-2.461365	-0.000288	1.002541	-2.020264	
1014	1.003786	-0.000556	-3.066162	0.000556	1.003786	-4.578400	
1015	1.002067	-0.000653	-1.665588	0.000653	1.002067	-2.499634	
1016	1.002505	-0.000092	-2.165955	0.000092	1.002505	-2.264771	
1017	1.002391	-0.000032	-2.239868	0.000032	1.002391	-2.143524	
1018	1.001653	-0.000287	-1.603271	0.000287	1.001653	-2.488770	
1019	1.003777	0.000392	-3.995728	-0.000392	1.003777	-3.808594	
1020	1.001677	0.000109	-1.691650	-0.000109	1.001677	-1.938599	
1021	1.001710	-0.000495	-1.201416	0.000495	1.001710	-2.185608	
1022	1.001282	-0.000181	-1.023621	0.000181	1.001282	-1.870728	
1023	1.001450	-0.000305	-1.249512	0.000305	1.001450	-1.897583	
1024	1.001450	-0.000305	-1.249512	0.000305	1.001450	-1.897583	
1025	1.001220	-0.000159	-1.031982	0.000159	1.001220	-1.691162	
1026	1.001430	0.000010	-1.313477	-0.000010	1.001430	-1.667358	
1027	1.001169	-0.000575	-0.767212	0.000575	1.001169	-2.222961	
1028	1.002141	0.000608	-2.011108	-0.000608	1.002141	-1.246399	
1029	1.002274	0.000234	-2.187195	-0.000234	1.002274	-2.200378	
1030	1.001242	-0.000115	-0.847351	0.000115	1.001242	-1.341919	
1031	1.000999	-0.000027	-0.875061	0.000027	1.000999	-0.904297	
1032	1.000987	0.000088	-0.801514	-0.000088	1.000987	-0.705505	
1033	1.000768	-0.000052	-0.570190	0.000052	1.000768	-0.722046	
1034	1.001279	0.000020	-1.057373	-0.000020	1.001279	-1.020752	
1035	1.000437	-0.000071	-0.383179	0.000071	1.000437	-0.420105	
1036	1.000268	0.000048	-0.268066	-0.000048	1.000268	-0.136841	
1037	1.000305	-0.000010	-0.256042	0.000010	1.000305	-0.072266	
1038	1.000128	-0.000257	0.025146	0.000257	1.000128	-0.268127	
1039	1.000057	-0.000114	0.194214	0.000114	1.000057	0.169434	
1040	0.999627	0.000238	0.549927	-0.000238	0.999627	0.515198	
1041	0.999787	-0.000001	0.291992	0.000001	0.999787	0.228027	
1042	0.999446	0.000245	0.296631	-0.000245	0.999446	0.983459	
1043	0.999509	-0.000040	0.301880	0.000040	0.999509	0.830994	
1044	0.998918	0.000133	0.677917	-0.000133	0.998918	1.829834	
1045	0.999375	0.000660	0.332275	-0.000660	0.999375	1.593628	
1046	0.999371	0.000027	0.460388	-0.000027	0.999371	0.757202	
1047	0.999272	-0.000082	0.569214	0.000082	0.999272	0.952087	
1048	0.999002	-0.000041	0.906677	0.000041	0.999002	1.243042	
1049	0.999002	-0.000041	0.906677	0.000041	0.999002	1.243042	
1050	0.999002	-0.000041	0.906677	0.000041	0.999002	1.243042	
1051	0.998542	-0.000163	1.088135	0.000163	0.998542	0.996185	
1052	0.998032	-0.000063	1.983521	0.000063	0.998032	1.344391	
1053	0.998032	-0.000063	1.983521	0.000063	0.998032	1.344391	
1054	0.996527	0.000403	3.024780	-0.000403	0.996527	3.188873	
1055	0.998183	0.000035	1.775940	-0.000035	0.998183	1.330750	
1056	0.998154	0.000007	1.669983	-0.000007	0.998154	1.377686	
1057	0.998839	0.000413	0.962219	-0.000413	0.998839	1.299866	
1058	0.997809	0.000123	2.111572	-0.000123	0.997809	1.791931	
1059	0.996422	0.000115	3.480286	-0.000115	0.996422	3.196350	
1060	0.997876	0.000372	1.797913	-0.000372	0.997876	1.997437	
1061	0.998082	0.000096	1.760193	-0.000096	0.998082	1.766541	
1062	0.997706	-0.000599	2.633301	0.000599	0.997706	1.284973	
1063	0.997794	0.000183	1.897156	-0.000183	0.997794	2.112061	
1064	0.997794	0.000183	1.897156	-0.000183	0.997794	2.112061	
1065	0.998061	0.000027	1.811890	-0.000027	0.998061	1.547119	
1066	0.997840	0.000349	1.961121	-0.000349	0.997840	2.540466	
1067	0.997944	0.000199	1.882690	-0.000199	0.997944	2.331726	
1068	0.997743	0.000113	2.192383	-0.000113	0.997743	2.247070	
1069	0.996053	0.000252	4.231750	-0.000252	0.996053	4.122131	
1070	0.997617	-0.000011	2.456543	0.000011	0.997617	2.314453	
1071	0.997687	-0.000006	2.476135	0.000006	0.997687	2.690063	
1072	0.997498	-0.000082	2.530151	0.000082	0.997498	2.570679	
1073	0.997656	0.000323	2.245117	-0.000323	0.997656	2.729309	
1074	0.997791	0.000070	2.154541	-0.000070	0.997791	2.584229	
1075	0.996201	0.000046	3.641541	-0.000046	0.996201	4.243225	
1076	0.998076	0.000310	1.516724	-0.000310	0.998076	2.641296	
1077	0.997958	-0.000193	1.950195	0.000193	0.997958	2.022034	
1078	0.998038	0.000029	1.907227	-0.000029	0.998038	2.137329	
1079	0.998064	-0.000114	1.901062	0.000114	0.998064	1.970520	
1080	0.996166	-0.000236	3.748596	0.000236	0.996166	3.586792	
1081	0.998204	-0.000057	1.966797	0.000057	0.998204	1.504761	
1082	0.998177	-0.000096	1.897705	0.000096	0.998177	1.437561	
1083	0.998090	-0.000045	1.921936	0.000045	0.998090	1.611023	
1084	0.998088	-0.000196	1.765198	0.000196	0.998088	1.490295	
1085	0.996415	0.000056	3.141418	-0.000056	0.996415	3.022400	
1086	0.998053	-0.000517	1.976929	0.000517	0.998053	1.061279	
1087	0.998026	0.000208	1.320984	-0.000208	0.998026	1.744690	
1088	0.998142	-0.000429	1.813477	0.000429	0.998142	1.075806	
1089	0.998257	-0.000221	1.463379	0.000221	0.998257	1.173523	
1090	0.996452	-0.000631	3.524841	0.000631	0.996452	2.006958	
1091	0.998154	-0.000366	1.826172	0.000366	0.998154	0.856689	
1092	0.998241	-0.000322	1.786316	0.000322	0.998241	0.714111	
1093	0.998216	-0.000264	1.593262	0.000264	0.998216	0.997559	
1094	0.998270	-0.000321	1.587158	0.000321	0.998270	0.938843	
1095	0.996890	-0.000298	2.643066	0.000298	0.996890	1.943176	
1096	0.998292	-0.000120	1.557556	0.000120	0.998292	1.139954	
1097	0.998324	-0.000116	1.331543	0.000116	0.998324	1.090942	
1098	0.998377	-0.000093	1.400146	0.000093	0.998377	1.101746	
1099	0.998396	-0.000110	1.634338	0.000110	0.998396	1.204834	
1100	0.997092	-0.000281	2.927917	0.000281	0.997092	1.822571	
1101	0.998473	-0.000312	1.911804	0.000312	0.998473	0.962280	
1102	0.998594	-0.000216	1.594971	0.000216	0.998594	0.860779	
1103	0.998721	-0.000206	1.531372	0.000206	0.998721	0.812561	
1104	0.998740	-0.000361	1.652832	0.000361	0.998740	0.763184	
1105	0.997932	-0.000043	2.216797	0.000043	0.997932	1.754456	
1106	0.999065	0.000076	1.059143	-0.000076	0.999065	0.933533	
1107	0.999264	0.000131	0.598328	-0.000131	0.999264	0.730530	
1108	0.999320	0.000062	0.652405	-0.000062	0.999320	0.754883	
1109	0.999536	0.000039	0.432678	-0.000039	0.999536	0.812805	
1110	0.999023	0.000025	1.315735	-0.000025	0.999023	1.365906	
1111	0.999337	-0.001036	1.373657	0.001036	0.999337	-0.018066	
1112	0.999255	-0.000434	1.098999	0.000434	0.999255	0.384094	
1113	0.999348	0.000123	0.713074	-0.000123	0.999348	0.699829	
1114	0.999394	-0.000142	0.781616	0.000142	0.999394	0.484375	
1115	0.999820	0.000206	0.309448	-0.000206	0.999820	0.585510	
1116	0.999994	0.000167	0.005127	-0.000167	0.999994	0.243652	
1117	0.999888	0.000101	0.036621	-0.000101	0.999888	0.211426	
1118	0.999888	0.000101	0.036621	-0.000101	0.999888	0.211426	
1119	1.000229	0.000088	-0.174927	-0.000088	1.000229	-0.108154	
1120	1.001141	-0.000688	-0.772339	0.000688	1.001141	-2.274780	
1121	1.000335	-0.000183	-0.276367	0.000183	1.000335	-0.808960	
1122	1.000399	-0.001165	0.001526	0.001165	1.000399	-1.512085	
1123	1.000699	-0.000029	-0.750000	0.000029	1.000699	-0.778564	
1124	1.000685	-0.000049	-0.720703	0.000049	1.000685	-0.954468	
1125	1.001252	-0.000101	-1.380005	0.000101	1.001252	-1.941040	
1126	1.000724	-0.000036	-1.009888	0.000036	1.000724	-1.086426	
1127	1.001031	-0.000168	-1.159302	0.000168	1.001031	-1.239075	
1128	1.001055	0.000216	-1.264526	-0.000216	1.001055	-0.847046	
1129	1.001095	0.000101	-1.257324	-0.000101	1.001095	-0.979614	
1130	1.002209	0.000190	-2.410889	-0.000190	1.002209	-1.915588	
1131	1.001353	0.000166	-1.649353	-0.000166	1.001353	-1.105835	
1132	1.001379	0.000128	-1.521729	-0.000128	1.001379	-1.059387	
1133	1.001373	-0.000016	-1.393188	0.000016	1.001373	-1.027954	
1134	1.001390	0.000169	-1.630188	-0.000169	1.001390	-1.095886	
1135	1.002627	0.000157	-2.782227	-0.000157	1.002627	-1.776550	
1136	1.001507	0.000317	-1.675415	-0.000317	1.001507	-0.829468	
1137	1.001432	0.000532	-1.601440	-0.000532	1.001432	-0.638489	
1138	1.001727	0.000127	-1.694397	-0.000127	1.001727	-1.155762	
1139	1.001716	0.000358	-1.863647	-0.000358	1.001716	-0.937500	
1140	1.003086	0.000319	-3.046265	-0.000319	1.003086	-1.753357	
1141	1.003086	0.000319	-3.046265	-0.000319	1.003086	-1.753357	
1142	1.001636	0.000437	-1.822449	-0.000437	1.001636	-0.823914	
1143	1.001842	0.000318	-2.010986	-0.000318	1.001842	-0.996704	
1144	1.001979	0.000371	-2.082397	-0.000371	1.001979	-1.192749	
1145	1.001979	0.000371	-2.082397	-0.000371	1.001979	-1.192749	
1146	1.001851	0.000028	-1.673096	-0.000028	1.001851	-1.426697	
1147	1.001744	0.000455	-1.576172	-0.000455	1.001744	-0.876465	
1148	1.001912	0.000297	-1.688049	-0.000297	1.001912	-1.292419	
1149	1.001890	0.000224	-1.687744	-0.000224	1.001890	-1.298035	
1150	1.003534	-0.000232	-2.829346	0.000232	1.003534	-3.158691	
1151	1.001980	-0.000026	-1.829407	0.000026	1.001980	-1.699280	
1152	1.002072	-0.000059	-1.868835	0.000059	1.002072	-1.697754	
1153	1.001928	-0.000032	-1.834656	0.000032	1.001928	-1.520874	
1154	1.002281	0.000033	-2.337158	-0.000033	1.002281	-1.869934	
1155	1.003371	0.000157	-3.365295	-0.000157	1.003371	-2.869141	
1156	1.002106	0.000010	-2.062439	-0.000010	1.002106	-1.739014	
1157	1.001855	-0.000163	-1.801758	0.000163	1.001855	-1.641479	
1158	1.002467	0.000218	-2.311890	-0.000218	1.002467	-1.553406	
1159	1.002311	0.000191	-2.306030	-0.000191	1.002311	-1.743469	
1160	1.004026	0.000164	-3.787231	-0.000164	1.004026	-3.107239	
1161	1.002154	0.000057	-2.149963	-0.000057	1.002154	-1.540771	
1162	1.002410	0.000581	-2.677856	-0.000581	1.002410	-1.067932	
1163	1.003743	-0.000304	-2.770386	0.000304	1.003743	-2.333862	
1164	1.002077	-0.000046	-2.059326	0.000046	1.002077	-1.605957	
1165	1.003937	0.000002	-4.138000	-0.000002	1.003937	-3.207520	
1166	1.001909	-0.000075	-2.057129	0.000075	1.001909	-1.598145	
1167	1.002076	-0.000150	-2.113525	0.000150	1.002076	-1.918274	
1168	1.001971	0.000171	-2.139465	-0.000171	1.001971	-1.366272	
1169	1.001937	0.000088	-2.035278	-0.000088	1.001937	-1.585266	
1170	1.003721	-0.000230	-3.858582	0.000230	1.003721	-3.568970	
1171	1.001576	-0.000100	-1.505859	0.000100	1.001576	-1.846252	
1172	1.002211	0.000285	-2.227905	-0.000285	1.002211	-2.022949	
1173	1.001690	-0.000215	-1.700195	0.000215	1.001690	-2.078796	
1174	1.001513	-0.000237	-1.359009	0.000237	1.001513	-2.113831	
1175	1.002872	-0.000403	-2.668945	0.000403	1.002872	-3.976624	
1176	1.001428	-0.000347	-1.386047	0.000347	1.001428	-2.197815	
1177	1.001303	-0.000079	-1.329834	0.000079	1.001303	-1.788879	
1178	1.001479	-0.000567	-1.464844	0.000567	1.001479	-2.480652	
1179	1.001888	-0.001614	-0.641235	0.001614	1.001888	-3.024414	
1180	1.001428	-0.000376	-1.434448	0.000376	1.001428	-2.772583	
1181	1.000800	-0.000222	-0.725769	0.000222	1.000800	-1.512573	
1182	1.000760	-0.000095	-0.752197	0.000095	1.000760	-1.267395	
1183	1.000260	0.000644	-0.830688	-0.000644	1.000260	-0.047363	
1184	1.000478	0.000061	-0.561157	-0.000061	1.000478	-0.651550	
1185	1.000800	-0.000116	-0.737183	0.000116	1.000800	-1.057800	
1186	1.000634	-0.000629	-0.453247	0.000629	1.000634	-0.907776	
1187	1.000287	-0.000293	-0.077637	0.000293	1.000287	-0.389832	
1188	0.999976	0.000043	-0.032471	-0.000043	0.999976	0.129211	
1189	0.999837	0.000156	0.014404	-0.000156	0.999837	0.229492	
1190	0.999608	-0.000104	0.863770	0.000104	0.999608	0.512146	
1191	0.999661	-0.000111	0.584778	0.000111	0.999661	0.179504	
1192	0.999614	0.000051	0.501709	-0.000051	0.999614	0.826416	
1193	0.999697	-0.000064	0.390503	0.000064	0.999697	0.831421	
1194	0.999575	-0.000062	0.546509	0.000062	0.999575	0.983826	
1195	0.998782	0.000010	1.658813	-0.000010	0.998782	1.845398	
1196	0.999274	-0.000299	0.874146	0.000299	0.999274	0.684265	
1197	0.999327	-0.000091	0.809937	0.000091	0.999327	1.016174	
1198	0.999052	0.000162	1.001709	-0.000162	0.999052	1.399475	
1199	0.998860	-0.000270	1.326050	0.000270	0.998860	1.057678	
1200	0.996484	-0.001142	3.869080	0.001142	0.996484	2.253479	
1201	0.997874	-0.001253	2.675293	0.001253	0.997874	0.532227	
1202	0.998178	-0.000210	1.799744	0.000210	0.998178	1.490173	
