0	1.000000	0.000000	0.000000	0.000000	1.000000	0.000000	
1	0.999588	0.000003	-1.757324	-0.000003	0.999588	-0.110138	
2	0.999110	-0.000097	-1.696014	0.000097	0.999110	0.026352	
3	0.999415	0.000080	-1.952209	-0.000080	0.999415	-0.016174	
4	0.999010	-0.000081	-1.513580	0.000081	0.999010	-0.008972	
5	0.999086	-0.000052	-1.836975	0.000052	0.999086	-0.043579	
6	0.999784	-0.000130	-2.269470	0.000130	0.999784	-0.325073	
7	1.000248	-0.000096	-2.311066	0.000096	1.000248	-0.413513	
8	1.000198	-0.000079	-2.105652	0.000079	1.000198	-0.123840	
9	1.000680	-0.000395	-2.533783	0.000395	1.000680	0.123856	
10	1.000130	0.000015	-3.195923	-0.000015	1.000130	0.339844	
11	1.001688	0.000193	-7.123276	-0.000193	1.001688	0.063416	
12	1.000116	-0.000190	-3.412567	0.000190	1.000116	0.480804	
13	1.000274	-0.000118	-3.748383	0.000118	1.000274	0.633087	
14	1.000247	-0.000081	-4.091370	0.000081	1.000247	0.581161	
15	1.001217	0.000281	-7.180283	-0.000281	1.001217	0.903885	
16	0.999266	0.000113	-2.326172	-0.000113	0.999266	1.027603	
17	0.998282	0.000124	-0.480377	-0.000124	0.998282	1.379410	
18	0.997306	-0.000143	0.561981	0.000143	0.997306	1.528397	
19	0.996444	0.000175	0.083649	-0.000175	0.996444	2.152496	
20	0.997565	-0.000092	0.077789	0.000092	0.997565	1.041199	
21	0.997074	0.000157	0.598297	-0.000157	0.997074	1.527771	
22	0.997806	0.000035	0.208282	-0.000035	0.997806	1.219757	
23	0.995544	-0.000093	0.692841	0.000093	0.995544	2.365982	
24	0.998374	0.000173	0.373718	-0.000173	0.998374	1.324585	
25	0.998564	-0.000080	-0.477722	0.000080	0.998564	0.958130	
26	0.998717	-0.000042	-0.766602	0.000042	0.998717	0.993408	
27	0.996756	-0.000257	-2.453094	0.000257	0.996756	2.106934	
28	0.994393	0.000014	1.042175	-0.000014	0.994393	2.751556	
29	0.994039	-0.000060	1.541016	0.000060	0.994039	3.086273	
30	0.995415	-0.000093	0.570404	0.000093	0.995415	2.350677	
31	0.993965	-0.000056	0.409821	0.000056	0.993965	3.777069	
32	0.998210	-0.000062	0.092712	0.000062	0.998210	1.396698	
33	0.996693	0.000122	1.725189	-0.000122	0.996693	2.241455	
34	0.996141	-0.000061	2.161438	0.000061	0.996141	2.433411	
35	0.993732	-0.000518	4.234894	0.000518	0.993732	5.038345	
36	0.999204	-0.000062	0.600220	0.000062	0.999204	1.792603	
37	0.999730	-0.000017	0.362488	0.000017	0.999730	1.429840	
38	0.999594	-0.000108	1.058441	0.000108	0.999594	1.703796	
39	0.997925	0.000258	4.054993	-0.000258	0.997925	4.271210	
40	0.997944	0.000152	4.349030	-0.000152	0.997944	2.384598	
41	0.998374	0.000182	5.678802	-0.000182	0.998374	2.193466	
42	0.996561	0.000855	7.819244	-0.000855	0.996561	2.595840	
43	0.992552	-0.000885	23.949478	0.000885	0.992552	5.306641	
44	0.998369	0.000638	13.006775	-0.000638	0.998369	1.947830	
45	0.997074	0.000874	14.119568	-0.000874	0.997074	2.267090	
46	0.997016	0.001215	14.804565	-0.001215	0.997016	2.213577	
47	0.997016	0.001215	14.804565	-0.001215	0.997016	2.213577	
48	0.998840	0.000383	14.870697	-0.000383	0.998840	1.335907	
49	0.995874	0.000092	16.783600	-0.000092	0.995874	2.181488	
50	0.996076	-0.000251	16.350983	0.000251	0.996076	2.091614	
51	0.985630	0.003733	31.940796	-0.003733	0.985630	6.952255	
52	0.992361	0.000069	15.780273	-0.000069	0.992361	3.222382	
53	0.994103	0.000806	14.235962	-0.000806	0.994103	2.724167	
54	0.997549	0.000576	11.388763	-0.000576	0.997549	1.277313	
55	0.988931	0.002004	21.411224	-0.002004	0.988931	3.926147	
56	0.995674	0.000136	9.169037	-0.000136	0.995674	1.623413	
57	0.998115	0.000281	7.832977	-0.000281	0.998115	0.754211	
58	0.998572	0.000250	6.510040	-0.000250	0.998572	0.516357	
59	0.997533	0.000209	9.586334	-0.000209	0.997533	0.298645	
60	0.999337	0.000138	3.421631	-0.000138	0.999337	-0.250458	
61	0.999588	0.000178	3.151978	-0.000178	0.999588	-0.549866	
62	0.999640	0.000099	3.151642	-0.000099	0.999640	-0.789246	
63	0.998543	0.000491	7.830902	-0.000491	0.998543	-1.689117	
64	0.999439	0.000055	4.417786	-0.000055	0.999439	-0.984436	
65	0.999588	0.000071	3.866669	-0.000071	0.999588	-0.984253	
66	0.999620	0.000219	3.615540	-0.000219	0.999620	-0.852875	
67	0.999174	0.000031	5.578796	-0.000031	0.999174	-1.344513	
68	0.999788	-0.000102	1.606171	0.000102	0.999788	-0.827332	
69	0.999849	-0.000093	0.388611	0.000093	0.999849	-0.851440	
70	1.000036	0.000056	-0.069611	-0.000056	1.000036	-1.009766	
71	1.000222	0.000171	-0.194397	-0.000171	1.000222	-2.089172	
72	1.000077	-0.000110	0.017639	0.000110	1.000077	-1.058807	
73	1.000159	0.000026	-0.150574	-0.000026	1.000159	-0.800629	
74	1.000054	-0.000001	-0.089050	0.000001	1.000054	-0.611237	
75	1.000219	-0.000123	-0.256592	0.000123	1.000219	-0.902664	
76	1.000014	0.000028	-0.177246	-0.000028	1.000014	-0.104156	
77	1.000068	-0.000020	-0.113556	0.000020	1.000068	-0.104950	
78	1.000006	-0.000004	-0.020355	0.000004	1.000006	-0.181091	
79	1.000039	-0.000090	-0.030334	0.000090	1.000039	-0.356873	
80	0.999994	-0.000005	-0.048462	0.000005	0.999994	-0.223236	
81	1.000019	0.000011	-0.075623	-0.000011	1.000019	-0.077148	
82	1.000051	-0.000050	-0.116119	0.000050	1.000051	-0.280243	
83	1.000602	0.000075	-0.647552	-0.000075	1.000602	-0.915054	
84	1.001117	-0.000046	-0.902191	0.000046	1.001117	-0.884338	
85	1.001034	-0.000128	-0.443024	0.000128	1.001034	-0.787384	
86	1.001590	-0.000195	-0.945374	0.000195	1.001590	-1.158661	
87	1.004151	0.000039	-2.558197	-0.000039	1.004151	-2.832596	
88	1.003380	-0.000177	-2.225159	0.000177	1.003380	-2.275497	
89	1.003901	-0.000045	-2.533386	0.000045	1.003901	-2.542023	
90	1.002244	-0.000078	-1.591797	0.000078	1.002244	-1.897919	
91	1.005578	-0.000071	-3.481110	0.000071	1.005578	-4.331497	
92	1.002209	-0.000030	-1.521484	0.000030	1.002209	-1.849976	
93	1.004422	-0.000032	-2.644867	0.000032	1.004422	-2.627274	
94	1.003813	0.000083	-1.876495	-0.000083	1.003813	-2.257004	
95	1.003609	-0.000069	-1.492157	0.000069	1.003609	-2.429413	
96	1.000909	-0.000126	-0.297119	0.000126	1.000909	-0.703644	
97	1.000703	-0.000104	0.033173	0.000104	1.000703	-0.545044	
98	1.000407	-0.000147	0.545898	0.000147	1.000407	-0.475998	
99	1.000934	0.000203	0.922150	-0.000203	1.000934	-0.565918	
100	1.000684	0.000028	0.775696	-0.000028	1.000684	-0.498993	
101	1.000259	0.000096	1.378784	-0.000096	1.000259	-0.338699	
102	0.999696	-0.000080	1.024384	0.000080	0.999696	-0.080414	
103	0.999483	0.000323	-0.112457	-0.000323	0.999483	0.586243	
104	0.994798	0.000296	3.175751	-0.000296	0.994798	1.985321	
105	0.991092	0.000144	5.922089	-0.000144	0.991092	3.243942	
106	0.989797	0.000092	6.793274	-0.000092	0.989797	3.761902	
107	0.969326	0.000209	18.874847	-0.000209	0.969326	11.904907	
108	0.982313	0.000036	10.375214	-0.000036	0.982313	6.889847	
109	0.982361	0.000124	9.879974	-0.000124	0.982361	6.828156	
110	0.980173	0.000025	11.164429	-0.000025	0.980173	7.703033	
111	0.967726	0.000184	17.630280	-0.000184	0.967726	12.807404	
112	0.987113	0.000004	7.021332	-0.000004	0.987113	4.968933	
113	0.991938	-0.000250	3.945343	0.000250	0.991938	3.142548	
114	0.994092	0.000116	2.255402	-0.000116	0.994092	2.161774	
115	0.986437	-0.000256	5.227386	0.000256	0.986437	5.097870	
116	0.994257	0.000011	0.826508	-0.000011	0.994257	2.112335	
117	0.990883	-0.000083	3.079254	0.000083	0.990883	3.321808	
118	0.992471	-0.000093	2.103821	0.000093	0.992471	2.908630	
119	0.985575	0.000036	4.696777	-0.000036	0.985575	5.300476	
120	0.993255	-0.000012	3.234344	0.000012	0.993255	2.408081	
121	0.995542	0.000006	2.088623	-0.000006	0.995542	1.544342	
122	0.992800	-0.000011	4.145599	0.000011	0.992800	2.625259	
123	0.996645	-0.000115	1.230865	0.000115	0.996645	0.951843	
124	0.999306	0.000006	-0.232849	-0.000006	0.999306	0.023224	
125	0.999907	0.000066	-0.684631	-0.000066	0.999907	-0.139160	
126	0.999459	-0.000043	-0.527100	0.000043	0.999459	-0.025269	
127	0.999280	-0.000052	-1.189240	0.000052	0.999280	-0.048676	
128	1.000057	-0.000058	-0.656616	0.000058	1.000057	-0.290558	
129	0.999906	-0.000020	-0.402863	0.000020	0.999906	-0.104889	
130	0.999665	0.000079	0.056335	-0.000079	0.999665	0.041168	
131	0.998711	0.000066	0.452271	-0.000066	0.998711	0.265717	
132	0.999153	0.000070	0.378845	-0.000070	0.999153	0.149170	
133	0.998838	0.000079	0.666809	-0.000079	0.998838	0.251770	
134	0.999129	0.000097	0.443573	-0.000097	0.999129	0.245361	
135	0.999363	-0.000099	0.285706	0.000099	0.999363	-0.263611	
136	0.999624	-0.000028	0.099182	0.000028	0.999624	-0.078033	
137	0.999727	-0.000013	0.027374	0.000013	0.999727	-0.250366	
138	1.000028	-0.000077	-0.010620	0.000077	1.000028	-0.362976	
139	0.999685	0.000066	0.009369	-0.000066	0.999685	-0.391388	
140	0.999894	0.000018	-0.011383	-0.000018	0.999894	-0.242645	
141	0.999321	0.000004	0.308777	-0.000004	0.999321	0.041962	
142	0.997315	0.000039	1.625610	-0.000039	0.997315	0.712982	
143	0.996287	-0.000064	2.399658	0.000064	0.996287	0.770569	
144	0.999428	-0.000106	0.421143	0.000106	0.999428	-0.157440	
145	0.999540	0.000018	0.366455	-0.000018	0.999540	-0.189362	
146	0.999878	0.000141	0.046387	-0.000141	0.999878	-0.174713	
147	0.999925	-0.000032	0.053223	0.000032	0.999925	-0.718506	
148	0.999941	-0.000112	0.045105	0.000112	0.999941	-0.346802	
149	0.999905	0.000217	-0.104309	-0.000217	0.999905	-0.313141	
150	0.999973	-0.000022	-0.002411	0.000022	0.999973	-0.449799	
151	0.999764	0.000003	0.188660	-0.000003	0.999764	-0.358246	
152	0.999733	0.000017	0.148041	-0.000017	0.999733	-0.197418	
153	0.999764	-0.000092	0.163361	0.000092	0.999764	-0.176758	
154	0.999568	0.000021	0.279022	-0.000021	0.999568	-0.054047	
155	0.999106	-0.000026	0.625305	0.000026	0.999106	-0.160873	
156	0.999476	0.000115	0.428864	-0.000115	0.999476	-0.024902	
157	0.999491	-0.000058	0.436707	0.000058	0.999491	-0.031006	
158	0.998998	-0.000050	0.599121	0.000050	0.998998	0.155212	
159	0.998300	0.000043	1.240082	-0.000043	0.998300	0.285858	
160	0.999535	0.000084	0.241699	-0.000084	0.999535	0.105011	
161	0.998867	0.000046	0.685760	-0.000046	0.998867	0.237885	
162	0.998733	0.000129	0.795135	-0.000129	0.998733	0.359375	
163	0.997203	-0.000053	1.790710	0.000053	0.997203	0.927338	
164	0.999576	0.000060	0.236542	-0.000060	0.999576	0.092255	
165	0.999498	0.000001	0.325195	-0.000001	0.999498	0.101837	
166	0.999560	0.000056	0.328400	-0.000056	0.999560	0.102081	
167	0.999783	0.000034	0.139343	-0.000034	0.999783	0.004150	
168	0.999817	-0.000077	0.182953	0.000077	0.999817	-0.010406	
169	0.999923	-0.000002	0.051605	0.000002	0.999923	-0.005524	
170	1.000020	-0.000003	-0.007721	0.000003	1.000020	-0.026550	
171	1.000030	0.000253	-0.393707	-0.000253	1.000030	0.481689	
172	0.999693	0.000081	-0.005554	-0.000081	0.999693	0.215729	
173	0.999121	0.000031	0.152679	-0.000031	0.999121	0.404755	
174	0.995480	0.000199	2.475464	-0.000199	0.995480	1.932861	
175	0.986127	0.000109	7.662598	-0.000109	0.986127	5.617783	
176	0.995278	0.000038	2.334045	-0.000038	0.995278	1.866425	
177	0.995754	-0.000032	2.173523	0.000032	0.995754	1.668518	
178	0.997817	-0.000038	0.836365	0.000038	0.997817	0.971466	
179	0.998378	-0.000079	0.294952	0.000079	0.998378	0.671753	
180	0.999547	-0.000040	-0.012207	0.000040	0.999547	0.128815	
181	0.999821	-0.000009	-0.246307	0.000009	0.999821	0.041168	
182	0.999925	0.000000	-0.290222	-0.000000	0.999925	0.007477	
183	0.999969	0.000006	-0.922852	-0.000006	0.999969	-0.005096	
184	0.999869	-0.000047	-0.445068	0.000047	0.999869	-0.031586	
185	0.999999	-0.000005	-0.476624	0.000005	0.999999	-0.019379	
186	0.999954	0.000041	-0.429199	-0.000041	0.999954	0.004791	
187	1.000110	-0.000051	-0.830811	0.000051	1.000110	-0.093140	
188	1.000029	-0.000025	-0.044495	0.000025	1.000029	-0.011993	
189	0.999999	-0.000008	-0.016541	0.000008	0.999999	0.010986	
190	1.000001	-0.000015	-0.016785	0.000015	1.000001	-0.000641	
191	0.999970	-0.000065	-0.027527	0.000065	0.999970	-0.059631	
192	0.999932	-0.000052	0.042664	0.000052	0.999932	-0.054688	
193	0.999980	-0.000022	0.023895	0.000022	0.999980	-0.028625	
194	0.999966	-0.000040	0.044312	0.000040	0.999966	-0.017792	
195	0.999977	-0.000043	0.041931	0.000043	0.999977	-0.020523	
196	0.999970	0.000006	0.038239	-0.000006	0.999970	0.009644	
197	0.999958	-0.000028	0.029663	0.000028	0.999958	0.006454	
198	0.999974	0.000004	-0.001160	-0.000004	0.999974	0.009567	
199	0.999945	0.000001	0.015167	-0.000001	0.999945	-0.077911	
200	0.999941	0.000026	0.061401	-0.000026	0.999941	-0.097382	
201	0.999982	0.000010	0.022491	-0.000010	0.999982	-0.067093	
202	1.000004	-0.000026	-0.010468	0.000026	1.000004	-0.073380	
203	1.000080	-0.000084	-0.050262	0.000084	1.000080	-0.328201	
204	1.000947	-0.000247	-0.793915	0.000247	1.000947	-0.824097	
205	1.005768	0.000051	-3.749390	-0.000051	1.005768	-2.300598	
206	1.006078	-0.000068	-3.854950	0.000068	1.006078	-2.435440	
207	1.021838	-0.000651	-14.556702	0.000651	1.021838	-8.366791	
208	1.010242	-0.000056	-6.676239	0.000056	1.010242	-3.930573	
209	1.013109	-0.000144	-8.716614	0.000144	1.013109	-5.010513	
210	1.012290	-0.000083	-8.116425	0.000083	1.012290	-4.649918	
211	1.028972	-0.000346	-19.411560	0.000346	1.028972	-11.194870	
212	1.015266	0.000085	-10.600311	-0.000085	1.015266	-5.788910	
213	1.008364	-0.000065	-6.019409	0.000065	1.008364	-3.285645	
214	1.008030	-0.000158	-6.218628	0.000158	1.008030	-3.115768	
215	1.013067	-0.000242	-11.556763	0.000242	1.013067	-5.019974	
216	1.007630	-0.000183	-6.512878	0.000183	1.007630	-3.047287	
217	1.004631	-0.000016	-4.937927	0.000016	1.004631	-1.831329	
218	1.004209	-0.000316	-5.069611	0.000316	1.004209	-1.713837	
219	1.013178	-0.000436	-13.717041	0.000436	1.013178	-5.305038	
220	1.006566	-0.000236	-6.148346	0.000236	1.006566	-2.669434	
221	1.007754	-0.000216	-7.039764	0.000216	1.007754	-3.004578	
222	1.006137	-0.000148	-5.826813	0.000148	1.006137	-2.523529	
223	1.010677	-0.000183	-10.108246	0.000183	1.010677	-4.152481	
224	1.001888	-0.000126	-3.620331	0.000126	1.001888	-0.843033	
225	1.002756	-0.000253	-4.531799	0.000253	1.002756	-1.209579	
226	1.002507	-0.000026	-4.177856	0.000026	1.002507	-0.966141	
227	1.004486	-0.000138	-6.246094	0.000138	1.004486	-1.916275	
228	1.000679	-0.000005	-1.053406	0.000005	1.000679	-0.501175	
229	1.000031	-0.000017	-0.118011	0.000017	1.000031	-0.030914	
230	0.999999	-0.000012	-0.010956	0.000012	0.999999	-0.007462	
231	0.994516	0.000420	3.646820	-0.000420	0.994516	2.323746	
232	0.992737	0.000172	4.791351	-0.000172	0.992737	2.752151	
233	0.989103	-0.000010	7.514771	0.000010	0.989103	4.105728	
234	0.988531	0.000059	8.149048	-0.000059	0.988531	4.344040	
235	0.980978	0.000279	13.750031	-0.000279	0.980978	7.426941	
236	0.989772	0.000095	7.680847	-0.000095	0.989772	3.898666	
237	0.991468	0.000160	6.623810	-0.000160	0.991468	3.349686	
238	0.994140	-0.000057	4.735474	0.000057	0.994140	2.288086	
239	0.985954	0.000109	10.019287	-0.000109	0.985954	5.337143	
240	0.992685	0.000144	4.680359	-0.000144	0.992685	2.910309	
241	0.990427	0.000075	6.011536	-0.000075	0.990427	3.675369	
242	0.992151	-0.000040	4.861206	0.000040	0.992151	3.094452	
243	0.986796	0.000162	7.610535	-0.000162	0.986796	5.123810	
244	0.993306	0.000127	3.105347	-0.000127	0.993306	2.717026	
245	0.994232	-0.000187	1.901978	0.000187	0.994232	2.143692	
246	0.993647	0.000002	2.391998	-0.000002	0.993647	2.413055	
247	0.988278	0.000068	5.143188	-0.000068	0.988278	4.656891	
248	0.997157	-0.000005	0.937653	0.000005	0.997157	0.858505	
249	0.996546	0.000133	1.532104	-0.000133	0.996546	1.362930	
250	0.996850	0.000014	1.249908	-0.000014	0.996850	1.235840	
251	0.994645	-0.000043	2.350616	0.000043	0.994645	2.017426	
252	0.997576	0.000052	0.920044	-0.000052	0.997576	0.943085	
253	0.998670	-0.000052	0.258087	0.000052	0.998670	0.465958	
254	0.999678	0.000089	-0.508850	-0.000089	0.999678	0.210846	
255	0.998663	-0.000073	-0.512238	0.000073	0.998663	0.421906	
256	1.000016	-0.000032	-0.647522	0.000032	1.000016	-0.016510	
257	1.000040	-0.000065	-0.726410	0.000065	1.000040	-0.078979	
258	1.000092	0.000043	-0.875946	-0.000043	1.000092	-0.036423	
259	1.000196	-0.000105	-1.698364	0.000105	1.000196	-0.234756	
260	0.999961	-0.000081	-0.701538	0.000081	0.999961	-0.086334	
261	1.000048	-0.000066	-0.780609	0.000066	1.000048	-0.095505	
262	0.999993	-0.000061	-0.836151	0.000061	0.999993	-0.075180	
263	1.000300	-0.000227	-2.431793	0.000227	1.000300	-0.289352	
264	1.000070	-0.000188	-1.510010	0.000188	1.000070	-0.296356	
265	1.000108	-0.000137	-1.191162	0.000137	1.000108	-0.134201	
266	1.000062	-0.000141	-1.229034	0.000141	1.000062	-0.117828	
267	1.000392	-0.000181	-2.285583	0.000181	1.000392	-0.691071	
268	1.002874	-0.000139	-2.533203	0.000139	1.002874	-1.392792	
269	1.004042	-0.000081	-3.277740	0.000081	1.004042	-1.780792	
270	1.004092	-0.000095	-3.546936	0.000095	1.004092	-1.634216	
271	1.008171	-0.000099	-7.238434	0.000099	1.008171	-3.368591	
272	1.003301	-0.000120	-3.206573	0.000120	1.003301	-1.336945	
273	1.003223	-0.000113	-3.130096	0.000113	1.003223	-1.413254	
274	1.004746	-0.000127	-4.015350	0.000127	1.004746	-1.876587	
275	1.011131	-0.000237	-8.832703	0.000237	1.011131	-4.539307	
276	1.006243	-0.000062	-4.553619	0.000062	1.006243	-2.436234	
277	1.006580	-0.000052	-4.834808	0.000052	1.006580	-2.572449	
278	1.007021	-0.000184	-4.942963	0.000184	1.007021	-2.842758	
279	1.016434	-0.000238	-11.236725	0.000238	1.016434	-6.331848	
280	1.006003	-0.000027	-4.292236	0.000027	1.006003	-2.355392	
281	1.005843	-0.000161	-4.345093	0.000161	1.005843	-2.292206	
282	1.007300	-0.000121	-5.412750	0.000121	1.007300	-2.771805	
283	1.017284	-0.000070	-11.896210	0.000070	1.017284	-6.580917	
284	1.008335	-0.000080	-5.554138	0.000080	1.008335	-3.160049	
285	1.007279	-0.000080	-5.085022	0.000080	1.007279	-2.767212	
286	1.008072	-0.000089	-6.104218	0.000089	1.008072	-3.112076	
287	1.015620	-0.000348	-12.398193	0.000348	1.015620	-5.961777	
288	1.006144	-0.000002	-5.322968	0.000002	1.006144	-2.558350	
289	1.003875	-0.000125	-3.541229	0.000125	1.003875	-1.583496	
290	1.003896	-0.000098	-3.414642	0.000098	1.003896	-1.586761	
291	1.007659	0.000004	-5.765625	-0.000004	1.007659	-3.001709	
292	1.003459	-0.000112	-2.010620	0.000112	1.003459	-1.448151	
293	1.003706	-0.000130	-2.243591	0.000130	1.003706	-1.534576	
294	1.002607	-0.000080	-1.879517	0.000080	1.002607	-1.110779	
295	1.005878	-0.000100	-3.441559	0.000100	1.005878	-2.285568	
296	1.003154	-0.000071	-1.818146	0.000071	1.003154	-1.268433	
297	1.003680	-0.000030	-2.288208	0.000030	1.003680	-1.512848	
298	1.002806	-0.000007	-1.771729	0.000007	1.002806	-1.126724	
299	1.002043	0.000271	-0.427277	-0.000271	1.002043	-0.832458	
300	0.999907	0.000050	1.172974	-0.000050	0.999907	0.031281	
301	0.999837	0.000155	1.634033	-0.000155	0.999837	0.081604	
302	0.999814	0.000008	2.064880	-0.000008	0.999814	0.052185	
303	0.997514	0.000726	6.166901	-0.000726	0.997514	1.348114	
304	0.995290	0.000154	6.005066	-0.000154	0.995290	1.892914	
305	0.995772	-0.000037	5.539917	0.000037	0.995772	1.604553	
306	0.993278	0.000309	7.085663	-0.000309	0.993278	2.634506	
307	0.985961	0.000376	13.436584	-0.000376	0.985961	4.810883	
308	0.998119	-0.000031	3.499817	0.000031	0.998119	0.665359	
309	0.999447	-0.000053	1.916138	0.000053	0.999447	0.135178	
310	0.999628	-0.000052	1.565948	0.000052	0.999628	0.054031	
311	0.999706	0.000075	3.434937	-0.000075	0.999706	0.077103	
312	0.999704	0.000151	2.093689	-0.000151	0.999704	0.141434	
313	0.999745	0.000105	1.760284	-0.000105	0.999745	0.035080	
314	1.000980	-0.000138	0.577850	0.000138	1.000980	-0.755890	
315	1.011102	0.000071	-5.549622	-0.000071	1.011102	-4.195435	
316	1.004224	0.000023	-1.844299	-0.000023	1.004224	-1.545715	
317	1.007346	-0.000105	-4.050842	0.000105	1.007346	-2.805573	
318	1.008773	-0.000171	-5.226929	0.000171	1.008773	-3.480164	
319	1.005472	0.000208	-1.945526	-0.000208	1.005472	-2.149979	
320	1.000314	-0.000046	1.212921	0.000046	1.000314	-0.180344	
321	1.000643	0.000019	1.237732	-0.000019	1.000643	-0.244720	
322	1.001959	-0.000069	0.413788	0.000069	1.001959	-0.878952	
323	1.002640	0.000168	1.611237	-0.000168	1.002640	-1.095871	
324	1.000252	0.000088	1.652161	-0.000088	1.000252	-0.053223	
325	1.000525	0.000161	1.810730	-0.000161	1.000525	-0.136230	
326	0.999891	0.000042	2.321136	-0.000042	0.999891	-0.013367	
327	0.999831	0.000157	5.069092	-0.000157	0.999831	0.179428	
328	0.999749	0.000033	2.684021	-0.000033	0.999749	0.095657	
329	0.999763	0.000029	1.996063	-0.000029	0.999763	0.097610	
330	1.000262	-0.000107	0.949554	0.000107	1.000262	-0.133881	
331	1.001917	0.000091	0.794739	-0.000091	1.001917	-0.673111	
332	1.000188	-0.000037	0.797089	0.000037	1.000188	-0.063004	
333	0.999949	-0.000017	0.907013	0.000017	0.999949	0.015045	
334	1.000039	0.000013	0.947906	-0.000013	1.000039	-0.000488	
335	1.000365	0.000150	1.985809	-0.000150	1.000365	-0.134277	
336	0.999828	-0.000135	1.403046	0.000135	0.999828	-0.025833	
337	0.999810	-0.000027	1.114471	0.000027	0.999810	0.062653	
338	0.999885	-0.000100	1.259888	0.000100	0.999885	-0.001846	
339	1.000301	0.000100	1.950928	-0.000100	1.000301	-0.026703	
340	0.999908	-0.000070	0.874908	0.000070	0.999908	0.000412	
341	0.999773	-0.000092	0.750977	0.000092	0.999773	0.021332	
342	0.999815	-0.000063	0.658905	0.000063	0.999815	0.022781	
343	0.999938	0.000034	-0.033813	-0.000034	0.999938	0.065964	
344	1.000071	0.000142	-0.445618	-0.000142	1.000071	0.125061	
345	0.999931	0.000015	-0.034302	-0.000015	0.999931	0.031601	
346	0.999984	-0.000011	-0.003510	0.000011	0.999984	0.027374	
347	0.999987	0.000006	-0.404633	-0.000006	0.999987	-0.003143	
348	1.000115	0.000064	-0.612610	-0.000064	1.000115	-0.004837	
349	1.000136	0.000095	-0.645294	-0.000095	1.000136	0.023560	
350	1.000139	-0.000025	-0.616852	0.000025	1.000139	-0.197510	
351	1.000265	0.000063	-0.949707	-0.000063	1.000265	-0.136551	
352	1.000047	0.000023	-0.599884	-0.000023	1.000047	-0.310120	
353	1.000187	0.000095	-0.800049	-0.000095	1.000187	-0.034882	
354	1.000134	0.000061	-0.526917	-0.000061	1.000134	-0.079498	
355	1.000228	-0.000000	-0.680023	0.000000	1.000228	-0.276077	
356	1.000048	0.000061	-0.027252	-0.000061	1.000048	0.003036	
357	1.000175	0.000053	-0.076385	-0.000053	1.000175	-0.173828	
358	1.000095	-0.000103	0.056000	0.000103	1.000095	-0.075256	
359	1.000025	-0.000212	0.432953	0.000212	1.000025	-0.775284	
360	1.000027	-0.000019	0.383362	0.000019	1.000027	-0.345886	
361	0.999895	0.000001	0.195435	-0.000001	0.999895	-0.276672	
362	1.000062	0.000023	0.471466	-0.000023	1.000062	-0.407776	
363	1.000049	0.000186	1.927002	-0.000186	1.000049	-0.414597	
364	0.999696	-0.000013	1.243896	0.000013	0.999696	-0.231018	
365	0.999841	-0.000107	1.120880	0.000107	0.999841	-0.175797	
366	0.999773	-0.000089	0.995331	0.000089	0.999773	-0.158142	
367	0.999797	-0.000018	1.384613	0.000018	0.999797	-0.289001	
368	0.999836	-0.000072	0.592255	0.000072	0.999836	-0.055923	
369	0.999719	-0.000068	0.582825	0.000068	0.999719	-0.020477	
370	0.999817	-0.000085	0.550720	0.000085	0.999817	-0.044540	
371	0.999986	-0.000012	0.053955	0.000012	0.999986	-0.030380	
372	1.000053	-0.000006	-0.100616	0.000006	1.000053	-0.028336	
373	1.000129	0.000152	-0.486359	-0.000152	1.000129	0.045853	
374	1.000025	0.000128	-0.381836	-0.000128	1.000025	0.190338	
375	1.000247	-0.000200	-1.680878	0.000200	1.000247	-0.215347	
376	1.000356	0.000102	-1.183014	-0.000102	1.000356	-0.160309	
377	1.000485	0.000062	-1.563904	-0.000062	1.000485	-0.215027	
378	1.000264	-0.000050	-1.566101	0.000050	1.000264	-0.039307	
379	1.000370	0.000153	-1.001984	-0.000153	1.000370	-0.072037	
380	1.000021	-0.000070	0.132782	0.000070	1.000021	-0.036118	
381	1.000021	-0.000123	0.054688	0.000123	1.000021	-0.088562	
382	0.999925	-0.000260	0.187531	0.000260	0.999925	-0.113159	
383	0.999595	0.000068	0.461670	-0.000068	0.999595	0.328613	
384	0.999776	-0.000064	0.521759	0.000064	0.999776	0.061493	
385	0.999508	0.000113	0.360046	-0.000113	0.999508	0.169800	
386	0.999497	0.000111	0.175751	-0.000111	0.999497	0.226059	
387	0.990933	0.000145	5.792694	-0.000145	0.990933	3.558624	
388	0.998024	0.000140	1.359833	-0.000140	0.998024	0.830109	
389	0.997613	0.000103	1.600952	-0.000103	0.997613	0.991028	
390	0.998013	0.000056	1.438721	-0.000056	0.998013	0.832260	
391	0.993980	0.000024	4.057129	-0.000024	0.993980	2.344910	
392	0.997709	0.000113	1.481323	-0.000113	0.997709	0.963470	
393	0.997065	0.000055	1.991028	-0.000055	0.997065	1.208008	
394	0.997612	0.000035	1.531769	-0.000035	0.997612	0.981354	
395	0.995853	0.000047	2.773346	-0.000047	0.995853	1.618408	
396	0.998440	0.000100	1.230225	-0.000100	0.998440	0.671127	
397	0.999015	0.000022	0.744965	-0.000022	0.999015	0.380585	
398	0.999110	0.000041	0.811768	-0.000041	0.999110	0.380890	
399	0.997888	0.000052	2.023834	-0.000052	0.997888	0.827789	
400	0.999188	0.000100	0.884277	-0.000100	0.999188	0.432632	
401	0.999066	0.000070	1.059113	-0.000070	0.999066	0.347824	
402	0.999087	-0.000041	1.161652	0.000041	0.999087	0.344574	
403	0.996526	0.000159	3.961243	-0.000159	0.996526	1.508698	
404	0.997775	0.000104	2.612030	-0.000104	0.997775	0.924316	
405	0.996369	0.000201	3.410248	-0.000201	0.996369	1.549484	
406	0.995990	0.000196	3.600159	-0.000196	0.995990	1.698395	
407	0.988746	0.000243	8.773773	-0.000243	0.988746	4.584152	
408	0.995129	0.000153	3.680237	-0.000153	0.995129	2.016525	
409	0.994231	-0.000192	4.035553	0.000192	0.994231	2.155823	
410	0.995161	-0.000025	3.213257	0.000025	0.995161	1.981964	
411	0.992923	0.000207	4.541168	-0.000207	0.992923	2.839325	
412	0.995957	-0.000052	2.617279	0.000052	0.995957	1.621506	
413	0.995803	-0.000070	2.681061	0.000070	0.995803	1.769012	
414	0.996287	-0.000007	2.216461	0.000007	0.996287	1.490250	
415	0.992703	0.000005	4.487274	-0.000005	0.992703	3.315674	
416	0.997265	0.000029	1.074921	-0.000029	0.997265	1.401749	
417	0.997826	-0.000085	0.363281	0.000085	0.997826	1.108719	
418	0.996991	0.000011	0.377869	-0.000011	0.996991	1.325790	
419	0.995492	-0.000090	-0.749878	0.000090	0.995492	1.909225	
420	0.996153	0.000180	1.116302	-0.000180	0.996153	1.605545	
421	0.998250	0.000034	-0.226135	-0.000034	0.998250	0.688187	
422	0.997268	0.000187	0.792358	-0.000187	0.997268	1.217697	
423	0.997202	-0.000106	-0.592072	0.000106	0.997202	1.212433	
424	0.998384	-0.000006	0.329926	0.000006	0.998384	0.587936	
425	0.999171	0.000020	0.194092	-0.000020	0.999171	0.330460	
426	0.999619	-0.000007	-0.074066	0.000007	0.999619	0.109573	
427	0.999523	0.000050	-0.357147	-0.000050	0.999523	0.356201	
428	1.000060	0.000052	-0.552307	-0.000052	1.000060	0.007248	
429	1.000007	0.000013	-0.476074	-0.000013	1.000007	0.005768	
430	1.000047	-0.000015	-0.452484	0.000015	1.000047	-0.010895	
431	1.000165	0.000024	-1.006012	-0.000024	1.000165	0.000381	
432	0.999986	-0.000019	-0.251251	0.000019	0.999986	-0.009415	
433	1.000084	0.000084	-0.712097	-0.000084	1.000084	0.022354	
434	1.000025	-0.000006	-0.635040	0.000006	1.000025	-0.002258	
435	1.000239	-0.000065	-1.882111	0.000065	1.000239	-0.043823	
436	1.000254	-0.000105	-0.733490	0.000105	1.000254	-0.017410	
437	1.000040	0.000004	-0.176453	-0.000004	1.000040	0.058273	
438	0.999801	-0.000000	0.625305	0.000000	0.999801	0.050644	
439	0.999767	-0.000060	0.472748	0.000060	0.999767	0.015930	
440	0.999565	-0.000026	0.702728	0.000026	0.999565	0.050323	
441	0.998836	0.000049	1.355682	-0.000049	0.998836	0.450256	
442	0.998821	0.000179	1.932892	-0.000179	0.998821	0.498596	
443	0.997567	0.000575	5.551086	-0.000575	0.997567	1.195297	
444	0.999193	0.000200	3.319733	-0.000200	0.999193	0.402023	
445	0.997926	0.000218	4.037292	-0.000218	0.997926	0.866440	
446	0.997666	0.000230	4.324341	-0.000230	0.997666	1.051529	
447	0.994407	0.000512	9.377808	-0.000512	0.994407	2.430756	
448	0.996858	0.000293	5.049622	-0.000293	0.996858	1.383438	
449	0.996626	0.000294	5.477356	-0.000294	0.996626	1.537262	
450	0.995817	0.000253	6.149780	-0.000253	0.995817	1.747177	
451	0.994136	0.000558	11.395721	-0.000558	0.994136	2.709351	
452	0.997198	0.000404	5.872406	-0.000404	0.997198	1.410217	
453	0.996669	0.000229	6.012787	-0.000229	0.996669	1.571198	
454	0.998138	0.000305	4.646576	-0.000305	0.998138	1.058289	
455	0.995192	0.000566	9.018280	-0.000566	0.995192	1.979034	
456	0.998407	0.000145	4.164795	-0.000145	0.998407	0.877853	
457	0.999148	0.000141	3.471283	-0.000141	0.999148	0.544479	
458	0.999136	0.000222	3.218170	-0.000222	0.999136	0.565292	
459	0.997650	0.000323	6.814728	-0.000323	0.997650	1.370575	
460	0.998683	0.000129	3.621063	-0.000129	0.998683	0.721939	
461	0.998273	0.000249	4.048035	-0.000249	0.998273	0.958801	
462	0.998552	0.000289	4.058563	-0.000289	0.998552	0.777740	
463	0.995694	0.000643	9.751343	-0.000643	0.995694	2.237686	
464	0.998012	0.000294	5.258209	-0.000294	0.998012	1.003632	
465	0.997884	0.000211	5.310211	-0.000211	0.997884	1.054535	
466	0.998700	0.000336	4.500641	-0.000336	0.998700	0.720901	
467	0.998188	0.000363	8.313141	-0.000363	0.998188	0.738586	
468	0.999532	0.000165	3.506622	-0.000165	0.999532	0.218369	
469	0.999804	0.000075	3.052673	-0.000075	0.999804	-0.116531	
470	0.999817	0.000165	2.879578	-0.000165	0.999817	0.044357	
471	0.998926	0.000344	7.309723	-0.000344	0.998926	0.390915	
472	0.999703	0.000225	3.495789	-0.000225	0.999703	0.169769	
473	0.999622	0.000230	3.556335	-0.000230	0.999622	0.227341	
474	0.999722	0.000228	3.594330	-0.000228	0.999722	0.271057	
475	0.999907	0.000504	6.980896	-0.000504	0.999907	0.330704	
476	0.999413	0.000296	4.158997	-0.000296	0.999413	0.385345	
477	0.999752	0.000176	4.000641	-0.000176	0.999752	0.160446	
478	0.999596	0.000261	4.089539	-0.000261	0.999596	0.225967	
479	0.999010	0.000379	8.036530	-0.000379	0.999010	0.423965	
480	0.999737	0.000181	3.423309	-0.000181	0.999737	0.203781	
481	0.999857	0.000234	3.587982	-0.000234	0.999857	0.136978	
482	0.999753	0.000314	3.556976	-0.000314	0.999753	0.267319	
483	0.999655	0.000361	7.183777	-0.000361	0.999655	0.212769	
484	0.999969	0.000229	3.320465	-0.000229	0.999969	-0.028778	
485	0.999797	0.000102	2.786682	-0.000102	0.999797	-0.084259	
486	0.999826	0.000060	1.686310	-0.000060	0.999826	-0.263840	
487	1.000007	0.000049	1.797546	-0.000049	1.000007	-0.561234	
488	1.000027	0.000022	0.485413	-0.000022	1.000027	-0.243866	
489	0.999951	-0.000035	0.623108	0.000035	0.999951	-0.168640	
490	1.000024	-0.000023	0.216248	0.000023	1.000024	-0.083344	
491	1.000000	0.000016	0.056641	-0.000016	1.000000	-0.079620	
492	1.000000	0.000044	0.002930	-0.000044	1.000000	-0.009277	
493	0.999986	-0.000023	-0.006531	0.000023	0.999986	-0.089905	
494	1.000086	-0.000073	-0.280396	0.000073	1.000086	-0.180008	
495	1.000072	0.000082	-0.656128	-0.000082	1.000072	-0.090485	
496	1.000098	0.000023	-0.563538	-0.000023	1.000098	-0.147064	
497	1.000237	-0.000166	-0.792236	0.000166	1.000237	-0.435364	
498	1.001234	-0.000150	-1.633667	0.000150	1.001234	-0.764069	
499	1.002989	-0.000204	-4.659058	0.000204	1.002989	-1.294891	
500	1.001826	-0.000056	-2.543213	0.000056	1.001826	-0.772827	
501	1.001347	-0.000119	-1.999207	0.000119	1.001347	-0.686401	
502	1.001011	0.000002	-1.217163	-0.000002	1.001011	-0.391953	
503	1.001756	-0.000074	-0.671387	0.000074	1.001756	-0.852142	
504	1.001244	-0.000114	-0.742798	0.000114	1.001244	-0.610229	
505	1.002150	-0.000068	-1.343750	0.000068	1.002150	-0.846146	
506	1.002383	-0.000013	-1.289734	0.000013	1.002383	-0.945221	
507	1.008497	0.000011	-4.711060	-0.000011	1.008497	-3.361145	
508	1.004956	-0.000065	-2.487793	0.000065	1.004956	-1.938934	
509	1.005691	-0.000024	-2.817932	0.000024	1.005691	-2.212784	
510	1.005728	0.000078	-2.866211	-0.000078	1.005728	-2.179413	
511	1.011676	0.000058	-5.756592	-0.000058	1.011676	-4.513321	
512	1.004842	0.000078	-2.132812	-0.000078	1.004842	-1.776031	
513	1.005928	0.000063	-2.729675	-0.000063	1.005928	-2.199966	
514	1.006288	0.000075	-3.101013	-0.000075	1.006288	-2.361633	
515	1.010250	0.000102	-4.826721	-0.000102	1.010250	-3.905136	
516	1.002560	0.000058	-0.577942	-0.000058	1.002560	-0.976089	
517	1.003831	-0.000044	-1.432068	0.000044	1.003831	-1.520386	
518	1.004949	0.000037	-1.855316	-0.000037	1.004949	-1.804642	
519	1.013732	0.000035	-6.547577	-0.000035	1.013732	-5.194168	
520	1.006599	0.000010	-3.577148	-0.000010	1.006599	-2.553284	
521	1.007005	-0.000036	-3.791962	0.000036	1.007005	-2.572540	
522	1.008469	0.000040	-4.886414	-0.000040	1.008469	-3.186569	
523	1.018970	-0.000091	-11.116150	0.000091	1.018970	-7.344894	
524	1.011823	-0.000009	-7.154816	0.000009	1.011823	-4.498505	
525	1.009018	0.000024	-5.637115	-0.000024	1.009018	-3.570953	
526	1.007182	-0.000114	-4.207520	0.000114	1.007182	-2.877502	
527	1.009987	-0.000086	-6.126770	0.000086	1.009987	-3.955170	
528	1.005374	-0.000082	-3.158600	0.000082	1.005374	-2.154068	
529	1.004836	-0.000009	-2.900635	0.000009	1.004836	-1.867020	
530	1.004720	-0.000005	-2.495972	0.000005	1.004720	-1.873245	
531	1.010838	-0.000048	-5.875488	0.000048	1.010838	-4.200607	
532	1.005258	-0.000035	-2.805786	0.000035	1.005258	-2.043427	
533	1.006127	-0.000102	-3.748474	0.000102	1.006127	-2.419556	
534	1.005036	-0.000000	-2.741760	0.000000	1.005036	-1.964783	
535	1.011066	0.000067	-5.498901	-0.000067	1.011066	-4.232025	
536	1.007633	-0.000092	-4.501343	0.000092	1.007633	-3.003433	
537	1.005972	-0.000011	-3.144958	0.000011	1.005972	-2.396271	
538	1.005752	-0.000017	-2.918518	0.000017	1.005752	-2.193817	
539	1.011771	0.000141	-5.494263	-0.000141	1.011771	-4.505188	
540	1.006305	0.000056	-2.935181	-0.000056	1.006305	-2.377701	
541	1.004947	-0.000047	-1.926270	0.000047	1.004947	-1.894363	
542	1.003923	0.000110	-0.969910	-0.000110	1.003923	-1.455505	
543	1.006753	0.000185	-0.347351	-0.000185	1.006753	-2.413879	
544	1.004820	0.000022	-1.016418	-0.000022	1.004820	-1.855728	
545	1.004400	0.000075	-0.646484	-0.000075	1.004400	-1.697128	
546	1.002798	0.000151	0.357849	-0.000151	1.002798	-0.917526	
547	1.012190	0.000108	-3.769470	-0.000108	1.012190	-4.613113	
548	1.005616	0.000232	-1.352722	-0.000232	1.005616	-1.907211	
549	1.005118	0.000181	-0.892517	-0.000181	1.005118	-1.867096	
550	1.006150	0.000050	-1.442627	-0.000050	1.006150	-2.097687	
551	1.016317	0.000261	-5.828491	-0.000261	1.016317	-5.500275	
552	1.008635	0.000109	-3.039795	-0.000109	1.008635	-2.566055	
553	1.008413	0.000033	-3.047729	-0.000033	1.008413	-2.090927	
554	1.008259	0.000055	-2.976379	-0.000055	1.008259	-1.501053	
555	1.011357	0.000324	-1.982300	-0.000324	1.011357	-0.543915	
556	1.006095	0.000234	-1.000732	-0.000234	1.006095	-0.602753	
557	1.006701	0.000361	-1.137878	-0.000361	1.006701	-0.987961	
558	1.007738	0.000101	-1.497131	-0.000101	1.007738	-0.543640	
559	1.016001	0.000432	-3.245880	-0.000432	1.016001	0.747116	
560	1.006399	0.000411	0.769836	-0.000411	1.006399	1.715668	
561	1.005290	0.000282	2.539001	-0.000282	1.005290	2.616013	
562	1.006947	0.000381	1.431335	-0.000381	1.006947	2.478210	
563	1.019565	0.000581	-1.208008	-0.000581	1.019565	3.184692	
564	1.005759	0.000470	2.640076	-0.000470	1.005759	3.377426	
565	1.006154	0.000387	3.438538	-0.000387	1.006154	3.637985	
566	1.002250	0.000393	5.342102	-0.000393	1.002250	5.646317	
567	1.006269	0.000392	7.160767	-0.000392	1.006269	9.815430	
568	1.002534	0.000155	3.336426	-0.000155	1.002534	3.808838	
569	1.004391	0.000018	1.316833	-0.000018	1.004391	1.810822	
570	1.003192	-0.000007	0.960022	0.000007	1.003192	0.731293	
571	1.006986	-0.000124	-2.046387	0.000124	1.006986	-2.160522	
572	1.002874	0.000041	-0.477112	-0.000041	1.002874	-1.260162	
573	1.000844	0.000130	2.104187	-0.000130	1.000844	0.376984	
574	1.000658	0.000198	2.692078	-0.000198	1.000658	0.761047	
575	1.003703	0.000141	3.155518	-0.000141	1.003703	1.182068	
576	1.003748	0.000031	-0.197083	-0.000031	1.003748	0.553375	
577	1.006995	-0.000062	-3.019043	0.000062	1.006995	-0.513458	
578	1.005625	-0.000060	-2.426575	0.000060	1.005625	0.711029	
579	1.000183	0.000184	2.714172	-0.000184	1.000183	7.762054	
580	0.999976	-0.000007	1.191223	0.000007	0.999976	4.923218	
581	0.999981	0.000075	1.106995	-0.000075	0.999981	5.386383	
582	0.999917	0.000214	1.813049	-0.000214	0.999917	6.203583	
583	1.000663	0.000438	5.782349	-0.000438	1.000663	12.010712	
584	1.001215	0.000339	4.008362	-0.000339	1.001215	5.109222	
585	1.001815	0.000347	4.393066	-0.000347	1.001815	3.811798	
586	1.002100	0.000576	5.317383	-0.000576	1.002100	2.329651	
587	0.999969	0.000647	16.369690	-0.000647	0.999969	1.199738	
588	1.000018	0.000019	6.717834	-0.000019	1.000018	-0.233002	
589	1.000121	-0.000045	3.882690	0.000045	1.000121	-0.207977	
590	1.000030	0.000051	2.792114	-0.000051	1.000030	-0.644470	
591	0.999922	-0.000212	1.599121	0.000212	0.999922	-3.374054	
592	1.000023	0.000041	-0.039246	-0.000041	1.000023	-2.985016	
593	1.000167	0.000021	0.400452	-0.000021	1.000167	-3.018463	
594	1.000099	0.000061	0.057434	-0.000061	1.000099	-2.650818	
595	1.000293	0.000105	0.954285	-0.000105	1.000293	-3.977936	
596	1.000056	0.000061	0.591858	-0.000061	1.000056	-1.485443	
597	1.000094	0.000132	0.853760	-0.000132	1.000094	-1.387115	
598	1.000088	0.000249	1.514465	-0.000249	1.000088	-0.670349	
599	0.999907	0.000119	3.551392	-0.000119	0.999907	-0.310486	
600	0.999942	0.000078	1.854187	-0.000078	0.999942	-0.026428	
601	1.000065	0.000081	1.520630	-0.000081	1.000065	-0.019165	
602	1.000008	0.000013	1.229065	-0.000013	1.000008	0.294830	
603	1.000011	0.000133	2.400696	-0.000133	1.000011	0.890930	
604	1.000057	-0.000015	1.042664	0.000015	1.000057	0.245483	
605	1.000056	-0.000015	1.302734	0.000015	1.000056	1.185486	
606	1.000076	-0.000124	0.513550	0.000124	1.000076	1.256378	
607	0.999946	-0.000018	-0.030334	0.000018	0.999946	2.106262	
608	0.999964	-0.000058	-0.057617	0.000058	0.999964	0.516754	
609	0.999978	-0.000015	-0.046997	0.000015	0.999978	0.026978	
610	0.999931	-0.000100	-0.123047	0.000100	0.999931	-0.101807	
611	0.999917	0.000060	-0.225647	-0.000060	0.999917	-0.865356	
612	0.999958	-0.000022	0.168152	0.000022	0.999958	-0.750488	
613	0.999876	-0.000168	0.167725	0.000168	0.999876	-1.849365	
614	1.000078	0.000005	0.190857	-0.000005	1.000078	-2.588470	
615	1.000276	-0.000109	-0.367065	0.000109	1.000276	-5.610992	
616	1.000204	-0.000027	-0.131042	0.000027	1.000204	-3.450897	
617	1.000533	0.000013	0.152283	-0.000013	1.000533	-4.059814	
618	1.001023	-0.000106	-0.596313	0.000106	1.001023	-4.659241	
619	1.003476	0.000015	-2.460083	-0.000015	1.003476	-9.191650	
620	1.003485	-0.000074	-2.284973	0.000074	1.003485	-5.495209	
621	1.002450	-0.000004	-1.294006	0.000004	1.002450	-5.034027	
622	1.001205	-0.000002	-0.560364	0.000002	1.001205	-4.460480	
623	1.002651	0.000065	-1.929016	-0.000065	1.002651	-8.563812	
624	1.000768	0.000063	-0.292603	-0.000063	1.000768	-3.237045	
625	1.001772	-0.000011	-1.101562	0.000011	1.001772	-3.715195	
626	1.001706	-0.000042	-0.742126	0.000042	1.001706	-3.895477	
627	1.002596	0.000030	-1.301392	-0.000030	1.002596	-7.154587	
628	1.000643	0.000096	-0.328308	-0.000096	1.000643	-2.792831	
629	1.000996	-0.000053	-0.265320	0.000053	1.000996	-2.975037	
630	1.001925	-0.000023	-1.679565	0.000023	1.001925	-2.919098	
631	1.001551	0.000143	-1.552612	-0.000143	1.001551	-3.439377	
632	0.999965	0.000055	-0.019470	-0.000055	0.999965	-0.783493	
633	0.996131	-0.000024	1.958557	0.000024	0.996131	0.753265	
634	0.987533	0.000052	7.573425	-0.000052	0.987533	4.760529	
635	0.991619	-0.000011	4.894104	0.000011	0.991619	2.826401	
636	0.994261	0.000003	2.950684	-0.000003	0.994261	1.625580	
637	0.988395	-0.000164	6.295166	0.000164	0.988395	3.853729	
638	0.996285	-0.000245	-0.068542	0.000245	0.996285	0.635727	
639	0.992722	-0.000007	0.014099	0.000007	0.992722	0.457184	
640	0.989784	0.000009	4.510559	-0.000009	0.989784	3.168610	
641	0.997992	-0.000135	-0.678650	0.000135	0.997992	-0.024094	
642	0.998298	-0.000106	-0.897400	0.000106	0.998298	-0.539444	
643	0.994091	-0.000148	-0.653259	0.000148	0.994091	0.104187	
644	0.982793	-0.000139	8.041748	0.000139	0.982793	5.348953	
645	0.989993	-0.000222	3.222717	0.000222	0.989993	2.910370	
646	0.993484	-0.000242	-0.032043	0.000242	0.993484	1.558624	
647	0.985521	-0.000428	1.210571	0.000428	0.985521	3.451462	
648	0.991288	-0.000263	0.716919	0.000263	0.991288	2.240051	
649	0.992044	-0.000355	-0.435364	0.000355	0.992044	1.926712	
650	0.991701	-0.000424	-0.993713	0.000424	0.991701	1.719177	
651	0.976682	-0.000736	1.252075	0.000736	0.976682	6.788483	
652	0.988939	-0.000399	-0.816467	0.000399	0.988939	3.399170	
653	0.991999	-0.000546	-3.207214	0.000546	0.991999	2.287842	
654	0.995400	-0.000554	-5.842468	0.000554	0.995400	0.826614	
655	0.986055	-0.001242	-9.072540	0.001242	0.986055	3.449936	
656	0.994495	-0.000582	-6.233521	0.000582	0.994495	1.332428	
657	0.994824	-0.000439	-6.588531	0.000439	0.994824	1.296890	
658	0.998030	-0.000717	-8.677643	0.000717	0.998030	0.122269	
659	0.989707	-0.000785	-12.319458	0.000785	0.989707	2.418610	
660	0.997169	-0.000684	-7.300079	0.000684	0.997169	0.406006	
661	0.998829	-0.000493	-8.428619	0.000493	0.998829	-0.443481	
662	0.998533	-0.000700	-7.464264	0.000700	0.998533	-0.282120	
663	0.999515	-0.001115	-14.646729	0.001115	0.999515	-1.153778	
664	0.999479	-0.000593	-6.921906	0.000593	0.999479	-0.661835	
665	0.999257	-0.000415	-6.802338	0.000415	0.999257	-0.642868	
666	1.000821	-0.000407	-7.628723	0.000407	1.000821	-1.143005	
667	1.001675	-0.001410	-15.950745	0.001410	1.001675	-2.328094	
668	1.001378	-0.000364	-8.349365	0.000364	1.001378	-1.103043	
669	1.000627	-0.000498	-8.179871	0.000498	1.000627	-1.013870	
670	1.000524	-0.000428	-7.943146	0.000428	1.000524	-0.777252	
671	1.003558	-0.001087	-16.477386	0.001087	1.003558	-1.904068	
672	1.000734	-0.000395	-7.398468	0.000395	1.000734	-0.637222	
673	1.000502	-0.000205	-7.195160	0.000205	1.000502	-0.390823	
674	1.000916	-0.000223	-7.046753	0.000223	1.000916	-0.661774	
675	1.003076	-0.001297	-12.921234	0.001297	1.003076	-1.375214	
676	1.001296	-0.000233	-6.342194	0.000233	1.001296	-0.927673	
677	1.002337	-0.000119	-6.527832	0.000119	1.002337	-0.973206	
678	1.005967	-0.000213	-8.009277	0.000213	1.005967	-2.289612	
679	1.006462	-0.000187	-11.316345	0.000187	1.006462	-2.269455	
680	1.003560	-0.000147	-5.685883	0.000147	1.003560	-1.370728	
681	1.004238	-0.000137	-6.311554	0.000137	1.004238	-1.728989	
682	1.002684	-0.000176	-5.199829	0.000176	1.002684	-1.084915	
683	1.003848	-0.000339	-8.706909	0.000339	1.003848	-1.173843	
684	1.000682	-0.000065	-3.329529	0.000065	1.000682	-0.232193	
685	1.000445	-0.000025	-2.911774	0.000025	1.000445	-0.079605	
686	1.000396	-0.000134	-2.987061	0.000134	1.000396	-0.248169	
687	1.000830	-0.000528	-6.414337	0.000528	1.000830	-0.645889	
688	1.000574	-0.000176	-3.923370	0.000176	1.000574	-0.176849	
689	0.998158	-0.000024	-2.526062	0.000024	0.998158	1.033127	
690	0.996770	-0.000029	-1.660858	0.000029	0.996770	1.098373	
691	0.986994	-0.000241	0.502014	0.000241	0.986994	4.878372	
692	0.994933	-0.000129	-1.130646	0.000129	0.994933	1.856384	
693	0.993166	-0.000057	-0.348541	0.000057	0.993166	2.501373	
694	0.993933	-0.000194	-1.028687	0.000194	0.993933	2.396133	
695	0.995028	-0.000475	-7.697815	0.000475	0.995028	1.627762	
696	0.998216	-0.000072	-4.276611	0.000072	0.998216	0.715790	
697	0.997599	-0.000094	-3.943634	0.000094	0.997599	0.896667	
698	0.998992	-0.000360	-5.009949	0.000360	0.998992	0.222595	
699	0.995738	-0.000260	-8.597473	0.000260	0.995738	1.554306	
700	0.998719	-0.000301	-5.045868	0.000301	0.998719	0.399551	
701	0.999349	-0.000143	-5.446838	0.000143	0.999349	0.148499	
702	0.999012	-0.000057	-4.454407	0.000057	0.999012	0.345001	
703	0.999321	-0.000223	-9.016418	0.000223	0.999321	0.208588	
704	0.999102	-0.000077	-4.524780	0.000077	0.999102	0.176407	
705	0.997439	-0.000134	-3.398590	0.000134	0.997439	0.904251	
706	0.998305	-0.000178	-3.954559	0.000178	0.998305	0.610916	
707	0.998155	-0.000094	-7.755798	0.000094	0.998155	0.765244	
708	0.999715	-0.000027	-3.337494	0.000027	0.999715	0.082153	
709	1.000223	-0.000039	-3.846863	0.000039	1.000223	-0.116287	
710	0.999770	0.000025	-2.726227	-0.000025	0.999770	0.053589	
711	1.000011	-0.000216	-4.265503	0.000216	1.000011	-0.155090	
712	1.000206	-0.000073	-1.642242	0.000073	1.000206	-0.095444	
713	1.000223	0.000039	-1.460938	-0.000039	1.000223	0.003937	
714	1.000206	0.000067	-1.107635	-0.000067	1.000206	-0.124908	
715	1.000163	-0.000127	-2.626678	0.000127	1.000163	-0.222275	
716	1.000141	0.000042	-1.113800	-0.000042	1.000141	-0.144821	
717	1.000002	0.000019	-1.127960	-0.000019	1.000002	-0.144699	
718	1.000064	0.000050	-0.587311	-0.000050	1.000064	-0.064041	
719	1.000085	-0.000073	-1.030334	0.000073	1.000085	-0.382126	
720	1.000270	0.000105	-0.976440	-0.000105	1.000270	-0.067444	
721	1.000152	0.000029	-1.063660	-0.000029	1.000152	-0.026093	
722	1.000231	-0.000095	-1.218231	0.000095	1.000231	-0.113052	
723	0.999983	-0.000134	-3.247437	0.000134	0.999983	-0.185257	
724	0.999357	-0.000024	-1.430450	0.000024	0.999357	0.158066	
725	0.998979	-0.000016	-1.002899	0.000016	0.998979	0.247375	
726	0.999088	-0.000061	-0.818115	0.000061	0.999088	0.223846	
727	0.997099	-0.000008	-0.345978	0.000008	0.997099	0.988220	
728	0.998793	0.000047	-0.309570	-0.000047	0.998793	0.401077	
729	0.998256	0.000011	0.181976	-0.000011	0.998256	0.586121	
730	0.998422	0.000061	0.306641	-0.000061	0.998422	0.594482	
731	0.996977	-0.000193	-0.153748	0.000193	0.996977	0.948822	
732	0.998861	-0.000035	-0.461243	0.000035	0.998861	0.348129	
733	0.999399	0.000055	-0.861053	-0.000055	0.999399	0.226059	
734	0.999604	0.000108	-0.895142	-0.000108	0.999604	0.100662	
735	0.999495	-0.000141	-1.866577	0.000141	0.999495	0.006210	
736	1.000088	0.000121	-1.033905	-0.000121	1.000088	-0.086639	
737	1.000240	0.000070	-1.243073	-0.000070	1.000240	-0.202759	
738	1.000085	0.000042	-1.144501	-0.000042	1.000085	-0.161438	
739	0.998511	-0.000130	-1.235748	0.000130	0.998511	0.212341	
740	0.999317	0.000085	-0.117279	-0.000085	0.999317	0.105621	
741	0.999368	-0.000044	-0.264313	0.000044	0.999368	0.049149	
742	0.999875	0.000066	-0.628021	-0.000066	0.999875	0.014801	
743	1.000234	-0.000019	-1.195801	0.000019	1.000234	-0.478455	
744	1.000040	-0.000059	-0.003998	0.000059	1.000040	-0.198944	
745	0.999983	0.000000	-0.033630	-0.000000	0.999983	-0.369110	
746	1.000087	-0.000174	0.039459	0.000174	1.000087	-0.615082	
747	0.999970	0.000161	0.240265	-0.000161	0.999970	-1.133575	
748	1.000100	0.000040	0.083496	-0.000040	1.000100	-0.940338	
749	1.000002	-0.000055	0.236420	0.000055	1.000002	-0.925507	
750	0.999980	0.000051	0.084869	-0.000051	0.999980	-1.061081	
751	1.000137	-0.000088	0.838531	0.000088	1.000137	-2.602295	
752	1.000003	-0.000020	0.616302	0.000020	1.000003	-1.255997	
753	1.000014	-0.000059	0.839935	0.000059	1.000014	-1.383057	
754	1.000060	-0.000009	0.830841	0.000009	1.000060	-1.204056	
755	0.999877	0.000067	3.011353	-0.000067	0.999877	-2.166916	
756	0.999887	-0.000062	1.867584	0.000062	0.999887	-0.883957	
757	0.999887	0.000052	1.567535	-0.000052	0.999887	-0.491241	
758	0.999671	0.000151	1.656219	-0.000151	0.999671	-0.333313	
759	0.999663	-0.000041	3.573456	0.000041	0.999663	-0.367218	
760	0.999695	-0.000137	1.322205	0.000137	0.999695	-0.011963	
761	0.999759	-0.000120	1.050873	0.000120	0.999759	0.012833	
762	0.999868	-0.000027	0.598938	0.000027	0.999868	0.020996	
763	0.999857	-0.000016	0.191498	0.000016	0.999857	-0.412964	
764	1.000009	0.000120	0.201416	-0.000120	1.000009	-0.402374	
765	0.999994	-0.000127	0.379791	0.000127	0.999994	-0.456116	
766	0.999987	-0.000133	0.341278	0.000133	0.999987	-0.322403	
767	0.999980	0.000102	0.324768	-0.000102	0.999980	-0.564529	
768	1.000001	-0.000129	0.344330	0.000129	1.000001	-0.257675	
769	1.000020	0.000044	0.136353	-0.000044	1.000020	-0.425186	
770	1.000004	-0.000093	0.184143	0.000093	1.000004	-0.214157	
771	1.000102	-0.000024	0.006073	0.000024	1.000102	-0.628937	
772	0.999958	0.000046	0.006256	-0.000046	0.999958	-0.132538	
773	0.999875	-0.000084	0.010864	0.000084	0.999875	-0.214737	
774	0.999893	-0.000180	0.060883	0.000180	0.999893	-0.381744	
775	1.000003	0.000063	-0.020844	-0.000063	1.000003	-0.324066	
776	0.999904	-0.000083	-0.035919	0.000083	0.999904	-0.392715	
777	0.999994	-0.000035	-0.029297	0.000035	0.999994	-0.224182	
778	1.000016	-0.000194	0.010010	0.000194	1.000016	-0.442551	
779	1.000037	0.000003	-0.028198	-0.000003	1.000037	-0.591599	
780	1.000001	-0.000078	-0.003357	0.000078	1.000001	-0.386108	
781	1.000032	-0.000060	-0.028046	0.000060	1.000032	-0.409042	
782	1.000025	-0.000016	0.000549	0.000016	1.000025	-0.321823	
783	1.001304	-0.000003	-0.897278	0.000003	1.001304	-1.625320	
784	1.001312	-0.000133	-0.617096	0.000133	1.001312	-1.184769	
785	1.001717	-0.000155	-1.036774	0.000155	1.001717	-1.086044	
786	1.001353	-0.000164	-0.749268	0.000164	1.001353	-1.002121	
787	1.001205	0.000002	-0.337982	-0.000002	1.001205	-0.699539	
788	1.001593	-0.000014	-0.482208	0.000014	1.001593	-0.721634	
789	1.003492	-0.000105	-1.335175	0.000105	1.003492	-1.488922	
790	1.005383	-0.000086	-2.560181	0.000086	1.005383	-2.145294	
791	1.007425	0.000071	-3.159302	-0.000071	1.007425	-3.046249	
792	1.003624	-0.000070	-1.776733	0.000070	1.003624	-1.549149	
793	1.003238	-0.000011	-1.396088	0.000011	1.003238	-1.397964	
794	1.002323	-0.000002	-0.419830	0.000002	1.002323	-0.995697	
795	1.003891	0.000116	-0.399200	-0.000116	1.003891	-1.664459	
796	1.001484	0.000025	0.027374	-0.000025	1.001484	-0.666534	
797	1.000857	-0.000225	0.019745	0.000225	1.000857	-0.334549	
798	1.000347	-0.000006	-0.106598	0.000006	1.000347	-0.095108	
799	1.000603	-0.000039	-0.355835	0.000039	1.000603	-0.213974	
800	1.000616	-0.000036	-0.370148	0.000036	1.000616	-0.360092	
801	1.000359	-0.000030	-0.216156	0.000030	1.000359	-0.171783	
802	1.000967	-0.000064	-0.574493	0.000064	1.000967	-0.462860	
803	1.001181	-0.000120	-0.718811	0.000120	1.001181	-0.676102	
804	1.000228	-0.000006	-0.056213	0.000006	1.000228	-0.131302	
805	1.000140	-0.000003	-0.002991	0.000003	1.000140	-0.069016	
806	1.000023	-0.000047	0.082764	0.000047	1.000023	-0.084778	
807	0.999881	-0.000119	0.403839	0.000119	0.999881	-0.033798	
808	0.999979	-0.000100	0.122589	0.000100	0.999979	-0.075928	
809	0.999924	-0.000096	0.199738	0.000096	0.999924	-0.102509	
810	0.999970	-0.000052	0.095062	0.000052	0.999970	-0.026855	
811	0.999828	-0.000119	0.632599	0.000119	0.999828	-0.020584	
812	0.999874	-0.000077	0.349823	0.000077	0.999874	-0.005920	
813	0.999889	-0.000001	0.315247	0.000001	0.999889	0.003922	
814	0.999871	-0.000073	0.417267	0.000073	0.999871	-0.014465	
815	1.000015	0.000007	0.093994	-0.000007	1.000015	-0.042023	
816	0.999984	0.000000	0.080994	-0.000000	0.999984	-0.021286	
817	0.999837	-0.000093	0.617310	0.000093	0.999837	-0.008316	
818	0.999963	-0.000028	0.136780	0.000028	0.999963	-0.018524	
819	0.999870	-0.000089	0.543457	0.000089	0.999870	-0.046005	
820	0.999939	-0.000049	0.263519	0.000049	0.999939	-0.013336	
821	0.999846	-0.000068	0.539825	0.000068	0.999846	0.005981	
822	0.999915	-0.000028	0.557404	0.000028	0.999915	-0.004425	
823	0.999884	-0.000071	0.611603	0.000071	0.999884	-0.013580	
824	0.999859	-0.000094	0.700989	0.000094	0.999859	-0.018845	
825	0.999776	-0.000115	0.767242	0.000115	0.999776	0.018616	
826	0.999885	-0.000105	0.598877	0.000105	0.999885	0.008194	
827	0.999896	0.000154	1.747986	-0.000154	0.999896	0.050751	
828	0.999625	-0.000144	1.357605	0.000144	0.999625	0.050659	
829	0.999711	-0.000164	1.322083	0.000164	0.999711	0.037476	
830	0.999649	-0.000119	1.440979	0.000119	0.999649	0.027206	
831	0.999285	0.000236	3.738342	-0.000236	0.999285	0.273544	
832	0.999909	0.000079	1.454346	-0.000079	0.999909	0.029465	
833	0.999876	0.000157	1.370850	-0.000157	0.999876	0.095215	
834	0.999764	-0.000146	1.516449	0.000146	0.999764	0.047668	
835	0.999719	0.000106	2.465454	-0.000106	0.999719	0.210251	
836	0.999655	-0.000185	1.156952	0.000185	0.999655	0.011230	
837	0.999686	-0.000049	0.828644	0.000049	0.999686	0.067352	
838	0.999845	-0.000106	0.670197	0.000106	0.999845	-0.000992	
839	0.999613	-0.000160	1.313843	0.000160	0.999613	0.047821	
840	0.999904	-0.000027	0.065887	0.000027	0.999904	0.004379	
841	0.999925	0.000000	0.053833	-0.000000	0.999925	0.035721	
842	0.999932	-0.000031	0.038452	0.000031	0.999932	-0.001099	
843	0.999974	-0.000001	0.007690	0.000001	0.999974	-0.021454	
844	0.999943	-0.000040	0.101196	0.000040	0.999943	0.003433	
845	0.999939	-0.000014	0.121948	0.000014	0.999939	0.007370	
846	0.999990	-0.000012	-0.002014	0.000012	0.999990	-0.006836	
847	1.000040	0.000005	-0.051239	-0.000005	1.000040	-0.009399	
848	1.000056	0.000019	-0.021545	-0.000019	1.000056	0.049255	
849	1.000026	-0.000013	-0.004486	0.000013	1.000026	0.011017	
850	1.000038	-0.000020	-0.007080	0.000020	1.000038	0.024490	
851	1.000156	-0.000022	-0.059723	0.000022	1.000156	0.173737	
852	1.000324	-0.000001	-0.152832	0.000001	1.000324	-0.046066	
853	1.001101	-0.000101	-0.665344	0.000101	1.001101	-0.294556	
854	1.001519	-0.000121	-0.788452	0.000121	1.001519	-0.527161	
855	1.005675	-0.000045	-3.386963	0.000045	1.005675	-2.218826	
856	1.005330	-0.000115	-3.066803	0.000115	1.005330	-2.088943	
857	1.004330	-0.000015	-2.327484	0.000015	1.004330	-1.712875	
858	1.002654	-0.000066	-0.790558	0.000066	1.002654	-1.100647	
859	1.005037	0.000202	-0.627228	-0.000202	1.005037	-1.623978	
860	1.003784	-0.000083	-0.415222	0.000083	1.003784	-1.299301	
861	1.005325	0.000043	-1.480530	-0.000043	1.005325	-2.004196	
862	1.005195	-0.000071	-1.239899	0.000071	1.005195	-1.930756	
863	1.008049	0.000074	-0.905457	-0.000074	1.008049	-3.055939	
864	1.003921	0.000050	-0.173828	-0.000050	1.003921	-1.409729	
865	1.005048	0.000121	-0.510773	-0.000121	1.005048	-1.832062	
866	1.006754	0.000027	-1.431213	-0.000027	1.006754	-2.639160	
867	1.009594	0.000459	-0.407837	-0.000459	1.009594	-3.705368	
868	1.002739	0.000132	1.676453	-0.000132	1.002739	-1.109299	
869	1.000017	0.000095	3.588440	-0.000095	1.000017	-0.004669	
870	0.999654	0.000188	4.113556	-0.000188	0.999654	0.148605	
871	0.986415	0.000360	18.238159	-0.000360	0.986415	5.827408	
872	0.984802	0.000651	14.899231	-0.000651	0.984802	5.699799	
873	0.982731	0.000299	16.752228	-0.000299	0.982731	6.758774	
874	0.981342	0.000418	16.709534	-0.000418	0.981342	6.998428	
875	0.979435	0.000209	23.716278	-0.000209	0.979435	7.761063	
876	0.991280	0.000369	11.163849	-0.000369	0.991280	3.338669	
877	0.990591	0.000309	12.014587	-0.000309	0.990591	3.804474	
878	0.993151	0.000347	9.800079	-0.000347	0.993151	2.839905	
879	0.985269	0.000640	18.998047	-0.000640	0.985269	5.668839	
880	0.993946	0.000316	8.420441	-0.000316	0.993946	2.327286	
881	0.992027	0.000011	9.083618	-0.000011	0.992027	3.047119	
882	0.996098	0.000283	5.904419	-0.000283	0.996098	1.605484	
883	0.989066	0.000300	13.502899	-0.000300	0.989066	4.116776	
884	0.995004	-0.000018	5.993530	0.000018	0.995004	2.006012	
885	0.995759	0.000105	5.149506	-0.000105	0.995759	1.680801	
886	0.995563	-0.000029	5.030334	0.000029	0.995563	1.681870	
887	0.995313	-0.000086	5.688446	0.000086	0.995313	1.790726	
888	0.999407	-0.000042	0.791077	0.000042	0.999407	0.141586	
889	0.999453	-0.000028	0.616089	0.000028	0.999453	0.251007	
890	0.999402	0.000042	0.553314	-0.000042	0.999402	0.302429	
891	0.999837	-0.000047	0.358917	0.000047	0.999837	0.092056	
892	0.999969	0.000027	0.087036	-0.000027	0.999969	0.010727	
893	0.999919	0.000035	0.159943	-0.000035	0.999919	0.032486	
894	0.999975	0.000085	0.053192	-0.000085	0.999975	0.024246	
895	1.000026	0.000039	-0.022247	-0.000039	1.000026	0.000092	
896	1.000083	0.000020	-0.052887	-0.000020	1.000083	-0.028046	
897	1.000039	-0.000062	-0.030823	0.000062	1.000039	0.053940	
898	1.000058	-0.000043	-0.023956	0.000043	1.000058	-0.004211	
899	0.999844	-0.000034	0.396759	0.000034	0.999844	0.033340	
900	0.999972	-0.000064	0.305023	0.000064	0.999972	-0.004501	
901	0.999874	-0.000167	0.509277	0.000167	0.999874	0.010834	
902	0.999852	-0.000011	0.404358	0.000011	0.999852	0.054077	
903	0.999911	0.000051	1.084442	-0.000051	0.999911	0.061249	
904	0.999815	0.000038	0.840607	-0.000038	0.999815	0.081543	
905	0.999714	-0.000070	0.920502	0.000070	0.999714	0.106796	
906	0.999772	0.000027	0.727386	-0.000027	0.999772	0.017563	
907	0.999955	0.000106	1.298004	-0.000106	0.999955	0.023682	
908	0.999844	-0.000007	0.968079	0.000007	0.999844	-0.027771	
909	0.999832	-0.000025	0.983276	0.000025	0.999832	0.017517	
910	0.999753	-0.000173	0.959412	0.000173	0.999753	0.050110	
911	0.999791	0.000165	2.459534	-0.000165	0.999791	0.039490	
912	1.000332	-0.000175	1.163361	0.000175	1.000332	-0.480865	
913	1.001216	0.000088	0.761047	-0.000088	1.001216	-0.460114	
914	1.001948	-0.000043	0.196869	0.000043	1.001948	-0.860886	
915	1.004158	0.000110	0.649994	-0.000110	1.004158	-1.352661	
916	1.002909	-0.000032	0.022766	0.000032	1.002909	-1.077606	
917	1.002788	0.000033	-0.003937	-0.000033	1.002788	-1.022141	
918	1.002647	0.000010	0.122467	-0.000010	1.002647	-0.827469	
919	1.005728	0.000077	-0.757324	-0.000077	1.005728	-1.731369	
920	1.002524	0.000020	-0.336151	-0.000020	1.002524	-0.633881	
921	1.001462	0.000045	0.183838	-0.000045	1.001462	-0.205307	
922	1.001532	-0.000076	0.099854	0.000076	1.001532	-0.020721	
923	1.001377	0.000152	0.781494	-0.000152	1.001377	0.992218	
924	1.001471	-0.000014	-0.080048	0.000014	1.001471	0.548767	
925	1.001584	0.000025	-0.523926	-0.000025	1.001584	0.730545	
926	1.001813	0.000019	-0.769714	-0.000019	1.001813	0.743820	
927	1.004661	0.000068	-2.195557	-0.000068	1.004661	1.444885	
928	1.001211	-0.000088	-0.454254	0.000088	1.001211	0.836319	
929	1.001218	0.000117	-0.621277	-0.000117	1.001218	0.810623	
930	1.000949	-0.000032	-0.249390	0.000032	1.000949	0.581314	
931	1.002616	0.000063	-0.192780	-0.000063	1.002616	0.738007	
932	1.001531	-0.000023	-0.050873	0.000023	1.001531	0.282944	
933	1.001951	0.000139	-0.170959	-0.000139	1.001951	0.084137	
934	1.003147	-0.000076	-0.790710	0.000076	1.003147	-0.540604	
935	1.007968	0.000140	-2.948242	-0.000140	1.007968	-1.785309	
936	1.004481	0.000024	-2.062134	-0.000024	1.004481	-1.162766	
937	1.002398	0.000045	-0.775146	-0.000045	1.002398	-0.380478	
938	1.001726	0.000119	-0.218201	-0.000119	1.001726	-0.130585	
939	1.004292	0.000023	-0.555695	-0.000023	1.004292	-0.317856	
940	1.001448	-0.000043	0.010193	0.000043	1.001448	0.151108	
941	1.001745	0.000079	-0.150574	-0.000079	1.001745	0.069916	
942	1.002100	0.000018	-0.123322	-0.000018	1.002100	-0.182877	
943	1.002810	0.000131	0.784882	-0.000131	1.002810	0.193283	
944	1.001280	0.000175	0.691711	-0.000175	1.001280	0.296539	
945	1.002167	0.000057	0.808411	-0.000057	1.002167	-0.054337	
946	1.001965	0.000220	1.133698	-0.000220	1.001965	0.163696	
947	1.005377	0.000228	1.326538	-0.000228	1.005377	-0.512482	
948	1.002379	0.000165	1.091248	-0.000165	1.002379	-0.059219	
949	1.003561	0.000191	0.553986	-0.000191	1.003561	-0.430817	
950	1.003264	0.000119	0.625122	-0.000119	1.003264	-0.429398	
951	1.006416	0.000338	1.753265	-0.000338	1.006416	-0.875702	
952	1.004431	0.000168	0.289185	-0.000168	1.004431	-0.774750	
953	1.005001	0.000157	-0.175171	-0.000157	1.005001	-1.025360	
954	1.005684	0.000078	-0.874786	-0.000078	1.005684	-1.257660	
955	1.011555	0.000244	-2.630493	-0.000244	1.011555	-2.827179	
956	1.003656	0.000122	-0.328430	-0.000122	1.003656	-0.698456	
957	1.001621	0.000138	0.583588	-0.000138	1.001621	-0.172180	
958	1.001328	0.000031	0.276215	-0.000031	1.001328	-0.207886	
959	1.000207	0.000074	-0.640808	-0.000074	1.000207	-0.063492	
960	1.000087	0.000070	-0.646454	-0.000070	1.000087	-0.075714	
961	0.999814	0.000010	-0.486481	-0.000010	0.999814	0.080505	
962	0.995148	0.000091	2.465485	-0.000091	0.995148	2.102890	
963	0.978637	0.000049	11.947296	-0.000049	0.978637	8.263718	
964	0.987343	-0.000147	6.445221	0.000147	0.987343	4.658829	
965	0.989618	-0.000322	3.937561	0.000322	0.989618	3.926834	
966	0.994823	-0.000139	-0.472412	0.000139	0.994823	1.836639	
967	0.991036	-0.000925	-2.279144	0.000925	0.991036	3.105804	
968	0.995910	-0.000076	-2.307648	0.000076	0.995910	1.318939	
969	0.990139	0.000108	1.873749	-0.000108	0.990139	3.785446	
970	0.990088	-0.000324	1.551788	0.000324	0.990088	3.782135	
971	0.990088	-0.001035	-3.914795	0.001035	0.990088	3.602905	
972	0.997811	-0.000555	-4.627350	0.000555	0.997811	0.798920	
973	0.999142	-0.000473	-5.961761	0.000473	0.999142	0.341812	
974	0.995843	-0.000165	-4.173126	0.000165	0.995843	1.647827	
975	0.988279	-0.001256	-5.898895	0.001256	0.988279	4.654205	
976	0.996026	-0.000732	-4.473572	0.000732	0.996026	1.458847	
977	1.000720	-0.000784	-7.517212	0.000784	1.000720	-0.291977	
978	1.001583	-0.000453	-7.730255	0.000453	1.001583	-0.575363	
979	1.003761	-0.001380	-14.860413	0.001380	1.003761	-1.414963	
980	1.001139	-0.000375	-6.917877	0.000375	1.001139	-0.475204	
981	1.001851	-0.000514	-6.729675	0.000514	1.001851	-0.773834	
982	1.001584	-0.000159	-6.558014	0.000159	1.001584	-0.367371	
983	1.003549	-0.000650	-13.119202	0.000650	1.003549	-0.850952	
984	1.001988	-0.000411	-7.052673	0.000411	1.001988	-0.360275	
985	1.001690	-0.000071	-7.285675	0.000071	1.001690	0.008438	
986	1.001516	-0.000452	-7.319061	0.000452	1.001516	-0.187500	
987	1.004449	-0.001190	-15.871216	0.001190	1.004449	-0.497742	
988	1.001875	-0.000312	-8.189728	0.000312	1.001875	-0.093964	
989	1.001801	-0.000498	-8.374023	0.000498	1.001801	0.005280	
990	1.002495	-0.000571	-9.437683	0.000571	1.002495	-0.137543	
991	1.003411	-0.001001	-20.563202	0.001001	1.003411	-0.233231	
992	1.003398	-0.000189	-12.284149	0.000189	1.003398	-0.759399	
993	1.004055	-0.000932	-12.471161	0.000932	1.004055	-1.157227	
994	1.002998	-0.000445	-12.233978	0.000445	1.002998	-0.933151	
995	1.010733	-0.002899	-26.806885	0.002899	1.010733	-3.620758	
996	1.002571	-0.000200	-13.400299	0.000200	1.002571	-0.985931	
997	1.003049	-0.000215	-13.680664	0.000215	1.003049	-1.097778	
998	1.004039	-0.000389	-13.833908	0.000389	1.004039	-1.395874	
999	1.009580	-0.004883	-26.454971	0.004883	1.009580	-3.800476	
1000	1.003181	0.000000	-12.429138	-0.000000	1.003181	-1.300537	
1001	1.004004	0.000887	-12.331818	-0.000887	1.004004	-1.409821	
1002	1.002964	0.000151	-10.968735	-0.000151	1.002964	-1.379944	
1003	1.005749	0.000888	-20.151642	-0.000888	1.005749	-2.418457	
1004	1.002214	0.001293	-9.235016	-0.001293	1.002214	-1.298676	
1005	1.002298	-0.000204	-8.434998	0.000204	1.002298	-1.727783	
1006	1.002907	0.000399	-8.578201	-0.000399	1.002907	-1.911316	
1007	1.011019	0.000050	-17.327103	-0.000050	1.011019	-5.319397	
1008	1.006450	-0.000145	-8.767822	0.000145	1.006450	-3.051910	
1009	1.006925	0.000047	-8.408508	-0.000047	1.006925	-3.374512	
1010	1.005106	0.000135	-6.052155	-0.000135	1.005106	-2.596954	
1011	1.012985	-0.000020	-9.542542	0.000020	1.012985	-6.015381	
1012	1.008291	-0.000106	-5.085632	0.000106	1.008291	-4.077728	
1013	1.009401	-0.000004	-5.872925	0.000004	1.009401	-4.326569	
1014	1.007029	0.000020	-4.444733	-0.000020	1.007029	-3.562286	
1015	1.007430	0.000131	-3.288086	-0.000131	1.007430	-3.925262	
1016	1.002318	0.000084	0.733673	-0.000084	1.002318	-1.404358	
1017	1.002533	0.000151	1.744446	-0.000151	1.002533	-1.454636	
1018	1.003785	0.000081	2.077362	-0.000081	1.003785	-1.932709	
1019	1.009811	0.000440	3.885529	-0.000440	1.009811	-5.153503	
1020	1.004829	0.000226	3.410278	-0.000226	1.004829	-2.322144	
1021	1.003344	0.000312	4.354706	-0.000312	1.003344	-1.816727	
1022	1.001824	0.000205	6.693329	-0.000205	1.001824	-1.043289	
1023	1.008396	0.001249	9.951263	-0.001249	1.008396	-4.049103	
1024	1.009413	-0.000106	2.255951	0.000106	1.009413	-3.835892	
1025	1.012388	0.000098	0.067261	-0.000098	1.012388	-4.889221	
1026	1.006457	0.000189	3.813934	-0.000189	1.006457	-2.575607	
1027	1.000039	0.000352	15.740295	-0.000352	1.000039	-0.161423	
1028	0.998940	-0.000045	8.543671	0.000045	0.998940	0.340408	
1029	0.999349	0.000262	8.359955	-0.000262	0.999349	0.328644	
1030	0.999262	-0.000135	8.221619	0.000135	0.999262	0.156662	
1031	1.000161	-0.000167	13.637527	0.000167	1.000161	-0.252609	
1032	1.000612	0.000200	5.735657	-0.000200	1.000612	-0.090744	
1033	1.000116	0.000017	5.539124	-0.000017	1.000116	0.030304	
1034	1.001100	0.000160	4.798523	-0.000160	1.001100	-0.344772	
1035	1.003511	0.000034	8.035126	-0.000034	1.003511	-1.452164	
1036	1.002032	0.000117	4.142700	-0.000117	1.002032	-0.851883	
1037	1.002662	0.000131	4.196198	-0.000131	1.002662	-0.966644	
1038	1.002653	0.000113	4.216705	-0.000113	1.002653	-1.027573	
1039	1.006534	-0.000099	6.938080	0.000099	1.006534	-2.604691	
1040	1.003515	0.000078	3.068329	-0.000078	1.003515	-1.437225	
1041	1.000352	0.000195	4.988556	-0.000195	1.000352	-0.058899	
1042	1.001210	0.000099	4.490753	-0.000099	1.001210	-0.385681	
1043	1.003664	0.000072	7.046356	-0.000072	1.003664	-1.571594	
1044	1.003785	0.000120	2.145538	-0.000120	1.003785	-1.442307	
1045	1.005132	0.000201	1.582458	-0.000201	1.005132	-1.875168	
1046	1.002639	0.000288	4.080963	-0.000288	1.002639	-0.886658	
1047	0.998046	0.001050	16.197815	-0.001050	0.998046	1.235855	
1048	0.998421	0.000780	9.946838	-0.000780	0.998421	0.846130	
1049	0.996760	0.000856	11.652588	-0.000856	0.996760	1.249420	
1050	0.999470	0.000771	11.536530	-0.000771	0.999470	1.243790	
1051	0.985368	0.001595	30.371185	-0.001595	0.985368	5.545601	
1052	0.988877	0.000913	18.092255	-0.000913	0.988877	4.254135	
1053	0.989064	0.000852	17.819000	-0.000852	0.989064	4.195892	
1054	0.991119	0.000594	16.920746	-0.000594	0.991119	3.630859	
1055	0.977834	0.001764	35.809021	-0.001764	0.977834	8.615524	
1056	0.991126	0.000707	16.960907	-0.000707	0.991126	3.758514	
1057	0.989518	0.000165	17.656219	-0.000165	0.989518	3.993088	
1058	0.991927	0.000449	16.101379	-0.000449	0.991927	3.755478	
1059	0.988598	0.000253	26.552582	-0.000253	0.988598	4.717621	
1060	0.993453	0.000324	13.230042	-0.000324	0.993453	2.664856	
1061	0.991625	0.000150	13.844360	-0.000150	0.991625	3.380035	
1062	0.994145	0.000301	11.151306	-0.000301	0.994145	2.494476	
1063	0.983861	0.000267	22.427124	-0.000267	0.983861	6.661652	
1064	0.995940	0.000262	7.984589	-0.000262	0.995940	1.931396	
1065	0.996644	0.000234	7.460541	-0.000234	0.996644	1.449615	
1066	0.995892	0.000355	8.056030	-0.000355	0.995892	1.877945	
1067	0.992473	0.000320	15.235474	-0.000320	0.992473	3.089050	
1068	0.996223	0.000131	7.411652	-0.000131	0.996223	1.611237	
1069	0.995790	0.000175	7.145172	-0.000175	0.995790	1.862686	
1070	0.996235	0.000113	6.410736	-0.000113	0.996235	1.634369	
1071	0.993447	0.000266	10.703796	-0.000266	0.993447	2.629486	
1072	0.996731	0.000039	4.854553	-0.000039	0.996731	1.411011	
1073	0.998419	0.000063	3.354584	-0.000063	0.998419	0.624481	
1074	0.997630	-0.000027	3.611359	0.000027	0.997630	0.819107	
1075	0.995416	0.000252	7.563995	-0.000252	0.995416	2.096771	
1076	0.997977	0.000016	2.912720	-0.000016	0.997977	0.785416	
1077	0.998695	-0.000040	2.145081	0.000040	0.998695	0.560120	
1078	0.998044	0.000009	2.388275	-0.000009	0.998044	0.869202	
1079	0.994979	0.000015	5.373505	-0.000015	0.994979	2.004303	
1080	0.998475	0.000034	1.697723	-0.000034	0.998475	0.681305	
1081	0.998704	0.000062	1.254028	-0.000062	0.998704	0.571472	
1082	0.998138	0.000037	1.603699	-0.000037	0.998138	0.870697	
1083	0.997545	-0.000079	2.463654	0.000079	0.997545	1.069763	
1084	0.999593	0.000140	0.339355	-0.000140	0.999593	0.286713	
1085	0.999869	0.000086	0.067749	-0.000086	0.999869	0.339203	
1086	0.999977	0.000015	0.002808	-0.000015	0.999977	0.070251	
1087	0.999956	0.000159	-0.072754	-0.000159	0.999956	0.375977	
1088	0.999984	0.000113	-0.113220	-0.000113	0.999984	0.202332	
1089	0.999962	0.000086	-0.015137	-0.000086	0.999962	0.057281	
1090	0.999939	0.000079	-0.002869	-0.000079	0.999939	0.132538	
1091	0.999893	-0.000022	0.037170	0.000022	0.999893	0.081116	
1092	0.999961	-0.000024	0.024292	0.000024	0.999961	0.153564	
1093	0.999957	0.000089	-0.006714	-0.000089	0.999957	0.241104	
1094	0.999964	-0.000017	0.019043	0.000017	0.999964	0.029434	
1095	0.999970	-0.000059	0.008728	0.000059	0.999970	0.114273	
1096	0.999874	0.000055	0.084839	-0.000055	0.999874	0.283844	
1097	0.999964	-0.000016	0.027100	0.000016	0.999964	0.086792	
1098	0.999995	0.000023	0.014038	-0.000023	0.999995	0.053162	
1099	0.999993	0.000038	-0.024963	-0.000038	0.999993	0.251007	
1100	0.999988	0.000017	0.005310	-0.000017	0.999988	0.078339	
1101	0.999957	0.000034	0.026306	-0.000034	0.999957	0.056076	
1102	0.999908	0.000020	0.044678	-0.000020	0.999908	0.043732	
1103	0.999991	-0.000017	0.136414	0.000017	0.999991	0.082550	
1104	0.999980	0.000003	0.015198	-0.000003	0.999980	0.104141	
1105	0.999966	0.000017	0.025085	-0.000017	0.999966	0.099823	
1106	0.999909	-0.000051	0.049316	0.000051	0.999909	0.056534	
1107	0.999972	-0.000062	0.040161	0.000062	0.999972	0.068222	
1108	0.999942	0.000016	0.039551	-0.000016	0.999942	0.069397	
1109	0.999956	0.000028	0.020630	-0.000028	0.999956	0.076920	
1110	1.000028	0.000047	-0.014648	-0.000047	1.000028	0.054337	
1111	0.999969	0.000054	0.004944	-0.000054	0.999969	0.082291	
1112	0.999992	-0.000029	0.011047	0.000029	0.999992	-0.014359	
1113	0.999922	-0.000015	0.095276	0.000015	0.999922	0.107605	
1114	0.999979	-0.000019	0.025513	0.000019	0.999979	-0.007202	
1115	0.999962	0.000012	0.044983	-0.000012	0.999962	0.024582	
1116	0.999916	0.000059	0.066650	-0.000059	0.999916	0.052933	
1117	0.999929	0.000000	0.061035	-0.000000	0.999929	0.021317	
1118	0.999934	0.000065	0.049194	-0.000065	0.999934	0.047852	
1119	0.999790	-0.000012	0.236328	0.000012	0.999790	0.068542	
1120	0.999700	0.000030	0.292114	-0.000030	0.999700	0.131439	
1121	0.999427	0.000052	0.583496	-0.000052	0.999427	0.329010	
1122	0.999409	0.000029	0.533142	-0.000029	0.999409	0.166779	
1123	0.998490	0.000036	1.545776	-0.000036	0.998490	0.610992	
1124	0.998801	0.000023	1.008606	-0.000023	0.998801	0.459961	
1125	0.997275	0.000039	1.980347	-0.000039	0.997275	1.117447	
1126	0.997812	0.000002	1.840027	-0.000002	0.997812	0.908279	
1127	0.996952	0.000005	2.863220	-0.000005	0.996952	1.168976	
1128	0.999425	0.000024	0.611572	-0.000024	0.999425	0.257690	
1129	0.999487	-0.000024	0.784668	0.000024	0.999487	0.162781	
1130	0.999532	-0.000022	0.979309	0.000022	0.999532	0.141876	
1131	0.999307	-0.000006	1.553772	0.000006	0.999307	0.217621	
1132	0.999592	-0.000066	0.948730	0.000066	0.999592	0.114883	
1133	0.999689	0.000033	1.203064	-0.000033	0.999689	0.204651	
1134	0.999817	-0.000002	1.147888	0.000002	0.999817	0.056992	
1135	0.999920	0.000113	2.052063	-0.000113	0.999920	0.166687	
1136	0.999894	0.000127	1.479126	-0.000127	0.999894	0.098526	
1137	0.999792	0.000114	1.933105	-0.000114	0.999792	0.153214	
1138	0.999839	0.000166	1.819702	-0.000166	0.999839	0.246780	
1139	0.999847	0.000153	2.887390	-0.000153	0.999847	0.191376	
1140	0.999875	-0.000027	1.101196	0.000027	0.999875	0.036621	
1141	0.999856	-0.000039	1.119141	0.000039	0.999856	0.085236	
1142	0.999913	-0.000024	0.871521	0.000024	0.999913	0.059296	
1143	0.999783	-0.000034	1.533386	0.000034	0.999783	0.147858	
1144	0.999906	-0.000014	0.658630	0.000014	0.999906	0.072571	
1145	0.999891	-0.000032	0.731689	0.000032	0.999891	0.032654	
1146	0.999943	-0.000044	0.564026	0.000044	0.999943	0.000610	
1147	0.999927	-0.000019	1.093872	0.000019	0.999927	-0.033768	
1148	1.000235	-0.000053	0.366638	0.000053	1.000235	-0.237640	
1149	1.001215	-0.000029	-0.295654	0.000029	1.001215	-0.780319	
1150	1.002245	0.000079	-0.783508	-0.000079	1.002245	-0.892822	
1151	1.007184	0.000008	-3.042847	-0.000008	1.007184	-2.729706	
1152	1.004824	0.000064	-2.094299	-0.000064	1.004824	-1.909409	
1153	1.005380	0.000086	-2.077942	-0.000086	1.005380	-2.010101	
1154	1.005268	0.000088	-1.649780	-0.000088	1.005268	-2.030441	
1155	1.009766	0.000136	-1.994202	-0.000136	1.009766	-3.604904	
1156	1.004939	0.000079	-0.885712	-0.000079	1.004939	-1.948700	
1157	1.003866	0.000211	0.132996	-0.000211	1.003866	-1.380280	
1158	1.004147	0.000060	0.323608	-0.000060	1.004147	-1.486069	
1159	1.007098	0.000244	1.532684	-0.000244	1.007098	-2.704727	
1160	1.003502	0.000148	0.862488	-0.000148	1.003502	-1.217972	
1161	1.003500	0.000131	0.377808	-0.000131	1.003500	-1.290756	
1162	1.003705	-0.000003	-0.118530	0.000003	1.003705	-1.479538	
1163	1.012277	0.000186	-3.081573	-0.000186	1.012277	-4.529221	
1164	1.008698	0.000140	-2.673401	-0.000140	1.008698	-3.206467	
1165	1.009233	0.000110	-3.113342	-0.000110	1.009233	-3.575806	
1166	1.006676	0.000137	-1.345093	-0.000137	1.006676	-2.584549	
1167	1.006002	0.000293	2.005615	-0.000293	1.006002	-2.221863	
1168	1.002627	0.000069	1.222839	-0.000069	1.002627	-1.011810	
1169	1.000979	0.000147	1.709503	-0.000147	1.000979	-0.311050	
1170	1.000276	-0.000020	1.628601	0.000020	1.000276	-0.052460	
1171	1.000094	0.000037	1.975525	-0.000037	1.000094	0.007339	
1172	0.999988	-0.000016	0.501160	0.000016	0.999988	0.023056	
1173	1.000041	0.000055	0.242371	-0.000055	1.000041	0.062912	
1174	0.999911	-0.000052	0.271118	0.000052	0.999911	-0.000549	
1175	1.000079	0.000053	-0.358032	-0.000053	1.000079	0.045731	
1176	1.000027	0.000068	-0.298218	-0.000068	1.000027	0.034012	
1177	1.000099	0.000068	-0.549011	-0.000068	1.000099	0.039337	
1178	1.000122	0.000027	-0.721252	-0.000027	1.000122	0.007080	
1179	1.000223	-0.000315	-2.725769	0.000315	1.000223	-0.160965	
1180	1.000202	-0.000227	-3.138611	0.000227	1.000202	-0.132309	
1181	1.000516	-0.000414	-4.466125	0.000414	1.000516	-0.353195	
1182	1.001122	-0.000379	-5.649872	0.000379	1.001122	-0.547897	
1183	1.001509	-0.000615	-11.626038	0.000615	1.001509	-0.836700	
1184	1.000780	-0.000313	-6.304138	0.000313	1.000780	-0.353958	
1185	1.001468	-0.000447	-7.026703	0.000447	1.001468	-0.636078	
1186	1.001902	-0.000533	-7.847900	0.000533	1.001902	-0.877701	
1187	1.008987	-0.001469	-20.549591	0.001469	1.008987	-3.815063	
1188	1.004162	-0.000546	-11.023285	0.000546	1.004162	-1.627182	
1189	1.005330	-0.000555	-12.127289	0.000555	1.005330	-2.098373	
1190	1.004332	-0.000547	-11.923676	0.000547	1.004332	-1.798996	
1191	1.011056	-0.001685	-25.971375	0.001685	1.011056	-4.398453	
1192	1.005870	-0.000819	-13.691956	0.000819	1.005870	-2.505112	
1193	1.006006	-0.000539	-14.230713	0.000539	1.006006	-2.319290	
1194	1.005641	-0.000488	-13.272675	0.000488	1.005641	-2.147827	
1195	1.006258	-0.001268	-22.776123	0.001268	1.006258	-2.558289	
1196	1.003946	-0.000577	-12.100311	0.000577	1.003946	-1.824722	
1197	1.004642	-0.000459	-12.287109	0.000459	1.004642	-1.811310	
1198	1.006352	-0.000693	-13.252289	0.000693	1.006352	-2.497528	
1199	1.013378	-0.001159	-26.989807	0.001159	1.013378	-5.369461	
1200	1.004904	-0.000434	-13.156250	0.000434	1.004904	-1.972656	
1201	1.002370	-0.000742	-11.495819	0.000742	1.002370	-1.026337	
1202	1.001889	-0.000457	-11.690460	0.000457	1.001889	-0.620224	
