0	1.000000	0.000000	0.000000	0.000000	1.000000	0.000000	
1	0.988519	-0.000344	11.013672	0.000344	0.988519	7.418732	
2	0.989592	0.000056	10.184937	-0.000056	0.989592	5.926758	
3	0.988862	0.000177	11.302795	-0.000177	0.988862	6.278961	
4	0.987181	-0.000072	12.742920	0.000072	0.987181	7.142822	
5	0.992043	0.001297	6.904053	-0.001297	0.992043	5.461761	
6	0.987714	0.002740	10.377441	-0.002740	0.987714	8.436035	
7	0.987714	0.002740	10.377441	-0.002740	0.987714	8.436035	
8	0.989008	0.000119	10.259644	-0.000119	0.989008	5.959351	
9	0.990964	0.000153	7.717590	-0.000153	0.990964	4.106873	
10	0.990964	0.000153	7.717590	-0.000153	0.990964	4.106873	
11	0.990964	0.000153	7.717590	-0.000153	0.990964	4.106873	
12	0.989569	0.000100	9.448242	-0.000100	0.989569	5.320740	
13	0.989985	-0.000391	8.697327	0.000391	0.989985	4.005249	
14	0.989975	0.000668	7.424622	-0.000668	0.989975	5.178345	
15	0.982694	0.000170	14.202942	-0.000170	0.982694	8.837494	
16	0.991551	-0.000190	7.819641	0.000190	0.991551	4.590057	
17	0.991340	-0.000354	7.856323	0.000354	0.991340	4.838074	
18	0.993051	-0.001339	6.690125	0.001339	0.993051	2.938171	
19	0.993051	-0.001339	6.690125	0.001339	0.993051	2.938171	
20	0.993959	-0.000572	5.418274	0.000572	0.993959	2.805725	
21	0.993130	-0.000233	6.041626	0.000233	0.993130	3.387451	
22	0.991317	0.000353	7.125793	-0.000353	0.991317	5.238586	
23	0.991317	0.000353	7.125793	-0.000353	0.991317	5.238586	
24	0.991317	0.000353	7.125793	-0.000353	0.991317	5.238586	
25	0.993761	-0.000152	5.323669	0.000152	0.993761	3.277466	
26	0.994190	0.000473	4.621399	-0.000473	0.994190	3.882935	
27	0.994190	0.000473	4.621399	-0.000473	0.994190	3.882935	
28	0.994190	0.000473	4.621399	-0.000473	0.994190	3.882935	
29	0.994786	-0.000184	4.019287	0.000184	0.994786	2.860535	
30	0.994786	-0.000184	4.019287	0.000184	0.994786	2.860535	
31	0.990128	-0.000724	8.629456	0.000724	0.990128	5.372528	
32	0.995723	-0.000445	3.744507	0.000445	0.995723	2.357361	
33	0.994952	-0.000739	4.634766	0.000739	0.994952	2.362854	
34	0.996036	-0.001014	3.945557	0.001014	0.996036	1.634094	
35	0.990970	-0.000927	8.323242	0.000927	0.990970	3.997620	
36	0.995734	-0.000051	3.981262	0.000051	0.995734	2.297241	
37	0.996649	0.000382	2.893799	-0.000382	0.996649	2.346619	
38	0.996506	0.000045	3.087036	-0.000045	0.996506	2.035156	
39	0.996506	0.000045	3.087036	-0.000045	0.996506	2.035156	
40	0.996148	0.000210	3.338928	-0.000210	0.996148	2.635437	
41	0.996338	-0.000315	3.686218	0.000315	0.996338	1.623413	
42	0.996663	-0.000159	3.400635	0.000159	0.996663	1.616333	
43	0.995384	0.001537	4.102600	-0.001537	0.995384	3.603424	
44	0.997994	-0.000058	2.066040	0.000058	0.997994	0.779785	
45	0.997903	-0.000091	1.985840	0.000091	0.997903	0.611938	
46	0.998271	-0.000655	1.577332	0.000655	0.998271	-0.302490	
47	1.016072	-0.001261	-14.426331	0.001261	1.016072	-9.410400	
48	1.002578	0.002282	-4.273315	-0.002282	1.002578	0.364258	
49	0.999593	0.000046	-0.555054	-0.000046	0.999593	-0.714050	
50	1.001903	-0.000377	-2.289917	0.000377	1.001903	-1.831543	
51	1.000394	0.000023	-0.961304	-0.000023	1.000394	-2.019073	
52	1.000734	-0.000407	-0.735413	0.000407	1.000734	-2.113220	
53	1.002027	0.000358	-2.168030	-0.000358	1.002027	-1.917236	
54	1.001895	-0.000234	-1.687622	0.000234	1.001895	-2.728821	
55	1.005219	-0.000434	-4.721558	0.000434	1.005219	-6.009674	
56	1.002795	0.000048	-2.606567	-0.000048	1.002795	-2.889221	
57	1.003293	0.000081	-2.944946	-0.000081	1.003293	-3.145264	
58	1.003486	0.000178	-3.156372	-0.000178	1.003486	-2.966187	
59	1.006619	0.000085	-5.850159	-0.000085	1.006619	-6.097931	
60	1.003610	0.000206	-3.245483	-0.000206	1.003610	-2.614807	
61	1.003776	0.000008	-3.353333	-0.000008	1.003776	-2.804199	
62	1.004527	-0.000177	-4.009827	0.000177	1.004527	-3.317963	
63	1.008103	-0.000030	-7.031433	0.000030	1.008103	-6.160553	
64	1.008103	-0.000030	-7.031433	0.000030	1.008103	-6.160553	
65	1.005434	-0.000038	-5.011475	0.000038	1.005434	-3.422211	
66	1.005378	-0.000485	-4.758057	0.000485	1.005378	-3.731323	
67	1.011138	0.000950	-10.818298	-0.000950	1.011138	-5.776367	
68	1.011138	0.000950	-10.818298	-0.000950	1.011138	-5.776367	
69	1.006197	0.000060	-5.803772	-0.000060	1.006197	-3.478210	
70	1.006271	-0.000278	-5.858154	0.000278	1.006271	-3.898132	
71	1.013357	-0.003251	-11.851807	0.003251	1.013357	-10.560699	
72	1.014085	0.004136	-14.799561	-0.004136	1.014085	-2.907166	
73	1.006440	0.000066	-5.898254	-0.000066	1.006440	-2.880402	
74	1.009860	-0.000074	-8.154907	0.000074	1.009860	-3.885437	
75	1.009860	-0.000074	-8.154907	0.000074	1.009860	-3.885437	
76	1.010185	0.000739	-10.461670	-0.000739	1.010185	-3.124878	
77	1.009601	-0.007959	-5.912292	0.007959	1.009601	-10.621033	
78	1.004445	0.000148	-4.722412	-0.000148	1.004445	-1.298035	
79	1.004445	0.000148	-4.722412	-0.000148	1.004445	-1.298035	
80	1.006516	0.000254	-6.501038	-0.000254	1.006516	-2.366089	
81	1.006516	0.000254	-6.501038	-0.000254	1.006516	-2.366089	
82	1.006516	0.000254	-6.501038	-0.000254	1.006516	-2.366089	
83	1.006516	0.000254	-6.501038	-0.000254	1.006516	-2.366089	
84	1.006516	0.000254	-6.501038	-0.000254	1.006516	-2.366089	
85	1.006516	0.000254	-6.501038	-0.000254	1.006516	-2.366089	
86	1.006516	0.000254	-6.501038	-0.000254	1.006516	-2.366089	
87	1.006516	0.000254	-6.501038	-0.000254	1.006516	-2.366089	
88	1.006516	0.000254	-6.501038	-0.000254	1.006516	-2.366089	
89	1.006516	0.000254	-6.501038	-0.000254	1.006516	-2.366089	
90	1.006516	0.000254	-6.501038	-0.000254	1.006516	-2.366089	
91	1.006516	0.000254	-6.501038	-0.000254	1.006516	-2.366089	
92	1.005610	0.000122	-5.823486	-0.000122	1.005610	-0.492615	
93	1.005610	0.000122	-5.823486	-0.000122	1.005610	-0.492615	
94	1.005610	0.000122	-5.823486	-0.000122	1.005610	-0.492615	
95	1.005610	0.000122	-5.823486	-0.000122	1.005610	-0.492615	
96	1.005144	-0.001174	-4.580139	0.001174	1.005144	-1.572174	
97	1.005144	-0.001174	-4.580139	0.001174	1.005144	-1.572174	
98	1.007288	0.002273	-8.289612	-0.002273	1.007288	0.406738	
99	1.007288	0.002273	-8.289612	-0.002273	1.007288	0.406738	
100	1.005427	0.000089	-5.994507	-0.000089	1.005427	-0.186005	
101	1.005427	0.000089	-5.994507	-0.000089	1.005427	-0.186005	
102	0.999492	-0.003549	0.512024	0.003549	0.999492	0.165710	
103	0.999492	-0.003549	0.512024	0.003549	0.999492	0.165710	
104	0.999492	-0.003549	0.512024	0.003549	0.999492	0.165710	
105	0.999492	-0.003549	0.512024	0.003549	0.999492	0.165710	
106	0.999492	-0.003549	0.512024	0.003549	0.999492	0.165710	
107	0.999492	-0.003549	0.512024	0.003549	0.999492	0.165710	
108	0.998151	-0.000503	0.655090	0.000503	0.998151	3.305786	
109	0.998151	-0.000503	0.655090	0.000503	0.998151	3.305786	
110	0.997240	0.000242	2.190063	-0.000242	0.997240	3.558655	
111	0.997240	0.000242	2.190063	-0.000242	0.997240	3.558655	
112	0.997240	0.000242	2.190063	-0.000242	0.997240	3.558655	
113	0.997240	0.000242	2.190063	-0.000242	0.997240	3.558655	
114	0.997240	0.000242	2.190063	-0.000242	0.997240	3.558655	
115	0.997240	0.000242	2.190063	-0.000242	0.997240	3.558655	
116	0.997240	0.000242	2.190063	-0.000242	0.997240	3.558655	
117	0.997240	0.000242	2.190063	-0.000242	0.997240	3.558655	
118	0.997240	0.000242	2.190063	-0.000242	0.997240	3.558655	
119	0.997240	0.000242	2.190063	-0.000242	0.997240	3.558655	
120	0.997240	0.000242	2.190063	-0.000242	0.997240	3.558655	
121	0.997240	0.000242	2.190063	-0.000242	0.997240	3.558655	
122	0.997240	0.000242	2.190063	-0.000242	0.997240	3.558655	
123	0.997240	0.000242	2.190063	-0.000242	0.997240	3.558655	
124	0.997240	0.000242	2.190063	-0.000242	0.997240	3.558655	
125	0.997240	0.000242	2.190063	-0.000242	0.997240	3.558655	
126	0.997240	0.000242	2.190063	-0.000242	0.997240	3.558655	
127	0.997240	0.000242	2.190063	-0.000242	0.997240	3.558655	
128	0.993016	0.000375	7.090271	-0.000375	0.993016	2.448486	
129	0.993695	0.000088	6.108093	-0.000088	0.993695	2.727753	
130	0.993695	0.000088	6.108093	-0.000088	0.993695	2.727753	
131	0.993695	0.000088	6.108093	-0.000088	0.993695	2.727753	
132	0.993813	-0.000041	5.499207	0.000041	0.993813	1.384857	
133	0.993813	-0.000041	5.499207	0.000041	0.993813	1.384857	
134	0.993813	-0.000041	5.499207	0.000041	0.993813	1.384857	
135	0.993813	-0.000041	5.499207	0.000041	0.993813	1.384857	
136	0.993813	-0.000041	5.499207	0.000041	0.993813	1.384857	
137	0.993813	-0.000041	5.499207	0.000041	0.993813	1.384857	
138	0.993813	-0.000041	5.499207	0.000041	0.993813	1.384857	
139	0.985920	-0.000688	12.654480	0.000688	0.985920	2.719452	
140	0.993194	-0.000064	6.156433	0.000064	0.993194	2.315369	
141	0.993194	-0.000064	6.156433	0.000064	0.993194	2.315369	
142	0.993194	-0.000064	6.156433	0.000064	0.993194	2.315369	
143	0.993194	-0.000064	6.156433	0.000064	0.993194	2.315369	
144	0.993872	-0.000150	6.166443	0.000150	0.993872	1.297455	
145	0.993872	-0.000150	6.166443	0.000150	0.993872	1.297455	
146	0.993811	-0.002805	7.085205	0.002805	0.993811	-1.113617	
147	0.993811	-0.002805	7.085205	0.002805	0.993811	-1.113617	
148	0.993811	-0.002805	7.085205	0.002805	0.993811	-1.113617	
149	0.995549	-0.000451	4.267517	0.000451	0.995549	-0.049316	
150	0.994437	-0.000160	5.094849	0.000160	0.994437	0.702393	
151	0.994437	-0.000160	5.094849	0.000160	0.994437	0.702393	
152	0.995545	-0.000308	4.102295	0.000308	0.995545	-0.074524	
153	0.996239	-0.001178	4.049927	0.001178	0.996239	-1.082397	
154	0.997627	-0.000121	2.399536	0.000121	0.997627	-0.437714	
155	0.991071	-0.000823	8.436401	0.000823	0.991071	0.485474	
156	0.996616	-0.002007	3.572815	0.002007	0.996616	-1.381378	
157	0.996616	-0.002007	3.572815	0.002007	0.996616	-1.381378	
158	0.996781	-0.000154	2.819885	0.000154	0.996781	0.313477	
159	0.996781	-0.000154	2.819885	0.000154	0.996781	0.313477	
160	0.999391	-0.007051	3.304382	0.007051	0.999391	-6.386719	
161	0.999391	-0.007051	3.304382	0.007051	0.999391	-6.386719	
162	0.999391	-0.007051	3.304382	0.007051	0.999391	-6.386719	
163	0.999391	-0.007051	3.304382	0.007051	0.999391	-6.386719	
164	0.993915	0.003130	5.647034	-0.003130	0.993915	5.712646	
165	0.991999	0.003076	5.922729	-0.003076	0.991999	5.814697	
166	0.990965	0.002192	6.937378	-0.002192	0.990965	6.120850	
167	0.994346	-0.000243	5.271301	0.000243	0.994346	2.912354	
168	0.997894	-0.000014	1.965576	0.000014	0.997894	1.259247	
169	0.998333	0.003114	0.616516	-0.003114	0.998333	4.333496	
170	0.997607	0.000234	2.659058	-0.000234	0.997607	1.146667	
171	0.998796	0.000119	1.691345	-0.000119	0.998796	-0.079895	
172	0.998796	0.000119	1.691345	-0.000119	0.998796	-0.079895	
173	0.997508	0.000422	1.783447	-0.000422	0.997508	0.800903	
174	0.999270	-0.000478	0.519897	0.000478	0.999270	-1.191559	
175	0.999270	-0.000478	0.519897	0.000478	0.999270	-1.191559	
176	0.997484	0.002643	0.218872	-0.002643	0.997484	3.200562	
177	0.997484	0.002643	0.218872	-0.002643	0.997484	3.200562	
178	1.001859	0.000839	-3.069092	-0.000839	1.001859	-0.800598	
179	1.001859	0.000839	-3.069092	-0.000839	1.001859	-0.800598	
180	1.001686	0.000376	-2.580444	-0.000376	1.001686	-1.658661	
181	1.002114	0.000383	-2.920227	-0.000383	1.002114	-1.744843	
182	1.002114	0.000383	-2.920227	-0.000383	1.002114	-1.744843	
183	1.002114	0.000383	-2.920227	-0.000383	1.002114	-1.744843	
184	1.002114	0.000383	-2.920227	-0.000383	1.002114	-1.744843	
185	1.002990	-0.000323	-3.530823	0.000323	1.002990	-2.477478	
186	1.003741	-0.000109	-4.190674	0.000109	1.003741	-2.624420	
187	1.007149	-0.000094	-8.168823	0.000094	1.007149	-4.670807	
188	1.007149	-0.000094	-8.168823	0.000094	1.007149	-4.670807	
189	1.007149	-0.000094	-8.168823	0.000094	1.007149	-4.670807	
190	1.007149	-0.000094	-8.168823	0.000094	1.007149	-4.670807	
191	1.008419	-0.000100	-8.354309	0.000100	1.008419	-5.140961	
192	1.008419	-0.000100	-8.354309	0.000100	1.008419	-5.140961	
193	1.008419	-0.000100	-8.354309	0.000100	1.008419	-5.140961	
194	1.008419	-0.000100	-8.354309	0.000100	1.008419	-5.140961	
195	1.008419	-0.000100	-8.354309	0.000100	1.008419	-5.140961	
196	1.008419	-0.000100	-8.354309	0.000100	1.008419	-5.140961	
197	1.008419	-0.000100	-8.354309	0.000100	1.008419	-5.140961	
198	1.020984	0.002696	-21.479309	-0.002696	1.020984	-8.075989	
199	1.020984	0.002696	-21.479309	-0.002696	1.020984	-8.075989	
200	1.020984	0.002696	-21.479309	-0.002696	1.020984	-8.075989	
201	1.020984	0.002696	-21.479309	-0.002696	1.020984	-8.075989	
202	1.020984	0.002696	-21.479309	-0.002696	1.020984	-8.075989	
203	1.020984	0.002696	-21.479309	-0.002696	1.020984	-8.075989	
204	1.009001	-0.005977	-1.561401	0.005977	1.009001	-17.332520	
205	1.009001	-0.005977	-1.561401	0.005977	1.009001	-17.332520	
206	1.009001	-0.005977	-1.561401	0.005977	1.009001	-17.332520	
207	1.009001	-0.005977	-1.561401	0.005977	1.009001	-17.332520	
208	1.009001	-0.005977	-1.561401	0.005977	1.009001	-17.332520	
209	1.009001	-0.005977	-1.561401	0.005977	1.009001	-17.332520	
210	1.009001	-0.005977	-1.561401	0.005977	1.009001	-17.332520	
211	1.012695	-0.000996	-22.769043	0.000996	1.012695	-7.115936	
212	1.004982	-0.001656	-12.068970	0.001656	1.004982	-2.810577	
213	1.004982	-0.001656	-12.068970	0.001656	1.004982	-2.810577	
214	1.004982	-0.001656	-12.068970	0.001656	1.004982	-2.810577	
215	1.004982	-0.001656	-12.068970	0.001656	1.004982	-2.810577	
216	1.004982	-0.001656	-12.068970	0.001656	1.004982	-2.810577	
217	1.004982	-0.001656	-12.068970	0.001656	1.004982	-2.810577	
218	1.004982	-0.001656	-12.068970	0.001656	1.004982	-2.810577	
219	1.004982	-0.001656	-12.068970	0.001656	1.004982	-2.810577	
220	1.004982	-0.001656	-12.068970	0.001656	1.004982	-2.810577	
221	1.004982	-0.001656	-12.068970	0.001656	1.004982	-2.810577	
222	1.004982	-0.001656	-12.068970	0.001656	1.004982	-2.810577	
223	1.004982	-0.001656	-12.068970	0.001656	1.004982	-2.810577	
224	1.004982	-0.001656	-12.068970	0.001656	1.004982	-2.810577	
225	1.004982	-0.001656	-12.068970	0.001656	1.004982	-2.810577	
226	1.004982	-0.001656	-12.068970	0.001656	1.004982	-2.810577	
227	1.004982	-0.001656	-12.068970	0.001656	1.004982	-2.810577	
228	1.003631	-0.001487	-14.548828	0.001487	1.003631	-2.110657	
229	1.003340	0.002143	-15.638550	-0.002143	1.003340	0.814209	
230	1.009493	0.018916	-27.558350	-0.018916	1.009493	1.532227	
231	1.009493	0.018916	-27.558350	-0.018916	1.009493	1.532227	
232	1.009493	0.018916	-27.558350	-0.018916	1.009493	1.532227	
233	1.009493	0.018916	-27.558350	-0.018916	1.009493	1.532227	
234	1.009493	0.018916	-27.558350	-0.018916	1.009493	1.532227	
235	1.009493	0.018916	-27.558350	-0.018916	1.009493	1.532227	
236	1.009493	0.018916	-27.558350	-0.018916	1.009493	1.532227	
237	1.006614	-0.003746	-5.197601	0.003746	1.006614	-4.235474	
238	1.002511	0.000141	-5.564087	-0.000141	1.002511	-1.112610	
239	1.002511	0.000141	-5.564087	-0.000141	1.002511	-1.112610	
240	1.004100	0.004509	-10.657837	-0.004509	1.004100	0.912537	
241	1.005050	0.002098	-6.814819	-0.002098	1.005050	-1.872467	
242	1.005050	0.002098	-6.814819	-0.002098	1.005050	-1.872467	
243	0.994187	-0.001865	4.265076	0.001865	0.994187	1.105225	
244	0.996094	-0.001883	4.693237	0.001883	0.996094	0.910431	
245	0.994973	-0.001054	4.584778	0.001054	0.994973	1.910004	
246	0.997224	0.000914	2.657410	-0.000914	0.997224	2.055481	
247	0.989146	-0.001625	9.982178	0.001625	0.989146	4.098419	
248	0.995542	0.000029	4.040222	-0.000029	0.995542	1.668518	
249	0.994709	-0.000761	4.570862	0.000761	0.994709	1.652435	
250	0.994709	-0.000761	4.570862	0.000761	0.994709	1.652435	
251	0.986527	-0.001092	9.339355	0.001092	0.986527	5.477417	
252	0.990574	-0.002158	13.668762	0.002158	0.990574	3.598083	
253	0.993316	-0.000311	6.690674	0.000311	0.993316	2.788696	
254	0.989046	0.000136	14.496277	-0.000136	0.989046	4.813293	
255	0.989865	-0.000005	13.232788	0.000005	0.989865	6.209656	
256	0.987595	0.002130	11.114380	-0.002130	0.987595	8.488586	
257	0.993661	-0.000191	6.471130	0.000191	0.993661	2.910522	
258	0.990743	0.000416	9.698059	-0.000416	0.990743	5.051758	
259	0.985950	0.001172	12.542358	-0.001172	0.985950	6.884460	
260	0.991836	0.001681	9.345459	-0.001681	0.991836	5.412170	
261	0.993703	0.000172	5.188965	-0.000172	0.993703	2.865082	
262	0.993703	0.000172	5.188965	-0.000172	0.993703	2.865082	
263	0.993703	0.000172	5.188965	-0.000172	0.993703	2.865082	
264	0.995659	0.002037	2.912903	-0.002037	0.995659	2.866364	
265	0.995903	0.000572	2.493103	-0.000572	0.995903	1.306763	
266	0.995711	0.000527	1.347473	-0.000527	0.995711	2.146027	
267	0.994785	0.001286	-1.910645	-0.001286	0.994785	2.950073	
268	0.997242	0.000732	-0.528625	-0.000732	0.997242	1.112061	
269	0.995642	0.000283	4.134460	-0.000283	0.995642	-0.130859	
270	0.994844	0.000174	7.061646	-0.000174	0.994844	1.333923	
271	0.988561	0.002560	14.358582	-0.002560	0.988561	6.911926	
272	0.991046	-0.003942	10.008911	0.003942	0.991046	2.736572	
273	0.995290	0.002771	4.161865	-0.002771	0.995290	3.104279	
274	0.991908	-0.003043	8.340515	0.003043	0.991908	2.379333	
275	0.990509	0.003285	15.212036	-0.003285	0.990509	4.719604	
276	0.996018	-0.004301	9.825073	0.004301	0.996018	-2.285339	
277	0.995294	0.001678	7.804565	-0.001678	0.995294	1.606628	
278	0.999067	0.001339	5.246765	-0.001339	0.999067	0.095490	
279	0.992328	0.003047	13.076843	-0.003047	0.992328	2.020142	
280	0.997034	0.005445	4.218384	-0.005445	0.997034	2.232330	
281	0.996332	0.000086	6.472778	-0.000086	0.996332	-0.854645	
282	0.994909	-0.001677	8.921326	0.001677	0.994909	-1.280212	
283	0.996162	0.003461	8.805054	-0.003461	0.996162	-0.126251	
284	0.998247	-0.001733	4.511353	0.001733	0.998247	-2.013092	
285	1.001509	0.003256	0.207275	-0.003256	1.001509	0.263092	
286	0.999503	-0.000318	2.969788	0.000318	0.999503	-1.093628	
287	0.999503	-0.000318	2.969788	0.000318	0.999503	-1.093628	
288	0.998592	-0.000113	4.320862	0.000113	0.998592	0.047394	
289	0.999248	0.002621	2.158325	-0.002621	0.999248	1.183228	
290	0.997607	0.001411	3.338745	-0.001411	0.997607	1.603149	
291	0.997607	0.001411	3.338745	-0.001411	0.997607	1.603149	
292	0.997607	0.001411	3.338745	-0.001411	0.997607	1.603149	
293	0.997607	0.001411	3.338745	-0.001411	0.997607	1.603149	
294	0.997607	0.001411	3.338745	-0.001411	0.997607	1.603149	
295	0.997607	0.001411	3.338745	-0.001411	0.997607	1.603149	
296	1.003414	0.001277	-0.797668	-0.001277	1.003414	-0.597870	
297	1.002587	0.001269	0.283447	-0.001269	1.002587	-0.184845	
298	1.002587	0.001269	0.283447	-0.001269	1.002587	-0.184845	
299	1.002587	0.001269	0.283447	-0.001269	1.002587	-0.184845	
300	1.002587	0.001269	0.283447	-0.001269	1.002587	-0.184845	
301	0.996306	0.000607	6.299561	-0.000607	0.996306	2.504608	
302	0.996306	0.000607	6.299561	-0.000607	0.996306	2.504608	
303	0.996306	0.000607	6.299561	-0.000607	0.996306	2.504608	
304	0.996306	0.000607	6.299561	-0.000607	0.996306	2.504608	
305	0.996306	0.000607	6.299561	-0.000607	0.996306	2.504608	
306	0.996306	0.000607	6.299561	-0.000607	0.996306	2.504608	
307	0.996306	0.000607	6.299561	-0.000607	0.996306	2.504608	
308	0.996306	0.000607	6.299561	-0.000607	0.996306	2.504608	
309	0.996306	0.000607	6.299561	-0.000607	0.996306	2.504608	
310	1.004743	0.001305	-0.044922	-0.001305	1.004743	-1.695435	
311	1.004743	0.001305	-0.044922	-0.001305	1.004743	-1.695435	
312	1.000471	-0.000655	1.260742	0.000655	1.000471	-1.356873	
313	0.999053	0.001784	3.865479	-0.001784	0.999053	1.108856	
314	0.999867	0.000707	3.984192	-0.000707	0.999867	-0.089020	
315	0.999867	0.000707	3.984192	-0.000707	0.999867	-0.089020	
316	0.996948	-0.005880	10.932800	0.005880	0.996948	-3.330383	
317	0.999152	-0.003241	7.870728	0.003241	0.999152	-2.355652	
318	1.009126	0.000823	-4.766663	-0.000823	1.009126	-4.180786	
319	1.009126	0.000823	-4.766663	-0.000823	1.009126	-4.180786	
320	0.999568	0.001687	4.609802	-0.001687	0.999568	1.206512	
321	0.991636	0.001896	10.102295	-0.001896	0.991636	4.318146	
322	0.999169	0.000249	1.614563	-0.000249	0.999169	-0.017639	
323	0.999169	0.000249	1.614563	-0.000249	0.999169	-0.017639	
324	0.996795	-0.012440	10.724915	0.012440	0.996795	-5.977966	
325	0.996532	-0.011552	10.632690	0.011552	0.996532	-4.462708	
326	1.005954	-0.002706	-0.286682	0.002706	1.005954	-6.077698	
327	1.005954	-0.002706	-0.286682	0.002706	1.005954	-6.077698	
328	1.005954	-0.002706	-0.286682	0.002706	1.005954	-6.077698	
329	1.005954	-0.002706	-0.286682	0.002706	1.005954	-6.077698	
330	1.005954	-0.002706	-0.286682	0.002706	1.005954	-6.077698	
331	0.996309	0.004331	15.298401	-0.004331	0.996309	5.060516	
332	0.996309	0.004331	15.298401	-0.004331	0.996309	5.060516	
333	0.996309	0.004331	15.298401	-0.004331	0.996309	5.060516	
334	0.996309	0.004331	15.298401	-0.004331	0.996309	5.060516	
335	0.996309	0.004331	15.298401	-0.004331	0.996309	5.060516	
336	0.996333	-0.005959	11.183960	0.005959	0.996333	-3.282715	
337	0.996333	-0.005959	11.183960	0.005959	0.996333	-3.282715	
338	0.997766	0.001608	6.436218	-0.001608	0.997766	3.622986	
339	0.997766	0.001608	6.436218	-0.001608	0.997766	3.622986	
340	0.998710	-0.004746	8.490417	0.004746	0.998710	-3.662598	
341	0.998710	-0.004746	8.490417	0.004746	0.998710	-3.662598	
342	0.998138	0.000227	9.560486	-0.000227	0.998138	0.241943	
343	0.998138	0.000227	9.560486	-0.000227	0.998138	0.241943	
344	1.000449	-0.006562	13.222412	0.006562	1.000449	-7.067963	
345	1.000070	0.001647	11.621521	-0.001647	1.000070	0.346802	
346	1.000070	0.001647	11.621521	-0.001647	1.000070	0.346802	
347	1.000070	0.001647	11.621521	-0.001647	1.000070	0.346802	
348	1.000070	0.001647	11.621521	-0.001647	1.000070	0.346802	
349	1.000070	0.001647	11.621521	-0.001647	1.000070	0.346802	
350	1.000070	0.001647	11.621521	-0.001647	1.000070	0.346802	
351	1.000070	0.001647	11.621521	-0.001647	1.000070	0.346802	
352	1.005858	-0.008644	8.139221	0.008644	1.005858	-11.716003	
353	1.003477	-0.003167	7.814026	0.003167	1.003477	-4.761047	
354	1.003477	-0.003167	7.814026	0.003167	1.003477	-4.761047	
355	1.003477	-0.003167	7.814026	0.003167	1.003477	-4.761047	
356	1.003477	-0.003167	7.814026	0.003167	1.003477	-4.761047	
357	1.004093	-0.000784	3.572876	0.000784	1.004093	-3.485138	
358	1.004093	-0.000784	3.572876	0.000784	1.004093	-3.485138	
359	1.007680	0.001532	5.485229	-0.001532	1.007680	-2.165070	
360	1.007680	0.001532	5.485229	-0.001532	1.007680	-2.165070	
361	1.004438	-0.002822	2.916504	0.002822	1.004438	-5.485535	
362	1.004438	-0.002822	2.916504	0.002822	1.004438	-5.485535	
363	1.004438	-0.002822	2.916504	0.002822	1.004438	-5.485535	
364	1.007536	0.001771	-2.388916	-0.001771	1.007536	-0.884216	
365	1.003773	0.004631	-0.736572	-0.004631	1.003773	5.999054	
366	1.003773	0.004631	-0.736572	-0.004631	1.003773	5.999054	
367	1.003773	0.004631	-0.736572	-0.004631	1.003773	5.999054	
368	1.008283	-0.001912	-5.363037	0.001912	1.008283	-7.408997	
369	1.005178	-0.001384	-3.177368	0.001384	1.005178	-6.954865	
370	1.005178	-0.001384	-3.177368	0.001384	1.005178	-6.954865	
371	1.005178	-0.001384	-3.177368	0.001384	1.005178	-6.954865	
372	1.007364	0.000477	-6.629761	-0.000477	1.007364	-6.760712	
373	1.009088	-0.003382	-6.047485	0.003382	1.009088	-11.692261	
374	1.006942	-0.000094	-4.504395	0.000094	1.006942	-6.521027	
375	1.006942	-0.000094	-4.504395	0.000094	1.006942	-6.521027	
376	1.006942	-0.000094	-4.504395	0.000094	1.006942	-6.521027	
377	1.006942	-0.000094	-4.504395	0.000094	1.006942	-6.521027	
378	1.006942	-0.000094	-4.504395	0.000094	1.006942	-6.521027	
379	1.006942	-0.000094	-4.504395	0.000094	1.006942	-6.521027	
380	1.006942	-0.000094	-4.504395	0.000094	1.006942	-6.521027	
381	1.006942	-0.000094	-4.504395	0.000094	1.006942	-6.521027	
382	1.013015	-0.006462	-6.991943	0.006462	1.013015	-22.043884	
383	1.013015	-0.006462	-6.991943	0.006462	1.013015	-22.043884	
384	1.018796	0.005208	-20.490112	-0.005208	1.018796	-2.225281	
385	1.018796	0.005208	-20.490112	-0.005208	1.018796	-2.225281	
386	1.018796	0.005208	-20.490112	-0.005208	1.018796	-2.225281	
387	1.018796	0.005208	-20.490112	-0.005208	1.018796	-2.225281	
388	1.001442	-0.001883	-9.032715	0.001883	1.001442	-4.062164	
389	1.001442	-0.001883	-9.032715	0.001883	1.001442	-4.062164	
390	1.001442	-0.001883	-9.032715	0.001883	1.001442	-4.062164	
391	1.001442	-0.001883	-9.032715	0.001883	1.001442	-4.062164	
392	1.001442	-0.001883	-9.032715	0.001883	1.001442	-4.062164	
393	1.001442	-0.001883	-9.032715	0.001883	1.001442	-4.062164	
394	0.998384	-0.004440	-6.937622	0.004440	0.998384	-6.293243	
395	0.998384	-0.004440	-6.937622	0.004440	0.998384	-6.293243	
396	0.998384	-0.004440	-6.937622	0.004440	0.998384	-6.293243	
397	0.998384	-0.004440	-6.937622	0.004440	0.998384	-6.293243	
398	0.998384	-0.004440	-6.937622	0.004440	0.998384	-6.293243	
399	0.998384	-0.004440	-6.937622	0.004440	0.998384	-6.293243	
400	0.998384	-0.004440	-6.937622	0.004440	0.998384	-6.293243	
401	0.998384	-0.004440	-6.937622	0.004440	0.998384	-6.293243	
402	0.998384	-0.004440	-6.937622	0.004440	0.998384	-6.293243	
403	0.998384	-0.004440	-6.937622	0.004440	0.998384	-6.293243	
404	0.998384	-0.004440	-6.937622	0.004440	0.998384	-6.293243	
405	0.998384	-0.004440	-6.937622	0.004440	0.998384	-6.293243	
406	0.998384	-0.004440	-6.937622	0.004440	0.998384	-6.293243	
407	0.998384	-0.004440	-6.937622	0.004440	0.998384	-6.293243	
408	0.998384	-0.004440	-6.937622	0.004440	0.998384	-6.293243	
409	0.998384	-0.004440	-6.937622	0.004440	0.998384	-6.293243	
410	0.998384	-0.004440	-6.937622	0.004440	0.998384	-6.293243	
411	0.998384	-0.004440	-6.937622	0.004440	0.998384	-6.293243	
412	0.998384	-0.004440	-6.937622	0.004440	0.998384	-6.293243	
413	0.998384	-0.004440	-6.937622	0.004440	0.998384	-6.293243	
414	0.998384	-0.004440	-6.937622	0.004440	0.998384	-6.293243	
415	0.998384	-0.004440	-6.937622	0.004440	0.998384	-6.293243	
416	0.998384	-0.004440	-6.937622	0.004440	0.998384	-6.293243	
417	0.998384	-0.004440	-6.937622	0.004440	0.998384	-6.293243	
418	0.998384	-0.004440	-6.937622	0.004440	0.998384	-6.293243	
419	0.998384	-0.004440	-6.937622	0.004440	0.998384	-6.293243	
420	0.998384	-0.004440	-6.937622	0.004440	0.998384	-6.293243	
421	1.006089	-0.001116	-7.833984	0.001116	1.006089	-0.621399	
422	1.002775	0.000778	-6.525299	-0.000778	1.002775	-0.177307	
423	1.002775	0.000778	-6.525299	-0.000778	1.002775	-0.177307	
424	1.002775	0.000778	-6.525299	-0.000778	1.002775	-0.177307	
425	1.002775	0.000778	-6.525299	-0.000778	1.002775	-0.177307	
426	1.002775	0.000778	-6.525299	-0.000778	1.002775	-0.177307	
427	1.002775	0.000778	-6.525299	-0.000778	1.002775	-0.177307	
428	1.002775	0.000778	-6.525299	-0.000778	1.002775	-0.177307	
429	1.002775	0.000778	-6.525299	-0.000778	1.002775	-0.177307	
430	1.002775	0.000778	-6.525299	-0.000778	1.002775	-0.177307	
431	1.002775	0.000778	-6.525299	-0.000778	1.002775	-0.177307	
432	1.002775	0.000778	-6.525299	-0.000778	1.002775	-0.177307	
433	1.002775	0.000778	-6.525299	-0.000778	1.002775	-0.177307	
434	1.002775	0.000778	-6.525299	-0.000778	1.002775	-0.177307	
435	1.002775	0.000778	-6.525299	-0.000778	1.002775	-0.177307	
436	1.002775	0.000778	-6.525299	-0.000778	1.002775	-0.177307	
437	1.002775	0.000778	-6.525299	-0.000778	1.002775	-0.177307	
438	1.002775	0.000778	-6.525299	-0.000778	1.002775	-0.177307	
439	1.002775	0.000778	-6.525299	-0.000778	1.002775	-0.177307	
440	1.002775	0.000778	-6.525299	-0.000778	1.002775	-0.177307	
441	1.002775	0.000778	-6.525299	-0.000778	1.002775	-0.177307	
442	1.002775	0.000778	-6.525299	-0.000778	1.002775	-0.177307	
443	1.002775	0.000778	-6.525299	-0.000778	1.002775	-0.177307	
444	1.002775	0.000778	-6.525299	-0.000778	1.002775	-0.177307	
445	1.002775	0.000778	-6.525299	-0.000778	1.002775	-0.177307	
446	1.002775	0.000778	-6.525299	-0.000778	1.002775	-0.177307	
447	1.002775	0.000778	-6.525299	-0.000778	1.002775	-0.177307	
448	0.990704	0.001779	4.760651	-0.001779	0.990704	7.108765	
449	0.990704	0.001779	4.760651	-0.001779	0.990704	7.108765	
450	0.990704	0.001779	4.760651	-0.001779	0.990704	7.108765	
451	0.990704	0.001779	4.760651	-0.001779	0.990704	7.108765	
452	0.992077	0.002417	4.471863	-0.002417	0.992077	3.879547	
453	0.991327	-0.001073	6.769104	0.001073	0.991327	2.604340	
454	0.992058	-0.000083	6.588196	0.000083	0.992058	3.408081	
455	0.992058	-0.000083	6.588196	0.000083	0.992058	3.408081	
456	0.992058	-0.000083	6.588196	0.000083	0.992058	3.408081	
457	0.992058	-0.000083	6.588196	0.000083	0.992058	3.408081	
458	0.992058	-0.000083	6.588196	0.000083	0.992058	3.408081	
459	0.992058	-0.000083	6.588196	0.000083	0.992058	3.408081	
460	0.992058	-0.000083	6.588196	0.000083	0.992058	3.408081	
461	0.992058	-0.000083	6.588196	0.000083	0.992058	3.408081	
462	0.992058	-0.000083	6.588196	0.000083	0.992058	3.408081	
463	0.992058	-0.000083	6.588196	0.000083	0.992058	3.408081	
464	0.992041	0.001388	5.601318	-0.001388	0.992041	3.717377	
465	0.992041	0.001388	5.601318	-0.001388	0.992041	3.717377	
466	0.992041	0.001388	5.601318	-0.001388	0.992041	3.717377	
467	0.988326	0.001332	5.884827	-0.001332	0.988326	5.124512	
468	0.988326	0.001332	5.884827	-0.001332	0.988326	5.124512	
469	0.988326	0.001332	5.884827	-0.001332	0.988326	5.124512	
470	0.988326	0.001332	5.884827	-0.001332	0.988326	5.124512	
471	0.988326	0.001332	5.884827	-0.001332	0.988326	5.124512	
472	0.995826	0.001376	6.612366	-0.001376	0.995826	2.234039	
473	0.995826	0.001376	6.612366	-0.001376	0.995826	2.234039	
474	0.990988	0.010665	0.232666	-0.010665	0.990988	15.342285	
475	0.990988	0.010665	0.232666	-0.010665	0.990988	15.342285	
476	0.991171	-0.002086	13.082825	0.002086	0.991171	1.817810	
477	0.990921	-0.000337	13.591309	0.000337	0.990921	2.763794	
478	0.986447	0.001193	14.839172	-0.001193	0.986447	5.239014	
479	0.986447	0.001193	14.839172	-0.001193	0.986447	5.239014	
480	0.986447	0.001193	14.839172	-0.001193	0.986447	5.239014	
481	0.994452	-0.002728	11.168701	0.002728	0.994452	0.277771	
482	0.994452	-0.002728	11.168701	0.002728	0.994452	0.277771	
483	0.994452	-0.002728	11.168701	0.002728	0.994452	0.277771	
484	1.000014	0.005928	-3.639648	-0.005928	1.000014	7.419403	
485	1.000014	0.005928	-3.639648	-0.005928	1.000014	7.419403	
486	1.000014	0.005928	-3.639648	-0.005928	1.000014	7.419403	
487	1.000014	0.005928	-3.639648	-0.005928	1.000014	7.419403	
488	1.000014	0.005928	-3.639648	-0.005928	1.000014	7.419403	
489	1.000014	0.005928	-3.639648	-0.005928	1.000014	7.419403	
490	1.000014	0.005928	-3.639648	-0.005928	1.000014	7.419403	
491	1.000014	0.005928	-3.639648	-0.005928	1.000014	7.419403	
492	1.000014	0.005928	-3.639648	-0.005928	1.000014	7.419403	
493	1.000014	0.005928	-3.639648	-0.005928	1.000014	7.419403	
494	1.000014	0.005928	-3.639648	-0.005928	1.000014	7.419403	
495	1.000014	0.005928	-3.639648	-0.005928	1.000014	7.419403	
496	1.000014	0.005928	-3.639648	-0.005928	1.000014	7.419403	
497	1.000014	0.005928	-3.639648	-0.005928	1.000014	7.419403	
498	0.997339	-0.003089	10.526550	0.003089	0.997339	-1.101318	
499	0.997339	-0.003089	10.526550	0.003089	0.997339	-1.101318	
500	0.997339	-0.003089	10.526550	0.003089	0.997339	-1.101318	
501	0.997993	0.010097	2.295197	-0.010097	0.997993	2.398499	
502	0.997993	0.010097	2.295197	-0.010097	0.997993	2.398499	
503	0.997993	0.010097	2.295197	-0.010097	0.997993	2.398499	
504	1.000095	-0.003678	8.989136	0.003678	1.000095	-1.072754	
505	0.999915	-0.006902	9.347351	0.006902	0.999915	0.156616	
506	0.999915	-0.006902	9.347351	0.006902	0.999915	0.156616	
507	0.999915	-0.006902	9.347351	0.006902	0.999915	0.156616	
508	0.999915	-0.006902	9.347351	0.006902	0.999915	0.156616	
509	0.999915	-0.006902	9.347351	0.006902	0.999915	0.156616	
510	0.999373	-0.000560	9.999573	0.000560	0.999373	-0.180145	
511	0.991757	0.002019	24.196045	-0.002019	0.991757	3.578613	
512	1.001138	-0.000966	8.259399	0.000966	1.001138	-1.460754	
513	0.994335	-0.000697	13.227234	0.000697	0.994335	1.099457	
514	0.993481	-0.000849	13.432800	0.000849	0.993481	0.881439	
515	0.993481	-0.000849	13.432800	0.000849	0.993481	0.881439	
516	1.008666	-0.002582	-5.987427	0.002582	1.008666	-9.552002	
517	0.998308	0.000342	7.289978	-0.000342	0.998308	0.226776	
518	0.998308	0.000342	7.289978	-0.000342	0.998308	0.226776	
519	0.998308	0.000342	7.289978	-0.000342	0.998308	0.226776	
520	0.998308	0.000342	7.289978	-0.000342	0.998308	0.226776	
521	0.998308	0.000342	7.289978	-0.000342	0.998308	0.226776	
522	0.998308	0.000342	7.289978	-0.000342	0.998308	0.226776	
523	0.998308	0.000342	7.289978	-0.000342	0.998308	0.226776	
524	0.998308	0.000342	7.289978	-0.000342	0.998308	0.226776	
525	0.998308	0.000342	7.289978	-0.000342	0.998308	0.226776	
526	0.998308	0.000342	7.289978	-0.000342	0.998308	0.226776	
527	0.998308	0.000342	7.289978	-0.000342	0.998308	0.226776	
528	0.998308	0.000342	7.289978	-0.000342	0.998308	0.226776	
529	0.998308	0.000342	7.289978	-0.000342	0.998308	0.226776	
530	0.999373	0.002836	4.759888	-0.002836	0.999373	2.102020	
531	0.999373	0.002836	4.759888	-0.002836	0.999373	2.102020	
532	0.999373	0.002836	4.759888	-0.002836	0.999373	2.102020	
533	0.999373	0.002836	4.759888	-0.002836	0.999373	2.102020	
534	0.999373	0.002836	4.759888	-0.002836	0.999373	2.102020	
535	0.999373	0.002836	4.759888	-0.002836	0.999373	2.102020	
536	0.999373	0.002836	4.759888	-0.002836	0.999373	2.102020	
537	0.999373	0.002836	4.759888	-0.002836	0.999373	2.102020	
538	0.999261	0.002487	7.214355	-0.002487	0.999261	2.363159	
539	0.999261	0.002487	7.214355	-0.002487	0.999261	2.363159	
540	0.999261	0.002487	7.214355	-0.002487	0.999261	2.363159	
541	0.999261	0.002487	7.214355	-0.002487	0.999261	2.363159	
542	0.999261	0.002487	7.214355	-0.002487	0.999261	2.363159	
543	0.999261	0.002487	7.214355	-0.002487	0.999261	2.363159	
544	0.999261	0.002487	7.214355	-0.002487	0.999261	2.363159	
545	0.999261	0.002487	7.214355	-0.002487	0.999261	2.363159	
546	0.996493	0.002394	5.427734	-0.002394	0.996493	5.020538	
547	0.996493	0.002394	5.427734	-0.002394	0.996493	5.020538	
548	0.996493	0.002394	5.427734	-0.002394	0.996493	5.020538	
549	0.991710	-0.014999	19.586914	0.014999	0.991710	-5.028748	
550	0.999901	-0.002507	6.002014	0.002507	0.999901	-1.884033	
551	0.999901	-0.002507	6.002014	0.002507	0.999901	-1.884033	
552	0.998117	-0.003032	10.264465	0.003032	0.998117	-2.082886	
553	0.999243	-0.005215	6.260620	0.005215	0.999243	-4.887024	
554	0.997859	-0.002306	4.478027	0.002306	0.997859	-1.253967	
555	1.002310	-0.000906	8.990967	0.000906	1.002310	-2.859619	
556	1.001301	-0.000057	-0.199707	0.000057	1.001301	-1.678162	
557	1.000356	0.001274	0.067932	-0.001274	1.000356	0.598328	
558	1.006989	-0.009725	3.126953	0.009725	1.006989	-14.792542	
559	1.006989	-0.009725	3.126953	0.009725	1.006989	-14.792542	
560	0.999342	0.005309	-1.355652	-0.005309	0.999342	5.232788	
561	1.004875	0.007889	-7.495300	-0.007889	1.004875	3.777222	
562	1.002584	-0.005509	6.593506	0.005509	1.002584	-7.377747	
563	1.002584	-0.005509	6.593506	0.005509	1.002584	-7.377747	
564	1.002584	-0.005509	6.593506	0.005509	1.002584	-7.377747	
565	0.998876	0.002464	0.564697	-0.002464	0.998876	4.311279	
566	1.003922	-0.000828	-2.403320	0.000828	1.003922	-1.610413	
567	1.003922	-0.000828	-2.403320	0.000828	1.003922	-1.610413	
568	1.001444	-0.001116	0.756958	0.001116	1.001444	-0.419006	
569	1.001474	-0.001376	-0.583496	0.001376	1.001474	0.134277	
570	0.999671	-0.001294	0.234131	0.001294	0.999671	0.562927	
571	1.004506	-0.002970	-0.407227	0.002970	1.004506	-3.512451	
572	1.005732	-0.003567	-5.747742	0.003567	1.005732	-6.111389	
573	0.998392	0.000069	-1.108459	-0.000069	0.998392	1.506165	
574	1.007495	-0.004015	-4.880981	0.004015	1.007495	-8.290100	
575	1.006201	-0.000635	-1.180176	0.000635	1.006201	-2.592407	
576	1.004565	-0.002075	0.255859	0.002075	1.004565	-3.700836	
577	1.009650	-0.000151	-7.880127	0.000151	1.009650	-3.416595	
578	1.005139	-0.000359	-3.577148	0.000359	1.005139	-2.152985	
579	1.005139	-0.000359	-3.577148	0.000359	1.005139	-2.152985	
580	1.005606	0.000957	-6.098267	-0.000957	1.005606	0.606262	
581	1.005426	-0.004236	-2.793579	0.004236	1.005426	-4.394257	
582	1.005426	-0.004236	-2.793579	0.004236	1.005426	-4.394257	
583	1.005426	-0.004236	-2.793579	0.004236	1.005426	-4.394257	
584	1.005426	-0.004236	-2.793579	0.004236	1.005426	-4.394257	
585	1.005426	-0.004236	-2.793579	0.004236	1.005426	-4.394257	
586	1.005426	-0.004236	-2.793579	0.004236	1.005426	-4.394257	
587	1.005426	-0.004236	-2.793579	0.004236	1.005426	-4.394257	
588	1.005426	-0.004236	-2.793579	0.004236	1.005426	-4.394257	
589	1.005426	-0.004236	-2.793579	0.004236	1.005426	-4.394257	
590	1.005426	-0.004236	-2.793579	0.004236	1.005426	-4.394257	
591	1.005426	-0.004236	-2.793579	0.004236	1.005426	-4.394257	
592	1.003886	-0.002353	-2.457153	0.002353	1.003886	-6.727203	
593	1.005393	-0.000361	-4.021851	0.000361	1.005393	-4.453918	
594	1.006457	-0.000238	-4.622314	0.000238	1.006457	-3.984131	
595	1.006457	-0.000238	-4.622314	0.000238	1.006457	-3.984131	
596	1.006457	-0.000238	-4.622314	0.000238	1.006457	-3.984131	
597	1.006457	-0.000238	-4.622314	0.000238	1.006457	-3.984131	
598	1.006457	-0.000238	-4.622314	0.000238	1.006457	-3.984131	
599	1.006457	-0.000238	-4.622314	0.000238	1.006457	-3.984131	
600	1.007563	-0.001569	-5.362305	0.001569	1.007563	-7.038116	
601	1.007563	-0.001569	-5.362305	0.001569	1.007563	-7.038116	
602	1.007563	-0.001569	-5.362305	0.001569	1.007563	-7.038116	
603	1.007563	-0.001569	-5.362305	0.001569	1.007563	-7.038116	
604	1.005560	-0.000990	-5.523315	0.000990	1.005560	-5.575653	
605	1.005560	-0.000990	-5.523315	0.000990	1.005560	-5.575653	
606	1.003003	0.000479	-6.626709	-0.000479	1.003003	-1.930420	
607	1.003003	0.000479	-6.626709	-0.000479	1.003003	-1.930420	
608	1.003003	0.000479	-6.626709	-0.000479	1.003003	-1.930420	
609	0.999040	-0.002326	-5.460205	0.002326	0.999040	-4.649719	
610	0.999040	-0.002326	-5.460205	0.002326	0.999040	-4.649719	
611	0.999040	-0.002326	-5.460205	0.002326	0.999040	-4.649719	
612	0.999040	-0.002326	-5.460205	0.002326	0.999040	-4.649719	
613	0.998037	-0.002227	-5.753052	0.002227	0.998037	-3.492981	
614	0.998037	-0.002227	-5.753052	0.002227	0.998037	-3.492981	
615	0.998037	-0.002227	-5.753052	0.002227	0.998037	-3.492981	
616	0.998037	-0.002227	-5.753052	0.002227	0.998037	-3.492981	
617	0.998037	-0.002227	-5.753052	0.002227	0.998037	-3.492981	
618	0.998037	-0.002227	-5.753052	0.002227	0.998037	-3.492981	
619	0.998037	-0.002227	-5.753052	0.002227	0.998037	-3.492981	
620	0.996038	-0.001014	-5.807739	0.001014	0.996038	0.194244	
621	0.994213	-0.001919	-2.875977	0.001919	0.994213	-0.428680	
622	0.994213	-0.001919	-2.875977	0.001919	0.994213	-0.428680	
623	0.994213	-0.001919	-2.875977	0.001919	0.994213	-0.428680	
624	0.994774	-0.000816	-3.149170	0.000816	0.994774	1.765625	
625	0.994774	-0.000816	-3.149170	0.000816	0.994774	1.765625	
626	0.994774	-0.000816	-3.149170	0.000816	0.994774	1.765625	
627	0.994774	-0.000816	-3.149170	0.000816	0.994774	1.765625	
628	0.994774	-0.000816	-3.149170	0.000816	0.994774	1.765625	
629	0.994774	-0.000816	-3.149170	0.000816	0.994774	1.765625	
630	0.995561	0.001548	-5.680176	-0.001548	0.995561	4.399200	
631	0.995561	0.001548	-5.680176	-0.001548	0.995561	4.399200	
632	0.995561	0.001548	-5.680176	-0.001548	0.995561	4.399200	
633	0.995561	0.001548	-5.680176	-0.001548	0.995561	4.399200	
634	0.995561	0.001548	-5.680176	-0.001548	0.995561	4.399200	
635	0.995561	0.001548	-5.680176	-0.001548	0.995561	4.399200	
636	0.995561	0.001548	-5.680176	-0.001548	0.995561	4.399200	
637	0.995561	0.001548	-5.680176	-0.001548	0.995561	4.399200	
638	0.995561	0.001548	-5.680176	-0.001548	0.995561	4.399200	
639	0.995561	0.001548	-5.680176	-0.001548	0.995561	4.399200	
640	0.995561	0.001548	-5.680176	-0.001548	0.995561	4.399200	
641	0.995561	0.001548	-5.680176	-0.001548	0.995561	4.399200	
642	0.995561	0.001548	-5.680176	-0.001548	0.995561	4.399200	
643	0.995561	0.001548	-5.680176	-0.001548	0.995561	4.399200	
644	0.995561	0.001548	-5.680176	-0.001548	0.995561	4.399200	
645	0.995561	0.001548	-5.680176	-0.001548	0.995561	4.399200	
646	0.995561	0.001548	-5.680176	-0.001548	0.995561	4.399200	
647	0.995561	0.001548	-5.680176	-0.001548	0.995561	4.399200	
648	0.995561	0.001548	-5.680176	-0.001548	0.995561	4.399200	
649	0.995561	0.001548	-5.680176	-0.001548	0.995561	4.399200	
650	0.995561	0.001548	-5.680176	-0.001548	0.995561	4.399200	
651	0.995561	0.001548	-5.680176	-0.001548	0.995561	4.399200	
652	0.995561	0.001548	-5.680176	-0.001548	0.995561	4.399200	
653	0.995561	0.001548	-5.680176	-0.001548	0.995561	4.399200	
654	0.995561	0.001548	-5.680176	-0.001548	0.995561	4.399200	
655	0.995561	0.001548	-5.680176	-0.001548	0.995561	4.399200	
656	0.995561	0.001548	-5.680176	-0.001548	0.995561	4.399200	
657	0.995561	0.001548	-5.680176	-0.001548	0.995561	4.399200	
658	1.000929	-0.000510	-14.028137	0.000510	1.000929	2.685303	
659	1.000929	-0.000510	-14.028137	0.000510	1.000929	2.685303	
660	1.000929	-0.000510	-14.028137	0.000510	1.000929	2.685303	
661	1.002911	-0.002197	-14.541443	0.002197	1.002911	-0.159821	
662	1.001455	-0.002120	-12.230774	0.002120	1.001455	0.582428	
663	1.001455	-0.002120	-12.230774	0.002120	1.001455	0.582428	
664	1.001455	-0.002120	-12.230774	0.002120	1.001455	0.582428	
665	1.001455	-0.002120	-12.230774	0.002120	1.001455	0.582428	
666	1.001455	-0.002120	-12.230774	0.002120	1.001455	0.582428	
667	1.001455	-0.002120	-12.230774	0.002120	1.001455	0.582428	
668	1.001455	-0.002120	-12.230774	0.002120	1.001455	0.582428	
669	1.001455	-0.002120	-12.230774	0.002120	1.001455	0.582428	
670	1.001455	-0.002120	-12.230774	0.002120	1.001455	0.582428	
671	1.001455	-0.002120	-12.230774	0.002120	1.001455	0.582428	
672	1.001455	-0.002120	-12.230774	0.002120	1.001455	0.582428	
673	1.001455	-0.002120	-12.230774	0.002120	1.001455	0.582428	
674	0.995182	0.000347	0.202148	-0.000347	0.995182	3.156006	
675	0.995182	0.000347	0.202148	-0.000347	0.995182	3.156006	
676	0.994235	0.000355	1.068787	-0.000355	0.994235	3.391510	
677	0.994235	0.000355	1.068787	-0.000355	0.994235	3.391510	
678	0.994235	0.000355	1.068787	-0.000355	0.994235	3.391510	
679	0.994235	0.000355	1.068787	-0.000355	0.994235	3.391510	
680	0.994458	-0.000133	2.931458	0.000133	0.994458	2.322601	
681	0.994458	-0.000133	2.931458	0.000133	0.994458	2.322601	
682	0.994458	-0.000133	2.931458	0.000133	0.994458	2.322601	
683	0.994458	-0.000133	2.931458	0.000133	0.994458	2.322601	
684	0.994239	0.001486	7.610474	-0.001486	0.994239	2.227417	
685	0.993641	0.000208	6.580750	-0.000208	0.993641	2.962250	
686	0.992123	0.002294	5.834106	-0.002294	0.992123	5.090454	
687	0.992123	0.002294	5.834106	-0.002294	0.992123	5.090454	
688	0.994234	0.000759	7.352966	-0.000759	0.994234	2.329590	
689	0.996080	0.000910	5.591919	-0.000910	0.996080	2.014862	
690	0.994769	0.000378	5.471008	-0.000378	0.994769	1.428650	
691	0.992468	0.001490	4.032715	-0.001490	0.992468	1.088104	
692	0.996600	0.000705	1.189331	-0.000705	0.996600	0.557007	
693	0.996101	0.000398	2.338440	-0.000398	0.996101	0.775208	
694	0.994247	0.000284	3.957703	-0.000284	0.994247	1.713074	
695	0.992887	0.001549	5.235901	-0.001549	0.992887	2.532990	
696	0.997456	0.000323	1.409058	-0.000323	0.997456	0.750641	
697	0.997456	0.000323	1.409058	-0.000323	0.997456	0.750641	
698	0.997456	0.000323	1.409058	-0.000323	0.997456	0.750641	
699	0.991347	0.001659	9.543304	-0.001659	0.991347	2.802246	
700	0.991347	0.001659	9.543304	-0.001659	0.991347	2.802246	
701	0.991347	0.001659	9.543304	-0.001659	0.991347	2.802246	
702	0.991347	0.001659	9.543304	-0.001659	0.991347	2.802246	
703	0.991347	0.001659	9.543304	-0.001659	0.991347	2.802246	
704	0.995827	-0.000225	8.599609	0.000225	0.995827	3.403198	
705	0.995827	-0.000225	8.599609	0.000225	0.995827	3.403198	
706	0.995827	-0.000225	8.599609	0.000225	0.995827	3.403198	
707	0.995827	-0.000225	8.599609	0.000225	0.995827	3.403198	
708	0.994523	-0.003431	9.035583	0.003431	0.994523	0.273010	
709	0.994523	-0.003431	9.035583	0.003431	0.994523	0.273010	
710	0.994523	-0.003431	9.035583	0.003431	0.994523	0.273010	
711	0.994523	-0.003431	9.035583	0.003431	0.994523	0.273010	
712	0.994523	-0.003431	9.035583	0.003431	0.994523	0.273010	
713	0.994523	-0.003431	9.035583	0.003431	0.994523	0.273010	
714	0.994523	-0.003431	9.035583	0.003431	0.994523	0.273010	
715	0.994523	-0.003431	9.035583	0.003431	0.994523	0.273010	
716	0.987294	-0.004248	9.340454	0.004248	0.987294	3.253021	
717	0.997786	-0.005739	5.917236	0.005739	0.997786	-3.290375	
718	0.995873	-0.010745	10.523315	0.010745	0.995873	-5.623108	
719	0.995873	-0.010745	10.523315	0.010745	0.995873	-5.623108	
720	0.998167	-0.003403	8.671997	0.003403	0.998167	-1.133209	
721	0.996755	0.005734	4.275330	-0.005734	0.996755	6.407288	
722	0.991623	-0.001731	13.703430	0.001731	0.991623	4.911072	
723	0.991623	-0.001731	13.703430	0.001731	0.991623	4.911072	
724	0.997254	-0.000048	9.766907	0.000048	0.997254	1.041504	
725	0.996924	0.000087	9.643250	-0.000087	0.996924	0.770874	
726	1.001523	-0.008277	8.626892	0.008277	1.001523	-8.946045	
727	0.998130	0.001410	16.885010	-0.001410	0.998130	1.547913	
728	0.997370	-0.004931	9.091187	0.004931	0.997370	-1.367188	
729	0.997656	-0.001961	6.143616	0.001961	0.997656	0.102844	
730	0.999506	-0.001546	5.198853	0.001546	0.999506	-0.685730	
731	1.008676	0.001145	-10.618896	-0.001145	1.008676	-3.494812	
732	0.998409	0.000107	4.624084	-0.000107	0.998409	0.829041	
733	0.997385	-0.001062	5.189941	0.001062	0.997385	0.667542	
734	0.999044	-0.004649	5.872742	0.004649	0.999044	-2.207397	
735	0.999044	-0.004649	5.872742	0.004649	0.999044	-2.207397	
736	1.002097	-0.001583	-0.134705	0.001583	1.002097	-2.759216	
737	0.997798	-0.002766	8.801880	0.002766	0.997798	-0.936829	
738	1.000724	-0.007194	6.211243	0.007194	1.000724	-6.411377	
739	1.000724	-0.007194	6.211243	0.007194	1.000724	-6.411377	
740	1.000724	-0.007194	6.211243	0.007194	1.000724	-6.411377	
741	1.000724	-0.007194	6.211243	0.007194	1.000724	-6.411377	
742	1.000724	-0.007194	6.211243	0.007194	1.000724	-6.411377	
743	1.000724	-0.007194	6.211243	0.007194	1.000724	-6.411377	
744	1.000724	-0.007194	6.211243	0.007194	1.000724	-6.411377	
745	1.000724	-0.007194	6.211243	0.007194	1.000724	-6.411377	
746	1.000724	-0.007194	6.211243	0.007194	1.000724	-6.411377	
747	1.000724	-0.007194	6.211243	0.007194	1.000724	-6.411377	
748	1.000724	-0.007194	6.211243	0.007194	1.000724	-6.411377	
749	1.000724	-0.007194	6.211243	0.007194	1.000724	-6.411377	
750	1.000724	-0.007194	6.211243	0.007194	1.000724	-6.411377	
751	1.000724	-0.007194	6.211243	0.007194	1.000724	-6.411377	
752	1.005296	0.000256	-0.681824	-0.000256	1.005296	-2.823242	
753	1.005296	0.000256	-0.681824	-0.000256	1.005296	-2.823242	
754	1.005296	0.000256	-0.681824	-0.000256	1.005296	-2.823242	
755	1.005296	0.000256	-0.681824	-0.000256	1.005296	-2.823242	
756	1.005296	0.000256	-0.681824	-0.000256	1.005296	-2.823242	
757	1.005296	0.000256	-0.681824	-0.000256	1.005296	-2.823242	
758	1.005296	0.000256	-0.681824	-0.000256	1.005296	-2.823242	
759	1.005296	0.000256	-0.681824	-0.000256	1.005296	-2.823242	
760	1.005296	0.000256	-0.681824	-0.000256	1.005296	-2.823242	
761	1.005296	0.000256	-0.681824	-0.000256	1.005296	-2.823242	
762	1.005296	0.000256	-0.681824	-0.000256	1.005296	-2.823242	
763	1.005296	0.000256	-0.681824	-0.000256	1.005296	-2.823242	
764	1.005296	0.000256	-0.681824	-0.000256	1.005296	-2.823242	
765	1.002660	-0.000174	-0.324707	0.000174	1.002660	-2.204895	
766	1.002660	-0.000174	-0.324707	0.000174	1.002660	-2.204895	
767	1.002660	-0.000174	-0.324707	0.000174	1.002660	-2.204895	
768	1.002660	-0.000174	-0.324707	0.000174	1.002660	-2.204895	
769	1.002660	-0.000174	-0.324707	0.000174	1.002660	-2.204895	
770	1.002660	-0.000174	-0.324707	0.000174	1.002660	-2.204895	
771	1.002660	-0.000174	-0.324707	0.000174	1.002660	-2.204895	
772	1.004773	-0.004670	-0.061279	0.004670	1.004773	-6.760559	
773	1.007347	0.001730	-4.985229	-0.001730	1.007347	-1.102112	
774	1.005088	-0.000620	-1.896973	0.000620	1.005088	-2.937317	
775	1.005088	-0.000620	-1.896973	0.000620	1.005088	-2.937317	
776	1.005088	-0.000620	-1.896973	0.000620	1.005088	-2.937317	
777	1.005088	-0.000620	-1.896973	0.000620	1.005088	-2.937317	
778	1.005088	-0.000620	-1.896973	0.000620	1.005088	-2.937317	
779	1.009466	-0.000178	-5.313965	0.000178	1.009466	-2.480408	
780	1.005956	-0.000777	-3.855103	0.000777	1.005956	-2.426971	
781	1.005956	-0.000777	-3.855103	0.000777	1.005956	-2.426971	
782	1.005956	-0.000777	-3.855103	0.000777	1.005956	-2.426971	
783	1.005956	-0.000777	-3.855103	0.000777	1.005956	-2.426971	
784	1.005956	-0.000777	-3.855103	0.000777	1.005956	-2.426971	
785	1.005956	-0.000777	-3.855103	0.000777	1.005956	-2.426971	
786	1.005956	-0.000777	-3.855103	0.000777	1.005956	-2.426971	
787	1.005956	-0.000777	-3.855103	0.000777	1.005956	-2.426971	
788	1.005956	-0.000777	-3.855103	0.000777	1.005956	-2.426971	
789	1.005956	-0.000777	-3.855103	0.000777	1.005956	-2.426971	
790	1.005956	-0.000777	-3.855103	0.000777	1.005956	-2.426971	
791	1.005956	-0.000777	-3.855103	0.000777	1.005956	-2.426971	
792	1.025941	0.002685	-25.796387	-0.002685	1.025941	-9.775269	
793	1.009483	0.000562	-8.571655	-0.000562	1.009483	-2.028625	
794	1.009483	0.000562	-8.571655	-0.000562	1.009483	-2.028625	
795	1.009483	0.000562	-8.571655	-0.000562	1.009483	-2.028625	
796	1.009483	0.000562	-8.571655	-0.000562	1.009483	-2.028625	
797	1.009483	0.000562	-8.571655	-0.000562	1.009483	-2.028625	
798	1.009483	0.000562	-8.571655	-0.000562	1.009483	-2.028625	
799	1.009483	0.000562	-8.571655	-0.000562	1.009483	-2.028625	
800	1.009483	0.000562	-8.571655	-0.000562	1.009483	-2.028625	
801	1.009483	0.000562	-8.571655	-0.000562	1.009483	-2.028625	
802	1.009483	0.000562	-8.571655	-0.000562	1.009483	-2.028625	
803	1.009483	0.000562	-8.571655	-0.000562	1.009483	-2.028625	
804	1.009483	0.000562	-8.571655	-0.000562	1.009483	-2.028625	
805	1.009483	0.000562	-8.571655	-0.000562	1.009483	-2.028625	
806	1.009483	0.000562	-8.571655	-0.000562	1.009483	-2.028625	
807	1.009483	0.000562	-8.571655	-0.000562	1.009483	-2.028625	
808	1.009483	0.000562	-8.571655	-0.000562	1.009483	-2.028625	
809	1.009483	0.000562	-8.571655	-0.000562	1.009483	-2.028625	
810	1.009483	0.000562	-8.571655	-0.000562	1.009483	-2.028625	
811	1.009483	0.000562	-8.571655	-0.000562	1.009483	-2.028625	
812	1.009483	0.000562	-8.571655	-0.000562	1.009483	-2.028625	
813	1.009483	0.000562	-8.571655	-0.000562	1.009483	-2.028625	
814	1.009483	0.000562	-8.571655	-0.000562	1.009483	-2.028625	
815	1.009483	0.000562	-8.571655	-0.000562	1.009483	-2.028625	
816	1.009483	0.000562	-8.571655	-0.000562	1.009483	-2.028625	
817	1.009483	0.000562	-8.571655	-0.000562	1.009483	-2.028625	
818	1.009483	0.000562	-8.571655	-0.000562	1.009483	-2.028625	
819	1.009483	0.000562	-8.571655	-0.000562	1.009483	-2.028625	
820	1.009483	0.000562	-8.571655	-0.000562	1.009483	-2.028625	
821	1.009483	0.000562	-8.571655	-0.000562	1.009483	-2.028625	
822	1.009483	0.000562	-8.571655	-0.000562	1.009483	-2.028625	
823	1.009483	0.000562	-8.571655	-0.000562	1.009483	-2.028625	
824	1.009483	0.000562	-8.571655	-0.000562	1.009483	-2.028625	
825	1.009483	0.000562	-8.571655	-0.000562	1.009483	-2.028625	
826	1.009483	0.000562	-8.571655	-0.000562	1.009483	-2.028625	
827	1.009483	0.000562	-8.571655	-0.000562	1.009483	-2.028625	
828	1.009483	0.000562	-8.571655	-0.000562	1.009483	-2.028625	
829	1.009483	0.000562	-8.571655	-0.000562	1.009483	-2.028625	
830	1.009483	0.000562	-8.571655	-0.000562	1.009483	-2.028625	
831	1.009483	0.000562	-8.571655	-0.000562	1.009483	-2.028625	
832	0.988968	0.002458	9.437500	-0.002458	0.988968	8.382263	
833	0.988968	0.002458	9.437500	-0.002458	0.988968	8.382263	
834	0.991569	0.000158	7.232544	-0.000158	0.991569	4.885498	
835	0.991569	0.000158	7.232544	-0.000158	0.991569	4.885498	
836	0.993683	-0.000488	5.573364	0.000488	0.993683	2.712830	
837	0.992296	-0.000709	6.755371	0.000709	0.992296	3.017151	
838	0.995641	-0.003327	4.546265	0.003327	0.995641	-0.947601	
839	0.988996	-0.000145	9.581482	0.000145	0.988996	5.468628	
840	0.988996	-0.000145	9.581482	0.000145	0.988996	5.468628	
841	0.991804	-0.000003	8.846985	0.000003	0.991804	3.515991	
842	0.998209	0.000628	1.678589	-0.000628	0.998209	1.540009	
843	0.988053	0.002453	9.685730	-0.002453	0.988053	9.101379	
844	0.998718	-0.003002	1.706665	0.003002	0.998718	-2.973877	
845	0.994134	-0.000430	5.199890	0.000430	0.994134	2.016479	
846	0.995058	-0.001561	5.015381	0.001561	0.995058	0.491882	
847	0.992637	-0.001375	7.149902	0.001375	0.992637	0.910278	
848	0.996082	-0.000571	3.628784	0.000571	0.996082	1.081543	
849	0.997305	0.000551	1.671692	-0.000551	0.997305	2.007996	
850	0.997305	0.000551	1.671692	-0.000551	0.997305	2.007996	
851	0.997305	0.000551	1.671692	-0.000551	0.997305	2.007996	
852	0.997740	0.000282	1.531738	-0.000282	0.997740	1.626831	
853	0.997957	0.000315	1.647461	-0.000315	0.997957	1.280762	
854	0.998277	-0.000821	1.791687	0.000821	0.998277	-0.203613	
855	0.997929	-0.000035	2.473022	0.000035	0.997929	0.851135	
856	0.998735	0.000305	1.454651	-0.000305	0.998735	0.591858	
857	0.998735	0.000305	1.454651	-0.000305	0.998735	0.591858	
858	0.999601	0.000855	0.393921	-0.000855	0.999601	0.516541	
859	0.999601	0.000855	0.393921	-0.000855	0.999601	0.516541	
860	0.999601	0.000855	0.393921	-0.000855	0.999601	0.516541	
861	0.999601	0.000855	0.393921	-0.000855	0.999601	0.516541	
862	0.999601	0.000855	0.393921	-0.000855	0.999601	0.516541	
863	0.999601	0.000855	0.393921	-0.000855	0.999601	0.516541	
864	0.999601	0.000855	0.393921	-0.000855	0.999601	0.516541	
865	0.999601	0.000855	0.393921	-0.000855	0.999601	0.516541	
866	0.999601	0.000855	0.393921	-0.000855	0.999601	0.516541	
867	0.999601	0.000855	0.393921	-0.000855	0.999601	0.516541	
868	1.007632	-0.001399	-5.721924	0.001399	1.007632	-5.106689	
869	1.004928	0.001238	-4.813965	-0.001238	1.004928	-1.425842	
870	1.004928	0.001238	-4.813965	-0.001238	1.004928	-1.425842	
871	1.004928	0.001238	-4.813965	-0.001238	1.004928	-1.425842	
872	1.004928	0.001238	-4.813965	-0.001238	1.004928	-1.425842	
873	1.004928	0.001238	-4.813965	-0.001238	1.004928	-1.425842	
874	1.004928	0.001238	-4.813965	-0.001238	1.004928	-1.425842	
875	1.004928	0.001238	-4.813965	-0.001238	1.004928	-1.425842	
876	1.006287	-0.000251	-5.174866	0.000251	1.006287	-3.532776	
877	1.006287	-0.000251	-5.174866	0.000251	1.006287	-3.532776	
878	1.006287	-0.000251	-5.174866	0.000251	1.006287	-3.532776	
879	1.006287	-0.000251	-5.174866	0.000251	1.006287	-3.532776	
880	1.006184	0.001613	-6.005859	-0.001613	1.006184	-1.728180	
881	1.008472	0.000197	-7.755554	-0.000197	1.008472	-4.029053	
882	1.008472	0.000197	-7.755554	-0.000197	1.008472	-4.029053	
883	1.008472	0.000197	-7.755554	-0.000197	1.008472	-4.029053	
884	1.008259	-0.000788	-5.232544	0.000788	1.008259	-4.455261	
885	1.010739	-0.002109	-7.248535	0.002109	1.010739	-8.407593	
886	1.010660	-0.001663	-7.221680	0.001663	1.010660	-8.026489	
887	1.010660	-0.001663	-7.221680	0.001663	1.010660	-8.026489	
888	1.011918	-0.000300	-9.081116	0.000300	1.011918	-6.915344	
889	1.013279	-0.000247	-10.258484	0.000247	1.013279	-7.764893	
890	1.011950	0.000570	-9.786621	-0.000570	1.011950	-5.742310	
891	1.024508	-0.001156	-17.643677	0.001156	1.024508	-14.329285	
892	1.012503	0.000247	-9.251099	-0.000247	1.012503	-5.789551	
893	1.012208	0.001893	-9.711914	-0.001893	1.012208	-3.462219	
894	1.010619	-0.000500	-6.522278	0.000500	1.010619	-5.072388	
895	1.024968	-0.001126	-16.319092	0.001126	1.024968	-11.763062	
896	1.010918	-0.000119	-6.260742	0.000119	1.010918	-3.254211	
897	1.010630	0.000283	-10.081909	-0.000283	1.010630	-1.349182	
898	1.010630	0.000283	-10.081909	-0.000283	1.010630	-1.349182	
899	1.010630	0.000283	-10.081909	-0.000283	1.010630	-1.349182	
900	1.010630	0.000283	-10.081909	-0.000283	1.010630	-1.349182	
901	1.010630	0.000283	-10.081909	-0.000283	1.010630	-1.349182	
902	1.010630	0.000283	-10.081909	-0.000283	1.010630	-1.349182	
903	1.010630	0.000283	-10.081909	-0.000283	1.010630	-1.349182	
904	1.010630	0.000283	-10.081909	-0.000283	1.010630	-1.349182	
905	1.010630	0.000283	-10.081909	-0.000283	1.010630	-1.349182	
906	1.010630	0.000283	-10.081909	-0.000283	1.010630	-1.349182	
907	1.010630	0.000283	-10.081909	-0.000283	1.010630	-1.349182	
908	1.000621	-0.004676	-12.758423	0.004676	1.000621	-3.402954	
909	1.000621	-0.004676	-12.758423	0.004676	1.000621	-3.402954	
910	1.003350	-0.004383	-14.414307	0.004383	1.003350	-4.764465	
911	1.003350	-0.004383	-14.414307	0.004383	1.003350	-4.764465	
912	1.003350	-0.004383	-14.414307	0.004383	1.003350	-4.764465	
913	1.001795	-0.004054	-15.470154	0.004054	1.001795	-3.672546	
914	1.001795	-0.004054	-15.470154	0.004054	1.001795	-3.672546	
915	1.001795	-0.004054	-15.470154	0.004054	1.001795	-3.672546	
916	1.001795	-0.004054	-15.470154	0.004054	1.001795	-3.672546	
917	1.001795	-0.004054	-15.470154	0.004054	1.001795	-3.672546	
918	1.000765	-0.002499	-11.116760	0.002499	1.000765	-1.866119	
919	1.000765	-0.002499	-11.116760	0.002499	1.000765	-1.866119	
920	1.000765	-0.002499	-11.116760	0.002499	1.000765	-1.866119	
921	1.000765	-0.002499	-11.116760	0.002499	1.000765	-1.866119	
922	1.000765	-0.002499	-11.116760	0.002499	1.000765	-1.866119	
923	1.009513	-0.003782	-23.628418	0.003782	1.009513	-8.317200	
924	0.997813	-0.003259	-6.470398	0.003259	0.997813	-1.455322	
925	0.997813	-0.003259	-6.470398	0.003259	0.997813	-1.455322	
926	1.000157	-0.002724	-7.749451	0.002724	1.000157	-2.103302	
927	0.998431	-0.004225	-12.784729	0.004225	0.998431	-3.931976	
928	0.998431	-0.004225	-12.784729	0.004225	0.998431	-3.931976	
929	0.998431	-0.004225	-12.784729	0.004225	0.998431	-3.931976	
930	0.992096	0.000161	3.179047	-0.000161	0.992096	1.736633	
931	0.992096	0.000161	3.179047	-0.000161	0.992096	1.736633	
932	0.992096	0.000161	3.179047	-0.000161	0.992096	1.736633	
933	0.997834	0.004133	-3.947083	-0.004133	0.997834	2.405029	
934	0.994894	-0.000800	0.460022	0.000800	0.994894	0.635742	
935	0.989597	-0.000294	4.542358	0.000294	0.989597	0.265350	
936	0.989687	0.000734	10.455383	-0.000734	0.989687	4.325256	
937	0.990110	-0.002053	12.469360	0.002053	0.990110	3.803406	
938	0.989752	0.000669	10.583374	-0.000669	0.989752	4.557434	
939	0.989752	0.000669	10.583374	-0.000669	0.989752	4.557434	
940	0.991117	0.004026	4.100281	-0.004026	0.991117	4.268433	
941	0.992825	0.003306	3.739502	-0.003306	0.992825	2.293884	
942	0.993082	0.002440	4.759155	-0.002440	0.993082	1.828613	
943	0.993082	0.002440	4.759155	-0.002440	0.993082	1.828613	
944	0.994167	0.002121	5.465027	-0.002121	0.994167	1.312500	
945	0.994772	-0.000639	5.620605	0.000639	0.994772	-0.666931	
946	0.994038	0.001012	4.654907	-0.001012	0.994038	1.668518	
947	0.987120	0.000168	10.191895	-0.000168	0.987120	3.056396	
948	0.992704	0.000415	5.426086	-0.000415	0.992704	2.129028	
949	0.993462	0.000492	4.014282	-0.000492	0.993462	2.393005	
950	0.990660	-0.000141	6.260498	0.000141	0.990660	4.101929	
951	0.989170	-0.000273	7.378967	0.000273	0.989170	4.421570	
952	0.992978	-0.000845	4.585144	0.000845	0.992978	3.120117	
953	0.993156	-0.000783	4.041077	0.000783	0.993156	3.018738	
954	0.994354	-0.000344	2.688660	0.000344	0.994354	2.107483	
955	0.987329	-0.003303	6.344666	0.003303	0.987329	2.310425	
956	0.995375	-0.000522	0.991882	0.000522	0.995375	0.529053	
957	0.994359	-0.001888	3.118591	0.001888	0.994359	-0.004211	
958	0.995609	0.000911	1.059448	-0.000911	0.995609	0.571838	
959	0.994222	0.000514	1.476379	-0.000514	0.994222	-1.842651	
960	0.993707	-0.002297	4.567017	0.002297	0.993707	-1.924622	
961	0.995011	-0.000979	5.840210	0.000979	0.995011	-2.859070	
962	0.998877	0.000954	2.172302	-0.000954	0.998877	-2.147278	
963	0.991268	0.001427	11.505859	-0.001427	0.991268	-1.154480	
964	0.993985	-0.005844	9.313538	0.005844	0.993985	-4.376038	
965	0.992921	-0.002559	7.591492	0.002559	0.992921	-1.384521	
966	0.994280	-0.005143	8.717773	0.005143	0.994280	-4.354980	
967	0.989612	-0.003787	10.050049	0.003787	0.989612	-2.570190	
968	0.994455	-0.002281	5.802551	0.002281	0.994455	-1.513550	
969	0.993473	-0.002412	7.485168	0.002412	0.993473	-0.532227	
970	0.994028	-0.003348	8.191162	0.003348	0.994028	-1.203918	
971	0.991459	-0.003996	14.829041	0.003996	0.991459	-2.353333	
972	0.995461	-0.002235	9.085083	0.002235	0.995461	-0.831421	
973	0.996916	-0.001835	8.584412	0.001835	0.996916	-0.951050	
974	0.996822	-0.002538	9.697449	0.002538	0.996822	-1.028076	
975	0.987679	-0.006157	23.328979	0.006157	0.987679	2.284241	
976	0.992334	-0.004330	12.538696	0.004330	0.992334	0.972656	
977	0.997253	-0.003228	9.940857	0.003228	0.997253	-1.907684	
978	0.998008	-0.000909	9.092407	0.000909	0.998008	-0.483734	
979	0.992535	0.002357	18.578613	-0.002357	0.992535	3.477264	
980	0.992535	0.002357	18.578613	-0.002357	0.992535	3.477264	
981	0.997895	0.000916	7.834290	-0.000916	0.997895	0.805176	
982	0.997895	0.000916	7.834290	-0.000916	0.997895	0.805176	
983	0.997895	0.000916	7.834290	-0.000916	0.997895	0.805176	
984	0.997895	0.000916	7.834290	-0.000916	0.997895	0.805176	
985	0.997895	0.000916	7.834290	-0.000916	0.997895	0.805176	
986	0.997895	0.000916	7.834290	-0.000916	0.997895	0.805176	
987	0.997895	0.000916	7.834290	-0.000916	0.997895	0.805176	
988	0.997895	0.000916	7.834290	-0.000916	0.997895	0.805176	
989	0.997895	0.000916	7.834290	-0.000916	0.997895	0.805176	
990	0.999481	0.005135	3.587952	-0.005135	0.999481	2.780975	
991	0.999481	0.005135	3.587952	-0.005135	0.999481	2.780975	
992	0.999582	-0.012064	10.791382	0.012064	0.999582	-10.626282	
993	1.006954	-0.009445	4.486206	0.009445	1.006954	-12.528137	
994	0.997410	0.002301	1.914368	-0.002301	0.997410	3.329712	
995	1.009066	-0.010493	5.631287	0.010493	1.009066	-13.472534	
996	1.002372	-0.000981	-4.021667	0.000981	1.002372	-2.345703	
997	0.997430	-0.002544	5.123779	0.002544	0.997430	-0.273865	
998	0.997651	0.005818	0.675537	-0.005818	0.997651	4.629700	
999	0.999149	0.000052	8.193542	-0.000052	0.999149	-0.650391	
1000	0.999149	0.000052	8.193542	-0.000052	0.999149	-0.650391	
1001	0.999149	0.000052	8.193542	-0.000052	0.999149	-0.650391	
1002	0.998120	0.006001	-2.112671	-0.006001	0.998120	3.955688	
1003	0.998120	0.006001	-2.112671	-0.006001	0.998120	3.955688	
1004	0.993858	-0.003223	7.299194	0.003223	0.993858	2.432312	
1005	0.996012	-0.004986	7.227356	0.004986	0.996012	-0.699707	
1006	0.995075	0.002707	0.955200	-0.002707	0.995075	6.361450	
1007	0.995075	0.002707	0.955200	-0.002707	0.995075	6.361450	
1008	0.995075	0.002707	0.955200	-0.002707	0.995075	6.361450	
1009	0.995075	0.002707	0.955200	-0.002707	0.995075	6.361450	
1010	0.995075	0.002707	0.955200	-0.002707	0.995075	6.361450	
1011	0.995075	0.002707	0.955200	-0.002707	0.995075	6.361450	
1012	0.995075	0.002707	0.955200	-0.002707	0.995075	6.361450	
1013	0.986254	0.008345	3.366028	-0.008345	0.986254	19.543518	
1014	0.986254	0.008345	3.366028	-0.008345	0.986254	19.543518	
1015	0.986254	0.008345	3.366028	-0.008345	0.986254	19.543518	
1016	0.991589	0.009734	1.568604	-0.009734	0.991589	8.151855	
1017	0.998836	0.002833	1.617737	-0.002833	0.998836	-5.679932	
1018	0.998836	0.002833	1.617737	-0.002833	0.998836	-5.679932	
1019	0.998836	0.002833	1.617737	-0.002833	0.998836	-5.679932	
1020	0.998836	0.002833	1.617737	-0.002833	0.998836	-5.679932	
1021	0.998836	0.002833	1.617737	-0.002833	0.998836	-5.679932	
1022	0.998836	0.002833	1.617737	-0.002833	0.998836	-5.679932	
1023	0.998836	0.002833	1.617737	-0.002833	0.998836	-5.679932	
1024	0.998836	0.002833	1.617737	-0.002833	0.998836	-5.679932	
1025	0.998836	0.002833	1.617737	-0.002833	0.998836	-5.679932	
1026	0.998836	0.002833	1.617737	-0.002833	0.998836	-5.679932	
1027	0.998836	0.002833	1.617737	-0.002833	0.998836	-5.679932	
1028	0.998836	0.002833	1.617737	-0.002833	0.998836	-5.679932	
1029	0.998836	0.002833	1.617737	-0.002833	0.998836	-5.679932	
1030	0.998836	0.002833	1.617737	-0.002833	0.998836	-5.679932	
1031	1.009331	0.005126	0.319458	-0.005126	1.009331	0.945953	
1032	1.002692	0.001143	2.853882	-0.001143	1.002692	-0.578003	
1033	1.002692	0.001143	2.853882	-0.001143	1.002692	-0.578003	
1034	1.002094	-0.000697	4.451050	0.000697	1.002094	-2.352692	
1035	1.002094	-0.000697	4.451050	0.000697	1.002094	-2.352692	
1036	1.003283	0.003210	5.402222	-0.003210	1.003283	1.871948	
1037	1.003283	0.003210	5.402222	-0.003210	1.003283	1.871948	
1038	1.003283	0.003210	5.402222	-0.003210	1.003283	1.871948	
1039	1.003283	0.003210	5.402222	-0.003210	1.003283	1.871948	
1040	1.003283	0.003210	5.402222	-0.003210	1.003283	1.871948	
1041	0.999244	-0.004975	14.688843	0.004975	0.999244	-6.714020	
1042	0.999244	-0.004975	14.688843	0.004975	0.999244	-6.714020	
1043	1.007497	0.004829	12.350952	-0.004829	1.007497	1.135376	
1044	1.010281	-0.006482	1.436646	0.006482	1.010281	-14.054504	
1045	1.018801	0.005724	-15.043335	-0.005724	1.018801	0.168488	
1046	1.011372	-0.001046	-4.187378	0.001046	1.011372	-6.280670	
1047	1.009792	0.002536	1.468506	-0.002536	1.009792	-2.938812	
1048	1.007056	0.002374	-4.032959	-0.002374	1.007056	0.424713	
1049	1.010960	0.001331	-10.010742	-0.001331	1.010960	-0.999878	
1050	1.017324	-0.000291	-17.929443	0.000291	1.017324	-4.601105	
1051	1.010212	0.000496	-4.118164	-0.000496	1.010212	-2.415497	
1052	1.011542	0.005983	-14.275635	-0.005983	1.011542	5.922363	
1053	1.008942	0.000476	-4.849731	-0.000476	1.008942	-1.488831	
1054	1.012296	-0.001807	-8.714233	0.001807	1.012296	-6.016174	
1055	1.014400	-0.000044	-4.736816	0.000044	1.014400	-3.742706	
1056	1.008749	-0.000301	-4.260376	0.000301	1.008749	-2.766357	
1057	1.008836	0.000466	-3.855713	-0.000466	1.008836	-2.122162	
1058	1.008039	0.001742	-2.261230	-0.001742	1.008039	-0.574127	
1059	1.008039	0.001742	-2.261230	-0.001742	1.008039	-0.574127	
1060	1.009627	0.009438	-2.605591	-0.009438	1.009627	9.661438	
1061	1.010741	0.000957	-4.116699	-0.000957	1.010741	-2.662140	
1062	1.010741	0.000957	-4.116699	-0.000957	1.010741	-2.662140	
1063	1.010741	0.000957	-4.116699	-0.000957	1.010741	-2.662140	
1064	1.011356	0.000769	-5.450562	-0.000769	1.011356	-3.061829	
1065	1.011356	0.000769	-5.450562	-0.000769	1.011356	-3.061829	
1066	1.011356	0.000769	-5.450562	-0.000769	1.011356	-3.061829	
1067	1.011356	0.000769	-5.450562	-0.000769	1.011356	-3.061829	
1068	1.011356	0.000769	-5.450562	-0.000769	1.011356	-3.061829	
1069	1.011356	0.000769	-5.450562	-0.000769	1.011356	-3.061829	
1070	1.011356	0.000769	-5.450562	-0.000769	1.011356	-3.061829	
1071	1.011356	0.000769	-5.450562	-0.000769	1.011356	-3.061829	
1072	1.011356	0.000769	-5.450562	-0.000769	1.011356	-3.061829	
1073	1.006304	-0.000701	-6.444702	0.000701	1.006304	-6.950592	
1074	1.006304	-0.000701	-6.444702	0.000701	1.006304	-6.950592	
1075	1.006304	-0.000701	-6.444702	0.000701	1.006304	-6.950592	
1076	1.006304	-0.000701	-6.444702	0.000701	1.006304	-6.950592	
1077	1.006304	-0.000701	-6.444702	0.000701	1.006304	-6.950592	
1078	1.006304	-0.000701	-6.444702	0.000701	1.006304	-6.950592	
1079	1.006304	-0.000701	-6.444702	0.000701	1.006304	-6.950592	
1080	1.006304	-0.000701	-6.444702	0.000701	1.006304	-6.950592	
1081	1.006304	-0.000701	-6.444702	0.000701	1.006304	-6.950592	
1082	1.006304	-0.000701	-6.444702	0.000701	1.006304	-6.950592	
1083	1.006304	-0.000701	-6.444702	0.000701	1.006304	-6.950592	
1084	1.006304	-0.000701	-6.444702	0.000701	1.006304	-6.950592	
1085	0.994526	-0.002910	-3.422363	0.002910	0.994526	-2.729858	
1086	0.994526	-0.002910	-3.422363	0.002910	0.994526	-2.729858	
1087	0.994526	-0.002910	-3.422363	0.002910	0.994526	-2.729858	
1088	0.990171	-0.003046	-1.164551	0.003046	0.990171	-0.763458	
1089	0.990171	-0.003046	-1.164551	0.003046	0.990171	-0.763458	
1090	0.996391	0.000110	-7.034546	-0.000110	0.996391	1.803253	
1091	0.996391	0.000110	-7.034546	-0.000110	0.996391	1.803253	
1092	0.996391	0.000110	-7.034546	-0.000110	0.996391	1.803253	
1093	0.996391	0.000110	-7.034546	-0.000110	0.996391	1.803253	
1094	0.996391	0.000110	-7.034546	-0.000110	0.996391	1.803253	
1095	0.996391	0.000110	-7.034546	-0.000110	0.996391	1.803253	
1096	0.996391	0.000110	-7.034546	-0.000110	0.996391	1.803253	
1097	0.996391	0.000110	-7.034546	-0.000110	0.996391	1.803253	
1098	0.996391	0.000110	-7.034546	-0.000110	0.996391	1.803253	
1099	0.996391	0.000110	-7.034546	-0.000110	0.996391	1.803253	
1100	0.996391	0.000110	-7.034546	-0.000110	0.996391	1.803253	
1101	0.996391	0.000110	-7.034546	-0.000110	0.996391	1.803253	
1102	0.996391	0.000110	-7.034546	-0.000110	0.996391	1.803253	
1103	0.996391	0.000110	-7.034546	-0.000110	0.996391	1.803253	
1104	0.996391	0.000110	-7.034546	-0.000110	0.996391	1.803253	
1105	0.996391	0.000110	-7.034546	-0.000110	0.996391	1.803253	
1106	0.996391	0.000110	-7.034546	-0.000110	0.996391	1.803253	
1107	0.996391	0.000110	-7.034546	-0.000110	0.996391	1.803253	
1108	0.996391	0.000110	-7.034546	-0.000110	0.996391	1.803253	
1109	0.996391	0.000110	-7.034546	-0.000110	0.996391	1.803253	
1110	1.001591	0.008397	-8.695435	-0.008397	1.001591	4.726196	
1111	1.001591	0.008397	-8.695435	-0.008397	1.001591	4.726196	
1112	1.001591	0.008397	-8.695435	-0.008397	1.001591	4.726196	
1113	1.001591	0.008397	-8.695435	-0.008397	1.001591	4.726196	
1114	1.001591	0.008397	-8.695435	-0.008397	1.001591	4.726196	
1115	1.001591	0.008397	-8.695435	-0.008397	1.001591	4.726196	
1116	1.001591	0.008397	-8.695435	-0.008397	1.001591	4.726196	
1117	1.001591	0.008397	-8.695435	-0.008397	1.001591	4.726196	
1118	1.001591	0.008397	-8.695435	-0.008397	1.001591	4.726196	
1119	1.001591	0.008397	-8.695435	-0.008397	1.001591	4.726196	
1120	1.001591	0.008397	-8.695435	-0.008397	1.001591	4.726196	
1121	1.001591	0.008397	-8.695435	-0.008397	1.001591	4.726196	
1122	1.001591	0.008397	-8.695435	-0.008397	1.001591	4.726196	
1123	1.001591	0.008397	-8.695435	-0.008397	1.001591	4.726196	
1124	1.001591	0.008397	-8.695435	-0.008397	1.001591	4.726196	
1125	0.999869	-0.014070	-0.619263	0.014070	0.999869	-8.021820	
1126	0.999869	-0.014070	-0.619263	0.014070	0.999869	-8.021820	
1127	0.999869	-0.014070	-0.619263	0.014070	0.999869	-8.021820	
1128	0.996992	-0.000589	-0.255432	0.000589	0.996992	2.561859	
1129	0.996992	-0.000589	-0.255432	0.000589	0.996992	2.561859	
1130	0.991188	0.003402	7.887573	-0.003402	0.991188	6.504700	
1131	0.991188	0.003402	7.887573	-0.003402	0.991188	6.504700	
1132	0.987769	-0.000548	14.235962	0.000548	0.987769	6.649170	
1133	0.990164	-0.001957	13.468323	0.001957	0.990164	4.070618	
1134	0.994369	-0.000816	4.362549	0.000816	0.994369	2.276093	
1135	0.994369	-0.000816	4.362549	0.000816	0.994369	2.276093	
1136	0.992249	-0.001155	11.836853	0.001155	0.992249	2.670166	
1137	0.992891	0.001408	9.142334	-0.001408	0.992891	3.009094	
1138	0.988404	0.001963	12.241455	-0.001963	0.988404	6.444641	
1139	0.988404	0.001963	12.241455	-0.001963	0.988404	6.444641	
1140	0.985277	0.002962	15.043152	-0.002962	0.985277	9.682495	
1141	0.986101	0.004283	14.164246	-0.004283	0.986101	10.514526	
1142	0.989887	0.000779	9.246643	-0.000779	0.989887	4.843750	
1143	0.982690	0.004094	12.851868	-0.004094	0.982690	11.637146	
1144	0.996386	0.002786	1.863586	-0.002786	0.996386	3.371399	
1145	0.994784	0.003083	4.121033	-0.003083	0.994784	4.170654	
1146	0.993560	0.001050	7.174988	-0.001050	0.993560	2.868896	
1147	0.989386	0.004451	10.195496	-0.004451	0.989386	7.278900	
1148	0.993162	0.001557	6.609680	-0.001557	0.993162	3.790527	
1149	0.992119	0.000927	7.443054	-0.000927	0.992119	4.146362	
1150	0.992542	0.001802	5.958313	-0.001802	0.992542	4.376709	
1151	0.992542	0.001802	5.958313	-0.001802	0.992542	4.376709	
1152	0.992928	-0.000702	7.126526	0.000702	0.992928	2.899078	
1153	0.993433	0.001047	5.867798	-0.001047	0.993433	2.757477	
1154	0.992802	0.000406	5.912109	-0.000406	0.992802	2.048157	
1155	0.986020	0.001600	8.404663	-0.001600	0.986020	4.652313	
1156	0.993272	0.000741	3.451416	-0.000741	0.993272	2.233093	
1157	0.992859	-0.000308	3.524658	0.000308	0.992859	1.967529	
1158	0.993335	0.000296	1.937073	-0.000296	0.993335	2.297607	
1159	0.989823	-0.000179	2.814026	0.000179	0.989823	2.388245	
1160	0.990568	0.001089	3.451111	-0.001089	0.990568	4.931396	
1161	0.994295	-0.001579	6.398315	0.001579	0.994295	1.755127	
1162	0.991685	0.000430	6.553467	-0.000430	0.991685	4.659729	
1163	0.984922	0.003199	15.551453	-0.003199	0.984922	10.042847	
1164	0.992640	0.001584	8.798584	-0.001584	0.992640	4.874207	
1165	0.993469	0.001572	7.939087	-0.001572	0.993469	4.806580	
1166	0.993604	0.001730	7.297058	-0.001730	0.993604	4.939575	
1167	0.987059	0.003936	13.874573	-0.003936	0.987059	9.224304	
1168	0.992109	0.001588	7.565552	-0.001588	0.992109	4.896545	
1169	0.993169	0.000975	6.711914	-0.000975	0.993169	3.825562	
1170	0.993239	-0.002824	10.674438	0.002824	0.993239	1.238403	
1171	0.989256	-0.004046	16.778381	0.004046	0.989256	2.399414	
1172	0.993252	-0.001713	8.104187	0.001713	0.993252	2.153381	
1173	0.993485	-0.002071	8.008484	0.002071	0.993485	2.061340	
1174	0.999957	-0.000543	5.068970	0.000543	0.999957	-0.393219	
1175	0.999957	-0.000543	5.068970	0.000543	0.999957	-0.393219	
1176	0.999957	-0.000543	5.068970	0.000543	0.999957	-0.393219	
1177	0.999957	-0.000543	5.068970	0.000543	0.999957	-0.393219	
1178	0.999957	-0.000543	5.068970	0.000543	0.999957	-0.393219	
1179	0.999957	-0.000543	5.068970	0.000543	0.999957	-0.393219	
1180	0.997524	0.002551	5.095886	-0.002551	0.997524	3.264252	
1181	0.992497	0.008421	6.258362	-0.008421	0.992497	10.503387	
1182	1.002812	0.001676	0.069702	-0.001676	1.002812	1.240753	
1183	0.998606	0.001808	5.040710	-0.001808	0.998606	2.978485	
1184	1.004440	0.013255	-4.585449	-0.013255	1.004440	10.352081	
1185	0.998900	0.001537	5.734253	-0.001537	0.998900	1.783234	
1186	1.002539	0.002532	3.082947	-0.002532	1.002539	1.720673	
1187	1.002539	0.002532	3.082947	-0.002532	1.002539	1.720673	
1188	0.997865	-0.003416	6.600281	0.003416	0.997865	-2.031799	
1189	0.996807	-0.001713	5.701416	0.001713	0.996807	2.281677	
1190	0.997774	0.004757	-0.856323	-0.004757	0.997774	4.818909	
1191	0.997774	0.004757	-0.856323	-0.004757	0.997774	4.818909	
1192	0.997507	0.002942	-0.591125	-0.002942	0.997507	2.153503	
1193	1.007005	0.006115	-12.059570	-0.006115	1.007005	1.480530	
1194	1.005592	0.002090	-3.062805	-0.002090	1.005592	-0.571991	
1195	1.005592	0.002090	-3.062805	-0.002090	1.005592	-0.571991	
1196	0.997256	-0.001135	4.896362	0.001135	0.997256	-0.728851	
1197	0.997256	-0.001135	4.896362	0.001135	0.997256	-0.728851	
1198	0.997256	-0.001135	4.896362	0.001135	0.997256	-0.728851	
1199	0.997256	-0.001135	4.896362	0.001135	0.997256	-0.728851	
1200	0.988458	-0.004051	9.296631	0.004051	0.988458	1.054871	
1201	0.999181	-0.002438	2.687439	0.002438	0.999181	-2.990051	
1202	0.999181	-0.002438	2.687439	0.002438	0.999181	-2.990051	
