0	1.000000	0.000000	0.000000	0.000000	1.000000	0.000000	
1	1.000375	0.000097	-0.134338	-0.000097	1.000375	-0.102722	
2	1.000384	0.000211	-0.130493	-0.000211	1.000384	-0.077423	
3	1.000376	0.000017	-0.146423	-0.000017	1.000376	-0.108643	
4	1.000302	-0.000058	-0.044861	0.000058	1.000302	-0.127686	
5	1.000007	0.000018	0.065613	-0.000018	1.000007	-0.035736	
6	1.000283	-0.000116	0.127441	0.000116	1.000283	-0.169678	
7	0.998463	-0.000257	0.351593	0.000257	0.998463	0.424042	
8	1.000799	0.000650	-0.319946	-0.000650	1.000799	-0.281403	
9	1.000588	0.000189	-0.102295	-0.000189	1.000588	-0.175476	
10	1.000383	0.000243	-0.095154	-0.000243	1.000383	-0.280792	
11	0.999893	0.000072	0.076050	-0.000072	0.999893	-0.040619	
12	1.000111	-0.000172	0.066833	0.000172	1.000111	-0.138428	
13	0.999707	-0.000261	0.147522	0.000261	0.999707	-0.020813	
14	0.999942	-0.000532	0.134399	0.000532	0.999942	-0.116516	
15	1.000432	0.000459	-0.115814	-0.000459	1.000432	-0.075836	
16	1.000552	0.000068	-0.062744	-0.000068	1.000552	-0.275391	
17	0.999964	-0.000042	0.086548	0.000042	0.999964	-0.038696	
18	0.999873	-0.000062	0.092773	0.000062	0.999873	-0.035522	
19	0.999688	0.000289	-0.054260	-0.000289	0.999688	0.166656	
20	1.005938	0.000207	-4.254883	-0.000207	1.005938	-3.679474	
21	0.999320	-0.000109	0.150238	0.000109	0.999320	0.161774	
22	0.999659	0.000557	-0.207092	-0.000557	0.999659	0.081909	
23	0.997302	0.003324	0.358215	-0.003324	0.997302	1.265350	
24	1.000046	0.000098	-0.071777	-0.000098	1.000046	-0.059814	
25	1.000589	0.000442	-0.312805	-0.000442	1.000589	-0.115204	
26	1.000259	0.000272	-0.180176	-0.000272	1.000259	-0.135925	
27	1.000304	0.000273	-0.021118	-0.000273	1.000304	-0.050232	
28	1.000329	0.000351	-0.138977	-0.000351	1.000329	-0.096954	
29	1.000016	0.000035	0.014221	-0.000035	1.000016	0.003723	
30	1.000283	0.000448	-0.201782	-0.000448	1.000283	-0.112640	
31	1.000030	0.000208	-0.087585	-0.000208	1.000030	0.037445	
32	0.999943	0.000244	-0.106018	-0.000244	0.999943	0.013519	
33	0.999926	0.000108	-0.111755	-0.000108	0.999926	0.150482	
34	0.999994	0.000124	-0.054443	-0.000124	0.999994	-0.036469	
35	1.000000	0.000096	-0.097534	-0.000096	1.000000	-0.005096	
36	1.000174	0.000292	-0.161560	-0.000292	1.000174	-0.021729	
37	0.999829	0.000348	-0.276184	-0.000348	0.999829	0.130951	
38	0.999908	0.000060	-0.041077	-0.000060	0.999908	-0.002106	
39	1.000062	0.000150	-0.043518	-0.000150	1.000062	0.014801	
40	0.999882	-0.000060	0.083862	0.000060	0.999882	0.008118	
41	0.999811	0.000122	-0.165771	-0.000122	0.999811	0.133026	
42	1.000008	0.000373	-0.251038	-0.000373	1.000008	0.130585	
43	0.999964	0.000219	-0.285706	-0.000219	0.999964	0.009033	
44	0.999856	0.000017	-0.184265	-0.000017	0.999856	0.016998	
45	0.999889	0.000066	-0.652771	-0.000066	0.999889	-0.070526	
46	0.999882	-0.000030	-0.016724	0.000030	0.999882	-0.034912	
47	0.999966	0.000021	-0.335327	-0.000021	0.999966	-0.030090	
48	0.999921	-0.000048	-0.133728	0.000048	0.999921	0.018402	
49	1.000091	0.000135	-0.192688	-0.000135	1.000091	0.072296	
50	0.999946	0.000232	-0.099976	-0.000232	0.999946	0.003754	
51	1.000035	0.000139	-0.044556	-0.000139	1.000035	0.078796	
52	0.999864	0.000121	-0.090210	-0.000121	0.999864	0.058289	
53	0.999732	0.000153	-0.138000	-0.000153	0.999732	0.217834	
54	0.999924	0.000048	-0.276733	-0.000048	0.999924	0.167816	
55	0.999980	0.000188	-0.217651	-0.000188	0.999980	0.010559	
56	0.999977	0.000008	-0.120056	-0.000008	0.999977	-0.068207	
57	0.999747	0.000105	-0.100525	-0.000105	0.999747	0.065521	
58	0.999997	-0.000120	-0.209961	0.000120	0.999997	-0.119324	
59	0.999970	0.000003	-0.103271	-0.000003	0.999970	0.005005	
60	0.999962	-0.000126	-0.060730	0.000126	0.999962	-0.112915	
61	1.000125	-0.000024	-0.602173	0.000024	1.000125	-0.152130	
62	1.000015	-0.000142	-0.043274	0.000142	1.000015	-0.201080	
63	0.999930	-0.000128	-0.830811	0.000128	0.999930	-0.079437	
64	1.000224	-0.000006	-0.647644	0.000006	1.000224	-0.136810	
65	0.999868	-0.000209	-1.570312	0.000209	0.999868	-0.077362	
66	1.000178	-0.000092	-0.684448	0.000092	1.000178	-0.211121	
67	1.000118	-0.000142	-2.047485	0.000142	1.000118	-0.127716	
68	1.000225	-0.000101	-1.073120	0.000101	1.000225	-0.255890	
69	1.000339	0.000084	-2.435120	-0.000084	1.000339	-0.132782	
70	1.000216	-0.000139	-1.131714	0.000139	1.000216	-0.207947	
71	1.000300	0.000082	-3.188293	-0.000082	1.000300	0.079376	
72	1.000043	0.000035	-0.669067	-0.000035	1.000043	-0.028564	
73	1.000203	0.000195	0.010620	-0.000195	1.000203	0.140472	
74	1.000097	-0.000070	0.260742	0.000070	1.000097	-0.180969	
75	0.999767	0.000006	0.489075	-0.000006	0.999767	-0.054749	
76	1.000120	-0.000232	0.181458	0.000232	1.000120	-0.594635	
77	1.000454	-0.000011	-0.185608	0.000011	1.000454	0.599457	
78	0.999865	-0.000036	0.290649	0.000036	0.999865	-0.823669	
79	1.000187	0.000266	-0.095947	-0.000266	1.000187	-0.002777	
80	0.999995	-0.000027	0.158691	0.000027	0.999995	-0.079681	
81	0.999986	0.000088	0.099365	-0.000088	0.999986	0.081970	
82	0.999983	0.000097	0.046631	-0.000097	0.999983	0.077362	
83	1.000023	-0.000160	-0.021484	0.000160	1.000023	-0.001587	
84	0.999859	0.000005	-0.079529	-0.000005	0.999859	0.154663	
85	0.999696	-0.000265	-0.265686	0.000265	0.999696	-0.130219	
86	0.999667	-0.000000	-0.143616	0.000000	0.999667	-0.167053	
87	0.998287	-0.000774	0.454895	0.000774	0.998287	0.083496	
88	0.999572	0.000134	0.081360	-0.000134	0.999572	0.580566	
89	0.996593	0.000020	0.565552	-0.000020	0.996593	2.037445	
90	0.998806	-0.000202	0.011841	0.000202	0.998806	0.569122	
91	0.995386	-0.000060	0.234558	0.000060	0.995386	2.092346	
92	0.998656	-0.000609	-1.208191	0.000609	0.998656	0.537079	
93	0.994978	-0.002598	0.067993	0.002598	0.994978	0.815369	
94	0.996768	-0.001725	0.463013	0.001725	0.996768	0.289032	
95	1.002203	0.015544	-12.092285	-0.015544	1.002203	12.038757	
96	0.999524	-0.000107	0.283752	0.000107	0.999524	0.087280	
97	1.003646	0.011857	-13.338623	-0.011857	1.003646	9.291931	
98	1.004345	0.004223	-8.298523	-0.004223	1.004345	1.673096	
99	0.989497	0.003603	1.031860	-0.003603	0.989497	4.327850	
100	1.002263	-0.001212	-5.348389	0.001212	1.002263	-2.641327	
101	1.017886	-0.005054	-19.313477	0.005054	1.017886	-11.011353	
102	0.994983	0.001658	-0.174744	-0.001658	0.994983	2.641327	
103	0.999833	-0.000158	1.441406	0.000158	0.999833	0.280884	
104	0.999681	0.000415	-3.168335	-0.000415	0.999681	0.375244	
105	0.996744	0.001201	-2.381470	-0.001201	0.996744	2.339966	
106	1.004540	0.000919	-5.697815	-0.000919	1.004540	-0.503021	
107	1.014207	0.001465	-14.226196	-0.001465	1.014207	-2.235504	
108	1.003956	0.001261	-4.381287	-0.001261	1.003956	-0.080292	
109	1.009655	0.001209	-6.320801	-0.001209	1.009655	-0.710541	
110	1.005130	0.001139	-3.228760	-0.001139	1.005130	0.080383	
111	1.001768	0.003188	-0.758606	-0.003188	1.001768	3.764404	
112	1.002733	0.000833	-2.073303	-0.000833	1.002733	0.765533	
113	1.001884	-0.000878	-0.839661	0.000878	1.001884	0.439392	
114	1.003138	0.000689	-1.873108	-0.000689	1.003138	0.933167	
115	0.991174	-0.003989	11.444519	0.003989	0.991174	1.657379	
116	1.002309	-0.000985	0.135620	0.000985	1.002309	-0.368927	
117	0.994109	-0.001111	3.256256	0.001111	0.994109	1.771423	
118	1.005876	0.001501	-3.405884	-0.001501	1.005876	-1.631958	
119	1.000093	0.000004	10.179443	-0.000004	1.000093	-0.025085	
120	1.006122	-0.001720	-3.883667	0.001720	1.006122	-4.902740	
121	1.004840	-0.000425	-3.183655	0.000425	1.004840	-4.897949	
122	1.003340	0.000754	-2.870789	-0.000754	1.003340	-1.204773	
123	0.999784	-0.000284	10.686005	0.000284	0.999784	-0.630951	
124	1.001905	0.000049	-0.437805	-0.000049	1.001905	-1.053131	
125	1.000023	-0.000410	12.043182	0.000410	1.000023	-0.871368	
126	1.000805	-0.000761	1.049805	0.000761	1.000805	-0.635498	
127	0.999713	-0.000490	9.785126	0.000490	0.999713	-0.796204	
128	1.002116	0.001015	-1.633545	-0.001015	1.002116	0.543762	
129	1.004428	0.003742	-4.092651	-0.003742	1.004428	3.158905	
130	1.001642	0.001726	-1.680969	-0.001726	1.001642	2.399994	
131	1.003556	-0.000246	-3.596985	0.000246	1.003556	2.661652	
132	1.001104	0.000289	-1.846619	-0.000289	1.001104	2.108978	
133	1.004019	-0.002661	-4.522156	0.002661	1.004019	2.491394	
134	1.001831	-0.002972	-1.434875	0.002972	1.001831	-1.228516	
135	1.001867	-0.003526	-4.690002	0.003526	1.001867	-3.123901	
136	1.001356	-0.000234	-4.446350	0.000234	1.001356	-2.237396	
137	0.999418	0.001107	8.789642	-0.001107	0.999418	-0.769745	
138	1.002800	0.001517	-8.958801	-0.001517	1.002800	-0.631439	
139	1.003958	-0.000863	-14.234985	0.000863	1.003958	-3.122559	
140	1.000584	-0.000759	-5.119141	0.000759	1.000584	-1.428162	
141	0.999492	0.000075	10.723434	-0.000075	0.999492	-1.989426	
142	0.999565	-0.002547	-1.227966	0.002547	0.999565	-1.636505	
143	0.999530	0.005348	-2.186707	-0.005348	0.999530	4.057526	
144	1.006838	0.006184	-5.101501	-0.006184	1.006838	2.150726	
145	1.000057	0.004944	1.015137	-0.004944	1.000057	4.147858	
146	1.002614	0.001029	-0.228943	-0.001029	1.002614	0.503113	
147	1.008030	0.002228	-1.351440	-0.002228	1.008030	-0.357330	
148	0.997357	-0.000564	3.230652	0.000564	0.997357	-0.106140	
149	0.989640	-0.001497	11.296753	0.001497	0.989640	1.196411	
150	1.002911	0.002027	-1.333679	-0.002027	1.002911	0.160583	
151	1.004365	0.005761	-1.881042	-0.005761	1.004365	2.072876	
152	0.997580	-0.001678	5.900574	0.001678	0.997580	-0.614716	
153	1.007583	0.000447	0.005310	-0.000447	1.007583	-3.195007	
154	1.007504	0.002270	-3.418823	-0.002270	1.007504	-2.212097	
155	0.999453	-0.000374	9.429199	0.000374	0.999453	-0.432465	
156	1.001261	-0.002939	1.854004	0.002939	1.001261	-3.048279	
157	0.998936	-0.000339	9.080505	0.000339	0.998936	-0.423309	
158	1.006686	0.002240	-2.567383	-0.002240	1.006686	-1.714539	
159	1.004849	-0.000275	-2.883362	0.000275	1.004849	-2.284454	
160	1.002650	-0.004376	-1.134338	0.004376	1.002650	-4.453430	
161	1.002650	-0.004376	-1.134338	0.004376	1.002650	-4.453430	
162	1.000666	-0.002806	-0.531616	0.002806	1.000666	-2.509705	
163	1.000666	-0.002806	-0.531616	0.002806	1.000666	-2.509705	
164	1.001903	0.000923	-1.691101	-0.000923	1.001903	-0.255432	
165	0.999909	-0.007485	2.763794	0.007485	0.999909	-5.104279	
166	1.001119	-0.001737	1.717773	0.001737	1.001119	-2.254211	
167	1.006316	0.004859	-2.792114	-0.004859	1.006316	0.842987	
168	0.999439	-0.000415	4.231445	0.000415	0.999439	-0.637329	
169	0.999439	-0.000415	4.231445	0.000415	0.999439	-0.637329	
170	0.999042	-0.000272	3.605408	0.000272	0.999042	-0.215424	
171	0.999042	-0.000272	3.605408	0.000272	0.999042	-0.215424	
172	0.999511	-0.000086	3.046814	0.000086	0.999511	-0.377136	
173	1.002622	0.000206	3.286743	-0.000206	1.002622	-1.992554	
174	1.003324	0.003741	-3.166565	-0.003741	1.003324	2.384186	
175	0.998071	0.000299	5.491638	-0.000299	0.998071	0.059509	
176	0.999620	0.000198	1.358643	-0.000198	0.999620	0.077271	
177	0.998471	-0.001327	3.629761	0.001327	0.998471	-0.321075	
178	1.004886	0.004920	-7.628662	-0.004920	1.004886	3.244812	
179	1.000173	-0.000326	1.075439	0.000326	1.000173	-0.449768	
180	1.000832	0.000337	-2.383728	-0.000337	1.000832	-0.132019	
181	0.995499	-0.001437	4.380127	0.001437	0.995499	0.499756	
182	0.999402	-0.000472	0.473755	0.000472	0.999402	0.010986	
183	0.999462	-0.000458	-0.136414	0.000458	0.999462	-0.410858	
184	0.998383	0.005623	-0.259644	-0.005623	0.998383	6.962494	
185	1.000622	0.000140	-0.760620	-0.000140	1.000622	-0.433899	
186	1.000183	-0.000069	-0.816589	0.000069	1.000183	-0.260651	
187	1.000623	0.000609	-1.388367	-0.000609	1.000623	0.406586	
188	0.999800	-0.000192	-0.492371	0.000192	0.999800	-0.389771	
189	1.001915	-0.000385	-1.944214	0.000385	1.001915	-0.369781	
190	1.000831	-0.000282	-0.183044	0.000282	1.000831	-0.651184	
191	0.999648	-0.000560	-0.290833	0.000560	0.999648	-0.092926	
192	0.999774	-0.000069	0.107422	0.000069	0.999774	0.089935	
193	0.999859	-0.000275	-0.373901	0.000275	0.999859	-0.126190	
194	0.999640	0.000061	0.283325	-0.000061	0.999640	0.267853	
195	0.999981	-0.000050	-0.421326	0.000050	0.999981	0.008484	
196	0.999593	0.000139	0.016724	-0.000139	0.999593	0.085144	
197	1.000162	-0.000100	-0.718750	0.000100	1.000162	-0.044281	
198	0.999796	0.000218	0.122009	-0.000218	0.999796	0.452515	
199	0.999131	0.000573	0.192444	-0.000573	0.999131	0.762390	
200	0.999874	0.000063	-0.408447	-0.000063	0.999874	0.178375	
201	1.000109	-0.000001	0.138733	0.000001	1.000109	0.077576	
202	1.000156	-0.000167	-0.139893	0.000167	1.000156	-0.153259	
203	1.000147	0.000036	-0.648743	-0.000036	1.000147	-0.206055	
204	1.000465	-0.000564	-0.103271	0.000564	1.000465	-0.596375	
205	1.000103	-0.000213	0.006226	0.000213	1.000103	-0.198273	
206	0.999698	-0.000121	0.254456	0.000121	0.999698	-0.070953	
207	1.000152	0.000649	-0.418335	-0.000649	1.000152	-0.008972	
208	1.000398	-0.000192	-0.288757	0.000192	1.000398	-0.039764	
209	1.000520	-0.000193	-0.582703	0.000193	1.000520	-0.000824	
210	0.999922	-0.000048	-0.028931	0.000048	0.999922	-0.134979	
211	1.001379	-0.002085	-0.817749	0.002085	1.001379	-1.443542	
212	1.001124	-0.000270	-0.941284	0.000270	1.001124	-0.657715	
213	1.000021	-0.000262	-0.120178	0.000262	1.000021	-0.148193	
214	1.000002	-0.000162	-0.107788	0.000162	1.000002	-0.008575	
215	0.999564	-0.000523	-0.421326	0.000523	0.999564	0.199005	
216	0.999736	-0.000008	0.124756	0.000008	0.999736	-0.215271	
217	0.999736	-0.000008	0.124756	0.000008	0.999736	-0.215271	
218	1.004735	0.005243	-6.739685	-0.005243	1.004735	1.854065	
219	1.000696	0.002309	-0.324097	-0.002309	1.000696	0.996155	
220	1.000124	0.000127	-0.074524	-0.000127	1.000124	0.033997	
221	1.000124	0.000127	-0.074524	-0.000127	1.000124	0.033997	
222	1.001710	0.001594	-2.480438	-0.001594	1.001710	-0.637634	
223	1.002805	0.003458	-2.736542	-0.003458	1.002805	0.829620	
224	0.999843	-0.000448	0.620789	0.000448	0.999843	0.079376	
225	1.000251	0.002241	-0.176331	-0.002241	1.000251	1.300934	
226	0.999706	-0.000239	0.890350	0.000239	0.999706	0.368042	
227	1.001182	0.001087	0.232178	-0.001087	1.001182	0.428436	
228	0.999345	0.000029	1.089386	-0.000029	0.999345	0.519531	
229	0.998721	-0.000037	2.920380	0.000037	0.998721	0.731812	
230	0.999729	0.000125	1.328888	-0.000125	0.999729	0.170105	
231	0.999653	-0.000025	2.601044	0.000025	0.999653	0.665375	
232	0.999334	0.000185	1.396820	-0.000185	0.999334	0.546722	
233	0.999876	0.000281	3.279449	-0.000281	0.999876	0.602753	
234	1.000062	0.000079	1.016785	-0.000079	1.000062	0.550629	
235	0.999947	-0.000533	3.175781	0.000533	0.999947	0.014160	
236	1.000308	0.000539	0.784546	-0.000539	1.000308	1.056396	
237	0.999652	0.001073	1.418945	-0.001073	0.999652	1.135590	
238	0.999652	0.001073	1.418945	-0.001073	0.999652	1.135590	
239	0.996300	-0.000015	4.170654	0.000015	0.996300	2.048340	
240	0.996300	-0.000015	4.170654	0.000015	0.996300	2.048340	
241	1.001615	-0.001330	1.021088	0.001330	1.001615	0.120102	
242	1.001615	-0.001330	1.021088	0.001330	1.001615	0.120102	
243	0.999475	-0.000353	1.524719	0.000353	0.999475	0.045563	
244	0.999475	-0.000353	1.524719	0.000353	0.999475	0.045563	
245	1.000530	0.001601	1.554443	-0.001601	1.000530	1.010864	
246	1.000530	0.001601	1.554443	-0.001601	1.000530	1.010864	
247	0.999664	-0.000652	1.134216	0.000652	0.999664	-0.114532	
248	0.999664	-0.000652	1.134216	0.000652	0.999664	-0.114532	
249	0.999900	0.000356	0.991302	-0.000356	0.999900	0.203613	
250	0.998755	0.002289	1.485809	-0.002289	0.998755	1.746979	
251	1.000913	-0.000728	1.105652	0.000728	1.000913	-0.923828	
252	1.001861	-0.000059	0.305481	0.000059	1.001861	-0.482605	
253	0.999406	-0.000859	1.340393	0.000859	0.999406	-0.637177	
254	1.000476	0.000187	0.629028	-0.000187	1.000476	-0.318726	
255	1.000738	0.000072	0.663330	-0.000072	1.000738	-0.372162	
256	1.001994	-0.003700	-0.326721	0.003700	1.001994	-2.687744	
257	0.997250	-0.000981	2.403931	0.000981	0.997250	-0.382172	
258	0.997827	0.000079	2.051086	-0.000079	0.997827	0.571899	
259	0.998211	0.000237	1.494385	-0.000237	0.998211	0.362335	
260	0.998211	0.000237	1.494385	-0.000237	0.998211	0.362335	
261	0.996697	0.000248	2.386292	-0.000248	0.996697	1.097473	
262	0.992686	0.000537	4.915771	-0.000537	0.992686	2.148621	
263	0.995597	-0.000006	2.842224	0.000006	0.995597	1.214813	
264	0.990477	0.000258	6.139526	-0.000258	0.990477	2.780243	
265	0.994985	0.000180	3.021057	-0.000180	0.994985	1.466156	
266	0.990418	0.000207	5.733582	-0.000207	0.990418	3.245087	
267	0.995091	-0.000245	3.070068	0.000245	0.995091	0.863434	
268	0.991120	0.000005	4.914734	-0.000005	0.991120	2.894470	
269	0.995565	0.000063	2.651245	-0.000063	0.995565	1.313263	
270	0.990498	0.000019	5.524719	-0.000019	0.990498	2.904419	
271	0.995088	-0.000198	2.627136	0.000198	0.995088	2.207214	
272	0.991181	-0.000355	5.286682	0.000355	0.991181	2.704529	
273	0.995246	-0.000281	2.274719	0.000281	0.995246	2.004181	
274	0.990804	0.000111	5.666199	-0.000111	0.990804	3.327667	
275	0.995521	-0.000035	2.505249	0.000035	0.995521	1.813293	
276	0.991733	0.000016	4.719788	-0.000016	0.991733	3.519318	
277	0.994942	0.000088	3.192261	-0.000088	0.994942	1.966583	
278	0.991208	-0.000039	5.404114	0.000039	0.991208	4.434723	
279	0.995604	-0.000215	2.694214	0.000215	0.995604	1.476624	
280	0.995173	0.000745	1.896851	-0.000745	0.995173	3.204376	
281	0.995839	-0.000018	3.080078	0.000018	0.995839	1.975983	
282	0.991348	-0.000816	5.118958	0.000816	0.991348	4.753693	
283	0.995927	0.000218	3.065918	-0.000218	0.995927	2.379669	
284	0.992122	-0.000190	5.018860	0.000190	0.992122	4.881805	
285	0.995681	-0.000236	3.457397	0.000236	0.995681	2.513855	
286	0.996052	-0.001798	4.014282	0.001798	0.996052	1.159424	
287	0.996325	0.000295	3.250916	-0.000295	0.996325	2.608521	
288	0.991889	0.000025	6.589111	-0.000025	0.991889	4.989319	
289	0.995909	0.000324	3.894287	-0.000324	0.995909	2.300262	
290	0.992239	0.000232	7.267273	-0.000232	0.992239	4.239655	
291	0.996298	0.000077	3.783081	-0.000077	0.996298	2.411041	
292	0.991906	0.000098	8.223083	-0.000098	0.991906	4.220551	
293	0.996288	0.000195	3.154846	-0.000195	0.996288	2.151733	
294	0.991247	0.000303	8.265503	-0.000303	0.991247	5.124634	
295	0.996238	0.000417	3.540710	-0.000417	0.996238	2.557098	
296	0.991682	0.000885	7.903320	-0.000885	0.991682	5.690887	
297	0.995502	0.000295	4.834229	-0.000295	0.995502	2.202759	
298	0.992302	-0.000031	8.163818	0.000031	0.992302	4.319550	
299	0.996628	-0.000344	3.790955	0.000344	0.996628	1.404877	
300	0.996628	-0.000344	3.790955	0.000344	0.996628	1.404877	
301	0.996441	-0.000042	3.883850	0.000042	0.996441	1.768707	
302	0.996441	-0.000042	3.883850	0.000042	0.996441	1.768707	
303	0.995027	0.003143	4.414124	-0.003143	0.995027	4.041718	
304	0.990484	-0.000094	9.252441	0.000094	0.990484	3.731201	
305	0.995825	0.000440	4.599243	-0.000440	0.995825	2.091400	
306	0.991630	0.000883	7.921875	-0.000883	0.991630	4.312561	
307	0.995926	0.000266	4.085999	-0.000266	0.995926	1.961212	
308	0.992111	-0.000121	7.506042	0.000121	0.992111	3.289246	
309	0.996347	-0.000111	3.464417	0.000111	0.996347	1.574371	
310	0.992101	0.000179	7.003845	-0.000179	0.992101	3.390411	
311	0.995755	0.000065	3.542114	-0.000065	0.995755	1.744904	
312	0.991774	-0.000082	6.711853	0.000082	0.991774	3.131134	
313	0.996063	0.000329	3.156372	-0.000329	0.996063	1.912048	
314	0.993289	-0.000215	5.444214	0.000215	0.993289	2.567596	
315	0.996814	-0.000053	2.611511	0.000053	0.996814	1.347198	
316	0.994784	-0.000014	3.986328	0.000014	0.994784	1.955750	
317	0.997777	-0.000045	1.630188	0.000045	0.997777	0.867310	
318	0.996672	-0.000094	2.278442	0.000094	0.996672	1.265594	
319	0.998353	0.000115	1.194519	-0.000115	0.998353	0.748962	
320	0.997379	0.000321	1.916931	-0.000321	0.997379	1.343170	
321	0.999140	-0.000035	0.718262	0.000035	0.999140	0.360016	
322	0.999258	0.000059	0.626282	-0.000059	0.999258	0.553253	
323	0.999974	0.000160	0.033325	-0.000160	0.999974	0.265656	
324	0.999682	0.000006	0.151917	-0.000006	0.999682	-0.214630	
325	0.999983	0.000058	-0.044128	-0.000058	0.999983	-0.002930	
326	0.999416	0.000718	0.468567	-0.000718	0.999416	0.954803	
327	1.000130	0.000058	-0.384644	-0.000058	1.000130	0.134460	
328	1.000088	0.000079	-0.674072	-0.000079	1.000088	0.323212	
329	1.000140	0.000084	-0.148193	-0.000084	1.000140	-0.010773	
330	1.000167	-0.000224	-1.091614	0.000224	1.000167	-0.190002	
331	1.000072	0.000096	-0.689880	-0.000096	1.000072	-0.064789	
332	1.000569	0.000117	-0.973267	-0.000117	1.000569	-0.515717	
333	1.000152	-0.000183	-0.418457	0.000183	1.000152	-0.448242	
334	1.000157	-0.000143	-0.941406	0.000143	1.000157	-0.920746	
335	1.000150	-0.000259	-0.564331	0.000259	1.000150	-0.468292	
336	1.000085	-0.000250	-0.723450	0.000250	1.000085	-0.381165	
337	1.000086	-0.000204	-0.343201	0.000204	1.000086	-0.227203	
338	1.000233	-0.000026	-0.746216	0.000026	1.000233	-0.411804	
339	1.000188	-0.000271	-0.360046	0.000271	1.000188	-0.382080	
340	1.000120	-0.000129	-0.481995	0.000129	1.000120	-0.431610	
341	1.000220	-0.000212	-0.289185	0.000212	1.000220	-0.395844	
342	1.000198	-0.000193	-0.499329	0.000193	1.000198	-0.625092	
343	1.000157	-0.000102	-0.322083	0.000102	1.000157	-0.373383	
344	1.000048	0.000041	-0.488708	-0.000041	1.000048	-0.362762	
345	1.000097	0.000003	-0.295349	-0.000003	1.000097	-0.197693	
346	0.999978	-0.000122	-0.369690	0.000122	0.999978	-0.215607	
347	1.000035	-0.000170	0.008484	0.000170	1.000035	-0.139587	
348	0.999970	-0.000305	0.076660	0.000305	0.999970	-0.254761	
349	0.999943	-0.000266	0.119690	0.000266	0.999943	-0.261475	
350	0.999826	-0.000234	0.150513	0.000234	0.999826	-0.169250	
351	0.999777	-0.000465	0.367371	0.000465	0.999777	-0.311890	
352	0.999821	-0.000052	0.019226	0.000052	0.999821	-0.051178	
353	0.999737	-0.000191	0.164246	0.000191	0.999737	-0.109894	
354	0.999913	-0.000121	-0.118652	0.000121	0.999913	-0.095032	
355	1.000092	-0.000114	-0.130371	0.000114	1.000092	-0.131653	
356	1.000045	-0.000480	-0.321960	0.000480	1.000045	-0.272797	
357	1.000111	-0.000212	-0.287659	0.000212	1.000111	-0.199890	
358	1.000208	-0.000405	-0.256287	0.000405	1.000208	-0.188538	
359	1.000151	-0.000198	-0.136230	0.000198	1.000151	-0.126404	
360	0.999814	-0.000144	0.236694	0.000144	0.999814	-0.044739	
361	1.000102	-0.000038	-0.101746	0.000038	1.000102	-0.098419	
362	1.000120	0.000098	-0.185181	-0.000098	1.000120	0.026245	
363	0.999920	0.000051	0.076538	-0.000051	0.999920	-0.074799	
364	1.000107	0.000045	-0.247131	-0.000045	1.000107	-0.179382	
365	1.000052	0.000128	-0.110962	-0.000128	1.000052	-0.048859	
366	0.999945	0.000312	-0.233643	-0.000312	0.999945	-0.020721	
367	1.000008	0.000287	-0.146057	-0.000287	1.000008	0.008270	
368	0.999555	0.000254	0.064636	-0.000254	0.999555	0.193390	
369	0.999577	0.000101	0.244873	-0.000101	0.999577	0.331635	
370	1.000002	0.000237	-0.132385	-0.000237	1.000002	0.287964	
371	0.999681	0.000060	0.256165	-0.000060	0.999681	0.260986	
372	0.999342	0.000160	0.382202	-0.000160	0.999342	0.486328	
373	0.998580	0.000313	0.519531	-0.000313	0.998580	0.875305	
374	0.999675	0.000153	0.200012	-0.000153	0.999675	0.333374	
375	0.998661	0.000158	0.573914	-0.000158	0.998661	0.746490	
376	0.999319	0.000259	0.427063	-0.000259	0.999319	0.520935	
377	0.999624	0.000289	0.064331	-0.000289	0.999624	0.402100	
378	0.999340	0.000238	0.518555	-0.000238	0.999340	0.507965	
379	0.999448	0.000198	0.250732	-0.000198	0.999448	0.473572	
380	0.999643	0.000224	0.171631	-0.000224	0.999643	0.390015	
381	0.999607	0.000118	0.243530	-0.000118	0.999607	0.370300	
382	0.999519	-0.000128	0.386292	0.000128	0.999519	0.267792	
383	0.999575	0.000179	0.494995	-0.000179	0.999575	0.462097	
384	1.000457	-0.001075	0.248108	0.001075	1.000457	-0.775879	
385	0.999728	0.000008	0.491516	-0.000008	0.999728	0.182556	
386	1.000062	-0.000185	0.024780	0.000185	1.000062	-0.116302	
387	0.995736	-0.000528	4.187866	0.000528	0.995736	1.572906	
388	0.999771	-0.000133	0.270569	0.000133	0.999771	0.054077	
389	1.000088	-0.000079	0.160156	0.000079	1.000088	-0.018402	
390	1.000088	-0.000079	0.160156	0.000079	1.000088	-0.018402	
391	0.999807	0.000067	0.292480	-0.000067	0.999807	0.022400	
392	0.999883	0.000144	0.368530	-0.000144	0.999883	0.005280	
393	0.999961	-0.000010	-0.104187	0.000010	0.999961	-0.028564	
394	1.000011	-0.000082	0.599854	0.000082	1.000011	-0.122986	
395	1.000011	-0.000082	0.599854	0.000082	1.000011	-0.122986	
396	1.000011	-0.000082	0.599854	0.000082	1.000011	-0.122986	
397	0.999870	0.003747	-2.675842	-0.003747	0.999870	2.626282	
398	1.000145	0.000035	-0.298401	-0.000035	1.000145	-0.042053	
399	1.000040	-0.000041	-0.070923	0.000041	1.000040	-0.000214	
400	0.999889	-0.000119	-0.019592	0.000119	0.999889	-0.064026	
401	1.000017	0.000041	-0.078186	-0.000041	1.000017	0.075500	
402	1.000085	0.000032	-0.079590	-0.000032	1.000085	0.010986	
403	1.000032	0.000031	-0.150940	-0.000031	1.000032	0.088165	
404	0.999986	-0.000008	-0.105408	0.000008	0.999986	-0.019836	
405	1.000039	-0.000026	-0.015869	0.000026	1.000039	-0.120117	
406	0.999979	0.000008	-0.375183	-0.000008	0.999979	-0.022980	
407	0.999556	0.000225	-0.122864	-0.000225	0.999556	0.202454	
408	0.999484	0.000724	0.226318	-0.000724	0.999484	0.664368	
409	0.999975	-0.000001	-0.099609	0.000001	0.999975	-0.053009	
410	1.000014	0.000226	-0.432434	-0.000226	1.000014	0.082581	
411	1.000018	0.000030	-0.095703	-0.000030	1.000018	-0.142120	
412	0.999958	0.000047	-0.019714	-0.000047	0.999958	-0.042664	
413	1.000224	0.000119	-0.239746	-0.000119	1.000224	-0.154602	
414	0.999945	-0.000212	0.384277	0.000212	0.999945	-0.362610	
415	1.000275	0.000047	-0.207764	-0.000047	1.000275	-0.151581	
416	1.000289	0.000078	-0.229370	-0.000078	1.000289	-0.077820	
417	0.999968	0.000036	-0.106689	-0.000036	0.999968	-0.022491	
418	0.999907	-0.000033	0.059875	0.000033	0.999907	0.075348	
419	0.999753	0.000012	0.155212	-0.000012	0.999753	0.290619	
420	1.000000	-0.000079	-0.048401	0.000079	1.000000	0.006378	
421	1.000087	0.000027	-0.047180	-0.000027	1.000087	0.085693	
422	1.000087	0.000027	-0.047180	-0.000027	1.000087	0.085693	
423	1.001144	0.001852	-2.033142	-0.001852	1.001144	0.330505	
424	0.999671	-0.000202	0.728943	0.000202	0.999671	-0.079529	
425	0.998494	-0.001139	0.866577	0.001139	0.998494	0.389069	
426	0.999838	0.000001	0.570740	-0.000001	0.999838	-0.032104	
427	1.000009	-0.000164	0.342407	0.000164	1.000009	-0.194977	
428	0.999999	-0.000018	1.113831	0.000018	0.999999	-0.054871	
429	1.000016	-0.000143	0.365173	0.000143	1.000016	-0.103241	
430	1.000201	0.000096	0.631714	-0.000096	1.000201	0.034363	
431	1.000036	0.000060	1.168213	-0.000060	1.000036	0.000366	
432	1.000036	0.000060	1.168213	-0.000060	1.000036	0.000366	
433	1.000082	0.000028	3.286926	-0.000028	1.000082	-0.125763	
434	0.999662	-0.000604	7.755493	0.000604	0.999662	-0.343201	
435	1.000001	0.000087	2.887451	-0.000087	1.000001	0.002594	
436	1.000015	0.000045	6.770996	-0.000045	1.000015	-0.040009	
437	0.999473	0.000061	4.044434	-0.000061	0.999473	0.276550	
438	0.999632	-0.000441	6.613342	0.000441	0.999632	-0.236572	
439	0.999764	-0.000118	3.184814	0.000118	0.999764	-0.008057	
440	1.000152	-0.001990	4.415588	0.001990	1.000152	-1.725433	
441	0.999956	-0.000012	2.260132	0.000012	0.999956	0.155243	
442	0.999687	-0.000318	4.117065	0.000318	0.999687	-0.219849	
443	1.000052	0.000767	1.535828	-0.000767	1.000052	0.585022	
444	0.999607	-0.000183	3.626221	0.000183	0.999607	-0.066467	
445	1.000130	-0.000372	1.415344	0.000372	1.000130	-0.230896	
446	1.000069	-0.000087	0.254333	0.000087	1.000069	-0.031433	
447	1.000020	0.000068	0.092896	-0.000068	1.000020	0.045593	
448	0.999847	0.002314	-0.312500	-0.002314	0.999847	1.634399	
449	0.997268	0.006417	0.876648	-0.006417	0.997268	4.668274	
450	0.997268	0.006417	0.876648	-0.006417	0.997268	4.668274	
451	0.999817	-0.000611	0.156555	0.000611	0.999817	-0.069794	
452	1.000195	0.001287	-0.310852	-0.001287	1.000195	1.015625	
453	1.000387	0.000231	-0.040649	-0.000231	1.000387	0.093201	
454	1.004081	-0.000467	-0.824036	0.000467	1.004081	-1.844971	
455	1.000781	0.000817	-0.323853	-0.000817	1.000781	0.208893	
456	1.000676	-0.000633	0.494324	0.000633	1.000676	-0.644562	
457	0.999877	0.000144	0.159790	-0.000144	0.999877	0.257599	
458	1.000026	0.000251	0.135376	-0.000251	1.000026	0.001160	
459	0.999413	0.000252	0.117432	-0.000252	0.999413	0.579681	
460	0.998012	-0.002208	2.713867	0.002208	0.998012	-0.571228	
461	0.999562	0.000052	0.169067	-0.000052	0.999562	0.113770	
462	0.999850	-0.000151	0.075500	0.000151	0.999850	-0.010315	
463	1.000556	-0.000822	0.275024	0.000822	1.000556	-1.054382	
464	1.000028	0.000251	0.039246	-0.000251	1.000028	0.110260	
465	0.998639	0.000247	1.111633	-0.000247	0.998639	0.285889	
466	1.000170	0.000230	-0.121521	-0.000230	1.000170	-0.003326	
467	1.000184	-0.000004	-0.064209	0.000004	1.000184	-0.115631	
468	1.000254	0.000064	-0.246094	-0.000064	1.000254	-0.114746	
469	1.000216	0.000099	-0.192261	-0.000099	1.000216	0.023529	
470	1.000244	-0.000198	-0.228394	0.000198	1.000244	0.097870	
471	0.999977	0.000215	-0.066467	-0.000215	0.999977	0.122772	
472	0.999944	-0.000161	-0.331726	0.000161	0.999944	0.117157	
473	1.000018	0.000135	-0.173828	-0.000135	1.000018	0.018127	
474	1.000025	0.000042	-0.096802	-0.000042	1.000025	0.017578	
475	1.000295	0.000282	-0.228821	-0.000282	1.000295	0.033234	
476	1.000168	0.000908	-0.596802	-0.000908	1.000168	0.798431	
477	1.000221	-0.000037	-0.154968	0.000037	1.000221	-0.058411	
478	0.999905	-0.000139	-0.119629	0.000139	0.999905	0.081512	
479	1.000868	-0.001827	0.499512	0.001827	1.000868	-1.578491	
480	1.000597	-0.000751	0.167419	0.000751	1.000597	-0.331482	
481	0.999915	-0.000427	0.477112	0.000427	0.999915	-0.069000	
482	1.001056	-0.000749	-0.434021	0.000749	1.001056	-0.691559	
483	0.999864	-0.000261	0.180908	0.000261	0.999864	0.076111	
484	1.000019	-0.000203	0.089844	0.000203	1.000019	-0.048492	
485	0.999874	-0.000191	0.262268	0.000191	0.999874	0.010162	
486	1.000351	0.001101	-0.651428	-0.001101	1.000351	0.389832	
487	1.000158	0.000081	0.075989	-0.000081	1.000158	0.075562	
488	1.001273	0.000618	-1.029419	-0.000618	1.001273	0.338547	
489	0.999780	-0.000319	0.099304	0.000319	0.999780	-0.074219	
490	1.006006	-0.003213	-2.236328	0.003213	1.006006	-4.925812	
491	1.000281	-0.000136	-0.267578	0.000136	1.000281	-0.062378	
492	0.998846	-0.001154	0.365601	0.001154	0.998846	-0.290009	
493	1.000116	-0.000099	-0.208984	0.000099	1.000116	0.012421	
494	1.000463	-0.000360	-0.456665	0.000360	1.000463	-0.251007	
495	1.000756	0.000666	-1.131287	-0.000666	1.000756	0.481293	
496	0.999972	-0.000474	-0.033203	0.000474	0.999972	-0.139465	
497	1.000364	-0.000115	-0.346619	0.000115	1.000364	-0.057678	
498	1.000376	0.004120	-3.236206	-0.004120	1.000376	2.774658	
499	0.999719	-0.000069	-0.066772	0.000069	0.999719	0.108032	
500	0.999893	-0.000012	0.016907	0.000012	0.999893	0.057495	
501	0.999260	-0.000065	0.367126	0.000065	0.999260	0.229584	
502	0.999569	-0.000091	0.178345	0.000091	0.999569	0.047058	
503	0.999680	0.000054	0.136475	-0.000054	0.999680	0.049011	
504	1.000076	-0.000055	-0.172791	0.000055	1.000076	-0.063873	
505	0.999883	0.000015	0.031799	-0.000015	0.999883	0.000916	
506	0.999938	-0.000025	-0.022705	0.000025	0.999938	-0.003448	
507	0.998430	-0.002304	1.323425	0.002304	0.998430	-1.238556	
508	1.000087	-0.000028	-0.109131	0.000028	1.000087	-0.004517	
509	0.999611	-0.000081	0.339783	0.000081	0.999611	-0.077118	
510	0.994762	-0.008655	8.436096	0.008655	0.994762	-3.291290	
511	1.000053	0.000203	-0.087097	-0.000203	1.000053	0.061401	
512	1.000053	0.000203	-0.087097	-0.000203	1.000053	0.061401	
513	0.999913	-0.000020	-0.126709	0.000020	0.999913	-0.173584	
514	1.000131	-0.000259	-0.134338	0.000259	1.000131	-0.169647	
515	1.001822	-0.000438	-0.019714	0.000438	1.001822	-0.753052	
516	0.999209	-0.000206	0.648987	0.000206	0.999209	-0.028381	
517	1.001981	-0.000903	-1.543884	0.000903	1.001981	-1.208374	
518	1.001981	-0.000903	-1.543884	0.000903	1.001981	-1.208374	
519	1.001981	-0.000903	-1.543884	0.000903	1.001981	-1.208374	
520	1.000095	0.000032	-0.110046	-0.000032	1.000095	-0.031891	
521	1.000047	-0.000022	-0.065979	0.000022	1.000047	-0.014465	
522	1.000047	-0.000022	-0.065979	0.000022	1.000047	-0.014465	
523	0.998073	-0.002032	5.986938	0.002032	0.998073	-1.057861	
524	0.998073	-0.002032	5.986938	0.002032	0.998073	-1.057861	
525	1.001146	0.010080	-2.979431	-0.010080	1.001146	7.399139	
526	1.001146	0.010080	-2.979431	-0.010080	1.001146	7.399139	
527	1.000085	-0.000109	-0.041870	0.000109	1.000085	-0.070923	
528	0.999851	-0.000115	-0.452759	0.000115	0.999851	0.050598	
529	0.999761	-0.000930	0.062134	0.000930	0.999761	-0.538788	
530	0.999955	-0.000006	-0.539551	0.000006	0.999955	0.023987	
531	1.000914	0.000135	-0.680115	-0.000135	1.000914	-0.208832	
532	1.000914	0.000135	-0.680115	-0.000135	1.000914	-0.208832	
533	1.000255	-0.000068	-0.451233	0.000068	1.000255	-0.165436	
534	0.999813	-0.000278	-2.314941	0.000278	0.999813	-0.205414	
535	0.999998	-0.000021	-2.739197	0.000021	0.999998	0.010498	
536	1.000289	0.000130	-8.236267	-0.000130	1.000289	-0.239868	
537	1.000289	0.000130	-8.236267	-0.000130	1.000289	-0.239868	
538	1.000503	0.000032	-10.161926	-0.000032	1.000503	-0.155060	
539	0.999126	0.000576	-5.148193	-0.000576	0.999126	0.443512	
540	0.999126	0.000576	-5.148193	-0.000576	0.999126	0.443512	
541	1.000308	0.000445	-6.029907	-0.000445	1.000308	0.172394	
542	1.000359	0.000407	-10.297607	-0.000407	1.000359	0.118835	
543	1.000100	0.000065	-5.004883	-0.000065	1.000100	0.055908	
544	1.000030	0.000188	-8.433105	-0.000188	1.000030	0.079254	
545	1.000288	0.000242	-4.754944	-0.000242	1.000288	-0.099426	
546	1.000288	0.000242	-4.754944	-0.000242	1.000288	-0.099426	
547	0.999940	0.000270	-5.468750	-0.000270	0.999940	0.182037	
548	0.999940	0.000270	-5.468750	-0.000270	0.999940	0.182037	
549	1.000377	0.000440	-6.312012	-0.000440	1.000377	0.083832	
550	1.000377	0.000440	-6.312012	-0.000440	1.000377	0.083832	
551	1.000377	0.000440	-6.312012	-0.000440	1.000377	0.083832	
552	0.999986	0.000442	-13.067749	-0.000442	0.999986	0.240265	
553	1.006097	-0.023367	2.720337	0.023367	1.006097	-26.392212	
554	0.999793	-0.000027	-12.958130	0.000027	0.999793	0.101013	
555	1.001162	0.000449	-6.525330	-0.000449	1.001162	-0.020355	
556	1.000474	0.000232	-11.642639	-0.000232	1.000474	0.036774	
557	0.999925	0.000179	-5.945190	-0.000179	0.999925	0.172852	
558	0.999378	0.000425	-10.997253	-0.000425	0.999378	0.550568	
559	0.999551	0.000335	-4.620056	-0.000335	0.999551	0.657623	
560	1.000302	0.000172	-8.272217	-0.000172	1.000302	0.039154	
561	0.996726	-0.001417	-1.197205	0.001417	0.996726	0.987061	
562	0.999315	-0.000303	-5.498901	0.000303	0.999315	0.348511	
563	0.999393	-0.000888	-2.501953	0.000888	0.999393	0.125916	
564	0.999903	-0.000255	-5.075317	0.000255	0.999903	0.083923	
565	0.999962	0.000135	-2.149841	-0.000135	0.999962	0.130463	
566	0.999962	0.000135	-2.149841	-0.000135	0.999962	0.130463	
567	1.006339	0.005209	-4.476501	-0.005209	1.006339	1.072296	
568	1.000268	0.000123	-1.682251	-0.000123	1.000268	-0.092987	
569	1.000317	0.000054	-0.653564	-0.000054	1.000317	-0.039886	
570	1.000227	0.000134	-0.315125	-0.000134	1.000227	-0.069305	
571	1.000119	-0.000047	-0.574646	0.000047	1.000119	-0.041290	
572	0.997934	0.001154	7.004944	-0.001154	0.997934	1.393982	
573	0.997934	0.001154	7.004944	-0.001154	0.997934	1.393982	
574	1.000180	-0.000346	-0.601135	0.000346	1.000180	-0.241913	
575	0.999569	-0.000709	-4.920502	0.000709	0.999569	-0.059875	
576	1.000957	0.000354	-3.582153	-0.000354	1.000957	-0.243103	
577	1.000957	0.000354	-3.582153	-0.000354	1.000957	-0.243103	
578	1.000664	0.011566	-3.386902	-0.011566	1.000664	6.620300	
579	1.000664	0.011566	-3.386902	-0.011566	1.000664	6.620300	
580	1.000463	0.000660	-4.173828	-0.000660	1.000463	0.164825	
581	1.000131	0.000732	-8.914612	-0.000732	1.000131	0.235107	
582	1.008294	0.001943	-6.643738	-0.001943	1.008294	-2.879547	
583	1.008294	0.001943	-6.643738	-0.001943	1.008294	-2.879547	
584	1.004952	0.001486	-7.068176	-0.001486	1.004952	-1.233734	
585	1.008820	0.002836	-17.246826	-0.002836	1.008820	-4.328003	
586	1.005928	-0.003442	-6.260681	0.003442	1.005928	-5.727203	
587	0.997604	-0.000252	-6.384705	0.000252	0.997604	0.669067	
588	1.002288	-0.000381	-2.393799	0.000381	1.002288	-0.827850	
589	1.000663	0.000267	-3.564636	-0.000267	1.000663	-0.122131	
590	0.999275	0.000140	-2.909607	-0.000140	0.999275	0.367981	
591	1.000269	0.000525	-5.284332	-0.000525	1.000269	0.136047	
592	0.998525	-0.000818	-1.668274	0.000818	0.998525	0.201019	
593	0.997656	-0.000678	-2.650635	0.000678	0.997656	0.459320	
594	0.999830	-0.000438	-1.339478	0.000438	0.999830	-0.135315	
595	0.999993	-0.000194	-2.842468	0.000194	0.999993	0.258820	
596	0.999151	-0.000030	-0.574829	0.000030	0.999151	0.454163	
597	1.000121	0.000349	-1.455872	-0.000349	1.000121	0.461792	
598	1.000478	0.000059	-0.998108	-0.000059	1.000478	-0.038177	
599	1.000507	-0.000427	-1.572388	0.000427	1.000507	-0.074493	
600	0.999070	-0.000439	-0.583069	0.000439	0.999070	0.445984	
601	1.000308	-0.000388	-2.094788	0.000388	1.000308	-0.040588	
602	1.001472	-0.004804	0.513306	0.004804	1.001472	-3.416809	
603	1.001675	0.001307	-2.380707	-0.001307	1.001675	-0.259613	
604	0.999454	-0.000578	-0.923401	0.000578	0.999454	0.219910	
605	0.999454	-0.000578	-0.923401	0.000578	0.999454	0.219910	
606	1.000195	-0.001103	-1.119873	0.001103	1.000195	-0.177856	
607	1.001369	-0.000339	-3.434937	0.000339	1.001369	0.001953	
608	1.000638	0.001753	-1.719971	-0.001753	1.000638	0.487427	
609	0.998335	-0.000774	-1.495972	0.000774	0.998335	0.712463	
610	0.999704	0.000161	-1.048706	-0.000161	0.999704	0.165100	
611	0.999304	0.000275	-1.881958	-0.000275	0.999304	0.604584	
612	1.001577	0.000867	-2.005859	-0.000867	1.001577	-0.100372	
613	0.999086	0.000505	-0.892914	-0.000505	0.999086	1.207031	
614	1.000625	0.001200	-0.921753	-0.001200	1.000625	0.751678	
615	1.001102	0.004067	-2.548645	-0.004067	1.001102	1.626648	
616	1.000472	0.001128	-1.302856	-0.001128	1.000472	0.161652	
617	1.000003	0.000280	-0.714050	-0.000280	1.000003	0.007233	
618	0.999503	0.000431	-0.281250	-0.000431	0.999503	0.209869	
619	1.001422	0.000791	-3.596832	-0.000791	1.001422	-0.249023	
620	1.000107	-0.000097	-1.348328	0.000097	1.000107	-0.123138	
621	0.999778	-0.000351	-4.644348	0.000351	0.999778	-0.007965	
622	1.000031	0.000124	-2.286438	-0.000124	1.000031	-0.040131	
623	1.000337	0.000428	-4.521240	-0.000428	1.000337	-0.004822	
624	1.000978	0.000206	-2.783203	-0.000206	1.000978	-0.255493	
625	1.001584	0.001127	-4.267761	-0.001127	1.001584	-0.115967	
626	1.001356	-0.000308	-1.782501	0.000308	1.001356	-0.449768	
627	0.999163	0.000037	-1.717865	-0.000037	0.999163	0.299713	
628	1.000300	0.000183	-1.109802	-0.000183	1.000300	-0.051025	
629	1.000426	0.000642	-3.273682	-0.000642	1.000426	0.150055	
630	1.000379	0.000297	-1.833435	-0.000297	1.000379	0.056702	
631	1.000960	0.001190	-3.489716	-0.001190	1.000960	0.070282	
632	1.000066	0.000129	-1.773804	-0.000129	1.000066	0.093109	
633	1.000639	0.000572	-3.282471	-0.000572	1.000639	-0.008179	
634	1.000558	0.000475	-1.731262	-0.000475	1.000558	-0.007843	
635	1.000869	-0.000587	-1.477600	0.000587	1.000869	-0.269684	
636	1.006327	0.002315	-5.521362	-0.002315	1.006327	-1.667053	
637	1.011009	0.003855	-7.005798	-0.003855	1.011009	-2.973145	
638	1.000287	-0.000201	-0.269958	0.000201	1.000287	-0.125702	
639	1.000103	-0.000041	-0.569794	0.000041	1.000103	-0.059998	
640	0.999543	-0.001011	0.003540	0.001011	0.999543	-0.143097	
641	0.999939	0.000763	-1.208221	-0.000763	0.999939	0.184326	
642	1.001454	0.000291	-1.911377	-0.000291	1.001454	-0.400085	
643	0.999657	0.000209	-1.445831	-0.000209	0.999657	0.176758	
644	1.001745	0.002003	-1.726318	-0.002003	1.001745	-0.072784	
645	1.000223	0.000430	-1.437500	-0.000430	1.000223	0.115509	
646	1.000398	0.000452	-0.664185	-0.000452	1.000398	0.076691	
647	1.000918	0.000155	-1.085358	-0.000155	1.000918	-0.222534	
648	1.000315	-0.000106	-0.635071	0.000106	1.000315	-0.175354	
649	1.000405	0.000401	-1.832825	-0.000401	1.000405	-0.016144	
650	0.999810	0.000333	-1.190247	-0.000333	0.999810	0.280670	
651	1.000067	0.000612	-3.381653	-0.000612	1.000067	0.179047	
652	0.999022	0.000533	-1.766541	-0.000533	0.999022	0.572266	
653	1.000667	0.001806	-4.695251	-0.001806	1.000667	0.287903	
654	0.999811	0.000178	-1.510864	-0.000178	0.999811	0.118896	
655	1.000221	0.000416	-3.827087	-0.000416	1.000221	0.150391	
656	1.000002	-0.000031	-1.566467	0.000031	1.000002	-0.006317	
657	0.999632	-0.000305	-3.010101	0.000305	0.999632	0.431458	
658	0.999660	0.001034	-1.816711	-0.001034	0.999660	0.406006	
659	0.999690	0.000110	-2.239014	-0.000110	0.999690	0.276917	
660	0.999975	0.000510	-1.282654	-0.000510	0.999975	0.252014	
661	0.998706	0.000813	-1.900543	-0.000813	0.998706	0.664093	
662	0.999678	0.000389	-0.895447	-0.000389	0.999678	0.238831	
663	1.000193	0.000172	-1.372742	-0.000172	1.000193	-0.003693	
664	1.000241	0.000221	-0.622070	-0.000221	1.000241	0.025024	
665	0.999412	-0.001119	-0.837799	0.001119	0.999412	0.461517	
666	1.000964	0.000551	-1.278870	-0.000551	1.000964	0.398895	
667	1.000496	0.000524	-0.739075	-0.000524	1.000496	0.522308	
668	1.000162	-0.000270	-0.055420	0.000270	1.000162	-0.078339	
669	0.996122	-0.001949	4.198608	0.001949	0.996122	0.399017	
670	0.999775	0.000169	0.021057	-0.000169	0.999775	0.061401	
671	1.000482	0.000004	-0.152466	-0.000004	1.000482	-0.242615	
672	1.000254	-0.000366	0.061157	0.000366	1.000254	-0.202179	
673	1.001531	-0.000676	0.092499	0.000676	1.001531	-0.930450	
674	1.000041	0.000207	-0.118103	-0.000207	1.000041	-0.002411	
675	0.998038	-0.000100	0.712372	0.000100	0.998038	0.721100	
676	1.000241	0.000507	-0.104858	-0.000507	1.000241	0.005615	
677	1.000637	-0.000268	0.129761	0.000268	1.000637	-0.197357	
678	0.999889	0.000082	0.124023	-0.000082	0.999889	0.041748	
679	0.999483	0.000477	0.222076	-0.000477	0.999483	0.213593	
680	1.001015	-0.000885	0.208069	0.000885	1.001015	-0.383789	
681	0.997293	-0.002495	1.538788	0.002495	0.997293	-0.056396	
682	0.999800	0.000147	0.373810	-0.000147	0.999800	0.069397	
683	0.991871	0.083208	-35.806885	-0.083208	0.991871	73.595825	
684	0.990630	0.043112	-15.554138	-0.043112	0.990630	41.297577	
685	1.000122	-0.000162	1.238129	0.000162	1.000122	-0.051636	
686	0.999466	-0.000350	0.838257	0.000350	0.999466	0.064575	
687	0.999117	0.000289	2.864288	-0.000289	0.999117	0.235535	
688	0.999940	0.000095	2.278809	-0.000095	0.999940	0.013336	
689	0.999940	0.000095	2.278809	-0.000095	0.999940	0.013336	
690	0.999940	0.000095	2.278809	-0.000095	0.999940	0.013336	
691	0.999563	-0.000002	8.541565	0.000002	0.999563	0.020020	
692	0.999563	-0.000002	8.541565	0.000002	0.999563	0.020020	
693	0.999563	-0.000002	8.541565	0.000002	0.999563	0.020020	
694	0.999563	-0.000002	8.541565	0.000002	0.999563	0.020020	
695	0.999563	-0.000002	8.541565	0.000002	0.999563	0.020020	
696	1.007834	-0.015221	6.339539	0.015221	1.007834	-18.106293	
697	1.007834	-0.015221	6.339539	0.015221	1.007834	-18.106293	
698	1.007834	-0.015221	6.339539	0.015221	1.007834	-18.106293	
699	1.007834	-0.015221	6.339539	0.015221	1.007834	-18.106293	
700	1.007834	-0.015221	6.339539	0.015221	1.007834	-18.106293	
701	1.007834	-0.015221	6.339539	0.015221	1.007834	-18.106293	
702	0.984031	-0.007460	22.416260	0.007460	0.984031	-0.670441	
703	0.984031	-0.007460	22.416260	0.007460	0.984031	-0.670441	
704	0.984031	-0.007460	22.416260	0.007460	0.984031	-0.670441	
705	0.984031	-0.007460	22.416260	0.007460	0.984031	-0.670441	
706	0.999887	-0.005249	5.737183	0.005249	0.999887	3.271820	
707	0.999887	-0.005249	5.737183	0.005249	0.999887	3.271820	
708	0.999887	-0.005249	5.737183	0.005249	0.999887	3.271820	
709	0.999887	-0.005249	5.737183	0.005249	0.999887	3.271820	
710	1.000020	-0.000002	5.524170	0.000002	1.000020	0.015625	
711	1.000020	-0.000002	5.524170	0.000002	1.000020	0.015625	
712	1.000020	-0.000002	5.524170	0.000002	1.000020	0.015625	
713	1.000020	-0.000002	5.524170	0.000002	1.000020	0.015625	
714	1.000020	-0.000002	5.524170	0.000002	1.000020	0.015625	
715	1.000020	-0.000002	5.524170	0.000002	1.000020	0.015625	
716	1.009452	-0.000664	-4.476135	0.000664	1.009452	-2.537109	
717	1.025603	-0.010002	-7.197937	0.010002	1.025603	-19.440735	
718	0.999837	-0.000125	4.303406	0.000125	0.999837	-0.229950	
719	0.999467	-0.001600	8.804016	0.001600	0.999467	-1.072845	
720	1.015564	-0.007994	-6.284729	0.007994	1.015564	-13.584412	
721	0.999647	-0.000330	8.799866	0.000330	0.999647	-0.099701	
722	0.995297	-0.005887	7.634583	0.005887	0.995297	-2.819580	
723	1.000354	-0.003078	8.350159	0.003078	1.000354	-2.104340	
724	0.999592	-0.001170	4.142212	0.001170	0.999592	-0.642609	
725	1.000644	-0.000429	5.108643	0.000429	1.000644	-0.467407	
726	1.001214	0.000208	1.105164	-0.000208	1.001214	-0.019806	
727	1.001214	0.000208	1.105164	-0.000208	1.001214	-0.019806	
728	0.999974	-0.000203	1.717773	0.000203	0.999974	-0.076202	
729	1.002678	0.003830	0.227356	-0.003830	1.002678	2.119019	
730	1.001427	0.004910	-0.481689	-0.004910	1.001427	3.046600	
731	0.999763	0.000063	2.983887	-0.000063	0.999763	-0.059174	
732	1.001093	-0.000275	-0.112305	0.000275	1.001093	-0.584625	
733	1.000735	-0.000338	1.133057	0.000338	1.000735	-0.490295	
734	0.999972	0.000256	0.846497	-0.000256	0.999972	0.174896	
735	0.999912	0.000337	0.554199	-0.000337	0.999912	0.166504	
736	0.999994	0.000334	0.319214	-0.000334	0.999994	0.216095	
737	0.999511	0.003397	0.329041	-0.003397	0.999511	2.452118	
738	1.000143	0.000196	-0.034607	-0.000196	1.000143	0.066315	
739	1.000143	0.000196	-0.034607	-0.000196	1.000143	0.066315	
740	1.000201	0.000164	-0.051636	-0.000164	1.000201	0.075867	
741	0.993555	0.000635	8.093567	-0.000635	0.993555	0.429413	
742	1.000075	0.000247	-0.251404	-0.000247	1.000075	-0.013947	
743	1.000145	0.002098	-1.085693	-0.002098	1.000145	1.447815	
744	0.998380	0.000657	1.403687	-0.000657	0.998380	0.946411	
745	0.999099	-0.000420	0.680054	0.000420	0.999099	-0.155029	
746	1.005822	-0.000804	-3.308899	0.000804	1.005822	-3.601807	
747	1.017065	-0.006878	-7.128479	0.006878	1.017065	-13.625580	
748	0.995515	0.006379	2.107483	-0.006379	0.995515	4.960510	
749	0.993169	0.004197	6.759827	-0.004197	0.993169	5.144684	
750	0.997507	-0.000122	2.723022	0.000122	0.997507	1.242279	
751	1.000411	0.000022	-0.658386	-0.000022	1.000411	-0.030975	
752	0.999980	0.000358	-0.248779	-0.000358	0.999980	0.232605	
753	0.999980	0.000358	-0.248779	-0.000358	0.999980	0.232605	
754	0.999619	-0.000532	-0.311768	0.000532	0.999619	-0.239563	
755	1.000704	0.000140	-0.940491	-0.000140	1.000704	0.107452	
756	1.000866	0.000088	-0.609985	-0.000088	1.000866	-0.111542	
757	1.000293	-0.000021	-2.184509	0.000021	1.000293	-0.033752	
758	0.998103	-0.001517	1.375977	0.001517	0.998103	0.066132	
759	1.000108	0.000149	-2.868958	-0.000149	1.000108	0.053680	
760	1.000329	0.000017	-1.689514	-0.000017	1.000329	0.084290	
761	1.001290	-0.000415	-5.724731	0.000415	1.001290	-0.503326	
762	1.000155	-0.000057	-3.337341	0.000057	1.000155	-0.014740	
763	0.999954	-0.000064	-6.985657	0.000064	0.999954	0.199005	
764	0.999853	0.000143	-2.422791	-0.000143	0.999853	0.133820	
765	0.999853	0.000143	-2.422791	-0.000143	0.999853	0.133820	
766	1.000076	0.000036	-2.268738	-0.000036	1.000076	0.015594	
767	1.000076	0.000036	-2.268738	-0.000036	1.000076	0.015594	
768	1.000067	0.000253	-1.703613	-0.000253	1.000067	0.086670	
769	1.000067	0.000253	-1.703613	-0.000253	1.000067	0.086670	
770	1.000113	0.000009	-1.369873	-0.000009	1.000113	-0.222382	
771	1.000026	0.000285	-2.754639	-0.000285	1.000026	-0.169952	
772	1.000026	0.000285	-2.754639	-0.000285	1.000026	-0.169952	
773	1.000642	0.002290	-2.975586	-0.002290	1.000642	1.195892	
774	0.998236	0.010186	-1.803894	-0.010186	0.998236	6.034271	
775	1.000116	0.000250	-3.106262	-0.000250	1.000116	-0.253632	
776	0.999971	0.000048	-2.350708	-0.000048	0.999971	-0.189026	
777	1.002919	0.002248	-5.280060	-0.002248	1.002919	-0.754395	
778	0.999215	0.001071	-1.410583	-0.001071	0.999215	1.219849	
779	0.997451	-0.005272	5.598816	0.005272	0.997451	-3.185730	
780	1.000079	0.000172	-2.158325	-0.000172	1.000079	0.061127	
781	1.000134	-0.000056	-3.765503	0.000056	1.000134	-0.052521	
782	1.000037	-0.000087	-1.951843	0.000087	1.000037	-0.063965	
783	0.999021	-0.000354	-3.325012	0.000354	0.999021	-0.142883	
784	1.000100	-0.000579	-1.320862	0.000579	1.000100	-0.412140	
785	1.000307	0.000280	-3.706787	-0.000280	1.000307	0.010101	
786	1.000328	0.000844	-2.386047	-0.000844	1.000328	0.674896	
787	1.000309	-0.000414	-3.539093	0.000414	1.000309	-0.254639	
788	1.000162	-0.000295	-1.945435	0.000295	1.000162	-0.098267	
789	1.000162	-0.000295	-1.945435	0.000295	1.000162	-0.098267	
790	1.000019	0.000050	-2.230530	-0.000050	1.000019	0.015411	
791	1.000019	0.000050	-2.230530	-0.000050	1.000019	0.015411	
792	0.999508	-0.000813	-0.763733	0.000813	0.999508	-0.336182	
793	1.000143	0.000222	-3.364319	-0.000222	1.000143	-0.043671	
794	1.001640	-0.000754	-2.760986	0.000754	1.001640	-0.776001	
795	0.999789	0.000347	-2.083618	-0.000347	0.999789	0.316071	
796	0.999996	-0.000067	-1.068665	0.000067	0.999996	-0.013916	
797	1.000074	0.000123	-1.614075	-0.000123	1.000074	0.074493	
798	0.999960	-0.000120	-0.322693	0.000120	0.999960	0.018860	
799	0.999999	0.000087	-0.281250	-0.000087	0.999999	0.080658	
800	1.004156	-0.004487	-1.871277	0.004487	1.004156	-3.498322	
801	1.000833	0.001176	-0.614197	-0.001176	1.000833	0.602051	
802	0.999933	-0.000044	0.052124	0.000044	0.999933	-0.002228	
803	0.999933	-0.000044	0.052124	0.000044	0.999933	-0.002228	
804	0.999120	-0.000453	1.629578	0.000453	0.999120	-0.052429	
805	0.998362	-0.003030	7.356750	0.003030	0.998362	-1.817596	
806	0.998250	-0.000753	4.408936	0.000753	0.998250	-0.116760	
807	0.999756	0.000039	8.587280	-0.000039	0.999756	-0.045654	
808	1.011117	-0.004950	0.231750	0.004950	1.011117	-7.629517	
809	1.000551	-0.000925	9.696411	0.000925	1.000551	-1.027832	
810	1.003390	-0.000595	4.548462	0.000595	1.003390	-2.236755	
811	1.004345	-0.006232	9.848145	0.006232	1.004345	-5.404846	
812	1.001407	-0.010567	8.214478	0.010567	1.001407	-6.216492	
813	1.000346	-0.000278	3.948669	0.000278	1.000346	-0.261200	
814	0.979971	-0.001079	20.399536	0.001079	0.979971	8.269653	
815	0.979971	-0.001079	20.399536	0.001079	0.979971	8.269653	
816	1.005314	0.004126	-3.577637	-0.004126	1.005314	1.653351	
817	1.000006	-0.000084	0.507080	0.000084	1.000006	-0.052856	
818	1.000238	0.000079	-0.080383	-0.000079	1.000238	0.079498	
819	1.000238	0.000079	-0.080383	-0.000079	1.000238	0.079498	
820	1.001258	0.000640	-0.860535	-0.000640	1.001258	0.180023	
821	1.000280	0.000013	-0.129700	-0.000013	1.000280	0.068939	
822	0.999632	0.010482	-2.109924	-0.010482	0.999632	10.277740	
823	1.005210	0.000186	-1.194702	-0.000186	1.005210	-2.246063	
824	1.001335	-0.007275	3.486511	0.007275	1.001335	-6.301697	
825	0.999990	0.000425	-0.123474	-0.000425	0.999990	0.147125	
826	0.994975	-0.001020	5.517578	0.001020	0.994975	1.497467	
827	0.999913	0.000113	-0.632507	-0.000113	0.999913	0.094635	
828	1.005519	-0.002195	-0.522400	0.002195	1.005519	-4.143616	
829	1.000264	0.000323	-0.207764	-0.000323	1.000264	0.128296	
830	1.000736	0.000397	-0.048096	-0.000397	1.000736	-0.040436	
831	1.001249	0.000825	-0.724792	-0.000825	1.001249	-0.117371	
832	0.999682	0.001115	0.509338	-0.001115	0.999682	0.505829	
833	1.002311	0.002027	-2.096802	-0.002027	1.002311	0.580658	
834	1.000647	0.001820	-0.726868	-0.001820	1.000647	0.286652	
835	0.999529	0.002267	-0.231506	-0.002267	0.999529	1.614960	
836	0.999907	0.000459	0.082642	-0.000459	0.999907	0.386292	
837	1.002278	0.004476	-2.784363	-0.004476	1.002278	2.299957	
838	0.998540	0.002043	0.047607	-0.002043	0.998540	1.752380	
839	1.000650	0.000509	-1.693481	-0.000509	1.000650	0.163300	
840	1.000199	0.000119	-1.228760	-0.000119	1.000199	0.041260	
841	1.001118	0.000528	-3.435791	-0.000528	1.001118	0.031342	
842	1.000008	0.000284	-1.606628	-0.000284	1.000008	0.272461	
843	0.999872	-0.000103	-3.068298	0.000103	0.999872	0.120453	
844	0.999679	-0.000214	-1.430542	0.000214	0.999679	0.036987	
845	0.999770	0.000293	-3.454895	-0.000293	0.999770	0.426971	
846	0.996435	-0.003834	3.609497	0.003834	0.996435	-1.627869	
847	0.998886	-0.001666	-1.846741	0.001666	0.998886	-0.494476	
848	0.998946	-0.000214	-0.034851	0.000214	0.998946	0.445465	
849	0.999895	-0.000311	-2.796570	0.000311	0.999895	0.009155	
850	0.999778	0.000103	-1.816284	-0.000103	0.999778	0.360321	
851	0.999864	0.000178	-2.437317	-0.000178	0.999864	0.225677	
852	0.999672	-0.000007	-1.269409	0.000007	0.999672	0.254761	
853	0.999895	-0.000029	-2.830444	0.000029	0.999895	0.130981	
854	0.999408	0.000107	-1.422913	-0.000107	0.999408	0.546814	
855	0.999778	0.000188	-2.698364	-0.000188	0.999778	0.393524	
856	0.996784	0.001507	0.131897	-0.001507	0.996784	2.501587	
857	0.999534	0.000073	-2.828552	-0.000073	0.999534	0.326416	
858	0.999494	0.000170	-0.781860	-0.000170	0.999494	0.330627	
859	0.999644	0.000454	-1.482971	-0.000454	0.999644	0.391449	
860	0.999824	-0.000120	-0.568237	0.000120	0.999824	0.112396	
861	1.001176	-0.002166	-1.188110	0.002166	1.001176	-1.864197	
862	1.000420	-0.000306	-0.199951	0.000306	1.000420	-0.673370	
863	0.999851	-0.000005	-0.260864	0.000005	0.999851	-1.691742	
864	1.000095	-0.000125	-0.054993	0.000125	1.000095	-1.608002	
865	0.999942	0.000076	0.007507	-0.000076	0.999942	-4.213684	
866	1.000167	-0.000112	-0.081360	0.000112	1.000167	-2.395844	
867	0.999887	-0.000099	0.093384	0.000099	0.999887	-3.955017	
868	1.000171	-0.000053	-0.146790	0.000053	1.000171	-1.754547	
869	1.000391	-0.000047	-0.275696	0.000047	1.000391	-2.219818	
870	1.000039	-0.000012	-0.067627	0.000012	1.000039	-0.731628	
871	1.001885	-0.000127	-1.155884	0.000127	1.001885	-2.703705	
872	1.001579	-0.000312	-0.917297	0.000312	1.001579	-1.516571	
873	1.003522	-0.000175	-2.346375	0.000175	1.003522	-3.151550	
874	1.002003	-0.000060	-1.403748	0.000060	1.002003	-1.772186	
875	1.005234	-0.000040	-3.412781	0.000040	1.005234	-4.535553	
876	1.002899	-0.000077	-1.969971	0.000077	1.002899	-2.264191	
877	1.006482	-0.000153	-4.117249	0.000153	1.006482	-5.357269	
878	1.003803	-0.000330	-2.159302	0.000330	1.003803	-2.910736	
879	1.007825	-0.000166	-4.792480	0.000166	1.007825	-5.911194	
880	1.003935	-0.000360	-2.262939	0.000360	1.003935	-3.031738	
881	1.007859	-0.000076	-5.359985	0.000076	1.007859	-5.570587	
882	1.003985	-0.000039	-2.916321	0.000039	1.003985	-3.273590	
883	1.007666	0.000002	-6.761047	-0.000002	1.007666	-7.359314	
884	1.004086	0.000110	-3.771851	-0.000110	1.004086	-3.871307	
885	1.011615	-0.009833	-4.646545	0.009833	1.011615	-20.033478	
886	1.004124	-0.000004	-3.986023	0.000004	1.004124	-2.988129	
887	1.008438	-0.000049	-8.755493	0.000049	1.008438	-3.966064	
888	1.004239	0.000247	-4.735962	-0.000247	1.004239	-1.151215	
889	1.008168	-0.000030	-7.474243	0.000030	1.008168	-1.824860	
890	1.004128	-0.000049	-4.586609	0.000049	1.004128	-1.002716	
891	1.007546	0.000086	-9.150330	-0.000086	1.007546	-2.209778	
892	1.004091	0.000163	-4.958679	-0.000163	1.004091	-0.971893	
893	1.016739	0.004569	-15.756836	-0.004569	1.016739	-6.674377	
894	1.004363	0.000394	-4.047607	-0.000394	1.004363	-0.844360	
895	1.017813	0.010454	-14.560120	-0.010454	1.017813	0.125427	
896	1.004863	0.001345	-3.235413	-0.001345	1.004863	-0.307007	
897	1.008050	0.003992	-5.700623	-0.003992	1.008050	2.072495	
898	1.008625	0.005384	-6.261353	-0.005384	1.008625	2.058838	
899	1.008823	-0.000120	-6.587158	0.000120	1.008823	0.903778	
900	1.009086	0.000100	-4.857422	-0.000100	1.009086	-1.599030	
901	1.010749	0.000490	-9.452026	-0.000490	1.010749	-2.992218	
902	1.005776	0.000758	-6.099670	-0.000758	1.005776	-1.075928	
903	1.004912	0.004422	-4.133423	-0.004422	1.004912	5.218781	
904	1.009159	0.000382	-11.276123	-0.000382	1.009159	-2.983368	
905	1.003378	0.007722	-3.534546	-0.007722	1.003378	7.566864	
906	1.003378	0.007722	-3.534546	-0.007722	1.003378	7.566864	
907	1.004278	0.000276	-6.682190	-0.000276	1.004278	-1.318756	
908	0.996291	-0.017153	10.146667	0.017153	0.996291	-6.273560	
909	1.004490	-0.009670	-0.023010	0.009670	1.004490	-6.841156	
910	0.988097	-0.006429	8.372192	0.006429	0.988097	0.774719	
911	1.001627	-0.009909	3.720581	0.009909	1.001627	-6.676361	
912	1.001620	-0.020078	7.603271	0.020078	1.001620	-12.243164	
913	1.002696	-0.010004	1.991882	0.010004	1.002696	-7.595917	
914	1.008655	-0.000163	-10.572144	0.000163	1.008655	-5.638611	
915	1.004671	0.000153	-5.156372	-0.000153	1.004671	-2.836670	
916	1.008443	-0.000290	-10.222656	0.000290	1.008443	-4.729645	
917	1.004048	0.000123	-5.235535	-0.000123	1.004048	-1.924561	
918	1.008731	-0.000615	-11.465210	0.000615	1.008731	-3.971985	
919	1.003987	-0.005757	-1.294739	0.005757	1.003987	-5.018311	
920	1.002710	-0.010567	0.742981	0.010567	1.002710	-9.082092	
921	1.004335	-0.001234	-4.110596	0.001234	1.004335	-2.891693	
922	1.009316	0.000294	-10.606995	-0.000294	1.009316	-4.347900	
923	1.008091	0.007402	-9.439453	-0.007402	1.008091	-1.587341	
924	1.009453	0.000200	-10.542969	-0.000200	1.009453	-4.581757	
925	1.004565	0.000058	-5.223999	-0.000058	1.004565	-2.053436	
926	1.008871	0.003405	-11.558807	-0.003405	1.008871	-3.724518	
927	1.011410	-0.003038	-6.925781	0.003038	1.011410	-12.633514	
928	1.011410	-0.003038	-6.925781	0.003038	1.011410	-12.633514	
929	1.008626	0.000655	-6.189148	-0.000655	1.008626	-8.039642	
930	1.009506	0.000241	-9.426697	-0.000241	1.009506	-4.535248	
931	1.015157	0.005130	-12.941956	-0.005130	1.015157	-6.334290	
932	1.008451	0.001053	-8.616425	-0.001053	1.008451	-3.014465	
933	1.004069	0.000172	-4.301453	-0.000172	1.004069	-1.814850	
934	1.007781	0.001952	-8.445129	-0.001952	1.007781	-2.031647	
935	1.005947	0.004296	-7.459290	-0.004296	1.005947	-0.369751	
936	1.005947	0.004296	-7.459290	-0.004296	1.005947	-0.369751	
937	1.001684	0.000712	-3.573792	-0.000712	1.001684	0.237000	
938	1.001684	0.000712	-3.573792	-0.000712	1.001684	0.237000	
939	1.004652	0.019836	-9.630188	-0.019836	1.004652	15.963318	
940	1.004652	0.019836	-9.630188	-0.019836	1.004652	15.963318	
941	1.020754	0.006902	-16.402771	-0.006902	1.020754	3.406342	
942	1.000542	0.000119	-5.625854	-0.000119	1.000542	-0.265808	
943	1.002842	-0.002341	-2.764099	0.002341	1.002842	-1.579895	
944	1.002842	-0.002341	-2.764099	0.002341	1.002842	-1.579895	
945	1.000727	0.000512	-3.976990	-0.000512	1.000727	-0.007263	
946	1.000169	0.000392	-7.296509	-0.000392	1.000169	0.153564	
947	0.999877	0.000042	-3.867798	-0.000042	0.999877	0.064087	
948	0.999877	0.000042	-3.867798	-0.000042	0.999877	0.064087	
949	1.000158	-0.000121	-3.280823	0.000121	1.000158	-0.134277	
950	1.000057	0.000471	-8.562744	-0.000471	1.000057	0.114746	
951	1.000134	-0.000003	-3.712250	0.000003	1.000134	-0.107971	
952	0.999964	-0.000128	-10.094727	0.000128	0.999964	-0.036987	
953	1.000144	0.000378	-4.352051	-0.000378	1.000144	0.566559	
954	1.000069	0.000160	-6.086182	-0.000160	1.000069	0.884338	
955	0.999989	0.000161	-1.440918	-0.000161	0.999989	0.412262	
956	0.999989	0.000161	-1.440918	-0.000161	0.999989	0.412262	
957	0.999721	-0.000263	-0.700073	0.000263	0.999721	0.277924	
958	0.998311	-0.000150	0.545349	0.000150	0.998311	0.755493	
959	1.002074	0.000188	-0.938934	-0.000188	1.002074	-0.429230	
960	0.999977	0.000109	-2.398254	-0.000109	0.999977	0.287354	
961	1.013680	-0.003089	-6.462524	0.003089	1.013680	-9.138672	
962	1.013680	-0.003089	-6.462524	0.003089	1.013680	-9.138672	
963	1.013680	-0.003089	-6.462524	0.003089	1.013680	-9.138672	
964	1.013680	-0.003089	-6.462524	0.003089	1.013680	-9.138672	
965	1.013680	-0.003089	-6.462524	0.003089	1.013680	-9.138672	
966	0.999835	-0.000156	-3.510162	0.000156	0.999835	0.161438	
967	1.012976	0.005143	-9.631531	-0.005143	1.012976	1.059906	
968	1.012976	0.005143	-9.631531	-0.005143	1.012976	1.059906	
969	1.000506	-0.000197	-1.592987	0.000197	1.000506	-0.085571	
970	1.000506	-0.000197	-1.592987	0.000197	1.000506	-0.085571	
971	0.999987	-0.000093	-3.565552	0.000093	0.999987	0.150024	
972	0.999987	-0.000093	-3.565552	0.000093	0.999987	0.150024	
973	1.000778	0.004644	-7.582123	-0.004644	1.000778	2.087616	
974	1.000778	0.004644	-7.582123	-0.004644	1.000778	2.087616	
975	1.000778	0.004644	-7.582123	-0.004644	1.000778	2.087616	
976	1.000778	0.004644	-7.582123	-0.004644	1.000778	2.087616	
977	1.000778	0.004644	-7.582123	-0.004644	1.000778	2.087616	
978	1.000685	0.001454	1.231140	-0.001454	1.000685	0.102112	
979	1.000685	0.001454	1.231140	-0.001454	1.000685	0.102112	
980	1.000685	0.001454	1.231140	-0.001454	1.000685	0.102112	
981	1.000685	0.001454	1.231140	-0.001454	1.000685	0.102112	
982	1.000685	0.001454	1.231140	-0.001454	1.000685	0.102112	
983	1.000685	0.001454	1.231140	-0.001454	1.000685	0.102112	
984	1.000685	0.001454	1.231140	-0.001454	1.000685	0.102112	
985	1.000685	0.001454	1.231140	-0.001454	1.000685	0.102112	
986	1.000685	0.001454	1.231140	-0.001454	1.000685	0.102112	
987	0.998488	0.000889	10.136322	-0.000889	0.998488	1.136307	
988	0.998488	0.000889	10.136322	-0.000889	0.998488	1.136307	
989	0.998488	0.000889	10.136322	-0.000889	0.998488	1.136307	
990	0.998488	0.000889	10.136322	-0.000889	0.998488	1.136307	
991	0.998488	0.000889	10.136322	-0.000889	0.998488	1.136307	
992	0.998488	0.000889	10.136322	-0.000889	0.998488	1.136307	
993	0.998488	0.000889	10.136322	-0.000889	0.998488	1.136307	
994	0.998488	0.000889	10.136322	-0.000889	0.998488	1.136307	
995	0.996196	-0.000664	2.916260	0.000664	0.996196	2.978821	
996	0.992765	0.000478	5.750000	-0.000478	0.992765	6.177094	
997	0.997975	-0.002965	4.544922	0.002965	0.997975	1.966156	
998	0.997975	-0.002965	4.544922	0.002965	0.997975	1.966156	
999	0.989954	-0.005793	9.176025	0.005793	0.989954	0.896790	
1000	0.986150	0.000066	12.137146	-0.000066	0.986150	4.926666	
1001	0.992932	0.000212	6.177979	-0.000212	0.992932	2.531891	
1002	0.986500	-0.000129	11.285736	0.000129	0.986500	4.705658	
1003	0.992673	-0.000557	5.558044	0.000557	0.992673	2.403320	
1004	0.986235	-0.000330	9.645142	0.000330	0.986235	4.575897	
1005	0.993279	0.000534	4.954712	-0.000534	0.993279	2.622131	
1006	0.986227	0.000592	13.278687	-0.000592	0.986227	5.659943	
1007	0.992958	0.000359	7.795349	-0.000359	0.992958	3.262177	
1008	0.987184	-0.000130	17.495544	0.000130	0.987184	5.076263	
1009	0.990961	0.002962	9.649658	-0.002962	0.990961	4.873169	
1010	0.987167	-0.000092	15.363098	0.000092	0.987167	6.942505	
1011	0.993605	-0.000347	7.727844	0.000347	0.993605	3.274506	
1012	0.986562	-0.000914	15.716858	0.000914	0.986562	6.319183	
1013	0.993099	-0.000305	4.157959	0.000305	0.993099	-0.158295	
1014	0.993099	-0.000305	4.157959	0.000305	0.993099	-0.158295	
1015	0.994561	-0.000795	4.267456	0.000795	0.994561	1.898804	
1016	0.994561	-0.000795	4.267456	0.000795	0.994561	1.898804	
1017	0.992864	0.000507	5.234070	-0.000507	0.992864	3.565063	
1018	0.996342	0.008424	0.247589	-0.008424	0.996342	7.599670	
1019	0.993148	0.000068	4.459900	-0.000068	0.993148	2.644867	
1020	0.993148	0.000068	4.459900	-0.000068	0.993148	2.644867	
1021	0.993712	0.000361	4.824463	-0.000361	0.993712	2.535950	
1022	0.993712	0.000361	4.824463	-0.000361	0.993712	2.535950	
1023	0.993493	-0.000103	5.710449	0.000103	0.993493	2.399841	
1024	0.987688	0.000238	11.600281	-0.000238	0.987688	4.727844	
1025	0.996129	0.001665	4.183044	-0.001665	0.996129	2.769821	
1026	0.988344	-0.000239	10.174011	0.000239	0.988344	4.183075	
1027	0.993730	-0.000260	5.480591	0.000260	0.993730	2.019196	
1028	0.987282	-0.000396	10.587952	0.000396	0.987282	4.392151	
1029	0.995117	-0.002257	6.064209	0.002257	0.995117	-2.187286	
1030	0.988333	-0.001314	9.494446	0.001314	0.988333	2.716614	
1031	0.994647	0.000270	4.258911	-0.000270	0.994647	1.991272	
1032	0.988679	-0.000022	8.945618	0.000022	0.988679	4.287933	
1033	0.994274	-0.000009	4.711670	0.000009	0.994274	2.186768	
1034	0.988118	-0.000175	9.471130	0.000175	0.988118	4.306946	
1035	0.994001	0.000033	4.814880	-0.000033	0.994001	2.305084	
1036	0.988336	-0.000018	10.393494	0.000018	0.988336	4.199768	
1037	0.994387	-0.000124	4.729980	0.000124	0.994387	1.869019	
1038	0.988558	-0.000028	9.563477	0.000028	0.988558	4.354797	
1039	0.993799	0.000203	5.256348	-0.000203	0.993799	2.509399	
1040	0.988561	-0.000259	10.191223	0.000259	0.988561	4.507660	
1041	0.994597	0.001266	4.976929	-0.001266	0.994597	3.275513	
1042	0.989750	-0.000102	9.281860	0.000102	0.989750	3.759552	
1043	0.995363	0.000067	4.176208	-0.000067	0.995363	1.660034	
1044	0.992127	-0.000052	7.644531	0.000052	0.992127	2.921082	
1045	0.996847	-0.000097	3.183655	0.000097	0.996847	1.172485	
1046	0.996847	-0.000097	3.183655	0.000097	0.996847	1.172485	
1047	0.998078	-0.000008	2.306458	0.000008	0.998078	0.709381	
1048	0.997459	-0.000063	3.449158	0.000063	0.997459	0.790619	
1049	0.999619	0.000011	1.046326	-0.000011	0.999619	0.439514	
1050	0.999619	0.000011	1.046326	-0.000011	0.999619	0.439514	
1051	0.999878	-0.000209	0.553894	0.000209	0.999878	-0.193146	
1052	1.000069	-0.000023	1.052734	0.000023	1.000069	-0.322296	
1053	0.999500	-0.001929	2.053833	0.001929	0.999500	-0.538025	
1054	0.999500	-0.001929	2.053833	0.001929	0.999500	-0.538025	
1055	1.000079	-0.000100	0.392822	0.000100	1.000079	-0.048065	
1056	0.999944	-0.000002	0.106689	0.000002	0.999944	0.009064	
1057	0.999944	-0.000002	0.106689	0.000002	0.999944	0.009064	
1058	0.999474	-0.000967	0.498596	0.000967	0.999474	-0.000854	
1059	0.999957	0.000083	0.061462	-0.000083	0.999957	0.071350	
1060	0.999902	-0.000002	-0.843689	0.000002	0.999902	-0.372833	
1061	1.000056	-0.000075	-0.358459	0.000075	1.000056	-0.166016	
1062	0.999988	0.000161	-0.499634	-0.000161	0.999988	0.355408	
1063	1.000048	-0.000028	-0.328247	0.000028	1.000048	0.036072	
1064	0.999817	0.000005	-0.368225	-0.000005	0.999817	0.018036	
1065	0.999952	-0.000201	-0.436646	0.000201	0.999952	-0.285431	
1066	0.999839	0.000151	-0.364136	-0.000151	0.999839	0.217499	
1067	0.999996	0.000093	-0.145508	-0.000093	0.999996	-0.050812	
1068	1.000148	-0.000074	-0.593628	0.000074	1.000148	0.022583	
1069	0.999854	0.000065	0.089111	-0.000065	0.999854	0.124725	
1070	1.000100	-0.000027	-0.618652	0.000027	1.000100	0.045166	
1071	0.999877	0.000085	-0.032715	-0.000085	0.999877	0.073242	
1072	0.999918	0.000081	-0.263184	-0.000081	0.999918	-0.132996	
1073	1.000031	0.000196	0.013550	-0.000196	1.000031	-0.089600	
1074	1.000124	-0.000055	-0.394470	0.000055	1.000124	-0.065491	
1075	0.999996	0.000087	0.015747	-0.000087	0.999996	0.277161	
1076	1.000063	0.000026	-0.171936	-0.000026	1.000063	0.001801	
1077	1.000145	0.000176	-0.343506	-0.000176	1.000145	-0.272919	
1078	1.000370	-0.000008	-0.379211	0.000008	1.000370	-0.027863	
1079	1.000282	-0.000148	-0.263794	0.000148	1.000282	-0.335449	
1080	0.999966	-0.000026	-0.681335	0.000026	0.999966	-0.162292	
1081	0.999814	0.000168	-0.137756	-0.000168	0.999814	0.300598	
1082	0.992297	0.000443	5.796814	-0.000443	0.992297	3.462250	
1083	0.999992	0.000002	-0.153320	-0.000002	0.999992	0.095276	
1084	0.999978	-0.000084	-0.545471	0.000084	0.999978	-0.085663	
1085	1.000044	0.000046	-0.349060	-0.000046	1.000044	-0.044525	
1086	0.999935	-0.000016	-0.417236	0.000016	0.999935	-0.315857	
1087	1.000034	-0.000023	-0.229309	0.000023	1.000034	-0.171295	
1088	1.000167	-0.000145	-0.895569	0.000145	1.000167	-0.323853	
1089	0.999945	0.000230	-0.635742	-0.000230	0.999945	0.140106	
1090	1.005132	-0.001669	0.112488	0.001669	1.005132	-3.883972	
1091	1.000068	-0.000268	-0.266235	0.000268	1.000068	-0.176422	
1092	0.999950	0.000226	-1.101807	-0.000226	0.999950	0.115936	
1093	0.999801	-0.000084	-0.109802	0.000084	0.999801	-0.046265	
1094	0.999969	0.000019	-1.733643	-0.000019	0.999969	-0.272308	
1095	0.999910	-0.000027	-0.799805	0.000027	0.999910	-0.201172	
1096	1.000172	0.000207	-2.929871	-0.000207	1.000172	0.163330	
1097	1.000022	-0.000068	-1.496521	0.000068	1.000022	0.148651	
1098	1.000026	0.000285	-4.877625	-0.000285	1.000026	-0.039185	
1099	0.999901	0.000004	-2.041809	-0.000004	0.999901	-0.176483	
1100	1.000260	-0.000030	-6.635681	0.000030	1.000260	-0.149323	
1101	1.000179	0.000167	-2.954529	-0.000167	1.000179	0.114197	
1102	1.000179	0.000167	-2.954529	-0.000167	1.000179	0.114197	
1103	0.999911	0.000062	-3.115173	-0.000062	0.999911	0.133972	
1104	1.000056	0.000347	-5.924133	-0.000347	1.000056	0.126099	
1105	1.000073	0.000024	-2.581055	-0.000024	1.000073	-0.070587	
1106	1.000045	0.000195	-5.544373	-0.000195	1.000045	0.042908	
1107	1.000107	0.000059	-2.253235	-0.000059	1.000107	-0.056122	
1108	1.000070	0.000207	-4.124634	-0.000207	1.000070	-0.001404	
1109	1.000088	0.000104	-1.435059	-0.000104	1.000088	-0.038940	
1110	1.000099	0.000225	-2.928772	-0.000225	1.000099	-0.047058	
1111	0.999994	0.000040	-0.988892	-0.000040	0.999994	0.001373	
1112	0.998501	-0.002288	0.340271	0.002288	0.998501	0.546326	
1113	1.000173	-0.000025	-0.711975	0.000025	1.000173	-0.072876	
1114	1.000096	0.000072	-1.434204	-0.000072	1.000096	-0.229004	
1115	0.999980	-0.000093	-0.463989	0.000093	0.999980	-0.058105	
1116	0.999973	0.000133	-1.889343	-0.000133	0.999973	0.102417	
1117	0.999961	-0.000083	-0.972595	0.000083	0.999961	-0.014465	
1118	1.000107	0.000105	-3.641418	-0.000105	1.000107	0.060059	
1119	1.000077	0.000032	-1.684692	-0.000032	1.000077	0.013672	
1120	1.000138	0.000227	-3.981079	-0.000227	1.000138	0.071106	
1121	0.999912	0.000226	-1.445007	-0.000226	0.999912	0.225403	
1122	1.000072	0.000159	-2.226440	-0.000159	1.000072	0.054810	
1123	1.000072	0.000159	-2.226440	-0.000159	1.000072	0.054810	
1124	0.999778	-0.000080	-1.586487	0.000080	0.999778	0.052612	
1125	1.000070	0.000025	-0.825745	-0.000025	1.000070	-0.002380	
1126	1.000092	0.000161	-1.500427	-0.000161	1.000092	0.085266	
1127	0.999973	0.000089	-0.694824	-0.000089	0.999973	0.103333	
1128	0.999970	-0.000021	-1.513916	0.000021	0.999970	0.025818	
1129	0.999796	0.000092	-0.757019	-0.000092	0.999796	0.283813	
1130	0.999998	0.000122	-1.024414	-0.000122	0.999998	0.045654	
1131	0.999952	0.000054	-0.476562	-0.000054	0.999952	0.153870	
1132	0.999991	0.000130	-0.602722	-0.000130	0.999991	-0.134827	
1133	0.999867	0.000062	-0.160583	-0.000062	0.999867	0.092621	
1134	0.999930	0.000039	-0.157898	-0.000039	0.999930	-0.002075	
1135	0.999812	0.000006	0.105957	-0.000006	0.999812	0.050537	
1136	1.000078	-0.000007	-0.072449	0.000007	1.000078	-0.254150	
1137	0.999992	-0.000069	0.073120	0.000069	0.999992	-0.048096	
1138	1.000049	-0.000002	0.024963	0.000002	1.000049	-0.063965	
1139	0.999968	-0.000004	0.124939	0.000004	0.999968	-0.002319	
1140	0.999938	0.000083	0.160095	-0.000083	0.999938	-0.041138	
1141	1.000061	0.000039	-0.180847	-0.000039	1.000061	-0.061646	
1142	0.999942	0.000118	0.423035	-0.000118	0.999942	-0.101379	
1143	0.999847	-0.000045	0.316895	0.000045	0.999847	-0.255188	
1144	1.002394	0.000114	-2.179504	-0.000114	1.002394	-1.879883	
1145	1.000133	0.000072	0.151184	-0.000072	1.000133	-0.188721	
1146	0.999946	-0.000034	0.801331	0.000034	0.999946	-0.721313	
1147	1.000136	-0.000056	0.317688	0.000056	1.000136	-0.414490	
1148	1.000136	-0.000056	0.317688	0.000056	1.000136	-0.414490	
1149	1.000088	-0.000052	0.341614	0.000052	1.000088	-0.162476	
1150	1.000088	-0.000052	0.341614	0.000052	1.000088	-0.162476	
1151	1.002901	0.000435	-2.279297	-0.000435	1.002901	-1.465302	
1152	1.002901	0.000435	-2.279297	-0.000435	1.002901	-1.465302	
1153	0.999973	-0.000048	0.390137	0.000048	0.999973	-0.054321	
1154	1.000072	0.000084	1.093811	-0.000084	1.000072	0.029236	
1155	1.000228	0.000238	-0.085754	-0.000238	1.000228	0.058563	
1156	1.003477	0.002167	-3.965088	-0.002167	1.003477	-0.250275	
1157	1.000074	0.000102	0.270447	-0.000102	1.000074	0.054657	
1158	0.999948	-0.000005	0.798828	0.000005	0.999948	0.053467	
1159	0.999937	0.000105	0.724243	-0.000105	0.999937	0.104950	
1160	0.999804	0.000104	1.641174	-0.000104	0.999804	0.180603	
1161	0.999893	-0.000162	1.172485	0.000162	0.999893	-0.080841	
1162	0.999893	-0.000162	1.172485	0.000162	0.999893	-0.080841	
1163	0.999920	0.000018	1.452698	-0.000018	0.999920	0.068604	
1164	1.000005	-0.000182	3.632507	0.000182	1.000005	-0.134949	
1165	0.999998	-0.000007	1.825745	0.000007	0.999998	-0.010986	
1166	1.000055	-0.000142	4.435181	0.000142	1.000055	-0.178528	
1167	1.000002	0.000029	2.474243	-0.000029	1.000002	0.028015	
1168	0.999916	-0.000404	6.448486	0.000404	0.999916	-0.358551	
1169	1.000057	-0.000012	3.130310	0.000012	1.000057	-0.081909	
1170	1.000258	-0.000393	6.015625	0.000393	1.000258	-0.460052	
1171	0.999984	-0.000082	3.092834	0.000082	0.999984	-0.068665	
1172	0.999913	-0.000219	7.283691	0.000219	0.999913	-0.108795	
1173	0.999959	-0.000164	4.365417	0.000164	0.999959	-0.106201	
1174	1.000037	-0.000395	8.043579	0.000395	1.000037	-0.282562	
1175	1.000032	-0.000213	4.026489	0.000213	1.000032	-0.162170	
1176	1.002901	-0.000052	5.258240	0.000052	1.002901	-1.717468	
1177	1.000459	0.000006	2.797974	-0.000006	1.000459	-0.220459	
1178	1.000015	-0.000109	7.063354	0.000109	1.000015	-0.088593	
1179	1.000370	-0.000019	3.752930	0.000019	1.000370	-0.220978	
1180	1.000194	-0.000362	6.867554	0.000362	1.000194	-0.397705	
1181	0.999738	0.000207	2.923645	-0.000207	0.999738	0.268860	
1182	0.999890	-0.000209	5.412415	0.000209	0.999890	-0.081757	
1183	1.000046	-0.000082	2.177612	0.000082	1.000046	-0.057770	
1184	1.000063	-0.000038	3.163574	0.000038	1.000063	-0.117615	
1185	1.000056	-0.000126	1.658630	0.000126	1.000056	-0.240021	
1186	1.000109	-0.000447	3.547424	0.000447	1.000109	-0.622650	
1187	0.999999	-0.000177	2.115417	0.000177	0.999999	-0.263947	
1188	1.000196	-0.000121	4.421753	0.000121	1.000196	-0.233459	
1189	1.000095	-0.000134	2.239990	0.000134	1.000095	-0.160522	
1190	1.000065	-0.000042	3.490845	0.000042	1.000065	0.041595	
1191	1.000008	-0.000028	1.863342	0.000028	1.000008	0.030090	
1192	0.999783	-0.000185	3.847107	0.000185	0.999783	-0.050690	
1193	0.999732	-0.000025	1.891357	0.000025	0.999732	0.059875	
1194	0.999847	-0.000203	3.163391	0.000203	0.999847	-0.047516	
1195	0.999791	0.000013	1.684204	-0.000013	0.999791	0.177490	
1196	1.000276	-0.000289	1.945679	0.000289	1.000276	-0.291809	
1197	0.999946	0.000077	0.948486	-0.000077	0.999946	0.161835	
1198	0.999923	-0.000050	1.387329	0.000050	0.999923	0.027649	
1199	1.000000	-0.000108	0.953674	0.000108	1.000000	-0.029785	
1200	1.000048	-0.000123	1.541199	0.000123	1.000048	-0.112030	
1201	0.999970	-0.000008	0.812744	0.000008	0.999970	0.062714	
1202	1.000029	-0.000160	1.814880	0.000160	1.000029	-0.064148	
