0	1.000000	0.000000	0.000000	0.000000	1.000000	0.000000	
1	1.000000	0.000000	0.000000	0.000000	1.000000	0.000000	
2	1.002277	0.000941	-1.498322	-0.000941	1.002277	-2.066040	
3	0.999974	-0.000083	0.084717	0.000083	0.999974	-0.020508	
4	1.004557	0.000200	-1.173340	-0.000200	1.004557	-4.638916	
5	0.997920	0.000588	-0.148407	-0.000588	0.997920	2.251953	
6	1.000877	0.001525	-1.754547	-0.001525	1.000877	-0.563904	
7	1.000495	-0.000978	0.917297	0.000978	1.000495	-0.781189	
8	1.000495	-0.000978	0.917297	0.000978	1.000495	-0.781189	
9	0.999952	-0.000080	0.342468	0.000080	0.999952	-0.035706	
10	0.999952	-0.000080	0.342468	0.000080	0.999952	-0.035706	
11	0.999784	0.000607	-0.571228	-0.000607	0.999784	0.295837	
12	0.999784	0.000607	-0.571228	-0.000607	0.999784	0.295837	
13	0.999784	0.000607	-0.571228	-0.000607	0.999784	0.295837	
14	0.999784	0.000607	-0.571228	-0.000607	0.999784	0.295837	
15	0.999778	-0.000013	0.080322	0.000013	0.999778	0.253906	
16	0.999778	-0.000013	0.080322	0.000013	0.999778	0.253906	
17	0.999778	-0.000013	0.080322	0.000013	0.999778	0.253906	
18	0.999778	-0.000013	0.080322	0.000013	0.999778	0.253906	
19	0.999778	-0.000013	0.080322	0.000013	0.999778	0.253906	
20	0.999778	-0.000013	0.080322	0.000013	0.999778	0.253906	
21	0.999778	-0.000013	0.080322	0.000013	0.999778	0.253906	
22	0.999778	-0.000013	0.080322	0.000013	0.999778	0.253906	
23	0.999778	-0.000013	0.080322	0.000013	0.999778	0.253906	
24	0.999778	-0.000013	0.080322	0.000013	0.999778	0.253906	
25	1.001132	0.000811	-1.072571	-0.000811	1.001132	-0.983337	
26	1.000227	0.000312	-0.306702	-0.000312	1.000227	-0.252808	
27	1.000693	-0.000511	0.432800	0.000511	1.000693	-0.941772	
28	1.000693	-0.000511	0.432800	0.000511	1.000693	-0.941772	
29	1.000693	-0.000511	0.432800	0.000511	1.000693	-0.941772	
30	1.000693	-0.000511	0.432800	0.000511	1.000693	-0.941772	
31	1.000693	-0.000511	0.432800	0.000511	1.000693	-0.941772	
32	1.000693	-0.000511	0.432800	0.000511	1.000693	-0.941772	
33	1.000693	-0.000511	0.432800	0.000511	1.000693	-0.941772	
34	1.000693	-0.000511	0.432800	0.000511	1.000693	-0.941772	
35	1.000016	0.000091	-0.158569	-0.000091	1.000016	-0.041443	
36	1.000016	0.000091	-0.158569	-0.000091	1.000016	-0.041443	
37	1.000016	0.000091	-0.158569	-0.000091	1.000016	-0.041443	
38	1.000016	0.000091	-0.158569	-0.000091	1.000016	-0.041443	
39	1.000693	0.000890	-1.099487	-0.000890	1.000693	-0.569702	
40	0.999965	0.000003	-0.006958	-0.000003	0.999965	0.036865	
41	0.999965	0.000003	-0.006958	-0.000003	0.999965	0.036865	
42	0.999965	0.000003	-0.006958	-0.000003	0.999965	0.036865	
43	0.999965	0.000003	-0.006958	-0.000003	0.999965	0.036865	
44	1.009795	0.000179	-10.158142	-0.000179	1.009795	-7.769470	
45	1.009522	0.000091	-9.898438	-0.000091	1.009522	-7.629395	
46	1.009742	-0.000511	-9.386963	0.000511	1.009742	-8.081116	
47	1.012330	-0.000353	-12.900024	0.000353	1.012330	-10.497925	
48	1.028368	0.000249	-31.815002	-0.000249	1.028368	-27.838013	
49	1.011851	-0.000517	-14.439819	0.000517	1.011851	-12.503845	
50	0.999221	0.001044	-0.905396	-0.001044	0.999221	1.032227	
51	1.015814	0.000427	-16.715637	-0.000427	1.015814	-12.585022	
52	1.000007	-0.000157	0.174744	0.000157	1.000007	-0.012146	
53	1.000007	-0.000157	0.174744	0.000157	1.000007	-0.012146	
54	1.000007	-0.000157	0.174744	0.000157	1.000007	-0.012146	
55	0.997208	0.000308	0.205109	-0.000308	0.997208	2.934998	
56	0.997208	0.000308	0.205109	-0.000308	0.997208	2.934998	
57	0.997208	0.000308	0.205109	-0.000308	0.997208	2.934998	
58	0.997208	0.000308	0.205109	-0.000308	0.997208	2.934998	
59	0.997208	0.000308	0.205109	-0.000308	0.997208	2.934998	
60	0.997208	0.000308	0.205109	-0.000308	0.997208	2.934998	
61	0.997208	0.000308	0.205109	-0.000308	0.997208	2.934998	
62	0.997208	0.000308	0.205109	-0.000308	0.997208	2.934998	
63	0.997208	0.000308	0.205109	-0.000308	0.997208	2.934998	
64	0.997208	0.000308	0.205109	-0.000308	0.997208	2.934998	
65	0.997208	0.000308	0.205109	-0.000308	0.997208	2.934998	
66	0.979593	-0.000446	20.293396	0.000446	0.979593	15.285461	
67	0.979593	-0.000446	20.293396	0.000446	0.979593	15.285461	
68	0.979593	-0.000446	20.293396	0.000446	0.979593	15.285461	
69	1.000026	-0.000033	0.050476	0.000033	1.000026	-0.032288	
70	0.989234	-0.000310	11.543274	0.000310	0.989234	9.259705	
71	0.989234	-0.000310	11.543274	0.000310	0.989234	9.259705	
72	0.997863	-0.001258	1.761383	0.001258	0.997863	1.932129	
73	0.997863	-0.001258	1.761383	0.001258	0.997863	1.932129	
74	0.997863	-0.001258	1.761383	0.001258	0.997863	1.932129	
75	0.997863	-0.001258	1.761383	0.001258	0.997863	1.932129	
76	0.999907	-0.000018	0.150818	0.000018	0.999907	0.292847	
77	1.001427	-0.000160	-0.112854	0.000160	1.001427	-1.466064	
78	1.001649	0.000570	-0.857056	-0.000570	1.001649	-1.577942	
79	1.004249	0.001617	-2.247620	-0.001617	1.004249	-4.160217	
80	1.000780	-0.000240	0.053223	0.000240	1.000780	-0.973022	
81	0.999943	-0.000164	0.242188	0.000164	0.999943	0.006592	
82	1.000062	-0.000197	0.354126	0.000197	1.000062	-0.108459	
83	0.999985	-0.000098	0.261230	0.000098	0.999985	-0.026794	
84	1.000818	-0.000487	0.400513	0.000487	1.000818	-0.929382	
85	0.999966	0.000037	-0.296021	-0.000037	0.999966	-1.091064	
86	0.999791	0.001160	-0.845520	-0.001160	0.999791	-0.180786	
87	0.999791	0.001160	-0.845520	-0.001160	0.999791	-0.180786	
88	0.998763	0.000023	0.357361	-0.000023	0.998763	1.236084	
89	0.999995	0.000037	-0.047974	-0.000037	0.999995	0.012451	
90	1.000261	0.000203	-0.341553	-0.000203	1.000261	-0.357117	
91	0.999681	0.000973	-0.983582	-0.000973	0.999681	0.485657	
92	1.000022	-0.000030	0.072388	0.000030	1.000022	-0.039734	
93	1.000213	0.001871	-1.956085	-0.001871	1.000213	0.136841	
94	1.000168	-0.000105	0.120239	0.000105	1.000168	-0.247192	
95	1.000997	-0.000734	0.520996	0.000734	1.000997	-1.195007	
96	0.999432	-0.000531	0.666199	0.000531	0.999432	0.445007	
97	0.999309	-0.002847	3.038086	0.002847	0.999309	0.113647	
98	1.000151	-0.000216	0.277100	0.000216	1.000151	-0.192017	
99	1.001255	-0.001702	1.507690	0.001702	1.001255	-1.655945	
100	1.001255	-0.001702	1.507690	0.001702	1.001255	-1.655945	
101	1.000849	0.004953	-2.749512	-0.004953	1.000849	2.156189	
102	0.999966	-0.000135	0.251709	0.000135	0.999966	-0.003418	
103	1.001128	0.001581	-1.848206	-0.001581	1.001128	-0.777405	
104	1.001088	-0.001431	1.198181	0.001431	1.001088	-1.444946	
105	1.001088	-0.001431	1.198181	0.001431	1.001088	-1.444946	
106	1.000111	-0.001809	1.865784	0.001809	1.000111	-0.509766	
107	1.000111	-0.001809	1.865784	0.001809	1.000111	-0.509766	
108	1.000111	-0.001809	1.865784	0.001809	1.000111	-0.509766	
109	1.000111	-0.001809	1.865784	0.001809	1.000111	-0.509766	
110	0.999981	0.000217	-0.505920	-0.000217	0.999981	0.020386	
111	0.999853	0.000256	-0.308716	-0.000256	0.999853	0.202637	
112	0.996410	0.002831	-2.244690	-0.002831	0.996410	4.239990	
113	0.996410	0.002831	-2.244690	-0.002831	0.996410	4.239990	
114	0.996410	0.002831	-2.244690	-0.002831	0.996410	4.239990	
115	0.997271	-0.003451	3.931946	0.003451	0.997271	2.250061	
116	1.000009	-0.000084	0.057312	0.000084	1.000009	0.051941	
117	1.000714	-0.000634	0.574097	0.000634	1.000714	-0.809692	
118	0.999872	-0.000066	0.176147	0.000066	0.999872	0.241089	
119	1.000047	0.000021	-0.069672	-0.000021	1.000047	-0.040161	
120	0.995952	0.000430	-0.781860	-0.000430	0.995952	2.005920	
121	0.998162	0.005342	-4.899078	-0.005342	0.998162	2.632263	
122	0.999781	0.000876	-0.917053	-0.000876	0.999781	0.486023	
123	0.999467	-0.000117	0.130096	0.000117	0.999467	0.771301	
124	0.999467	-0.000117	0.130096	0.000117	0.999467	0.771301	
125	1.000163	0.000009	0.173157	-0.000009	1.000163	-0.023254	
126	1.000631	0.000364	-0.107788	-0.000364	1.000631	-0.180115	
127	1.000251	-0.000031	0.194702	0.000031	1.000251	-0.231262	
128	1.000583	0.000187	-0.002258	-0.000187	1.000583	-0.394165	
129	1.000160	-0.000161	0.207336	0.000161	1.000160	-0.275391	
130	1.000693	-0.001562	0.305542	0.001562	1.000693	-3.447083	
131	1.000391	-0.000052	-0.134949	0.000052	1.000391	-0.503723	
132	1.000026	-0.000140	0.547180	0.000140	1.000026	0.097656	
133	1.000272	-0.000220	0.573486	0.000220	1.000272	-0.032776	
134	1.000901	-0.000165	0.013733	0.000165	1.000901	-0.942017	
135	1.000307	-0.000181	0.315918	0.000181	1.000307	-0.174561	
136	0.999916	0.000007	0.262573	-0.000007	0.999916	0.087646	
137	0.999795	0.000401	-0.236145	-0.000401	0.999795	0.025146	
138	0.996315	0.000930	3.476379	-0.000930	0.996315	2.433533	
139	0.995959	-0.000092	4.658142	0.000092	0.995959	2.297302	
140	0.999048	0.000238	0.008545	-0.000238	0.999048	0.907043	
141	0.996882	-0.001585	4.803223	0.001585	0.996882	0.704102	
142	0.996521	-0.000242	3.738281	0.000242	0.996521	2.927490	
143	0.999195	0.000004	0.583130	-0.000004	0.999195	0.560181	
144	0.999195	0.000004	0.583130	-0.000004	0.999195	0.560181	
145	0.999197	-0.000033	0.309448	0.000033	0.999197	0.686279	
146	0.999904	-0.000463	0.304565	0.000463	0.999904	-0.272949	
147	0.999578	0.000260	-0.286316	-0.000260	0.999578	0.390991	
148	1.000376	-0.001012	0.923859	0.001012	1.000376	-0.617615	
149	1.000376	-0.001012	0.923859	0.001012	1.000376	-0.617615	
150	0.999433	0.000638	-0.509827	-0.000638	0.999433	0.677063	
151	0.999572	0.000274	-0.377625	-0.000274	0.999572	0.415527	
152	0.999412	0.000649	-0.644775	-0.000649	0.999412	0.678162	
153	0.999194	-0.000615	0.641235	0.000615	0.999194	0.526489	
154	0.999761	0.000065	0.062744	-0.000065	0.999761	0.215271	
155	0.999707	-0.000044	0.168518	0.000044	0.999707	0.229797	
156	0.999622	0.000032	0.073059	-0.000032	0.999622	0.375183	
157	0.999583	-0.000052	0.218750	0.000052	0.999583	0.296021	
158	0.999583	-0.000052	0.218750	0.000052	0.999583	0.296021	
159	0.999297	0.000032	0.106445	-0.000032	0.999297	0.660034	
160	0.999720	0.000100	-0.026794	-0.000100	0.999720	0.284119	
161	0.998981	-0.000970	1.244537	0.000970	0.998981	0.841187	
162	0.998981	-0.000970	1.244537	0.000970	0.998981	0.841187	
163	0.999083	-0.001746	1.949341	0.001746	0.999083	0.557800	
164	0.999822	0.001735	-1.772675	-0.001735	0.999822	0.562561	
165	0.999941	0.000016	-0.011597	-0.000016	0.999941	0.029114	
166	0.999941	0.000016	-0.011597	-0.000016	0.999941	0.029114	
167	0.999941	0.000016	-0.011597	-0.000016	0.999941	0.029114	
168	0.999956	-0.000120	0.229980	0.000120	0.999956	0.082703	
169	0.999956	-0.000120	0.229980	0.000120	0.999956	0.082703	
170	0.999301	-0.001121	1.365173	0.001121	0.999301	0.453491	
171	0.997185	0.000637	4.152222	-0.000637	0.997185	3.688232	
172	0.997185	0.000637	4.152222	-0.000637	0.997185	3.688232	
173	0.999417	0.000717	-0.623260	-0.000717	0.999417	0.751404	
174	0.999417	0.000717	-0.623260	-0.000717	0.999417	0.751404	
175	0.999417	0.000717	-0.623260	-0.000717	0.999417	0.751404	
176	0.998064	0.000462	-0.074036	-0.000462	0.998064	2.085938	
177	1.000004	-0.005104	5.228638	0.005104	1.000004	-0.865234	
178	0.998445	0.000868	-0.602936	-0.000868	0.998445	1.799866	
179	0.998445	0.000868	-0.602936	-0.000868	0.998445	1.799866	
180	0.999678	0.000199	-0.165833	-0.000199	0.999678	0.470520	
181	1.000012	0.000876	-0.934387	-0.000876	1.000012	0.177185	
182	1.000012	0.000876	-0.934387	-0.000876	1.000012	0.177185	
183	0.998954	0.000572	-0.360474	-0.000572	0.998954	1.159058	
184	0.998954	0.000572	-0.360474	-0.000572	0.998954	1.159058	
185	0.999169	-0.000831	1.045227	0.000831	0.999169	0.729431	
186	0.998216	0.001011	-0.642517	-0.001011	0.998216	1.979065	
187	0.994917	-0.001219	3.164185	0.001219	0.994917	1.018555	
188	0.997527	0.000751	-4.021057	-0.000751	0.997527	2.376770	
189	0.997527	0.000751	-4.021057	-0.000751	0.997527	2.376770	
190	0.993694	0.000971	-0.016144	-0.000971	0.993694	6.647156	
191	0.999902	-0.000004	0.016724	0.000004	0.999902	0.202759	
192	0.999211	-0.001178	-2.585938	0.001178	0.999211	-0.617554	
193	0.999211	-0.001178	-2.585938	0.001178	0.999211	-0.617554	
194	0.999211	-0.001178	-2.585938	0.001178	0.999211	-0.617554	
195	1.003269	0.002525	-8.210938	-0.002525	1.003269	1.802612	
196	1.007342	-0.000182	-10.193115	0.000182	1.007342	-4.190552	
197	1.008472	-0.000970	-10.224854	0.000970	1.008472	-6.828491	
198	1.005566	-0.000748	-7.543579	0.000748	1.005566	-4.378723	
199	1.005566	-0.000748	-7.543579	0.000748	1.005566	-4.378723	
200	1.006724	-0.001176	-8.807312	0.001176	1.006724	-5.175781	
201	1.004834	-0.001988	-6.527283	0.001988	1.004834	-5.083618	
202	1.006856	-0.000673	-9.758118	0.000673	1.006856	-5.322571	
203	1.004608	-0.001456	-6.566650	0.001456	1.004608	-4.628601	
204	1.006950	0.000874	-13.567139	-0.000874	1.006950	-3.124695	
205	1.003138	-0.001818	-4.034912	0.001818	1.003138	-3.571350	
206	1.004769	0.000821	-6.796936	-0.000821	1.004769	-2.485168	
207	1.002704	0.000300	-4.858948	-0.000300	1.002704	-1.732178	
208	1.003535	0.001729	-6.515503	-0.001729	1.003535	-2.050781	
209	1.003511	-0.000302	-7.124207	0.000302	1.003511	-3.206421	
210	1.008862	0.002610	-9.665741	-0.002610	1.008862	-6.386047	
211	1.001312	0.000059	-2.530151	-0.000059	1.001312	-1.082336	
212	1.001312	0.000059	-2.530151	-0.000059	1.001312	-1.082336	
213	1.001312	0.000059	-2.530151	-0.000059	1.001312	-1.082336	
214	0.998009	0.000220	0.211609	-0.000220	0.998009	2.072327	
215	0.999219	-0.000002	0.086182	0.000002	0.999219	0.810425	
216	0.999219	-0.000002	0.086182	0.000002	0.999219	0.810425	
217	0.999219	-0.000002	0.086182	0.000002	0.999219	0.810425	
218	0.999219	-0.000002	0.086182	0.000002	0.999219	0.810425	
219	0.999219	-0.000002	0.086182	0.000002	0.999219	0.810425	
220	0.999996	0.000026	0.030640	-0.000026	0.999996	0.079895	
221	0.999996	0.000026	0.030640	-0.000026	0.999996	0.079895	
222	1.000031	-0.000040	0.166260	0.000040	1.000031	0.187561	
223	1.001343	-0.001120	0.866150	0.001120	1.001343	-1.600403	
224	0.999786	0.000444	-0.422974	-0.000444	0.999786	0.241211	
225	1.000073	-0.000070	0.065430	0.000070	1.000073	-0.217407	
226	1.000078	0.000782	-0.803101	-0.000782	1.000078	-0.024109	
227	0.999365	0.002305	-2.269165	-0.002305	0.999365	1.103699	
228	0.999683	0.003055	-3.056763	-0.003055	0.999683	1.135498	
229	0.999683	0.003055	-3.056763	-0.003055	0.999683	1.135498	
230	1.002663	-0.002700	2.178772	0.002700	1.002663	-3.343750	
231	1.002663	-0.002700	2.178772	0.002700	1.002663	-3.343750	
232	1.000103	-0.000016	-0.041443	0.000016	1.000103	-0.049988	
233	1.000103	-0.000016	-0.041443	0.000016	1.000103	-0.049988	
234	0.999816	-0.000074	0.082581	0.000074	0.999816	0.222290	
235	0.999758	0.002181	-2.202606	-0.002181	0.999758	0.722717	
236	0.999884	0.000785	-0.876160	-0.000785	0.999884	0.232971	
237	0.999391	0.000625	-0.613159	-0.000625	0.999391	0.636414	
238	1.001349	0.001522	-1.859467	-0.001522	1.001349	-1.023926	
239	1.000939	0.000275	-0.478882	-0.000275	1.000939	-0.931580	
240	1.000939	0.000275	-0.478882	-0.000275	1.000939	-0.931580	
241	1.000939	0.000275	-0.478882	-0.000275	1.000939	-0.931580	
242	0.997291	0.000099	0.482666	-0.000099	0.997291	2.820557	
243	0.999920	-0.000003	0.008423	0.000003	0.999920	0.118591	
244	0.999831	-0.000812	-2.292542	0.000812	0.999831	-1.149841	
245	0.999831	-0.000812	-2.292542	0.000812	0.999831	-1.149841	
246	0.993677	0.001570	-0.211731	-0.001570	0.993677	6.767578	
247	0.994241	0.000810	-0.036743	-0.000810	0.994241	6.030579	
248	0.999349	0.002047	-1.981354	-0.002047	0.999349	1.094910	
249	0.992635	0.000951	-0.476440	-0.000951	0.992635	7.803101	
250	0.992635	0.000951	-0.476440	-0.000951	0.992635	7.803101	
251	0.992635	0.000951	-0.476440	-0.000951	0.992635	7.803101	
252	0.992635	0.000951	-0.476440	-0.000951	0.992635	7.803101	
253	0.993373	0.000918	1.401550	-0.000918	0.993373	2.450195	
254	0.989559	0.000030	5.785034	-0.000030	0.989559	4.048340	
255	0.989559	0.000030	5.785034	-0.000030	0.989559	4.048340	
256	0.989559	0.000030	5.785034	-0.000030	0.989559	4.048340	
257	0.998055	0.001161	-0.828552	-0.001161	0.998055	2.248901	
258	0.998963	0.000788	-0.635376	-0.000788	0.998963	1.226624	
259	0.998868	0.002138	-1.035278	-0.002138	0.998868	2.773682	
260	0.998868	0.002138	-1.035278	-0.002138	0.998868	2.773682	
261	1.000376	0.000773	-0.916565	-0.000773	1.000376	-0.224426	
262	0.996859	0.002327	-1.749146	-0.002327	0.996859	3.747925	
263	0.996859	0.002327	-1.749146	-0.002327	0.996859	3.747925	
264	0.996859	0.002327	-1.749146	-0.002327	0.996859	3.747925	
265	0.996859	0.002327	-1.749146	-0.002327	0.996859	3.747925	
266	0.996859	0.002327	-1.749146	-0.002327	0.996859	3.747925	
267	0.996859	0.002327	-1.749146	-0.002327	0.996859	3.747925	
268	0.996859	0.002327	-1.749146	-0.002327	0.996859	3.747925	
269	0.996859	0.002327	-1.749146	-0.002327	0.996859	3.747925	
270	0.996859	0.002327	-1.749146	-0.002327	0.996859	3.747925	
271	0.996859	0.002327	-1.749146	-0.002327	0.996859	3.747925	
272	0.996859	0.002327	-1.749146	-0.002327	0.996859	3.747925	
273	0.996859	0.002327	-1.749146	-0.002327	0.996859	3.747925	
274	0.996859	0.002327	-1.749146	-0.002327	0.996859	3.747925	
275	0.996859	0.002327	-1.749146	-0.002327	0.996859	3.747925	
276	0.998330	-0.001726	2.145508	0.001726	0.998330	1.367310	
277	1.002677	-0.001091	0.426819	0.001091	1.002677	-2.992188	
278	1.002677	-0.001091	0.426819	0.001091	1.002677	-2.992188	
279	1.002677	-0.001091	0.426819	0.001091	1.002677	-2.992188	
280	1.002677	-0.001091	0.426819	0.001091	1.002677	-2.992188	
281	1.002677	-0.001091	0.426819	0.001091	1.002677	-2.992188	
282	1.002677	-0.001091	0.426819	0.001091	1.002677	-2.992188	
283	1.002677	-0.001091	0.426819	0.001091	1.002677	-2.992188	
284	1.002677	-0.001091	0.426819	0.001091	1.002677	-2.992188	
285	1.002677	-0.001091	0.426819	0.001091	1.002677	-2.992188	
286	1.002677	-0.001091	0.426819	0.001091	1.002677	-2.992188	
287	1.002677	-0.001091	0.426819	0.001091	1.002677	-2.992188	
288	1.002677	-0.001091	0.426819	0.001091	1.002677	-2.992188	
289	1.002677	-0.001091	0.426819	0.001091	1.002677	-2.992188	
290	1.002677	-0.001091	0.426819	0.001091	1.002677	-2.992188	
291	1.002677	-0.001091	0.426819	0.001091	1.002677	-2.992188	
292	1.002677	-0.001091	0.426819	0.001091	1.002677	-2.992188	
293	1.002677	-0.001091	0.426819	0.001091	1.002677	-2.992188	
294	1.002677	-0.001091	0.426819	0.001091	1.002677	-2.992188	
295	1.002677	-0.001091	0.426819	0.001091	1.002677	-2.992188	
296	0.994971	-0.000818	4.584595	0.000818	0.994971	1.153687	
297	1.002310	0.001001	-1.517822	-0.001001	1.002310	-2.234253	
298	0.995909	-0.001806	7.416443	0.001806	0.995909	-1.938538	
299	0.999517	0.001290	2.765198	-0.001290	0.999517	-0.262695	
300	0.999517	0.001290	2.765198	-0.001290	0.999517	-0.262695	
301	1.005842	0.000124	-1.233215	-0.000124	1.005842	-5.973877	
302	0.992654	0.000809	12.668945	-0.000809	0.992654	4.864990	
303	0.998045	0.001852	7.328369	-0.001852	0.998045	2.782593	
304	0.998837	0.002073	8.986572	-0.002073	0.998837	2.759949	
305	0.998837	0.002073	8.986572	-0.002073	0.998837	2.759949	
306	0.999875	0.001101	7.161377	-0.001101	0.999875	1.021851	
307	0.999339	0.000187	7.371033	-0.000187	0.999339	0.579163	
308	0.999948	-0.000384	5.592773	0.000384	0.999948	-0.901917	
309	0.997183	0.000491	8.898315	-0.000491	0.997183	2.074585	
310	0.997183	0.000491	8.898315	-0.000491	0.997183	2.074585	
311	0.995856	-0.000792	8.524292	0.000792	0.995856	2.968750	
312	0.999490	-0.000585	5.911987	0.000585	0.999490	-0.159302	
313	1.000628	0.003358	0.644409	-0.003358	1.000628	3.369751	
314	1.002288	-0.000226	-0.147705	0.000226	1.002288	-2.374756	
315	0.998464	-0.000046	6.034363	0.000046	0.998464	0.601990	
316	1.002342	0.000338	-0.707031	-0.000338	1.002342	-2.285522	
317	1.001029	-0.000328	0.304016	0.000328	1.001029	-0.914612	
318	0.999876	0.000249	1.054932	-0.000249	0.999876	0.499634	
319	1.000964	0.000204	-0.348206	-0.000204	1.000964	-0.828064	
320	1.000841	-0.001636	1.526611	0.001636	1.000841	-1.166199	
321	1.000841	-0.001636	1.526611	0.001636	1.000841	-1.166199	
322	1.000327	0.001074	-1.173767	-0.001074	1.000327	-0.080811	
323	1.000327	0.001074	-1.173767	-0.001074	1.000327	-0.080811	
324	0.999996	-0.000058	0.041321	0.000058	0.999996	-0.024475	
325	0.999996	-0.000058	0.041321	0.000058	0.999996	-0.024475	
326	1.000049	-0.000225	0.285278	0.000225	1.000049	-0.069885	
327	1.001411	-0.000630	0.208435	0.000630	1.001411	-1.429382	
328	1.002000	-0.000492	0.095276	0.000492	1.002000	-2.016785	
329	1.002509	0.000537	-0.776855	-0.000537	1.002509	-1.017883	
330	1.002509	0.000537	-0.776855	-0.000537	1.002509	-1.017883	
331	1.001659	-0.000712	0.436157	0.000712	1.001659	-1.703369	
332	1.001047	-0.000260	0.127075	0.000260	1.001047	-1.167480	
333	0.999400	0.000431	1.111084	-0.000431	0.999400	0.743652	
334	1.001380	-0.000364	0.108398	0.000364	1.001380	-1.448486	
335	1.001380	-0.000364	0.108398	0.000364	1.001380	-1.448486	
336	1.000481	-0.000581	0.473938	0.000581	1.000481	-0.631897	
337	1.000481	-0.000581	0.473938	0.000581	1.000481	-0.631897	
338	1.000481	-0.000581	0.473938	0.000581	1.000481	-0.631897	
339	1.000481	-0.000581	0.473938	0.000581	1.000481	-0.631897	
340	1.000049	0.000103	-0.195801	-0.000103	1.000049	-0.012573	
341	1.000049	0.000103	-0.195801	-0.000103	1.000049	-0.012573	
342	0.999935	0.000114	-0.290527	-0.000114	0.999935	0.021973	
343	0.999815	-0.000030	-0.084839	0.000030	0.999815	0.163208	
344	0.999815	-0.000030	-0.084839	0.000030	0.999815	0.163208	
345	0.999815	-0.000030	-0.084839	0.000030	0.999815	0.163208	
346	0.999952	0.000210	-0.276001	-0.000210	0.999952	0.090149	
347	0.999952	0.000210	-0.276001	-0.000210	0.999952	0.090149	
348	0.996943	-0.000658	1.315369	0.000658	0.996943	2.967285	
349	0.996943	-0.000658	1.315369	0.000658	0.996943	2.967285	
350	0.996943	-0.000658	1.315369	0.000658	0.996943	2.967285	
351	1.000061	0.000047	-0.118835	-0.000047	1.000061	-0.048950	
352	1.000061	0.000047	-0.118835	-0.000047	1.000061	-0.048950	
353	0.999948	-0.000140	0.182434	0.000140	0.999948	0.062561	
354	0.999948	-0.000140	0.182434	0.000140	0.999948	0.062561	
355	0.999948	-0.000140	0.182434	0.000140	0.999948	0.062561	
356	0.999948	-0.000140	0.182434	0.000140	0.999948	0.062561	
357	0.999948	-0.000140	0.182434	0.000140	0.999948	0.062561	
358	1.000086	-0.000510	0.559387	0.000510	1.000086	-0.162415	
359	1.000086	-0.000510	0.559387	0.000510	1.000086	-0.162415	
360	1.000086	-0.000510	0.559387	0.000510	1.000086	-0.162415	
361	1.000086	-0.000510	0.559387	0.000510	1.000086	-0.162415	
362	0.999989	-0.000173	0.252869	0.000173	0.999989	-0.010193	
363	0.999989	-0.000173	0.252869	0.000173	0.999989	-0.010193	
364	0.999989	-0.000173	0.252869	0.000173	0.999989	-0.010193	
365	0.999989	-0.000173	0.252869	0.000173	0.999989	-0.010193	
366	0.999989	-0.000173	0.252869	0.000173	0.999989	-0.010193	
367	0.999989	-0.000173	0.252869	0.000173	0.999989	-0.010193	
368	0.999989	-0.000173	0.252869	0.000173	0.999989	-0.010193	
369	0.999989	-0.000173	0.252869	0.000173	0.999989	-0.010193	
370	0.999989	-0.000173	0.252869	0.000173	0.999989	-0.010193	
371	0.999989	-0.000173	0.252869	0.000173	0.999989	-0.010193	
372	1.001584	0.003082	-3.520996	-0.003082	1.001584	-0.855103	
373	1.001584	0.003082	-3.520996	-0.003082	1.001584	-0.855103	
374	1.001584	0.003082	-3.520996	-0.003082	1.001584	-0.855103	
375	1.001584	0.003082	-3.520996	-0.003082	1.001584	-0.855103	
376	0.999973	0.000091	-0.113464	-0.000091	0.999973	0.026367	
377	0.999973	0.000091	-0.113464	-0.000091	0.999973	0.026367	
378	1.000042	0.000438	-0.556030	-0.000438	1.000042	0.020386	
379	1.000042	0.000438	-0.556030	-0.000438	1.000042	0.020386	
380	1.000042	0.000438	-0.556030	-0.000438	1.000042	0.020386	
381	1.000042	0.000438	-0.556030	-0.000438	1.000042	0.020386	
382	0.999130	0.000772	-0.622284	-0.000772	0.999130	1.052734	
383	0.999130	0.000772	-0.622284	-0.000772	0.999130	1.052734	
384	0.999130	0.000772	-0.622284	-0.000772	0.999130	1.052734	
385	0.999130	0.000772	-0.622284	-0.000772	0.999130	1.052734	
386	0.999130	0.000772	-0.622284	-0.000772	0.999130	1.052734	
387	0.999130	0.000772	-0.622284	-0.000772	0.999130	1.052734	
388	0.999130	0.000772	-0.622284	-0.000772	0.999130	1.052734	
389	1.003151	0.002401	-3.159973	-0.002401	1.003151	-2.729980	
390	1.003151	0.002401	-3.159973	-0.002401	1.003151	-2.729980	
391	1.003151	0.002401	-3.159973	-0.002401	1.003151	-2.729980	
392	1.003103	0.000257	-0.865784	-0.000257	1.003103	-3.127625	
393	1.003923	0.001209	-1.974060	-0.001209	1.003923	-3.799683	
394	1.003301	0.000375	-1.038757	-0.000375	1.003301	-3.298706	
395	1.003301	0.000375	-1.038757	-0.000375	1.003301	-3.298706	
396	1.003301	0.000375	-1.038757	-0.000375	1.003301	-3.298706	
397	1.003301	0.000375	-1.038757	-0.000375	1.003301	-3.298706	
398	1.003301	0.000375	-1.038757	-0.000375	1.003301	-3.298706	
399	1.003301	0.000375	-1.038757	-0.000375	1.003301	-3.298706	
400	1.003301	0.000375	-1.038757	-0.000375	1.003301	-3.298706	
401	1.003301	0.000375	-1.038757	-0.000375	1.003301	-3.298706	
402	1.003301	0.000375	-1.038757	-0.000375	1.003301	-3.298706	
403	1.002388	-0.000099	-2.814392	0.000099	1.002388	-1.062317	
404	1.001176	-0.001197	0.962402	0.001197	1.001176	-1.447815	
405	1.001176	-0.001197	0.962402	0.001197	1.001176	-1.447815	
406	1.001176	-0.001197	0.962402	0.001197	1.001176	-1.447815	
407	1.001176	-0.001197	0.962402	0.001197	1.001176	-1.447815	
408	1.000837	-0.000744	0.544922	0.000744	1.000837	-1.028381	
409	1.000837	-0.000744	0.544922	0.000744	1.000837	-1.028381	
410	1.000837	-0.000744	0.544922	0.000744	1.000837	-1.028381	
411	1.000837	-0.000744	0.544922	0.000744	1.000837	-1.028381	
412	1.001532	-0.000178	-3.491150	0.000178	1.001532	1.602478	
413	1.001532	-0.000178	-3.491150	0.000178	1.001532	1.602478	
414	0.999347	-0.000261	-1.892151	0.000261	0.999347	3.933838	
415	0.999347	-0.000261	-1.892151	0.000261	0.999347	3.933838	
416	0.999347	-0.000261	-1.892151	0.000261	0.999347	3.933838	
417	0.999347	-0.000261	-1.892151	0.000261	0.999347	3.933838	
418	0.999347	-0.000261	-1.892151	0.000261	0.999347	3.933838	
419	0.999347	-0.000261	-1.892151	0.000261	0.999347	3.933838	
420	0.999347	-0.000261	-1.892151	0.000261	0.999347	3.933838	
421	0.999347	-0.000261	-1.892151	0.000261	0.999347	3.933838	
422	0.999347	-0.000261	-1.892151	0.000261	0.999347	3.933838	
423	0.999347	-0.000261	-1.892151	0.000261	0.999347	3.933838	
424	0.999347	-0.000261	-1.892151	0.000261	0.999347	3.933838	
425	0.999347	-0.000261	-1.892151	0.000261	0.999347	3.933838	
426	0.999347	-0.000261	-1.892151	0.000261	0.999347	3.933838	
427	0.999347	-0.000261	-1.892151	0.000261	0.999347	3.933838	
428	0.999347	-0.000261	-1.892151	0.000261	0.999347	3.933838	
429	0.999347	-0.000261	-1.892151	0.000261	0.999347	3.933838	
430	0.999347	-0.000261	-1.892151	0.000261	0.999347	3.933838	
431	0.999347	-0.000261	-1.892151	0.000261	0.999347	3.933838	
432	0.997241	0.001198	-0.987854	-0.001198	0.997241	3.310242	
433	0.996069	-0.000269	0.958984	0.000269	0.996069	3.936157	
434	0.996069	-0.000269	0.958984	0.000269	0.996069	3.936157	
435	0.996069	-0.000269	0.958984	0.000269	0.996069	3.936157	
436	0.996069	-0.000269	0.958984	0.000269	0.996069	3.936157	
437	0.996069	-0.000269	0.958984	0.000269	0.996069	3.936157	
438	0.995940	0.000927	-0.249542	-0.000927	0.995940	4.324097	
439	0.998501	0.000962	-0.699280	-0.000962	0.998501	1.717957	
440	0.999618	0.001415	-1.345886	-0.001415	0.999618	0.609314	
441	0.999618	0.001415	-1.345886	-0.001415	0.999618	0.609314	
442	0.999618	0.001415	-1.345886	-0.001415	0.999618	0.609314	
443	0.999618	0.001415	-1.345886	-0.001415	0.999618	0.609314	
444	0.999618	0.001415	-1.345886	-0.001415	0.999618	0.609314	
445	0.999618	0.001415	-1.345886	-0.001415	0.999618	0.609314	
446	0.999618	0.001415	-1.345886	-0.001415	0.999618	0.609314	
447	0.999618	0.001415	-1.345886	-0.001415	0.999618	0.609314	
448	0.999618	0.001415	-1.345886	-0.001415	0.999618	0.609314	
449	0.999618	0.001415	-1.345886	-0.001415	0.999618	0.609314	
450	1.001495	0.000448	-0.783447	-0.000448	1.001495	-1.467590	
451	1.001495	0.000448	-0.783447	-0.000448	1.001495	-1.467590	
452	1.001495	0.000448	-0.783447	-0.000448	1.001495	-1.467590	
453	1.001495	0.000448	-0.783447	-0.000448	1.001495	-1.467590	
454	1.001495	0.000448	-0.783447	-0.000448	1.001495	-1.467590	
455	1.001495	0.000448	-0.783447	-0.000448	1.001495	-1.467590	
456	1.001495	0.000448	-0.783447	-0.000448	1.001495	-1.467590	
457	1.001488	0.000429	-0.710938	-0.000429	1.001488	-1.445557	
458	1.001488	0.000429	-0.710938	-0.000429	1.001488	-1.445557	
459	0.999626	0.000471	2.980469	-0.000471	0.999626	-0.572266	
460	0.999626	0.000471	2.980469	-0.000471	0.999626	-0.572266	
461	0.990518	0.000745	16.258667	-0.000745	0.990518	5.811157	
462	0.994885	0.000046	7.087158	-0.000046	0.994885	2.924805	
463	0.993290	-0.000166	9.017334	0.000166	0.993290	4.186462	
464	0.992439	-0.000262	9.690796	0.000262	0.992439	4.154724	
465	0.992386	-0.000033	9.583618	0.000033	0.992386	4.782532	
466	0.984749	0.000205	18.782410	-0.000205	0.984749	10.485657	
467	0.998647	0.001460	-1.168030	-0.001460	0.998647	1.684814	
468	0.998647	0.001460	-1.168030	-0.001460	0.998647	1.684814	
469	0.998647	0.001460	-1.168030	-0.001460	0.998647	1.684814	
470	0.998647	0.001460	-1.168030	-0.001460	0.998647	1.684814	
471	0.998647	0.001460	-1.168030	-0.001460	0.998647	1.684814	
472	0.994245	-0.000160	7.949951	0.000160	0.994245	3.325745	
473	0.993925	0.000265	6.809998	-0.000265	0.993925	3.864258	
474	0.993389	0.000403	6.526489	-0.000403	0.993389	4.638000	
475	0.991962	0.000501	7.812622	-0.000501	0.991962	5.830139	
476	0.988957	0.000241	10.208252	-0.000241	0.988957	7.793335	
477	0.988957	0.000241	10.208252	-0.000241	0.988957	7.793335	
478	0.999840	0.000010	0.000916	-0.000010	0.999840	0.166016	
479	0.997628	0.000054	0.530518	-0.000054	0.997628	2.461914	
480	0.999605	-0.000060	0.190125	0.000060	0.999605	0.375122	
481	0.999605	-0.000060	0.190125	0.000060	0.999605	0.375122	
482	0.995272	0.000649	5.017212	-0.000649	0.995272	6.419312	
483	0.996547	0.000068	3.587524	-0.000068	0.996547	4.772583	
484	0.997782	0.000435	2.386658	-0.000435	0.997782	3.519226	
485	0.997023	0.000251	3.388062	-0.000251	0.997023	3.247314	
486	0.997023	0.000251	3.388062	-0.000251	0.997023	3.247314	
487	0.997023	0.000251	3.388062	-0.000251	0.997023	3.247314	
488	0.999274	-0.000084	0.388000	0.000084	0.999274	0.721680	
489	0.997353	0.000364	2.960510	-0.000364	0.997353	3.012085	
490	1.000685	-0.000697	0.665039	0.000697	1.000685	-0.779602	
491	0.995327	-0.000316	5.236328	0.000316	0.995327	4.763062	
492	0.997967	0.000376	1.676941	-0.000376	0.997967	2.543945	
493	0.997374	0.000011	2.580017	-0.000011	0.997374	2.531250	
494	0.996331	0.000266	3.590393	-0.000266	0.996331	2.957397	
495	0.996041	0.000261	3.795044	-0.000261	0.996041	3.010193	
496	0.990138	0.000187	9.681335	-0.000187	0.990138	7.482666	
497	0.993777	0.000056	6.178894	-0.000056	0.993777	4.261963	
498	0.993853	0.000273	6.205078	-0.000273	0.993853	4.704163	
499	0.994848	0.000131	5.201172	-0.000131	0.994848	4.281921	
500	0.996309	0.000227	3.578247	-0.000227	0.996309	3.667664	
501	0.996309	0.000227	3.578247	-0.000227	0.996309	3.667664	
502	0.996313	-0.000184	4.233398	0.000184	0.996313	3.231689	
503	0.996928	0.001080	2.094482	-0.001080	0.996928	3.482666	
504	1.001754	-0.000231	-0.107361	0.000231	1.001754	-1.924438	
505	1.001754	-0.000231	-0.107361	0.000231	1.001754	-1.924438	
506	1.001754	-0.000231	-0.107361	0.000231	1.001754	-1.924438	
507	1.000021	0.000288	-0.200439	-0.000288	1.000021	-0.032959	
508	0.999278	0.000330	-0.105774	-0.000330	0.999278	0.776123	
509	0.998424	-0.000150	0.866455	0.000150	0.998424	0.545532	
510	0.999742	0.000093	-0.030762	-0.000093	0.999742	0.102051	
511	0.995823	-0.000358	3.717285	0.000358	0.995823	1.748657	
512	0.996493	-0.000683	3.370667	0.000683	0.996493	1.658142	
513	0.998668	0.001072	-0.813660	-0.001072	0.998668	1.475037	
514	1.001556	0.001279	-1.652863	-0.001279	1.001556	-1.442383	
515	0.998621	0.002869	-2.628052	-0.002869	0.998621	2.023743	
516	0.998621	0.002869	-2.628052	-0.002869	0.998621	2.023743	
517	0.998621	0.002869	-2.628052	-0.002869	0.998621	2.023743	
518	0.999786	0.000127	-0.171082	-0.000127	0.999786	0.206848	
519	0.999553	0.000604	-0.595184	-0.000604	0.999553	0.494812	
520	0.999940	0.000162	-0.251038	-0.000162	0.999940	0.197266	
521	0.999940	0.000162	-0.251038	-0.000162	0.999940	0.197266	
522	0.999836	0.000254	-0.360901	-0.000254	0.999836	0.306763	
523	0.999836	0.000254	-0.360901	-0.000254	0.999836	0.306763	
524	0.999836	0.000254	-0.360901	-0.000254	0.999836	0.306763	
525	0.999836	0.000254	-0.360901	-0.000254	0.999836	0.306763	
526	0.999836	0.000254	-0.360901	-0.000254	0.999836	0.306763	
527	0.999836	0.000254	-0.360901	-0.000254	0.999836	0.306763	
528	0.998247	0.000679	-0.300903	-0.000679	0.998247	2.066467	
529	1.001255	-0.000065	-2.494263	0.000065	1.001255	-0.896118	
530	1.000858	0.000013	-1.823059	-0.000013	1.000858	-0.702576	
531	0.997716	0.001451	-1.036743	-0.001451	0.997716	2.655945	
532	0.999349	0.000195	-0.354370	-0.000195	0.999349	0.498901	
533	0.996900	0.000950	0.490784	-0.000950	0.996900	2.739258	
534	1.000038	-0.000023	-0.251343	0.000023	1.000038	-0.096252	
535	0.999856	0.000363	-0.418640	-0.000363	0.999856	-0.008362	
536	0.998172	0.002686	-2.422058	-0.002686	0.998172	2.324707	
537	1.000052	-0.000089	-0.025696	0.000089	1.000052	0.081970	
538	1.004584	-0.000166	-3.969116	0.000166	1.004584	-2.515198	
539	1.001337	-0.001009	0.723816	0.001009	1.001337	-1.586121	
540	1.000777	-0.000873	0.729004	0.000873	1.000777	-0.988586	
541	1.000777	-0.000873	0.729004	0.000873	1.000777	-0.988586	
542	1.000777	-0.000873	0.729004	0.000873	1.000777	-0.988586	
543	1.000777	-0.000873	0.729004	0.000873	1.000777	-0.988586	
544	1.000777	-0.000873	0.729004	0.000873	1.000777	-0.988586	
545	1.005192	0.000153	-4.757812	-0.000153	1.005192	-2.424377	
546	1.005192	0.000153	-4.757812	-0.000153	1.005192	-2.424377	
547	1.005192	0.000153	-4.757812	-0.000153	1.005192	-2.424377	
548	1.005192	0.000153	-4.757812	-0.000153	1.005192	-2.424377	
549	1.005192	0.000153	-4.757812	-0.000153	1.005192	-2.424377	
550	1.005192	0.000153	-4.757812	-0.000153	1.005192	-2.424377	
551	1.005192	0.000153	-4.757812	-0.000153	1.005192	-2.424377	
552	1.001921	0.001292	-1.759399	-0.001292	1.001921	-1.687927	
553	1.001921	0.001292	-1.759399	-0.001292	1.001921	-1.687927	
554	1.001921	0.001292	-1.759399	-0.001292	1.001921	-1.687927	
555	1.001921	0.001292	-1.759399	-0.001292	1.001921	-1.687927	
556	1.001921	0.001292	-1.759399	-0.001292	1.001921	-1.687927	
557	1.000025	0.000128	-0.313599	-0.000128	1.000025	-0.031067	
558	1.001376	0.000721	-1.061676	-0.000721	1.001376	-1.273315	
559	1.001376	0.000721	-1.061676	-0.000721	1.001376	-1.273315	
560	1.000104	0.000064	-0.133240	-0.000064	1.000104	-0.116211	
561	1.000104	0.000064	-0.133240	-0.000064	1.000104	-0.116211	
562	1.000104	0.000064	-0.133240	-0.000064	1.000104	-0.116211	
563	1.000153	-0.000167	0.149292	0.000167	1.000153	-0.055664	
564	1.000153	-0.000167	0.149292	0.000167	1.000153	-0.055664	
565	1.001055	-0.000429	0.234436	0.000429	1.001055	-0.983093	
566	1.001655	0.000121	-0.461670	-0.000121	1.001655	-0.499878	
567	1.001007	-0.000426	0.173889	0.000426	1.001007	-1.093933	
568	1.000245	-0.000070	-0.072144	0.000070	1.000245	-0.284424	
569	0.999962	0.000041	-0.185303	-0.000041	0.999962	0.076111	
570	0.999962	0.000041	-0.185303	-0.000041	0.999962	0.076111	
571	0.999962	0.000041	-0.185303	-0.000041	0.999962	0.076111	
572	0.999962	0.000041	-0.185303	-0.000041	0.999962	0.076111	
573	0.999962	0.000041	-0.185303	-0.000041	0.999962	0.076111	
574	1.000025	-0.000012	0.002686	0.000012	1.000025	0.041199	
575	1.000854	-0.000591	0.106262	0.000591	1.000854	-0.612000	
576	1.001280	-0.000364	-0.110168	0.000364	1.001280	-1.218201	
577	0.999602	-0.001265	1.377838	0.001265	0.999602	0.177429	
578	1.001471	-0.000078	-0.360291	0.000078	1.001471	-1.577393	
579	1.001690	0.000101	-0.494202	-0.000101	1.001690	-1.639832	
580	1.000491	-0.001127	1.016113	0.001127	1.000491	-0.617859	
581	0.999521	-0.001310	1.422363	0.001310	0.999521	0.255981	
582	1.000031	-0.000016	-0.026123	0.000016	1.000031	-0.027710	
583	1.003239	0.000044	-2.583191	-0.000044	1.003239	-2.041077	
584	1.003433	0.000144	-3.349487	-0.000144	1.003433	-2.192322	
585	1.002133	-0.000099	-1.677917	0.000099	1.002133	-1.759583	
586	1.002501	-0.000194	-2.512024	0.000194	1.002501	-2.124939	
587	1.004919	-0.000412	-4.649414	0.000412	1.004919	-3.047607	
588	1.002532	-0.000011	-2.752625	0.000011	1.002532	-1.247314	
589	1.002457	-0.000042	-2.477295	0.000042	1.002457	-1.528992	
590	1.003099	-0.000047	-3.134583	0.000047	1.003099	-2.187439	
591	1.004310	-0.000079	-4.626465	0.000079	1.004310	-3.107971	
592	1.008076	-0.000191	-7.954651	0.000191	1.008076	-5.001831	
593	1.002927	0.000171	-3.518005	-0.000171	1.002927	-1.372070	
594	1.002884	0.000202	-2.974854	-0.000202	1.002884	-1.199097	
595	1.000376	-0.000240	-1.202454	0.000240	1.000376	0.460632	
596	1.000245	0.000923	0.366455	-0.000923	1.000245	1.797363	
597	1.000245	0.000923	0.366455	-0.000923	1.000245	1.797363	
598	1.001192	-0.000962	0.715271	0.000962	1.001192	-1.457153	
599	1.000069	-0.000223	0.306030	0.000223	1.000069	-0.089294	
600	1.000088	-0.000103	0.121826	0.000103	1.000088	-0.104248	
601	1.001749	0.000367	-0.784058	-0.000367	1.001749	-1.721741	
