0	1.000000	0.000000	0.000000	0.000000	1.000000	0.000000	
1	1.002022	-0.000152	-1.951416	0.000152	1.002022	-1.494781	
2	1.002666	-0.000002	-2.638794	0.000002	1.002666	-1.960541	
3	1.002621	-0.000038	-2.793823	0.000038	1.002621	-1.924103	
4	1.003570	0.000017	-3.936707	-0.000017	1.003570	-2.395447	
5	1.003807	0.000084	-4.166321	-0.000084	1.003807	-2.404877	
6	1.002488	-0.000074	-2.614258	0.000074	1.002488	-2.103516	
7	1.003844	-0.000251	-4.391296	0.000251	1.003844	-2.771088	
8	1.003206	-0.000174	-3.628906	0.000174	1.003206	-2.200348	
9	1.003198	0.000090	-3.736694	-0.000090	1.003198	-1.741028	
10	1.002940	0.000241	-3.449341	-0.000241	1.002940	-1.225403	
11	1.003054	0.000156	-3.469421	-0.000156	1.003054	-1.519531	
12	1.003294	0.000075	-3.683411	-0.000075	1.003294	-1.624329	
13	1.005335	-0.000097	-5.860962	0.000097	1.005335	-2.598389	
14	1.003084	0.000036	-3.525940	-0.000036	1.003084	-1.294525	
15	1.003087	0.000028	-3.280396	-0.000028	1.003087	-1.477448	
16	1.002854	-0.000059	-2.923950	0.000059	1.002854	-1.471191	
17	1.002869	0.000074	-3.000732	-0.000074	1.002869	-1.162170	
18	1.005397	-0.000137	-4.659424	0.000137	1.005397	-1.982971	
19	1.002897	-0.000013	-2.509155	0.000013	1.002897	-1.188812	
20	1.003054	-0.000050	-2.614319	0.000050	1.003054	-1.546234	
21	1.003805	0.000088	-3.361389	-0.000088	1.003805	-1.532959	
22	1.003219	0.000256	-2.921875	-0.000256	1.003219	-1.147491	
23	1.006496	-0.000324	-5.088501	0.000324	1.006496	-2.941895	
24	1.003276	0.000111	-2.764465	-0.000111	1.003276	-1.271515	
25	1.003249	0.000092	-2.787720	-0.000092	1.003249	-1.717102	
26	1.003451	0.000316	-3.203369	-0.000316	1.003451	-1.497437	
27	1.003393	0.000051	-2.721130	-0.000051	1.003393	-1.639160	
28	1.006079	0.000262	-5.536987	-0.000262	1.006079	-1.733459	
29	1.003004	-0.000405	-2.491760	0.000405	1.003004	-1.743774	
30	1.003037	-0.000077	-3.000671	0.000077	1.003037	-1.716064	
31	1.003172	-0.000108	-3.115479	0.000108	1.003172	-1.499512	
32	1.003061	-0.000265	-2.850403	0.000265	1.003061	-1.735657	
33	1.005709	-0.000270	-5.431335	0.000270	1.005709	-2.385986	
34	1.002766	-0.000204	-2.989624	0.000204	1.002766	-1.504333	
35	1.002967	0.000088	-3.528503	-0.000088	1.002967	-1.279480	
36	1.002872	0.000250	-3.902649	-0.000250	1.002872	-1.231079	
37	1.003075	0.000460	-4.141663	-0.000460	1.003075	-1.017883	
38	1.005762	0.000036	-6.576355	-0.000036	1.005762	-2.382690	
39	1.002972	0.000100	-3.255859	-0.000100	1.002972	-1.192078	
40	1.002846	-0.000035	-2.995239	0.000035	1.002846	-1.308472	
41	1.003184	-0.000029	-3.399780	0.000029	1.003184	-1.624329	
42	1.002967	0.000089	-3.031250	-0.000089	1.002967	-1.310547	
43	1.005855	0.000298	-5.467041	-0.000298	1.005855	-2.735229	
44	1.002732	0.000167	-1.905579	-0.000167	1.002732	-0.962830	
45	1.002684	0.000017	-1.598999	-0.000017	1.002684	-1.591431	
46	1.002884	0.000161	-1.818787	-0.000161	1.002884	-1.687744	
47	1.002919	0.000120	-1.760132	-0.000120	1.002919	-1.658630	
48	1.006042	0.000066	-3.042725	-0.000066	1.006042	-3.349304	
49	1.002841	-0.000254	-0.946289	0.000254	1.002841	-1.575653	
50	1.003093	-0.000257	-1.442871	0.000257	1.003093	-1.947754	
51	1.003077	0.000111	-1.799500	-0.000111	1.003077	-1.234009	
52	1.003021	-0.000103	-1.697754	0.000103	1.003021	-1.686279	
53	1.007358	0.001641	-5.722107	-0.001641	1.007358	-2.237488	
54	1.003535	-0.000022	-2.102783	0.000022	1.003535	-1.690552	
55	1.003247	-0.000014	-2.023254	0.000014	1.003247	-1.014038	
56	1.002922	0.000206	-2.023315	-0.000206	1.002922	-0.622589	
57	1.003025	0.000233	-2.245544	-0.000233	1.003025	-0.713318	
58	1.005951	-0.000256	-3.555176	0.000256	1.005951	-2.601257	
59	1.003014	-0.000155	-1.945068	0.000155	1.003014	-1.396118	
60	1.003251	0.000080	-2.928345	-0.000080	1.003251	-1.647217	
61	1.002863	0.000471	-2.694641	-0.000471	1.002863	-0.727966	
62	1.002477	0.000207	-2.024780	-0.000207	1.002477	-0.578827	
63	1.005250	0.000160	-4.491211	-0.000160	1.005250	-1.678802	
64	1.002485	-0.000007	-2.141113	0.000007	1.002485	-1.209198	
65	1.006132	0.002599	-9.134277	-0.002599	1.006132	2.009491	
66	1.007181	0.001130	-10.644653	-0.001130	1.007181	-0.997009	
67	1.002635	-0.000010	-2.652100	0.000010	1.002635	-1.580780	
68	1.005919	0.027530	-31.734009	-0.027530	1.005919	22.214081	
69	1.005919	0.027530	-31.734009	-0.027530	1.005919	22.214081	
70	1.002613	0.000019	-2.694702	-0.000019	1.002613	-1.598694	
71	1.003087	0.000248	-3.426025	-0.000248	1.003087	-1.354279	
72	1.003314	0.000109	-3.717407	-0.000109	1.003314	-1.427185	
73	1.003064	-0.000145	-3.063354	0.000145	1.003064	-1.741302	
74	1.003064	-0.000145	-3.063354	0.000145	1.003064	-1.741302	
75	1.003221	0.000792	-3.702393	-0.000792	1.003221	-0.368561	
76	0.995249	-0.011045	1.388245	0.011045	0.995249	-6.758942	
77	1.003179	0.000094	-3.169434	-0.000094	1.003179	-1.445343	
78	1.015149	-0.014771	-0.634399	0.014771	1.015149	-22.882874	
79	1.009599	0.000175	-2.633179	-0.000175	1.009599	-4.535858	
80	1.003520	0.000231	-3.374634	-0.000231	1.003520	-1.086426	
81	1.003312	0.000165	-2.873169	-0.000165	1.003312	-1.005432	
82	1.001966	-0.000231	-1.038452	0.000231	1.001966	-1.041504	
83	1.003402	-0.000039	-2.385498	0.000039	1.003402	-1.481384	
84	1.007655	-0.000192	-5.605835	0.000192	1.007655	-3.799072	
85	1.003513	0.000042	-2.442993	-0.000042	1.003513	-1.214111	
86	1.003480	-0.000218	-2.350891	0.000218	1.003480	-1.638000	
87	1.003626	-0.000080	-2.653870	0.000080	1.003626	-1.716614	
88	1.002966	0.000251	-2.415222	-0.000251	1.002966	-1.065735	
89	1.004227	0.000762	-3.532654	-0.000762	1.004227	-0.631714	
90	1.003414	-0.000050	-2.569214	0.000050	1.003414	-1.352356	
91	1.003598	0.000006	-2.715637	-0.000006	1.003598	-1.334412	
92	1.003366	-0.000001	-2.419006	0.000001	1.003366	-1.096863	
93	1.003198	-0.000153	-2.229492	0.000153	1.003198	-1.557007	
94	1.006539	-0.000008	-5.529663	0.000008	1.006539	-2.725403	
95	1.003232	0.000051	-2.713562	-0.000051	1.003232	-1.252258	
96	1.002969	-0.000030	-2.406738	0.000030	1.002969	-0.421692	
97	1.002526	0.000145	-2.029114	-0.000145	1.002526	-0.359283	
98	1.002956	0.000046	-2.566101	-0.000046	1.002956	-1.240479	
99	1.006355	0.000357	-6.408081	-0.000357	1.006355	-2.058502	
100	1.003570	0.000344	-3.806030	-0.000344	1.003570	-1.178253	
101	1.003341	0.000032	-3.388611	-0.000032	1.003341	-1.361816	
102	1.003520	0.000110	-3.612793	-0.000110	1.003520	-1.684448	
103	1.003570	-0.000333	-3.560059	0.000333	1.003570	-2.150452	
104	1.006830	0.000131	-7.510010	-0.000131	1.006830	-3.394836	
105	1.003790	-0.000364	-4.258972	0.000364	1.003790	-2.278168	
106	1.003975	-0.000307	-4.519409	0.000307	1.003975	-2.295563	
107	1.004095	-0.000422	-4.509766	0.000422	1.004095	-2.325867	
108	1.003855	-0.000370	-4.412598	0.000370	1.003855	-2.212891	
109	1.009310	-0.000283	-10.746826	0.000283	1.009310	-4.696777	
110	1.004559	-0.000257	-4.831299	0.000257	1.004559	-2.579956	
111	1.004458	-0.000147	-4.472595	0.000147	1.004458	-2.213715	
112	1.004381	0.000051	-4.305420	-0.000051	1.004381	-2.042480	
113	1.004232	-0.000010	-3.866455	0.000010	1.004232	-1.626343	
114	1.005967	0.001791	-4.971680	-0.001791	1.005967	-0.710999	
115	1.003941	0.000089	-2.413208	-0.000089	1.003941	-1.551453	
116	1.003990	0.000030	-2.404480	-0.000030	1.003990	-1.719971	
117	1.003783	0.000173	-2.047119	-0.000173	1.003783	-1.749756	
118	1.003550	-0.000025	-1.329102	0.000025	1.003550	-1.545044	
119	1.005756	-0.000053	-0.750854	0.000053	1.005756	-2.480804	
120	1.003590	-0.000446	-0.347900	0.000446	1.003590	-1.961090	
121	1.002421	0.000224	0.431946	-0.000224	1.002421	-0.889954	
122	1.002123	0.000237	0.650940	-0.000237	1.002123	-0.884460	
123	1.004005	0.000188	-1.127014	-0.000188	1.004005	-1.955383	
124	1.004005	0.000188	-1.127014	-0.000188	1.004005	-1.955383	
125	1.007816	0.000088	-4.989197	-0.000088	1.007816	-3.530457	
126	1.004529	0.000023	-2.393127	-0.000023	1.004529	-1.738342	
127	1.000764	-0.005283	3.464111	0.005283	1.000764	-4.571777	
128	1.005100	0.001388	-4.187561	-0.001388	1.005100	-1.021790	
129	1.008420	-0.000637	-5.945068	0.000637	1.008420	-3.906311	
130	1.002530	0.000394	-2.144897	-0.000394	1.002530	-0.164856	
131	1.002923	-0.000091	-2.462158	0.000091	1.002923	-0.658936	
132	1.002517	0.000189	-2.418335	-0.000189	1.002517	-0.149719	
133	1.001829	-0.000832	-1.254700	0.000832	1.001829	-0.684814	
134	1.001829	-0.000832	-1.254700	0.000832	1.001829	-0.684814	
135	1.001829	-0.000832	-1.254700	0.000832	1.001829	-0.684814	
136	1.000324	0.000411	-0.444946	-0.000411	1.000324	1.010803	
137	1.000324	0.000411	-0.444946	-0.000411	1.000324	1.010803	
138	1.000014	0.000012	-0.008423	-0.000012	1.000014	0.542908	
139	0.995249	0.000166	5.199341	-0.000166	0.995249	2.942993	
140	0.998781	0.000228	1.228516	-0.000228	0.998781	0.384857	
141	0.998495	-0.000005	1.636230	0.000005	0.998495	0.242615	
142	0.998270	-0.000207	1.855347	0.000207	0.998270	0.392395	
143	0.997777	-0.000100	2.312378	0.000100	0.997777	0.821838	
144	0.990435	0.000217	9.680054	-0.000217	0.990435	4.312286	
145	0.996891	0.000115	2.576294	-0.000115	0.996891	1.569977	
146	0.996198	0.000209	3.221924	-0.000209	0.996198	2.592682	
147	0.996183	-0.000127	3.557617	0.000127	0.996183	1.818878	
148	0.996239	-0.000102	3.447021	0.000102	0.996239	1.938599	
149	0.991617	-0.000103	7.789062	0.000103	0.991617	4.956238	
150	0.995471	-0.000014	4.436157	0.000014	0.995471	3.020325	
151	0.995190	-0.000154	4.819153	0.000154	0.995190	3.439819	
152	0.995323	-0.000024	4.362793	0.000024	0.995323	3.240906	
153	0.995964	0.000002	3.690369	-0.000002	0.995964	3.190125	
154	0.987694	-0.000196	10.895752	0.000196	0.987694	7.884399	
155	0.994703	0.000046	4.856506	-0.000046	0.994703	3.533325	
156	0.995444	-0.000081	4.067200	0.000081	0.995444	2.671143	
157	0.995010	0.001215	3.257507	-0.001215	0.995010	3.984314	
158	0.994501	-0.000121	4.208130	0.000121	0.994501	2.869873	
159	0.994501	-0.000121	4.208130	0.000121	0.994501	2.869873	
160	0.994749	-0.000378	2.877258	0.000378	0.994749	2.779419	
161	0.996224	-0.000073	0.169434	0.000073	0.996224	2.362061	
162	0.994320	0.000055	1.360046	-0.000055	0.994320	3.441833	
163	0.996701	-0.000612	-0.207458	0.000612	0.996701	1.209167	
164	0.996701	-0.000612	-0.207458	0.000612	0.996701	1.209167	
165	0.994400	-0.000204	1.211548	0.000204	0.994400	3.058777	
166	0.994512	0.000215	0.512634	-0.000215	0.994512	3.379883	
167	0.999102	0.003447	-5.965210	-0.003447	0.999102	3.377136	
168	0.994229	-0.000104	1.776184	0.000104	0.994229	2.879028	
169	0.987220	0.000836	5.228394	-0.000836	0.987220	7.737244	
170	0.994895	0.000112	2.105103	-0.000112	0.994895	2.489624	
171	0.994961	0.000089	2.421448	-0.000089	0.994961	2.215393	
172	0.993388	0.001508	3.609924	-0.001508	0.993388	4.464722	
173	0.994630	0.000313	3.506714	-0.000313	0.994630	2.572937	
174	0.990709	0.000455	5.821960	-0.000455	0.990709	5.062317	
175	0.996279	0.000183	2.239746	-0.000183	0.996279	1.935486	
176	0.995929	0.000097	2.607727	-0.000097	0.995929	2.825562	
177	0.995603	-0.000367	3.175964	0.000367	0.995603	2.084229	
178	0.995279	-0.000353	3.463379	0.000353	0.995279	2.415955	
179	0.991257	0.000342	5.903809	-0.000342	0.991257	5.252747	
180	0.992771	0.000625	5.719421	-0.000625	0.992771	5.079041	
181	0.994728	-0.000057	4.311340	0.000057	0.994728	2.453796	
182	0.994919	0.000164	3.999268	-0.000164	0.994919	2.263550	
183	0.995198	0.000204	3.717102	-0.000204	0.995198	2.296448	
184	0.990841	0.000399	6.907837	-0.000399	0.990841	5.436218	
185	0.995834	0.000760	2.479553	-0.000760	0.995834	2.434387	
186	0.995635	0.000139	2.952515	-0.000139	0.995635	2.291321	
187	0.995174	0.000007	3.400696	-0.000007	0.995174	3.068237	
188	0.995402	-0.000159	3.153320	0.000159	0.995402	2.012634	
189	0.991898	-0.000397	5.174561	0.000397	0.991898	3.431458	
190	0.996038	-0.000108	2.293396	0.000108	0.996038	1.961426	
191	0.995914	0.000279	2.432739	-0.000279	0.995914	2.539001	
192	0.995469	-0.002006	4.285767	0.002006	0.995469	0.580750	
193	0.996419	0.000096	2.350403	-0.000096	0.996419	1.955139	
194	0.991648	-0.001543	7.660889	0.001543	0.991648	2.917664	
195	0.996231	-0.000020	2.782532	0.000020	0.996231	1.624207	
196	0.996432	-0.000087	2.764465	0.000087	0.996432	1.760925	
197	0.995632	-0.000066	3.705383	0.000066	0.995632	2.349670	
198	0.996053	-0.000086	3.358459	0.000086	0.996053	1.958862	
199	0.991939	-0.000050	6.964905	0.000050	0.991939	4.622864	
200	0.996679	0.000649	2.100952	-0.000649	0.996679	2.629578	
201	0.996059	-0.000512	3.705811	0.000512	0.996059	2.307556	
202	0.998979	-0.003458	3.003845	0.003458	0.998979	-2.204163	
203	0.997668	0.000308	2.170959	-0.000308	0.997668	2.091431	
204	0.995710	0.000194	4.004822	-0.000194	0.995710	3.587524	
205	0.997622	0.000197	2.134460	-0.000197	0.997622	2.213440	
206	0.997559	-0.000337	2.458679	0.000337	0.997559	1.770508	
207	0.997565	0.000070	2.287231	-0.000070	0.997565	1.983643	
208	0.997354	0.000362	2.355164	-0.000362	0.997354	2.489868	
209	0.995793	-0.000207	4.308472	0.000207	0.995793	2.752808	
210	0.997431	0.000061	2.752686	-0.000061	0.997431	2.228638	
211	0.997998	0.000037	2.432556	-0.000037	0.997998	1.567566	
212	0.999650	-0.001964	1.980347	0.001964	0.999650	-1.187317	
213	0.997720	0.000731	2.425293	-0.000731	0.997720	2.696716	
214	0.997720	0.000731	2.425293	-0.000731	0.997720	2.696716	
215	0.998592	0.000097	1.302429	-0.000097	0.998592	1.468262	
216	0.999154	0.000148	0.712524	-0.000148	0.999154	0.550354	
217	0.999397	0.001484	-0.364075	-0.001484	0.999397	1.833008	
218	0.998691	0.000050	1.063538	-0.000050	0.998691	1.139099	
219	0.997867	-0.000381	2.315613	0.000381	0.997867	0.946350	
220	0.998419	0.000069	1.690491	-0.000069	0.998419	1.024170	
221	0.998421	0.000147	1.755249	-0.000147	0.998421	0.947449	
222	0.997603	0.000319	2.229980	-0.000319	0.997603	1.226990	
223	0.998559	0.000045	1.461060	-0.000045	0.998559	0.280090	
224	0.998887	-0.001029	1.220886	0.001029	0.998887	-1.463440	
225	0.999394	0.000174	0.314087	-0.000174	0.999394	-0.321655	
226	0.999508	-0.000104	0.348145	0.000104	0.999508	-0.583374	
227	1.000327	-0.002037	0.670654	0.002037	1.000327	-2.994690	
228	0.999860	-0.000079	0.048279	0.000079	0.999860	-0.986816	
229	1.000117	-0.000176	-0.235596	0.000176	1.000117	-2.660339	
230	1.000871	-0.000269	-1.109436	0.000269	1.000871	-2.035095	
231	1.000976	-0.000038	-1.383484	0.000038	1.000976	-1.788513	
232	1.000985	0.000040	-1.648071	-0.000040	1.000985	-1.766479	
233	1.001095	0.000192	-1.713623	-0.000192	1.001095	-1.693665	
234	1.002716	-0.000238	-3.421814	0.000238	1.002716	-4.300232	
235	1.002360	-0.000673	-2.806396	0.000673	1.002360	-3.172180	
236	1.001696	-0.000199	-1.959412	0.000199	1.001696	-2.195618	
237	1.001900	0.000051	-2.421875	-0.000051	1.001900	-1.955750	
238	1.002137	0.000159	-2.379272	-0.000159	1.002137	-1.662354	
239	1.002620	-0.000080	-2.815369	0.000080	1.002620	-1.763367	
240	1.005288	-0.000729	-5.219360	0.000729	1.005288	-4.110962	
241	1.002467	0.000278	-2.989197	-0.000278	1.002467	-1.504639	
242	1.003127	-0.000133	-3.348267	0.000133	1.003127	-2.297791	
243	1.003134	-0.000148	-3.241394	0.000148	1.003134	-1.997803	
244	1.003501	-0.000140	-3.554932	0.000140	1.003501	-2.383484	
245	1.008149	-0.000141	-7.988525	0.000141	1.008149	-5.116638	
246	1.004596	0.000235	-4.590332	-0.000235	1.004596	-2.375793	
247	1.002128	0.000034	-1.815918	-0.000034	1.002128	-1.348877	
248	1.004327	-0.000265	-3.706421	0.000265	1.004327	-2.365234	
249	1.004937	-0.000544	-4.057739	0.000544	1.004937	-2.815430	
250	1.011060	-0.000322	-9.448792	0.000322	1.011060	-5.608215	
251	1.005781	-0.000197	-4.806091	0.000197	1.005781	-2.969604	
252	1.006585	0.000088	-5.676575	-0.000088	1.006585	-3.338074	
253	1.005558	0.000063	-4.841187	-0.000063	1.005558	-2.920593	
254	1.005978	0.000174	-5.222595	-0.000174	1.005978	-2.732239	
255	1.009870	-0.000290	-8.289307	0.000290	1.009870	-5.123596	
256	1.006354	-0.000358	-5.614868	0.000358	1.006354	-3.521118	
257	1.007482	-0.000253	-6.843750	0.000253	1.007482	-4.422424	
258	1.006991	-0.000060	-6.593018	0.000060	1.006991	-4.026917	
259	1.005233	0.000192	-5.026062	-0.000192	1.005233	-2.177551	
260	1.009397	-0.000001	-8.768738	0.000001	1.009397	-4.305298	
261	1.005396	0.000129	-5.166687	-0.000129	1.005396	-2.473633	
262	1.006419	-0.000182	-5.910950	0.000182	1.006419	-3.078979	
263	1.005505	-0.000123	-5.082458	0.000123	1.005505	-2.253357	
264	1.006842	-0.000163	-6.296326	0.000163	1.006842	-2.996155	
265	1.010902	-0.000172	-10.635742	0.000172	1.010902	-5.279236	
266	1.006614	-0.000421	-6.227417	0.000421	1.006614	-3.511414	
267	1.005517	-0.000231	-5.107849	0.000231	1.005517	-2.177979	
268	1.005193	-0.000474	-4.572144	0.000474	1.005193	-2.366699	
269	1.008656	-0.000963	-7.546448	0.000963	1.008656	-5.044006	
270	1.009411	0.000519	-8.963257	-0.000519	1.009411	-2.619934	
271	1.004547	-0.000085	-3.797485	0.000085	1.004547	-1.560669	
272	1.004230	-0.000124	-3.322266	0.000124	1.004230	-1.378265	
273	1.004515	-0.000223	-3.510925	0.000223	1.004515	-1.695984	
274	1.004500	0.000085	-3.873596	-0.000085	1.004500	-1.353088	
275	1.009411	-0.000125	-8.409607	0.000125	1.009411	-2.971863	
276	1.004531	-0.000039	-4.162781	0.000039	1.004531	-1.310608	
277	1.004272	-0.000363	-3.995789	0.000363	1.004272	-1.631714	
278	1.006493	-0.000745	-6.124084	0.000745	1.006493	-2.954041	
279	1.003972	-0.000011	-4.383240	0.000011	1.003972	-0.760010	
280	1.007414	-0.000264	-8.229797	0.000264	1.007414	-1.392517	
281	1.003515	0.000032	-4.058167	-0.000032	1.003515	-0.527222	
282	1.003848	-0.000023	-4.326660	0.000023	1.003848	-0.917664	
283	1.003590	-0.000008	-3.707336	0.000008	1.003590	-0.392639	
284	1.003348	-0.000099	-3.223206	0.000099	1.003348	-0.397705	
285	1.006527	-0.000282	-6.147278	0.000282	1.006527	-0.096558	
286	1.003342	-0.000141	-3.254700	0.000141	1.003342	0.200378	
287	1.002745	-0.000143	-2.650635	0.000143	1.002745	0.298767	
288	1.002736	0.000187	-2.859558	-0.000187	1.002736	0.733887	
289	1.002786	-0.000304	-2.426575	0.000304	1.002786	0.204956	
290	1.003829	0.000068	-3.573059	-0.000068	1.003829	1.848816	
291	1.001578	-0.000047	-1.128052	0.000047	1.001578	1.194763	
292	1.001043	-0.000135	-0.547913	0.000135	1.001043	0.920227	
293	1.000890	0.000224	-0.463074	-0.000224	1.000890	1.242981	
294	1.000432	0.000105	0.184448	-0.000105	1.000432	1.126953	
295	0.999899	0.000158	1.690430	-0.000158	0.999899	2.968872	
296	0.999492	-0.000093	1.586121	0.000093	0.999492	1.223938	
297	0.998991	-0.000179	2.176880	0.000179	0.998991	1.269592	
298	0.998069	0.000026	2.909241	-0.000026	0.998069	1.676636	
299	0.997854	-0.000554	3.335999	0.000554	0.997854	1.152832	
300	0.995361	-0.000693	5.973572	0.000693	0.995361	2.180481	
301	0.995974	-0.000843	4.882385	0.000843	0.995974	1.387146	
302	0.998087	-0.000086	2.238098	0.000086	0.998087	0.551086	
303	0.997668	-0.000125	2.726868	0.000125	0.997668	0.660278	
304	0.997665	0.000065	2.411133	-0.000065	0.997665	0.785522	
305	0.995959	0.000292	4.291504	-0.000292	0.995959	1.503845	
306	0.997661	-0.000030	2.679626	0.000030	0.997661	0.660400	
307	0.997718	0.000053	2.710571	-0.000053	0.997718	0.754333	
308	0.997219	-0.000121	3.044983	0.000121	0.997219	0.789551	
309	0.996717	-0.000389	3.513733	0.000389	0.996717	0.759644	
310	0.994855	-0.000143	5.300232	0.000143	0.994855	1.667297	
311	0.995412	-0.000403	4.591309	0.000403	0.995412	1.598999	
312	0.997260	-0.000221	2.656433	0.000221	0.997260	0.939575	
313	0.995453	-0.000429	4.473755	0.000429	0.995453	1.668762	
314	0.995130	-0.000257	4.526428	0.000257	0.995130	2.130005	
315	0.994328	0.000032	4.745483	-0.000032	0.994328	3.048523	
316	0.996578	-0.000192	2.977600	0.000192	0.996578	1.793213	
317	0.994221	-0.000172	5.316528	0.000172	0.994221	3.020264	
318	0.994247	-0.000456	5.438721	0.000456	0.994247	2.611145	
319	0.993446	-0.000541	6.293518	0.000541	0.993446	3.075439	
320	0.988080	-0.000019	10.938110	0.000019	0.988080	7.278687	
321	0.993022	-0.000557	6.703735	0.000557	0.993022	3.785095	
322	0.995164	0.000068	4.351562	-0.000068	0.995164	3.195190	
323	0.995879	0.000106	3.774963	-0.000106	0.995879	2.722351	
324	0.995102	-0.000171	4.630005	0.000171	0.995102	2.934631	
325	0.990649	0.000043	9.056213	-0.000043	0.990649	6.167053	
326	0.995654	-0.000008	4.457153	0.000008	0.995654	2.972290	
327	0.995626	0.000706	3.983948	-0.000706	0.995626	3.803650	
328	0.994892	0.000127	4.912537	-0.000127	0.994892	3.686890	
329	0.994988	0.000421	4.430664	-0.000421	0.994988	3.265259	
330	0.990286	-0.000432	8.864685	0.000432	0.990286	4.879578	
331	0.994714	-0.000026	4.571655	0.000026	0.994714	2.851135	
332	0.995375	-0.000083	3.992981	0.000083	0.995375	2.909912	
333	0.993802	-0.000036	5.618164	0.000036	0.993802	4.277527	
334	0.994841	-0.000390	4.532410	0.000390	0.994841	2.989624	
335	0.991273	-0.000007	7.223511	0.000007	0.991273	5.152649	
336	0.995682	0.000181	3.510315	-0.000181	0.995682	2.604309	
337	0.995486	0.000029	3.898499	-0.000029	0.995486	2.813599	
338	0.994837	-0.000060	4.444946	0.000060	0.994837	3.028442	
339	0.996086	-0.000065	3.424316	0.000065	0.996086	2.308105	
340	0.992031	-0.000114	6.929626	0.000114	0.992031	4.678284	
341	0.995826	-0.000188	3.796936	0.000188	0.995826	2.323914	
342	0.995806	0.000050	3.448303	-0.000050	0.995806	2.237549	
343	0.995925	-0.000454	3.586060	0.000454	0.995925	1.771301	
344	0.996056	0.000064	3.214783	-0.000064	0.996056	2.276184	
345	0.991349	0.000625	6.483887	-0.000625	0.991349	5.581421	
346	0.996206	0.000005	3.228760	-0.000005	0.996206	2.360229	
347	0.996173	-0.000067	3.491333	0.000067	0.996173	2.540405	
348	0.998121	-0.000229	2.140930	0.000229	0.998121	1.371643	
349	0.994467	-0.001294	5.849426	0.001294	0.994467	2.643494	
350	0.994327	-0.000983	6.191467	0.000983	0.994327	3.471436	
351	0.996398	0.000415	3.400757	-0.000415	0.996398	3.131592	
352	0.995202	0.000194	4.624451	-0.000194	0.995202	3.488953	
353	0.995417	-0.000031	4.646606	0.000031	0.995417	3.283508	
354	0.997054	0.000107	3.372131	-0.000107	0.997054	2.276001	
355	0.997054	0.000107	3.372131	-0.000107	0.997054	2.276001	
356	0.997007	-0.000044	3.856628	0.000044	0.997007	2.021240	
357	0.997546	-0.000097	3.626099	0.000097	0.997546	1.881470	
358	0.996954	-0.000371	4.661621	0.000371	0.996954	2.161926	
359	0.996316	0.000013	5.158386	-0.000013	0.996316	2.346863	
360	0.995136	-0.000292	7.710327	0.000292	0.995136	3.259064	
361	0.996395	0.000089	4.521973	-0.000089	0.996395	2.430664	
362	0.997471	-0.000111	3.559021	0.000111	0.997471	1.396240	
363	0.998116	-0.000064	2.617920	0.000064	0.998116	1.171875	
364	0.995952	0.001369	3.649170	-0.001369	0.995952	3.573975	
365	0.996271	0.000369	4.274780	-0.000369	0.996271	3.085388	
366	0.997420	0.000204	2.838135	-0.000204	0.997420	2.067078	
367	0.998141	0.000076	2.228149	-0.000076	0.998141	1.619751	
368	0.998165	0.000051	2.070190	-0.000051	0.998165	1.217834	
369	0.998614	0.000093	1.534119	-0.000093	0.998614	1.011841	
370	0.997341	0.000143	3.132263	-0.000143	0.997341	1.803772	
371	0.999040	0.000067	1.348816	-0.000067	0.999040	0.291992	
372	0.999105	0.000058	1.288696	-0.000058	0.999105	0.231934	
373	0.999349	-0.000692	1.444946	0.000692	0.999349	-1.024841	
374	1.000049	-0.000037	0.219666	0.000037	1.000049	-0.829712	
375	1.000081	-0.000577	0.441833	0.000577	1.000081	-1.750061	
376	1.001447	-0.000094	-1.424438	0.000094	1.001447	-1.707642	
377	1.001469	-0.000269	-1.745667	0.000269	1.001469	-1.977112	
378	1.001901	-0.000147	-2.252563	0.000147	1.001901	-2.347656	
379	1.002529	-0.000089	-3.027893	0.000089	1.002529	-2.761536	
380	1.006896	-0.001026	-6.647583	0.001026	1.006896	-6.564819	
381	1.004413	-0.000863	-4.403564	0.000863	1.004413	-4.393555	
382	1.003266	-0.000127	-3.575989	0.000127	1.003266	-2.271301	
383	1.002924	-0.000399	-3.182495	0.000399	1.002924	-2.656616	
384	1.004685	-0.000710	-4.558228	0.000710	1.004685	-4.110168	
385	1.007492	-0.000107	-7.800171	0.000107	1.007492	-5.686035	
386	1.003675	0.000078	-4.113281	-0.000078	1.003675	-2.980835	
387	1.006067	0.000473	-6.487000	-0.000473	1.006067	-3.686157	
388	1.004118	0.000081	-4.636047	-0.000081	1.004118	-2.494751	
389	1.003271	0.000230	-3.675659	-0.000230	1.003271	-1.586182	
390	1.006890	-0.000254	-7.060852	0.000254	1.006890	-4.892334	
391	1.005833	-0.000090	-5.709229	0.000090	1.005833	-3.872681	
392	1.003729	-0.000250	-3.723694	0.000250	1.003729	-2.959656	
393	1.004620	-0.000248	-4.500732	0.000248	1.004620	-3.138489	
394	1.004275	-0.000236	-4.266052	0.000236	1.004275	-3.012268	
395	1.008782	0.000036	-9.072266	-0.000036	1.008782	-5.641235	
396	1.004414	0.000066	-5.038513	-0.000066	1.004414	-2.630859	
397	1.004625	0.000184	-5.398315	-0.000184	1.004625	-2.589111	
398	1.003453	0.002280	-5.538452	-0.002280	1.003453	0.171204	
399	1.004660	-0.000198	-5.558350	0.000198	1.004660	-2.729858	
400	1.004660	-0.000198	-5.558350	0.000198	1.004660	-2.729858	
401	1.004768	0.000179	-7.955566	-0.000179	1.004768	-2.444885	
402	1.004768	0.000179	-7.955566	-0.000179	1.004768	-2.444885	
403	1.004789	-0.000649	-9.696411	0.000649	1.004789	-3.735657	
404	1.004789	-0.000649	-9.696411	0.000649	1.004789	-3.735657	
405	1.004650	-0.017460	3.090393	0.017460	1.004650	-21.797119	
406	1.010897	-0.001448	-23.538696	0.001448	1.010897	-7.807281	
407	1.006016	-0.000520	-12.184692	0.000520	1.006016	-3.925934	
408	1.006013	-0.000265	-12.169067	0.000265	1.006013	-3.868362	
409	1.004562	-0.002659	-9.504639	0.002659	1.004562	-6.634247	
410	0.999968	0.039951	-29.111847	-0.039951	0.999968	17.731079	
411	0.999968	0.039951	-29.111847	-0.039951	0.999968	17.731079	
412	1.006092	0.000415	-12.120728	-0.000415	1.006092	-2.659943	
413	1.009293	-0.001167	-16.057129	0.001167	1.009293	-5.374390	
414	1.014492	-0.000031	-22.242676	0.000031	1.014492	-8.393311	
415	1.009905	-0.000610	-14.706543	0.000610	1.009905	-5.076721	
416	1.016658	-0.001490	-20.762817	0.001490	1.016658	-9.143250	
417	1.010057	0.003515	-17.132690	-0.003515	1.010057	-2.335266	
418	1.011624	-0.007385	-10.745239	0.007385	1.011624	-12.015869	
419	1.005950	0.007238	-13.098206	-0.007238	1.005950	2.699219	
420	1.010725	-0.001278	-8.542358	0.001278	1.010725	-7.257446	
421	1.026587	-0.005981	-18.006104	0.005981	1.026587	-22.642944	
422	0.996864	-0.006575	6.473267	0.006575	0.996864	2.706543	
423	1.009506	-0.003189	-4.016724	0.003189	1.009506	-8.221069	
424	1.003132	0.002538	-4.430817	-0.002538	1.003132	0.903137	
425	1.006924	0.002944	-5.209869	-0.002944	1.006924	-1.184021	
426	1.011350	-0.001916	-0.615967	0.001916	1.011350	-3.674133	
427	1.003637	-0.002238	1.074829	0.002238	1.003637	-1.374512	
428	0.996256	-0.007045	8.614655	0.007045	0.996256	4.060669	
429	1.010889	0.002773	-12.527527	-0.002773	1.010889	-1.193359	
430	1.006855	-0.003974	0.196838	0.003974	1.006855	-6.018433	
431	1.006855	-0.003974	0.196838	0.003974	1.006855	-6.018433	
432	1.003002	-0.011113	11.014252	0.011113	1.003002	-5.108704	
433	1.012046	-0.001111	-3.988220	0.001111	1.012046	-8.759583	
434	1.007566	-0.002619	3.066101	0.002619	1.007566	-6.434814	
435	1.005918	-0.005432	6.672607	0.005432	1.005918	-5.961121	
436	1.005918	-0.005432	6.672607	0.005432	1.005918	-5.961121	
437	0.998672	0.001018	8.649353	-0.001018	0.998672	4.923401	
438	0.998672	0.001018	8.649353	-0.001018	0.998672	4.923401	
439	1.005900	-0.006391	7.371094	0.006391	1.005900	-7.213318	
440	1.005900	-0.006391	7.371094	0.006391	1.005900	-7.213318	
441	1.005900	-0.006391	7.371094	0.006391	1.005900	-7.213318	
442	1.005900	-0.006391	7.371094	0.006391	1.005900	-7.213318	
443	1.002664	-0.003320	8.540710	0.003320	1.002664	-3.971375	
444	1.007287	-0.009623	8.875366	0.009623	1.007287	-13.157043	
445	1.007287	-0.009623	8.875366	0.009623	1.007287	-13.157043	
446	1.007287	-0.009623	8.875366	0.009623	1.007287	-13.157043	
447	1.007287	-0.009623	8.875366	0.009623	1.007287	-13.157043	
448	0.999815	-0.001788	5.208740	0.001788	0.999815	1.356201	
449	1.008607	0.006696	-11.616577	-0.006696	1.008607	-0.065247	
450	1.008607	0.006696	-11.616577	-0.006696	1.008607	-0.065247	
451	1.008607	0.006696	-11.616577	-0.006696	1.008607	-0.065247	
452	1.002261	0.001655	-1.272766	-0.001655	1.002261	0.755310	
453	0.998190	-0.000982	4.748291	0.000982	0.998190	0.090149	
454	0.998850	-0.000347	3.116333	0.000347	0.998850	-0.350342	
455	0.999298	-0.000174	2.413208	0.000174	0.999298	-0.675720	
456	0.999298	-0.000174	2.413208	0.000174	0.999298	-0.675720	
457	0.998136	-0.000150	4.317871	0.000150	0.998136	-0.144775	
458	0.998731	0.000068	3.146362	-0.000068	0.998731	-0.177612	
459	0.998045	-0.000601	4.191040	0.000601	0.998045	-0.728577	
460	0.999326	-0.000712	2.832397	0.000712	0.999326	-1.586731	
461	0.999326	-0.000712	2.832397	0.000712	0.999326	-1.586731	
462	1.000303	-0.004901	4.306152	0.004901	1.000303	-6.403992	
463	0.996797	-0.000833	6.146606	0.000833	0.996797	0.031250	
464	0.996800	-0.000958	5.961304	0.000958	0.996800	0.305786	
465	0.996472	-0.000307	5.531494	0.000307	0.996472	1.073486	
466	0.996472	-0.000307	5.531494	0.000307	0.996472	1.073486	
467	0.996472	-0.000307	5.531494	0.000307	0.996472	1.073486	
468	0.998129	0.005465	-1.654419	-0.005465	0.998129	9.707397	
469	0.998129	0.005465	-1.654419	-0.005465	0.998129	9.707397	
470	0.996592	-0.000255	3.237061	0.000255	0.996592	2.315674	
471	0.989023	-0.000637	12.755859	0.000637	0.989023	6.858032	
472	0.995379	0.000247	4.046143	-0.000247	0.995379	3.844788	
473	0.994728	0.002070	3.229492	-0.002070	0.994728	6.717834	
474	0.994871	-0.000667	3.229614	0.000667	0.994871	2.500671	
475	0.993177	0.001261	2.963745	-0.001261	0.993177	5.734924	
476	0.993177	0.001261	2.963745	-0.001261	0.993177	5.734924	
477	0.997569	0.003539	-6.730713	-0.003539	0.997569	5.804138	
478	0.996119	0.012480	-16.731750	-0.012480	0.996119	13.148804	
479	0.996119	0.012480	-16.731750	-0.012480	0.996119	13.148804	
480	1.003664	0.008162	-11.250000	-0.008162	1.003664	6.116394	
481	1.003664	0.008162	-11.250000	-0.008162	1.003664	6.116394	
482	0.994931	0.007605	-3.969543	-0.007605	0.994931	14.690430	
483	0.994931	0.007605	-3.969543	-0.007605	0.994931	14.690430	
484	0.994931	0.007605	-3.969543	-0.007605	0.994931	14.690430	
485	0.994931	0.007605	-3.969543	-0.007605	0.994931	14.690430	
486	0.994931	0.007605	-3.969543	-0.007605	0.994931	14.690430	
487	0.987852	-0.004210	15.817261	0.004210	0.987852	6.075562	
488	0.981361	-0.002246	17.885864	0.002246	0.981361	13.420471	
489	0.985077	-0.003423	17.876282	0.003423	0.985077	8.801208	
490	0.992112	-0.004231	14.742432	0.004231	0.992112	8.373962	
491	0.992112	-0.004231	14.742432	0.004231	0.992112	8.373962	
492	0.992112	-0.004231	14.742432	0.004231	0.992112	8.373962	
493	0.994430	-0.001771	12.906189	0.001771	0.994430	14.934692	
494	0.995211	-0.000891	11.653381	0.000891	0.995211	16.452087	
495	0.974337	-0.015044	39.194824	0.015044	0.974337	14.005005	
496	0.976617	-0.012455	33.862366	0.012455	0.976617	29.754761	
497	0.965685	-0.010373	36.586426	0.010373	0.965685	23.151245	
498	1.005453	0.000751	-2.427429	-0.000751	1.005453	11.736877	
499	1.005453	0.000751	-2.427429	-0.000751	1.005453	11.736877	
500	1.005453	0.000751	-2.427429	-0.000751	1.005453	11.736877	
501	1.005453	0.000751	-2.427429	-0.000751	1.005453	11.736877	
502	0.984014	-0.006402	17.380066	0.006402	0.984014	5.311096	
503	0.994216	-0.016385	20.242737	0.016385	0.994216	-9.830505	
504	0.987188	0.005234	4.675232	-0.005234	0.987188	11.607178	
505	0.986585	0.003581	9.593384	-0.003581	0.986585	12.040039	
506	0.986585	0.003581	9.593384	-0.003581	0.986585	12.040039	
507	0.994664	-0.003634	9.692810	0.003634	0.994664	-1.061462	
508	0.989688	0.004571	6.119507	-0.004571	0.989688	8.693726	
509	0.988908	0.001927	11.080200	-0.001927	0.988908	7.868408	
510	0.987588	0.000782	13.307495	-0.000782	0.987588	7.067749	
511	0.987588	0.000782	13.307495	-0.000782	0.987588	7.067749	
512	0.986481	-0.002047	18.299194	0.002047	0.986481	5.380432	
513	0.994092	0.002711	5.088928	-0.002711	0.994092	3.699707	
514	0.988327	0.003504	9.345032	-0.003504	0.988327	9.472290	
515	0.987069	-0.009530	24.991089	0.009530	0.987069	-2.379578	
516	0.987069	-0.009530	24.991089	0.009530	0.987069	-2.379578	
517	0.997281	-0.007684	12.455017	0.007684	0.997281	-6.156677	
518	0.991369	0.000933	10.187317	-0.000933	0.991369	5.133545	
519	0.991033	0.001320	9.932312	-0.001320	0.991033	5.571472	
520	0.988789	-0.002104	14.342163	0.002104	0.988789	4.446289	
521	1.016439	0.005464	-13.241577	-0.005464	1.016439	-17.362366	
522	0.990208	-0.000628	12.776672	0.000628	0.990208	3.776184	
523	0.990814	0.000162	11.556091	-0.000162	0.990814	4.274414	
524	0.991646	0.001661	9.147095	-0.001661	0.991646	5.175964	
525	0.988770	-0.001515	15.106873	0.001515	0.988770	4.286499	
526	0.978687	-0.000659	27.382202	0.000659	0.978687	11.721375	
527	0.993363	0.001132	7.196411	-0.001132	0.993363	3.805237	
528	0.993064	0.001044	7.502808	-0.001044	0.993064	4.219543	
529	0.991905	-0.000257	9.064514	0.000257	0.991905	3.470703	
530	0.994085	0.001464	5.398987	-0.001464	0.994085	3.527405	
531	0.985925	0.001771	12.699646	-0.001771	0.985925	7.312012	
532	0.994753	0.000280	4.755554	-0.000280	0.994753	1.315674	
533	0.992808	0.001186	5.522583	-0.001186	0.992808	3.213928	
534	0.993134	0.000620	5.503174	-0.000620	0.993134	2.362549	
535	0.991126	0.001948	6.666626	-0.001948	0.991126	5.259460	
536	0.983165	0.001272	13.963379	-0.001272	0.983165	7.788147	
537	0.994656	-0.000098	4.850281	0.000098	0.994656	0.197510	
538	0.997006	-0.000073	2.826111	0.000073	0.997006	-1.281250	
539	0.993908	-0.001192	6.563171	0.001192	0.993908	0.918579	
540	0.997064	-0.000211	2.750854	0.000211	0.997064	-0.578308	
541	0.994304	-0.000112	5.987915	0.000112	0.994304	-1.885254	
542	0.998126	0.000706	1.094727	-0.000706	0.998126	-0.853394	
543	1.003419	0.006434	-8.211670	-0.006434	1.003419	-0.065002	
544	0.999481	0.000088	-0.382080	-0.000088	0.999481	-1.410706	
545	0.999481	0.000088	-0.382080	-0.000088	0.999481	-1.410706	
546	1.001091	-0.000654	-3.768921	0.000654	1.001091	-5.584839	
547	1.002496	-0.002878	-3.973389	0.002878	1.002496	-7.924011	
548	1.010907	0.006779	-16.539978	-0.006779	1.010907	-6.380432	
549	1.000299	-0.000146	-1.278564	0.000146	1.000299	-3.751526	
550	1.005745	-0.000484	-6.092957	0.000484	1.005745	-8.749695	
551	1.005745	-0.000484	-6.092957	0.000484	1.005745	-8.749695	
552	1.005745	-0.000484	-6.092957	0.000484	1.005745	-8.749695	
553	1.003168	-0.004502	-3.502563	0.004502	1.003168	-12.354675	
554	1.002238	-0.000336	-3.006592	0.000336	1.002238	-5.775208	
555	1.004048	0.000352	-4.811401	-0.000352	1.004048	-5.898682	
556	1.006230	0.001384	-8.294495	-0.001384	1.006230	-9.921509	
557	1.003451	0.000018	-4.338318	-0.000018	1.003451	-6.008484	
558	1.001400	-0.000972	-1.351685	0.000972	1.001400	-5.330627	
559	1.002538	-0.000275	-3.496460	0.000275	1.002538	-4.870422	
560	1.002538	-0.000275	-3.496460	0.000275	1.002538	-4.870422	
561	1.002538	-0.000275	-3.496460	0.000275	1.002538	-4.870422	
562	1.003386	0.001635	-8.121643	-0.001635	1.003386	-2.306824	
563	1.007654	0.003270	-11.460693	-0.003270	1.007654	1.243439	
564	1.007654	0.003270	-11.460693	-0.003270	1.007654	1.243439	
565	1.007654	0.003270	-11.460693	-0.003270	1.007654	1.243439	
566	1.007654	0.003270	-11.460693	-0.003270	1.007654	1.243439	
567	0.996836	-0.005757	4.329407	0.005757	0.996836	0.379669	
568	1.003371	-0.007569	-1.081177	0.007569	1.003371	-4.964752	
569	1.030683	-0.014435	-20.840881	0.014435	1.030683	-20.436615	
570	1.028660	-0.006514	-20.300720	0.006514	1.028660	-20.095276	
571	1.024465	-0.008526	-17.430664	0.008526	1.024465	-19.021881	
572	1.008453	-0.031890	-4.422852	0.031890	1.008453	-27.979309	
573	1.001628	-0.024764	3.883728	0.024764	1.001628	-17.060272	
574	1.008343	-0.002795	-9.244629	0.002795	1.008343	-5.052032	
575	1.008343	-0.002795	-9.244629	0.002795	1.008343	-5.052032	
576	0.988358	-0.003571	8.145935	0.003571	0.988358	1.594025	
577	0.988358	-0.003571	8.145935	0.003571	0.988358	1.594025	
578	0.988358	-0.003571	8.145935	0.003571	0.988358	1.594025	
579	0.999422	-0.018652	14.680664	0.018652	0.999422	-3.093201	
580	1.005674	0.003126	-6.329712	-0.003126	1.005674	4.837585	
581	1.005674	0.003126	-6.329712	-0.003126	1.005674	4.837585	
582	1.005674	0.003126	-6.329712	-0.003126	1.005674	4.837585	
583	1.007284	0.033077	-4.593689	-0.033077	1.007284	21.468903	
584	1.004645	-0.000231	-6.062134	0.000231	1.004645	-0.074310	
585	1.004965	0.001869	-8.200928	-0.001869	1.004965	3.093353	
586	0.969235	0.010601	33.715637	-0.010601	0.969235	14.960297	
587	0.969235	0.010601	33.715637	-0.010601	0.969235	14.960297	
588	1.001753	-0.000608	-5.099609	0.000608	1.001753	-0.210876	
589	0.977665	0.013184	29.204956	-0.013184	0.977665	28.338409	
590	0.987214	0.034693	9.558533	-0.034693	0.987214	41.400146	
591	1.002308	-0.000284	-5.795776	0.000284	1.002308	0.207489	
592	1.008795	-0.000073	-16.308472	0.000073	1.008795	-0.130692	
593	0.985085	-0.004487	25.048828	0.004487	0.985085	1.776184	
594	1.004062	-0.000450	-8.104736	0.000450	1.004062	-0.863663	
595	1.004062	-0.000450	-8.104736	0.000450	1.004062	-0.863663	
596	1.017434	-0.000354	-19.914062	0.000354	1.017434	-11.410950	
597	1.017434	-0.000354	-19.914062	0.000354	1.017434	-11.410950	
598	1.037699	-0.026798	-15.428223	0.026798	1.037699	-30.330933	
599	1.004701	-0.001041	-7.458923	0.001041	1.004701	-1.922241	
600	1.004701	-0.001041	-7.458923	0.001041	1.004701	-1.922241	
601	1.004701	-0.001041	-7.458923	0.001041	1.004701	-1.922241	
602	1.004701	-0.001041	-7.458923	0.001041	1.004701	-1.922241	
603	1.005200	0.000868	-7.415161	-0.000868	1.005200	-1.497375	
604	1.004354	0.000243	-6.178101	-0.000243	1.004354	-1.830505	
605	1.004257	0.000064	-6.036865	-0.000064	1.004257	-1.620850	
606	1.008394	-0.001745	-7.978088	0.001745	1.008394	-5.104614	
607	1.009716	0.001226	-11.537415	-0.001226	1.009716	-2.371094	
608	1.004063	-0.000021	-4.311890	0.000021	1.004063	-0.971741	
609	1.003901	0.000125	-4.386475	-0.000125	1.003901	-0.567444	
610	1.003389	0.000058	-3.700989	-0.000058	1.003389	-0.134705	
611	1.003438	0.000340	-3.986084	-0.000340	1.003438	0.271606	
612	1.005347	0.000183	-5.059082	-0.000183	1.005347	0.439392	
613	1.002239	0.000545	-1.364014	-0.000545	1.002239	0.580200	
614	1.003685	0.022138	-14.042908	-0.022138	1.003685	16.681458	
615	1.000850	0.001400	0.428955	-0.001400	1.000850	1.358459	
616	1.000850	0.001400	0.428955	-0.001400	1.000850	1.358459	
617	1.000910	-0.000078	22.609070	0.000078	1.000910	-0.673767	
618	1.000083	-0.001128	5.459595	0.001128	1.000083	-1.261902	
619	1.000130	0.000355	-3.421997	-0.000355	1.000130	-0.135559	
620	0.999605	0.001061	4.802246	-0.001061	0.999605	0.456451	
621	1.000057	0.005538	-5.078735	-0.005538	1.000057	4.044556	
622	1.000057	0.005538	-5.078735	-0.005538	1.000057	4.044556	
623	0.992424	-0.001791	11.142578	0.001791	0.992424	3.351624	
624	0.992424	-0.001791	11.142578	0.001791	0.992424	3.351624	
625	0.992424	-0.001791	11.142578	0.001791	0.992424	3.351624	
626	0.992424	-0.001791	11.142578	0.001791	0.992424	3.351624	
627	0.988801	-0.001790	17.976807	0.001790	0.988801	4.573853	
628	0.992294	0.000462	7.682800	-0.000462	0.992294	4.786865	
629	0.991552	0.000654	4.834839	-0.000654	0.991552	3.725220	
630	1.004160	-0.000128	-8.561096	0.000128	1.004160	-2.520264	
631	0.984062	0.003148	6.679932	-0.003148	0.984062	11.851807	
632	0.992427	-0.001939	9.155334	0.001939	0.992427	2.047180	
633	0.995376	-0.000478	4.311951	0.000478	0.995376	1.946167	
634	0.995330	0.000228	3.666626	-0.000228	0.995330	2.633484	
635	0.995194	-0.000151	3.530090	0.000151	0.995194	2.468506	
636	0.994836	-0.000433	3.757080	0.000433	0.994836	2.383362	
637	0.994836	-0.000433	3.757080	0.000433	0.994836	2.383362	
638	0.995632	0.002246	1.229126	-0.002246	0.995632	4.278259	
639	0.999420	-0.000331	-0.461182	0.000331	0.999420	-0.125183	
640	0.987403	-0.006118	12.569946	0.006118	0.987403	2.514465	
641	0.987403	-0.006118	12.569946	0.006118	0.987403	2.514465	
642	0.987403	-0.006118	12.569946	0.006118	0.987403	2.514465	
643	0.996182	0.000685	1.303650	-0.000685	0.996182	9.649658	
644	0.997388	-0.001681	1.679138	0.001681	0.997388	0.378784	
645	0.995826	0.000852	1.651428	-0.000852	0.995826	2.935669	
646	0.995714	-0.000457	9.319214	0.000457	0.995714	1.586609	
647	0.993068	0.000684	18.286621	-0.000684	0.993068	5.174316	
648	0.997464	-0.000045	8.886475	0.000045	0.997464	0.934570	
649	0.996785	0.000609	1.886963	-0.000609	0.996785	2.270142	
650	0.997021	0.000401	2.403809	-0.000401	0.997021	1.862518	
651	0.996262	0.000113	3.179565	-0.000113	0.996262	2.617676	
652	0.992016	0.002708	5.141357	-0.002708	0.992016	6.642792	
653	0.995759	0.000112	2.667236	-0.000112	0.995759	2.040161	
654	0.997099	0.000146	1.278015	-0.000146	0.997099	1.160645	
655	0.997053	-0.000045	1.267212	0.000045	0.997053	1.104431	
656	0.997165	-0.000093	1.190491	0.000093	0.997165	1.191895	
657	0.997165	-0.000093	1.190491	0.000093	0.997165	1.191895	
658	0.997165	-0.000093	1.190491	0.000093	0.997165	1.191895	
659	0.997314	0.002079	6.389526	-0.002079	0.997314	9.785767	
660	1.010793	0.002654	-19.235962	-0.002654	1.010793	3.362549	
661	0.997565	-0.001571	1.172302	0.001571	0.997565	-0.388794	
662	0.997565	-0.001571	1.172302	0.001571	0.997565	-0.388794	
663	0.988156	-0.002458	5.335205	0.002458	0.988156	2.747467	
664	1.003941	0.000307	-4.826965	-0.000307	1.003941	-3.163330	
665	1.004346	0.000360	-5.231628	-0.000360	1.004346	-3.065063	
666	1.002659	0.001505	-5.182861	-0.001505	1.002659	-0.943176	
667	1.002659	0.001505	-5.182861	-0.001505	1.002659	-0.943176	
668	1.000426	0.000249	-4.028381	-0.000249	1.000426	0.038513	
669	1.001142	0.000271	-5.007690	-0.000271	1.001142	-0.911102	
670	1.001142	0.000271	-5.007690	-0.000271	1.001142	-0.911102	
671	1.001912	0.000434	-6.095337	-0.000434	1.001912	-0.675934	
672	1.005213	0.000767	-13.096191	-0.000767	1.005213	-2.682007	
673	1.003784	0.001076	-7.266357	-0.001076	1.003784	-0.842285	
674	1.000906	0.001390	-3.511597	-0.001390	1.000906	-0.368599	
675	1.005829	0.001914	-5.598511	-0.001914	1.005829	-0.028229	
676	1.000255	0.002149	2.006470	-0.002149	1.000255	0.756653	
677	1.000255	0.002149	2.006470	-0.002149	1.000255	0.756653	
678	0.999676	-0.004217	13.478027	0.004217	0.999676	-3.094910	
679	0.999672	-0.001667	11.029846	0.001667	0.999672	-0.221313	
680	1.002971	-0.002896	8.174561	0.002896	1.002971	-4.189270	
681	1.003319	-0.003002	7.891052	0.003002	1.003319	-4.598816	
682	1.005607	-0.006444	13.789886	0.006444	1.005607	-8.949463	
683	1.002944	-0.006857	8.329956	0.006857	1.002944	-3.578613	
684	1.005038	-0.002562	4.261139	0.002562	1.005038	-4.870361	
685	1.010767	0.028177	-25.332733	-0.028177	1.010767	-0.725952	
686	1.003882	-0.000333	0.672150	0.000333	1.003882	-2.258789	
687	1.011184	-0.002483	-0.605927	0.002483	1.011184	-7.247742	
688	1.010907	0.002441	-6.884949	-0.002441	1.010907	-3.036987	
689	1.002823	-0.002479	-2.251526	0.002479	1.002823	-0.422485	
690	1.005058	0.018211	-17.892822	-0.018211	1.005058	3.106567	
691	1.002656	0.015939	-15.589554	-0.015939	1.002656	4.890259	
692	1.001071	0.005821	-8.395782	-0.005821	1.001071	6.442688	
693	1.009013	-0.002127	-1.742859	0.002127	1.009013	-5.992371	
694	0.999931	0.003856	-5.023972	-0.003856	0.999931	3.947876	
695	1.001420	0.003639	-5.083130	-0.003639	1.001420	2.439148	
696	1.001894	0.002469	-3.957123	-0.002469	1.001894	1.877869	
697	1.002524	0.005212	-4.549530	-0.005212	1.002524	5.292847	
698	1.000023	0.003901	-1.240479	-0.003901	1.000023	3.989990	
699	0.999051	0.002813	1.737137	-0.002813	0.999051	4.028015	
700	0.998946	0.002985	2.957703	-0.002985	0.998946	4.342651	
701	0.998603	0.000682	5.930328	-0.000682	0.998603	4.229431	
702	0.994853	-0.002374	13.908371	0.002374	0.994853	9.137695	
703	0.998705	-0.001451	5.701782	0.001451	0.998705	2.647034	
704	1.000109	-0.003934	5.818619	0.003934	1.000109	1.247375	
705	0.999469	-0.003378	3.660797	0.003378	0.999469	1.850708	
706	1.001496	-0.005637	2.005417	0.005637	1.001496	-0.247009	
707	1.008215	-0.012448	-1.341919	0.012448	1.008215	-5.206543	
708	1.003625	-0.001773	-6.202942	0.001773	1.003625	-1.481689	
709	1.006817	-0.000199	-7.164124	0.000199	1.006817	-1.983887	
710	1.005651	0.000985	-7.591248	-0.000985	1.005651	-0.126648	
711	1.005924	0.000725	-8.517944	-0.000725	1.005924	-0.080688	
712	1.012444	0.001876	-18.993042	-0.001876	1.012444	-0.209290	
713	1.007047	-0.000319	-7.201660	0.000319	1.007047	-0.648193	
714	1.005954	-0.000117	-6.068909	0.000117	1.005954	0.976135	
715	1.005592	0.000655	-7.175476	-0.000655	1.005592	0.643250	
716	1.013903	-0.003176	-14.086304	0.003176	1.013903	-12.121155	
717	1.018373	-0.008426	-15.905151	0.008426	1.018373	-17.321655	
718	1.010948	0.010446	-24.845276	-0.010446	1.010948	6.897522	
719	1.007641	-0.006255	-3.260254	0.006255	1.007641	-10.367065	
720	1.007944	-0.006116	-3.651733	0.006116	1.007944	-10.650696	
721	1.003068	-0.001820	-1.057251	0.001820	1.003068	-0.369568	
722	1.012189	-0.009104	-1.750366	0.009104	1.012189	-14.686523	
723	1.002682	-0.002093	1.376709	0.002093	1.002682	-1.539185	
724	1.003344	-0.003039	2.744385	0.003039	1.003344	-3.378784	
725	0.999848	-0.004438	8.593018	0.004438	0.999848	-2.061523	
726	1.005647	-0.005136	2.181274	0.005136	1.005647	-8.341553	
727	1.004257	0.002287	-1.590698	-0.002287	1.004257	4.943848	
728	1.001651	-0.004100	4.516357	0.004100	1.001651	-4.431213	
729	1.002437	-0.005131	3.643311	0.005131	1.002437	-7.638550	
730	1.003834	-0.013002	9.852295	0.013002	1.003834	-20.860352	
731	1.002785	-0.010783	8.465454	0.010783	1.002785	-17.382629	
732	0.995039	-0.000775	9.576172	0.000775	0.995039	3.145325	
733	0.998141	0.000088	2.899292	-0.000088	0.998141	0.762756	
734	0.997025	0.000058	3.533691	-0.000058	0.997025	1.317932	
735	0.996239	0.000111	4.174683	-0.000111	0.996239	1.488220	
736	0.995987	-0.000075	4.126343	0.000075	0.995987	1.506226	
737	0.995129	-0.000097	5.167847	0.000097	0.995129	2.419189	
738	0.988639	0.001170	11.818481	-0.001170	0.988639	7.566406	
739	0.993770	0.000116	6.745728	-0.000116	0.993770	3.140930	
740	0.992186	0.000890	8.362427	-0.000890	0.992186	5.602844	
741	0.993306	-0.000109	5.998291	0.000109	0.993306	3.359802	
742	0.989822	-0.000324	10.535278	0.000324	0.989822	4.719482	
743	0.989822	-0.000324	10.535278	0.000324	0.989822	4.719482	
744	0.999691	-0.008192	-3.879395	0.008192	0.999691	-10.438477	
745	0.999691	-0.008192	-3.879395	0.008192	0.999691	-10.438477	
746	0.999691	-0.008192	-3.879395	0.008192	0.999691	-10.438477	
747	0.999691	-0.008192	-3.879395	0.008192	0.999691	-10.438477	
748	0.999691	-0.008192	-3.879395	0.008192	0.999691	-10.438477	
749	0.999691	-0.008192	-3.879395	0.008192	0.999691	-10.438477	
750	0.999691	-0.008192	-3.879395	0.008192	0.999691	-10.438477	
751	0.999691	-0.008192	-3.879395	0.008192	0.999691	-10.438477	
752	0.999691	-0.008192	-3.879395	0.008192	0.999691	-10.438477	
753	0.999691	-0.008192	-3.879395	0.008192	0.999691	-10.438477	
754	0.995216	0.009119	-10.650635	-0.009119	0.995216	16.972595	
755	0.995216	0.009119	-10.650635	-0.009119	0.995216	16.972595	
756	0.995216	0.009119	-10.650635	-0.009119	0.995216	16.972595	
757	0.995216	0.009119	-10.650635	-0.009119	0.995216	16.972595	
758	0.995216	0.009119	-10.650635	-0.009119	0.995216	16.972595	
759	0.995216	0.009119	-10.650635	-0.009119	0.995216	16.972595	
760	0.995216	0.009119	-10.650635	-0.009119	0.995216	16.972595	
761	0.995794	0.020818	-9.087463	-0.020818	0.995794	19.598694	
762	0.995794	0.020818	-9.087463	-0.020818	0.995794	19.598694	
763	0.995794	0.020818	-9.087463	-0.020818	0.995794	19.598694	
764	1.010336	-0.006377	-4.174011	0.006377	1.010336	-14.287903	
765	1.010336	-0.006377	-4.174011	0.006377	1.010336	-14.287903	
766	0.986986	-0.005337	6.360657	0.005337	0.986986	-2.116516	
767	0.986986	-0.005337	6.360657	0.005337	0.986986	-2.116516	
768	0.986986	-0.005337	6.360657	0.005337	0.986986	-2.116516	
769	0.986986	-0.005337	6.360657	0.005337	0.986986	-2.116516	
770	0.986986	-0.005337	6.360657	0.005337	0.986986	-2.116516	
771	0.986986	-0.005337	6.360657	0.005337	0.986986	-2.116516	
772	1.006107	0.012449	-22.528656	-0.012449	1.006107	1.215942	
773	1.017666	0.002838	-25.150818	-0.002838	1.017666	-13.477539	
774	0.992659	-0.010631	5.794922	0.010631	0.992659	1.601624	
775	0.987691	0.004443	2.321228	-0.004443	0.987691	9.177002	
776	1.001275	-0.000379	-2.640076	0.000379	1.001275	-0.221283	
777	1.005455	-0.013909	-0.273499	0.013909	1.005455	-10.054413	
778	1.005455	-0.013909	-0.273499	0.013909	1.005455	-10.054413	
779	1.005380	0.013160	-13.208710	-0.013160	1.005380	3.722229	
780	1.001411	-0.005398	-1.514984	0.005398	1.001411	-2.248413	
781	1.010489	-0.008267	-2.822876	0.008267	1.010489	-8.924744	
782	1.010489	-0.008267	-2.822876	0.008267	1.010489	-8.924744	
783	1.010489	-0.008267	-2.822876	0.008267	1.010489	-8.924744	
784	0.998973	-0.007101	1.387756	0.007101	0.998973	-1.547729	
785	0.996968	0.002089	-0.850281	-0.002089	0.996968	1.665588	
786	1.002708	-0.000458	-1.834656	0.000458	1.002708	-2.293365	
787	0.996504	-0.005677	3.590485	0.005677	0.996504	-0.788086	
788	0.996504	-0.005677	3.590485	0.005677	0.996504	-0.788086	
789	0.996649	-0.002068	6.004089	0.002068	0.996649	0.265137	
790	0.992939	-0.000278	6.996765	0.000278	0.992939	3.023376	
791	0.992556	0.002259	6.008911	-0.002259	0.992556	4.726135	
792	0.996058	-0.000434	3.649536	0.000434	0.996058	1.429626	
793	0.996058	-0.000434	3.649536	0.000434	0.996058	1.429626	
794	0.996058	-0.000434	3.649536	0.000434	0.996058	1.429626	
795	0.994647	-0.001532	7.226868	0.001532	0.994647	-0.338379	
796	0.994647	-0.001532	7.226868	0.001532	0.994647	-0.338379	
797	0.995381	-0.000635	8.477173	0.000635	0.995381	0.429016	
798	0.995381	-0.000635	8.477173	0.000635	0.995381	0.429016	
799	0.995381	-0.000635	8.477173	0.000635	0.995381	0.429016	
800	0.995381	-0.000635	8.477173	0.000635	0.995381	0.429016	
801	0.996661	0.008072	4.902344	-0.008072	0.996661	4.863342	
802	0.982247	0.018033	6.614380	-0.018033	0.982247	19.688782	
803	0.982247	0.018033	6.614380	-0.018033	0.982247	19.688782	
804	0.982247	0.018033	6.614380	-0.018033	0.982247	19.688782	
805	0.982247	0.018033	6.614380	-0.018033	0.982247	19.688782	
806	0.975817	0.006868	22.361755	-0.006868	0.975817	21.092957	
807	0.989942	-0.001966	20.284729	0.001966	0.989942	3.088623	
808	0.986327	-0.005864	34.913086	0.005864	0.986327	0.307861	
809	0.991714	-0.000324	16.945679	0.000324	0.991714	3.074951	
810	0.981457	-0.005486	33.015259	0.005486	0.981457	9.144836	
811	0.992718	0.000769	14.628418	-0.000769	0.992718	3.451721	
812	0.994287	-0.001223	14.840332	0.001223	0.994287	1.297546	
813	0.980267	-0.001435	32.418396	0.001435	0.980267	11.291931	
814	0.990809	-0.003667	16.676758	0.003667	0.990809	3.433838	
815	0.989258	-0.004963	17.330505	0.004963	0.989258	4.216675	
816	0.991340	-0.003552	13.764404	0.003552	0.991340	3.731689	
817	0.990776	-0.007522	16.241943	0.007522	0.990776	2.020569	
818	0.990776	-0.007522	16.241943	0.007522	0.990776	2.020569	
819	0.990776	-0.007522	16.241943	0.007522	0.990776	2.020569	
820	0.999190	-0.000265	2.563354	0.000265	0.999190	-0.016479	
821	0.995091	-0.002709	4.266968	0.002709	0.995091	1.598145	
822	0.993323	-0.002004	5.350281	0.002004	0.993323	3.377502	
823	0.985501	-0.007843	15.431641	0.007843	0.985501	4.761658	
824	0.993472	-0.000300	4.063965	0.000300	0.993472	4.327881	
825	0.993943	-0.003977	7.527100	0.003977	0.993943	1.605530	
826	0.995423	-0.002209	4.943542	0.002209	0.995423	1.677429	
827	0.995031	-0.005864	9.855103	0.005864	0.995031	-0.449890	
828	0.992643	-0.004685	14.412598	0.004685	0.992643	2.467834	
829	0.996470	-0.002852	9.057983	0.002852	0.996470	0.775208	
830	0.996615	-0.001261	7.706116	0.001261	0.996615	1.617310	
831	0.995842	-0.003301	10.347229	0.003301	0.995842	0.518860	
832	0.997365	-0.003004	8.711670	0.003004	0.997365	-0.499207	
833	0.993220	-0.006184	16.755859	0.006184	0.993220	0.024048	
834	0.998220	-0.001495	5.106384	0.001495	0.998220	-0.397705	
835	0.998924	-0.001542	4.405884	0.001542	0.998924	-0.891968	
836	0.998838	-0.001144	3.899780	0.001144	0.998838	-0.327576	
837	0.999009	-0.001400	3.464294	0.001400	0.999009	-0.738464	
838	1.001651	-0.001122	2.291260	0.001122	1.001651	-2.536926	
839	1.001747	-0.000526	-0.232117	0.000526	1.001747	-1.840759	
840	1.001709	-0.000409	-0.463257	0.000409	1.001709	-1.776489	
841	1.002297	-0.000191	-1.319519	0.000191	1.002297	-1.690430	
842	1.002221	-0.000071	-1.300049	0.000071	1.002221	-1.387756	
843	1.007972	-0.001027	-4.295837	0.001027	1.007972	-5.846436	
844	1.002362	-0.000113	-1.226624	0.000113	1.002362	-1.888794	
845	1.002871	0.000101	-2.084045	-0.000101	1.002871	-1.464294	
846	1.002766	0.000303	-1.661072	-0.000303	1.002766	-1.062622	
847	1.002598	0.000363	-1.259094	-0.000363	1.002598	-1.144836	
848	1.005756	-0.000073	-4.016296	0.000073	1.005756	-2.921539	
849	1.017362	-0.008464	-7.031616	0.008464	1.017362	-18.684631	
850	1.009980	0.003256	-11.408386	-0.003256	1.009980	-4.496826	
851	1.014280	0.002512	-14.895325	-0.002512	1.014280	-9.000000	
852	1.013157	0.000884	-13.483521	-0.000884	1.013157	-9.383850	
853	1.008129	-0.001651	-15.866272	0.001651	1.008129	-5.721313	
854	1.012666	0.003514	-19.895630	-0.003514	1.012666	-6.890564	
855	1.005578	0.001755	-14.666992	-0.001755	1.005578	-2.257996	
856	1.003209	-0.000315	-12.072876	0.000315	1.003209	-2.092651	
857	1.003029	0.000920	-13.348267	-0.000920	1.003029	-0.322388	
858	1.015811	0.003273	-36.971069	-0.003273	1.015811	-8.275085	
859	1.005940	0.000493	-15.498901	-0.000493	1.005940	-3.404663	
860	1.007507	0.001502	-16.519897	-0.001502	1.007507	-3.999634	
861	1.008328	0.001445	-16.583862	-0.001445	1.008328	-4.936157	
862	1.007531	0.001568	-15.596069	-0.001568	1.007531	-4.196838	
863	1.014506	0.002790	-29.123230	-0.002790	1.014506	-7.803650	
864	1.005107	0.001643	-12.281433	-0.001643	1.005107	-0.930847	
865	1.007945	0.001050	-12.922241	-0.001050	1.007945	-3.495728	
866	1.011243	0.001594	-15.162964	-0.001594	1.011243	-5.821716	
867	1.014485	-0.001269	-13.754333	0.001269	1.014485	-9.841797	
868	1.022642	-0.000957	-23.945557	0.000957	1.022642	-13.438416	
869	1.006992	-0.003022	-6.401001	0.003022	1.006992	-3.916138	
870	1.006820	-0.000825	-7.417480	0.000825	1.006820	-2.950745	
871	1.005668	0.000474	-7.818542	-0.000474	1.005668	-1.147461	
872	1.006252	0.000083	-7.557678	-0.000083	1.006252	-1.596558	
873	1.015530	0.002253	-16.127258	-0.002253	1.015530	-4.146240	
874	1.009056	0.000583	-7.388184	-0.000583	1.009056	-3.213623	
875	1.006628	-0.002086	-5.530334	0.002086	1.006628	-3.437012	
876	1.007568	0.000578	-8.659363	-0.000578	1.007568	-2.645020	
877	1.011573	0.002401	-12.881897	-0.002401	1.011573	-4.996887	
878	1.029322	0.003929	-33.488220	-0.003929	1.029322	-14.957153	
879	1.009682	-0.000024	-14.682068	0.000024	1.009682	-4.383362	
880	1.010956	0.002334	-18.767456	-0.002334	1.010956	-3.331970	
881	1.010326	0.003767	-19.593323	-0.003767	1.010326	-2.133850	
882	1.011365	0.000293	-17.913025	-0.000293	1.011365	-5.153870	
883	1.011365	0.000293	-17.913025	-0.000293	1.011365	-5.153870	
884	1.011365	0.000293	-17.913025	-0.000293	1.011365	-5.153870	
885	1.011407	0.004173	-16.736389	-0.004173	1.011407	-5.270508	
886	1.011407	0.004173	-16.736389	-0.004173	1.011407	-5.270508	
887	1.011407	0.004173	-16.736389	-0.004173	1.011407	-5.270508	
888	1.011407	0.004173	-16.736389	-0.004173	1.011407	-5.270508	
889	0.998173	0.004376	-0.554443	-0.004376	0.998173	4.265564	
890	1.002132	0.002322	-0.750061	-0.002322	1.002132	-1.455322	
891	0.999467	-0.000217	-0.870605	0.000217	0.999467	-0.559753	
892	1.000008	0.004101	0.521362	-0.004101	1.000008	0.811523	
893	1.005476	0.004677	25.206177	-0.004677	1.005476	-1.000183	
894	0.999105	0.001309	3.995056	-0.001309	0.999105	0.447388	
895	0.996633	0.021364	-8.941650	-0.021364	0.996633	7.330383	
896	0.994367	-0.008361	10.441895	0.008361	0.994367	-9.909485	
897	1.001407	0.003738	-0.973450	-0.003738	1.001407	-5.933899	
898	1.001407	0.003738	-0.973450	-0.003738	1.001407	-5.933899	
899	0.998532	0.002067	2.182739	-0.002067	0.998532	2.706055	
900	0.998691	-0.001678	4.021179	0.001678	0.998691	0.133728	
901	0.998704	-0.000905	3.516663	0.000905	0.998704	0.655151	
902	0.998760	-0.000701	3.056580	0.000701	0.998760	0.615723	
903	0.998805	-0.000176	2.163574	0.000176	0.998805	0.895569	
904	0.997225	-0.000344	3.028442	0.000344	0.997225	1.257629	
905	0.999543	0.000106	-0.246826	-0.000106	0.999543	0.271912	
906	1.000011	-0.000166	-0.755371	0.000166	1.000011	-0.159180	
907	0.998993	-0.002191	0.803772	0.002191	0.998993	-0.691040	
908	0.997532	-0.000540	-0.597107	0.000540	0.997532	0.765259	
909	0.994279	-0.000359	-2.834106	0.000359	0.994279	2.754639	
910	0.995209	-0.004316	24.238525	0.004316	0.995209	-0.680725	
911	0.996178	0.002168	-0.000854	-0.002168	0.996178	4.032349	
912	0.996364	0.001832	-0.241699	-0.001832	0.996364	3.578613	
913	1.001544	0.000293	-1.879700	-0.000293	1.001544	-2.196045	
914	1.014999	0.007217	-14.881592	-0.007217	1.014999	-14.110107	
915	1.014999	0.007217	-14.881592	-0.007217	1.014999	-14.110107	
916	1.014999	0.007217	-14.881592	-0.007217	1.014999	-14.110107	
917	1.014999	0.007217	-14.881592	-0.007217	1.014999	-14.110107	
918	1.014999	0.007217	-14.881592	-0.007217	1.014999	-14.110107	
919	1.014999	0.007217	-14.881592	-0.007217	1.014999	-14.110107	
920	0.993526	-0.004134	8.285156	0.004134	0.993526	-2.776794	
921	0.991864	0.001516	4.841187	-0.001516	0.991864	6.437012	
922	0.997126	-0.000531	-0.711975	0.000531	0.997126	1.335571	
923	0.997126	-0.000531	-0.711975	0.000531	0.997126	1.335571	
924	0.997126	-0.000531	-0.711975	0.000531	0.997126	1.335571	
925	0.996349	0.005232	-3.282104	-0.005232	0.996349	7.176147	
926	0.996823	0.003104	-1.341675	-0.003104	0.996823	3.975525	
927	0.996370	0.004308	-1.875305	-0.004308	0.996370	4.565552	
928	0.997153	-0.000197	0.566284	0.000197	0.997153	1.773376	
929	0.980770	0.001165	7.242249	-0.001165	0.980770	11.899109	
930	0.996039	0.004190	-0.478760	-0.004190	0.996039	4.092407	
931	0.996921	-0.000091	2.459290	0.000091	0.996921	1.616577	
932	0.990938	0.002314	4.174438	-0.002314	0.990938	6.301147	
933	0.996989	0.000064	3.696228	-0.000064	0.996989	1.857483	
934	0.981028	0.005263	4.598419	-0.005263	0.981028	13.393433	
935	0.996862	-0.000265	5.042236	0.000265	0.996862	1.773499	
936	0.996869	-0.000379	4.789062	0.000379	0.996869	1.250061	
937	0.995125	-0.000566	6.058228	0.000566	0.995125	1.969177	
938	0.993708	-0.000350	8.661804	0.000350	0.993708	3.328735	
939	0.994006	0.000696	9.499146	-0.000696	0.994006	4.030334	
940	0.997166	0.000150	5.037231	-0.000150	0.997166	1.671204	
941	0.996362	0.000478	6.111145	-0.000478	0.996362	2.339233	
942	0.995676	0.000452	7.595703	-0.000452	0.995676	2.214905	
943	0.999216	0.001118	3.535034	-0.001118	0.999216	2.272552	
944	0.992465	0.002280	15.558472	-0.002280	0.992465	6.298187	
945	0.997363	-0.000123	7.627686	0.000123	0.997363	0.943665	
946	0.996099	0.001100	9.391968	-0.001100	0.996099	3.085266	
947	0.992933	0.002878	9.289856	-0.002878	0.992933	5.450012	
948	0.997834	0.001150	8.347778	-0.001150	0.997834	2.238617	
949	0.993516	-0.000225	21.953003	0.000225	0.993516	-0.581482	
950	0.996226	-0.001711	12.869263	0.001711	0.996226	-0.726196	
951	0.996544	-0.000225	10.583130	0.000225	0.996544	1.400024	
952	0.997541	-0.002193	11.231201	0.002193	0.997541	-1.881592	
953	0.998438	0.001927	8.812012	-0.001927	0.998438	3.044342	
954	0.989027	-0.002189	23.719849	0.002189	0.989027	3.682922	
955	0.995113	-0.002130	11.769653	0.002130	0.995113	0.395630	
956	0.998921	-0.003970	7.621582	0.003970	0.998921	-5.171753	
957	0.998325	0.001229	5.383057	-0.001229	0.998325	2.248993	
958	0.995633	-0.000644	7.552063	0.000644	0.995633	1.172363	
959	0.995633	-0.000644	7.552063	0.000644	0.995633	1.172363	
960	0.996419	-0.000273	5.085388	0.000273	0.996419	0.504639	
961	0.996312	-0.000061	4.952087	0.000061	0.996312	0.725281	
962	0.992400	-0.000080	7.601135	0.000080	0.992400	4.324158	
963	0.994597	-0.001391	7.193604	0.001391	0.994597	1.620972	
964	0.992747	-0.000241	8.314819	0.000241	0.992747	2.237549	
965	0.995831	0.000213	3.867981	-0.000213	0.995831	1.919067	
966	0.995872	0.000077	3.437500	-0.000077	0.995872	1.881897	
967	0.996592	0.000021	2.906128	-0.000021	0.996592	1.335388	
968	0.996597	-0.000029	3.004456	0.000029	0.996597	1.197632	
969	0.993125	-0.001797	8.097534	0.001797	0.993125	1.380798	
970	0.997768	-0.000334	2.661621	0.000334	0.997768	0.472656	
971	0.997641	-0.000652	3.062683	0.000652	0.997641	0.136292	
972	0.998744	-0.000079	1.669006	0.000079	0.998744	-0.441895	
973	0.998492	0.000076	1.605957	-0.000076	0.998492	-0.135620	
974	0.996694	0.000033	3.525513	-0.000033	0.996694	-0.237976	
975	0.998638	0.000023	1.484741	-0.000023	0.998638	-0.639709	
976	0.999863	0.000045	0.783997	-0.000045	0.999863	-1.477539	
977	0.999938	-0.000115	0.866577	0.000115	0.999938	-1.705627	
978	1.000021	-0.000172	0.675537	0.000172	1.000021	-1.923645	
979	1.000806	0.000079	0.769775	-0.000079	1.000806	-4.414917	
980	1.000365	-0.000108	0.722595	0.000108	1.000365	-1.935425	
981	1.001380	-0.000324	0.323608	0.000324	1.001380	-2.684753	
982	1.001266	0.000067	-0.025391	-0.000067	1.001266	-2.356445	
983	1.001393	-0.000018	-0.051392	0.000018	1.001393	-2.592529	
984	1.003937	-0.000940	-0.654236	0.000940	1.003937	-5.769897	
985	1.002438	-0.000109	-1.113098	0.000109	1.002438	-2.542908	
986	1.002204	-0.000130	-0.989075	0.000130	1.002204	-2.292236	
987	1.002176	-0.000356	-1.031616	0.000356	1.002176	-2.702148	
988	1.002587	-0.000432	-1.446167	0.000432	1.002587	-2.717651	
989	1.005893	-0.000694	-4.448792	0.000694	1.005893	-6.349976	
990	1.002552	-0.000234	-1.509583	0.000234	1.002552	-2.435852	
991	1.002573	0.000277	-1.617432	-0.000277	1.002573	-2.353210	
992	1.002996	-0.000001	-1.250061	0.000001	1.002996	-2.488647	
993	1.002485	-0.000187	-0.225647	0.000187	1.002485	-2.098267	
994	1.006239	-0.000533	0.571960	0.000533	1.006239	-5.376526	
995	1.003125	-0.000199	1.220398	0.000199	1.003125	-2.588684	
996	1.003931	0.000046	0.438721	-0.000046	1.003931	-2.592346	
997	1.003495	-0.000181	0.962341	0.000181	1.003495	-2.555847	
998	1.003816	0.000535	-0.005005	-0.000535	1.003816	-2.253418	
999	1.008238	-0.000220	0.112305	0.000220	1.008238	-5.537292	
1000	1.004081	0.000134	-0.373108	-0.000134	1.004081	-2.407776	
1001	1.004283	-0.000184	-0.540588	0.000184	1.004283	-2.650391	
1002	1.004604	0.000462	-2.074646	-0.000462	1.004604	-2.156860	
1003	1.005347	0.000559	-3.420898	-0.000559	1.005347	-2.403442	
1004	1.011937	0.000201	-7.979919	-0.000201	1.011937	-6.995667	
1005	1.006242	0.001220	-5.576843	-0.001220	1.006242	-2.048767	
1006	1.005515	0.000508	-4.258240	-0.000508	1.005515	-2.379395	
1007	1.005947	0.000410	-4.703064	-0.000410	1.005947	-2.849426	
1008	1.006427	0.000172	-5.071411	-0.000172	1.006427	-3.193848	
1009	1.012406	-0.000156	-9.477478	0.000156	1.012406	-6.493713	
1010	1.006271	0.000155	-5.327454	-0.000155	1.006271	-3.422180	
1011	1.006163	-0.000018	-5.110535	0.000018	1.006163	-3.779846	
1012	1.006284	-0.000300	-5.059570	0.000300	1.006284	-3.909546	
1013	1.006017	-0.000451	-4.416687	0.000451	1.006017	-3.813660	
1014	1.011834	-0.001222	-8.026428	0.001222	1.011834	-7.578247	
1015	1.006248	-0.000617	-4.538757	0.000617	1.006248	-4.258728	
1016	1.005939	-0.000532	-4.360168	0.000532	1.005939	-4.010254	
1017	1.005723	-0.000106	-4.391113	0.000106	1.005723	-3.385803	
1018	1.006391	-0.000567	-4.618408	0.000567	1.006391	-3.929260	
1019	1.012310	-0.001160	-9.533875	0.001160	1.012310	-6.765442	
1020	1.006145	-0.001355	-4.466614	0.001355	1.006145	-3.937866	
1021	1.006358	-0.001186	-4.931335	0.001186	1.006358	-3.844727	
1022	1.006399	-0.001166	-4.823303	0.001166	1.006399	-3.778870	
1023	1.006436	-0.001216	-4.434937	0.001216	1.006436	-3.414185	
1024	1.012329	-0.004061	-7.001099	0.004061	1.012329	-7.783630	
1025	1.004409	-0.001236	-2.641479	0.001236	1.004409	-1.644592	
1026	1.004229	-0.000775	-2.626770	0.000775	1.004229	-1.274353	
1027	1.003837	-0.000248	-2.982483	0.000248	1.003837	-0.441589	
1028	1.003778	-0.000808	-2.281372	0.000808	1.003778	-1.537170	
1029	1.008367	-0.001783	-4.178955	0.001783	1.008367	-4.255188	
1030	1.003031	-0.000392	-0.982910	0.000392	1.003031	-0.877991	
1031	1.002887	-0.000425	-0.772583	0.000425	1.002887	-1.160950	
1032	1.002765	-0.000256	-0.721252	0.000256	1.002765	-1.327332	
1033	1.002659	-0.000373	-0.331299	0.000373	1.002659	-1.310669	
1034	1.004282	-0.000806	0.981934	0.000806	1.004282	-1.925476	
1035	1.001941	-0.000815	0.825439	0.000815	1.001941	-1.514160	
1036	1.001415	-0.000520	0.887695	0.000520	1.001415	-1.292297	
1037	1.001473	-0.000455	0.610107	0.000455	1.001473	-1.509216	
1038	1.001191	-0.000427	0.978027	0.000427	1.001191	-1.227722	
1039	1.001804	-0.000823	2.246094	0.000823	1.001804	-3.073486	
1040	1.000197	-0.000289	1.573669	0.000289	1.000197	-0.957153	
1041	0.999481	-0.000121	1.911987	0.000121	0.999481	-0.665283	
1042	0.999519	-0.000034	1.402893	0.000034	0.999519	-0.786865	
1043	0.999207	-0.000146	1.775879	0.000146	0.999207	-0.452698	
1044	0.996448	-0.000340	4.681763	0.000340	0.996448	0.105957	
1045	0.997586	0.000426	2.148987	-0.000426	0.997586	0.695496	
1046	0.996962	0.000876	2.421570	-0.000876	0.996962	1.394470	
1047	0.996858	0.000589	2.747070	-0.000589	0.996858	1.076050	
1048	0.996536	0.000557	3.112854	-0.000557	0.996536	1.188782	
1049	0.991809	0.001796	7.526062	-0.001796	0.991809	4.332214	
1050	0.995681	0.000374	4.450317	-0.000374	0.995681	1.578369	
1051	0.995302	0.000213	4.908081	-0.000213	0.995302	1.628296	
1052	0.994964	0.000449	5.005615	-0.000449	0.994964	2.201904	
1053	0.994805	0.000540	4.964539	-0.000540	0.994805	2.231140	
1054	0.997870	-0.004745	4.012573	0.004745	0.997870	-10.877686	
1055	0.993721	0.000366	5.532776	-0.000366	0.993721	2.653259	
1056	0.993295	0.000343	5.555481	-0.000343	0.993295	2.976257	
1057	0.993295	0.000429	5.038879	-0.000429	0.993295	2.790100	
1058	0.993907	0.000059	4.726501	-0.000059	0.993907	1.997375	
1059	0.988323	-0.000665	9.856873	0.000665	0.988323	2.424683	
1060	0.993717	0.001415	3.852844	-0.001415	0.993717	3.573181	
1061	0.993935	0.000522	4.284790	-0.000522	0.993935	2.833740	
1062	0.993632	0.000852	4.080017	-0.000852	0.993632	3.737061	
1063	0.993484	0.001286	3.852600	-0.001286	0.993484	3.996277	
1064	0.998227	0.013783	-14.381958	-0.013783	0.998227	11.527588	
1065	0.994293	0.000306	3.529602	-0.000306	0.994293	2.878601	
1066	0.994141	-0.000211	4.058105	0.000211	0.994141	2.473450	
1067	0.995857	-0.000831	2.860107	0.000831	0.995857	1.120850	
1068	0.994283	0.000608	3.157104	-0.000608	0.994283	3.159302	
1069	0.986761	0.001127	8.917480	-0.001127	0.986761	7.544189	
1070	0.995138	-0.000115	3.576599	0.000115	0.995138	2.006470	
1071	0.995158	-0.000151	3.871460	0.000151	0.995158	2.053833	
1072	0.995272	-0.000042	3.734375	0.000042	0.995272	2.258667	
1073	0.995637	-0.000802	3.821594	0.000802	0.995637	1.593689	
1074	0.995831	-0.000214	3.496399	0.000214	0.995831	2.273438	
1075	0.995831	-0.000214	3.496399	0.000214	0.995831	2.273438	
1076	0.994206	-0.001892	6.275085	0.001892	0.994206	2.096191	
1077	0.995812	-0.000440	4.276367	0.000440	0.995812	1.831665	
1078	0.995814	0.000325	3.966980	-0.000325	0.995814	2.917358	
1079	0.995521	0.000376	4.799377	-0.000376	0.995521	3.293762	
1080	0.995521	0.000376	4.799377	-0.000376	0.995521	3.293762	
1081	0.996619	-0.000140	3.589844	0.000140	0.996619	2.361084	
1082	0.996118	0.000175	4.071777	-0.000175	0.996118	2.503479	
1083	0.993480	0.001536	5.093506	-0.001536	0.993480	5.169861	
1084	0.992198	0.000002	7.734253	-0.000002	0.992198	4.739990	
1085	0.992198	0.000002	7.734253	-0.000002	0.992198	4.739990	
1086	0.992198	0.000002	7.734253	-0.000002	0.992198	4.739990	
1087	0.996209	0.000123	3.411926	-0.000123	0.996209	2.186523	
1088	0.995861	-0.000587	3.460266	0.000587	0.995861	1.789520	
1089	0.995452	-0.000810	3.231628	0.000810	0.995452	1.929504	
1090	0.995452	-0.000810	3.231628	0.000810	0.995452	1.929504	
1091	0.995133	0.002144	1.537537	-0.002144	0.995133	4.901489	
1092	0.994018	0.000630	4.164490	-0.000630	0.994018	4.423035	
1093	0.995672	0.000280	2.604980	-0.000280	0.995672	2.683258	
1094	0.996611	0.000378	2.128967	-0.000378	0.996611	2.260681	
1095	0.991549	-0.001338	7.101562	0.001338	0.991549	2.912567	
1096	0.996174	0.000113	3.162415	-0.000113	0.996174	2.611084	
1097	0.994045	-0.000098	5.450073	0.000098	0.994045	3.515015	
1098	0.996229	-0.000149	3.806519	0.000149	0.996229	1.905457	
1099	0.998650	-0.000602	8.333923	0.000602	0.998650	0.677368	
1100	0.992932	-0.000411	7.305359	0.000411	0.992932	4.183228	
1101	0.995710	-0.007041	9.400635	0.007041	0.995710	-3.563538	
1102	1.001374	-0.004876	1.941772	0.004876	1.001374	-6.159424	
1103	0.995692	-0.000755	4.165833	0.000755	0.995692	2.679382	
1104	0.997138	-0.000047	2.930298	0.000047	0.997138	2.528442	
1105	0.989677	0.000554	9.098633	-0.000554	0.989677	8.480225	
1106	0.996918	0.000012	2.547607	-0.000012	0.996918	2.377869	
1107	0.995361	0.000244	3.789124	-0.000244	0.995361	3.984497	
1108	0.994744	0.000241	4.643494	-0.000241	0.994744	4.308228	
1109	0.994840	-0.000011	4.643005	0.000011	0.994840	4.226746	
1110	0.990553	0.000366	8.104736	-0.000366	0.990553	7.345520	
1111	0.994684	-0.001109	5.380920	0.001109	0.994684	3.227478	
1112	0.994492	-0.001398	5.716309	0.001398	0.994492	3.135620	
1113	0.997394	-0.000737	2.297485	0.000737	0.997394	1.430847	
1114	0.996203	-0.003373	5.733337	0.003373	0.996203	0.171570	
1115	0.991941	-0.007499	12.267456	0.007499	0.991941	0.252563	
1116	0.997439	-0.000413	2.510803	0.000413	0.997439	2.126709	
1117	0.995035	-0.001041	5.274841	0.001041	0.995035	3.404053	
1118	0.997142	-0.001549	3.246582	0.001549	0.997142	0.967102	
1119	0.997170	-0.001409	3.011230	0.001409	0.997170	1.235840	
1120	0.998127	0.000065	-0.419678	-0.000065	0.998127	2.644714	
1121	0.999201	-0.000200	0.029297	0.000200	0.999201	0.756714	
1122	0.998898	-0.000302	0.612061	0.000302	0.998898	0.594116	
1123	0.999538	-0.000084	-0.307312	0.000084	0.999538	-0.251343	
1124	0.999922	-0.000042	-0.644714	0.000042	0.999922	-0.535522	
1125	1.000868	0.000158	-1.656799	-0.000158	1.000868	-1.377319	
1126	1.001081	0.000001	-1.503845	-0.000001	1.001081	-1.044983	
1127	1.000579	0.000056	-1.127563	-0.000056	1.000579	-0.831482	
1128	1.001257	0.000167	-2.208374	-0.000167	1.001257	-1.417358	
1129	1.001358	0.000120	-2.344971	-0.000120	1.001358	-1.423279	
1130	1.001621	0.000676	-3.540771	-0.000676	1.001621	-1.456177	
1131	1.002074	0.000323	-3.123901	-0.000323	1.002074	-1.642639	
1132	1.001694	0.000167	-2.586975	-0.000167	1.001694	-1.568420	
1133	1.000714	0.001027	-1.733276	-0.001027	1.000714	0.513794	
1134	0.996839	-0.001023	1.764587	0.001023	0.996839	1.530823	
1135	1.002558	0.005048	-6.961487	-0.005048	1.002558	3.902893	
1136	1.002147	0.000058	-2.870605	-0.000058	1.002147	-1.546814	
1137	1.001875	0.000832	-3.026001	-0.000832	1.001875	-0.588928	
1138	1.003268	-0.000439	-3.274536	0.000439	1.003268	-3.399597	
1139	1.002432	0.000455	-2.906006	-0.000455	1.002432	-1.645874	
1140	1.008967	0.016552	-17.705566	-0.016552	1.008967	15.194641	
1141	1.002966	0.000047	-2.836548	-0.000047	1.002966	-2.207031	
1142	1.002699	0.000038	-2.488037	-0.000038	1.002699	-1.955566	
1143	1.003000	0.000115	-2.479614	-0.000115	1.003000	-2.275757	
1144	1.001797	0.000216	-0.952271	-0.000216	1.001797	-1.717407	
1145	1.006826	0.000236	-5.966553	-0.000236	1.006826	-5.146118	
1146	1.003182	0.000310	-2.639893	-0.000310	1.003182	-1.997620	
1147	1.003113	0.000326	-2.422241	-0.000326	1.003113	-2.196960	
1148	1.004187	-0.000070	-3.141479	0.000070	1.004187	-3.410156	
1149	1.004226	-0.000535	-2.853760	0.000535	1.004226	-3.972351	
1150	1.008147	-0.001835	-4.513306	0.001835	1.008147	-8.190674	
1151	1.003355	-0.001619	-0.627502	0.001619	1.003355	-3.713623	
1152	1.003813	-0.001300	-1.614624	0.001300	1.003813	-4.156311	
1153	1.003585	-0.000248	-2.486023	0.000248	1.003585	-2.882935	
1154	1.005841	0.000732	-5.467285	-0.000732	1.005841	-3.999573	
1155	1.008821	0.000081	-8.061340	-0.000081	1.008821	-6.172058	
1156	1.006723	-0.000760	-6.314209	0.000760	1.006723	-5.305298	
1157	1.004884	0.000580	-5.316101	-0.000580	1.004884	-2.642944	
1158	1.004148	0.000250	-4.745850	-0.000250	1.004148	-2.568604	
1159	1.003932	0.000287	-4.708984	-0.000287	1.003932	-2.553467	
1160	1.004621	0.000549	-7.404541	-0.000549	1.004621	-2.017517	
1161	1.005835	0.002454	-7.734558	-0.002454	1.005835	-1.955688	
1162	1.001102	0.003257	-1.991882	-0.003257	1.001102	-0.380524	
1163	1.002935	0.000143	-3.673828	-0.000143	1.002935	-1.445007	
1164	1.004668	0.003670	-6.188904	-0.003670	1.004668	-3.893188	
1165	1.004668	0.003670	-6.188904	-0.003670	1.004668	-3.893188	
1166	1.002729	-0.000121	-3.397461	0.000121	1.002729	-1.741638	
1167	1.002404	-0.000219	-3.070984	0.000219	1.002404	-1.506470	
1168	1.002606	0.001805	-4.552795	-0.001805	1.002606	-0.011719	
1169	1.004157	0.000139	-5.029907	-0.000139	1.004157	-2.045837	
1170	1.004157	0.000139	-5.029907	-0.000139	1.004157	-2.045837	
1171	1.011724	-0.000811	-10.645081	0.000811	1.011724	-6.312622	
1172	1.011724	-0.000811	-10.645081	0.000811	1.011724	-6.312622	
1173	1.007254	0.004553	-9.667969	-0.004553	1.007254	0.250702	
1174	1.007254	0.004553	-9.667969	-0.004553	1.007254	0.250702	
1175	1.007254	0.004553	-9.667969	-0.004553	1.007254	0.250702	
1176	1.007295	0.002063	-9.928467	-0.002063	1.007295	-0.480286	
1177	1.002780	0.002881	-5.186768	-0.002881	1.002780	2.038513	
1178	1.008129	0.000955	-10.289490	-0.000955	1.008129	-2.401276	
1179	1.006547	0.001507	-9.771484	-0.001507	1.006547	-0.996063	
1180	1.006547	0.001507	-9.771484	-0.001507	1.006547	-0.996063	
1181	1.008375	0.003336	-13.338379	-0.003336	1.008375	-0.239136	
1182	1.007981	-0.000313	-11.352051	0.000313	1.007981	-3.122131	
1183	1.009078	-0.002311	-12.783142	0.002311	1.009078	-5.740936	
1184	1.002826	-0.011649	-3.386475	0.011649	1.002826	-9.516998	
1185	1.002826	-0.011649	-3.386475	0.011649	1.002826	-9.516998	
1186	1.002623	0.004592	-5.665344	-0.004592	1.002623	3.025635	
1187	1.002941	0.000115	-2.933594	-0.000115	1.002941	-0.837372	
1188	1.002057	0.000939	-2.554749	-0.000939	1.002057	0.259460	
1189	1.002057	0.000939	-2.554749	-0.000939	1.002057	0.259460	
1190	1.002057	0.000939	-2.554749	-0.000939	1.002057	0.259460	
1191	1.009304	0.005547	-10.071045	-0.005547	1.009304	-0.429810	
1192	1.003224	-0.005421	-0.033875	0.005421	1.003224	-5.252747	
1193	1.002772	0.000168	-2.861755	-0.000168	1.002772	-0.761810	
1194	1.002870	-0.000101	-2.622620	0.000101	1.002870	-0.922668	
1195	1.004238	-0.000054	-4.073975	0.000054	1.004238	-1.453125	
1196	1.003327	0.000002	-3.231934	-0.000002	1.003327	-1.119232	
1197	1.004013	-0.000364	-3.463257	0.000364	1.004013	-1.655273	
1198	1.001459	-0.000840	-1.105713	0.000840	1.001459	-0.913330	
1199	1.002775	-0.000255	-2.274902	0.000255	1.002775	-1.049255	
1200	1.002775	-0.000255	-2.274902	0.000255	1.002775	-1.049255	
1201	1.004789	-0.010359	-5.894348	0.010359	1.004789	-4.432892	
1202	1.005005	0.000005	-5.347839	-0.000005	1.005005	-1.674530	
