0	1.000000	0.000000	0.000000	0.000000	1.000000	0.000000	
1	1.000214	-0.000002	-0.303589	0.000002	1.000214	-0.212097	
2	1.000107	-0.000026	-0.080933	0.000026	1.000107	-0.097961	
3	1.000222	0.000097	-0.359009	-0.000097	1.000222	-0.030212	
4	1.000248	0.000099	-0.468750	-0.000099	1.000248	-0.024963	
5	1.000166	-0.000018	-0.199524	0.000018	1.000166	-0.122009	
6	1.000126	0.000028	-0.157471	-0.000028	1.000126	-0.043640	
7	1.000071	0.000021	-0.004883	-0.000021	1.000071	-0.016541	
8	1.000029	-0.000042	0.018982	0.000042	1.000029	-0.062012	
9	1.000014	-0.000006	0.023499	0.000006	1.000014	0.005310	
10	0.999990	-0.000021	0.044250	0.000021	0.999990	-0.014282	
11	0.999954	-0.000089	0.118408	0.000089	0.999954	-0.090942	
12	0.999909	-0.000033	0.185669	0.000033	0.999909	0.001709	
13	0.999837	-0.000075	0.289124	0.000075	0.999837	-0.021912	
14	0.999897	-0.000006	0.184998	0.000006	0.999897	0.061584	
15	0.999895	-0.000022	0.223022	0.000022	0.999895	0.022461	
16	0.999930	0.000001	0.151733	-0.000001	0.999930	0.036499	
17	0.999910	-0.000012	0.202148	0.000012	0.999910	0.025146	
18	0.999940	0.000050	0.091553	-0.000050	0.999940	0.138367	
19	0.999985	0.000025	0.061035	-0.000025	0.999985	0.037842	
20	1.000011	0.000041	-0.042114	-0.000041	1.000011	0.029785	
21	0.999953	0.000031	-0.020813	-0.000031	0.999953	0.095215	
22	0.999983	0.000016	-0.062622	-0.000016	0.999983	0.033691	
23	0.999983	-0.000010	-0.007935	0.000010	0.999983	0.014282	
24	0.999964	0.000012	0.054260	-0.000012	0.999964	0.042847	
25	0.999929	-0.000017	0.089783	0.000017	0.999929	0.031921	
26	0.999915	-0.000015	0.100220	0.000015	0.999915	0.046387	
27	0.999955	-0.000006	0.045410	0.000006	0.999955	0.037476	
28	0.999792	-0.000020	0.256042	0.000020	0.999792	0.116516	
29	0.999846	0.000001	0.188965	-0.000001	0.999846	0.088867	
30	0.999871	-0.000021	0.142578	0.000021	0.999871	0.059631	
31	0.999798	-0.000017	0.219482	0.000017	0.999798	0.089905	
32	0.999745	-0.000013	0.336670	0.000013	0.999745	0.163147	
33	0.999724	-0.000037	0.317871	0.000037	0.999724	0.127747	
34	0.999854	0.000004	0.175110	-0.000004	0.999854	0.086304	
35	0.999873	0.000018	0.153259	-0.000018	0.999873	0.083740	
36	0.999853	-0.000060	0.239624	0.000060	0.999853	0.015137	
37	0.999958	0.000017	-0.012939	-0.000017	0.999958	0.054749	
38	0.999837	0.000068	0.328979	-0.000068	0.999837	0.252014	
39	0.999975	0.000056	0.007202	-0.000056	0.999975	0.113953	
40	1.000002	0.000047	-0.018066	-0.000047	1.000002	0.113525	
41	1.000026	0.000078	-0.080688	-0.000078	1.000026	0.159729	
42	1.000006	0.000056	-0.004395	-0.000056	1.000006	0.109985	
43	0.999984	0.000022	0.013672	-0.000022	0.999984	0.061035	
44	1.000005	0.000040	0.002075	-0.000040	1.000005	0.076050	
45	0.999996	0.000055	-0.076294	-0.000055	0.999996	0.075317	
46	1.000080	0.000009	-0.075317	-0.000009	1.000080	0.066040	
47	1.000056	0.000014	-0.038818	-0.000014	1.000056	0.006714	
48	1.000048	0.000008	-0.101685	-0.000008	1.000048	0.001831	
49	0.999995	0.000033	0.036621	-0.000033	0.999995	0.064331	
50	1.000048	0.000074	-0.006958	-0.000074	1.000048	0.111206	
51	1.000008	0.000077	0.045166	-0.000077	1.000008	0.130554	
52	1.000009	0.000031	0.018799	-0.000031	1.000009	0.061401	
53	1.000047	0.000068	-0.116821	-0.000068	1.000047	0.033020	
54	1.000029	0.000030	-0.021362	-0.000030	1.000029	0.007202	
55	1.000051	0.000001	-0.078369	-0.000001	1.000051	-0.020325	
56	1.000024	-0.000017	-0.005859	0.000017	1.000024	-0.033386	
57	1.000037	-0.000008	-0.089966	0.000008	1.000037	-0.036072	
58	1.000037	-0.000008	-0.089966	0.000008	1.000037	-0.036072	
59	0.999992	-0.000001	0.081787	0.000001	0.999992	-0.016052	
60	0.999999	0.000019	0.029785	-0.000019	0.999999	-0.005188	
61	1.000066	0.000027	-0.083740	-0.000027	1.000066	0.013245	
62	1.000043	0.000023	-0.023682	-0.000023	1.000043	0.000000	
63	1.000043	0.000023	-0.023682	-0.000023	1.000043	0.000000	
64	1.000050	-0.000072	-0.109497	0.000072	1.000050	-0.097900	
65	0.999981	-0.000025	0.044312	0.000025	0.999981	0.006470	
66	1.000046	0.000008	-0.082642	-0.000008	1.000046	0.024475	
67	1.000043	-0.000016	-0.101440	0.000016	1.000043	0.004150	
68	1.000037	0.000007	0.006836	-0.000007	1.000037	-0.061035	
69	1.000029	-0.000002	-0.056885	0.000002	1.000029	-0.055054	
70	1.000116	-0.000052	-0.195557	0.000052	1.000116	-0.149414	
71	1.000097	-0.000003	-0.249939	0.000003	1.000097	-0.130371	
72	1.000196	-0.000013	-0.361755	0.000013	1.000196	-0.139099	
73	0.999942	-0.000040	0.060364	0.000040	0.999942	0.016052	
74	1.000043	-0.000054	-0.100037	0.000054	1.000043	-0.089172	
75	1.000020	-0.000052	-0.099792	0.000052	1.000020	-0.060913	
76	0.999952	-0.000062	0.013611	0.000062	0.999952	-0.034119	
77	0.999995	-0.000038	0.060181	0.000038	0.999995	-0.053894	
78	0.999926	-0.000007	0.151123	0.000007	0.999926	0.109070	
79	0.999973	0.000032	0.145142	-0.000032	0.999973	0.072449	
80	0.999994	0.000001	0.071777	-0.000001	0.999994	0.019714	
81	0.999987	-0.000021	0.127441	0.000021	0.999987	-0.026123	
82	1.000050	0.000024	-0.018066	-0.000024	1.000050	0.009521	
83	1.000016	0.000014	0.073364	-0.000014	1.000016	0.018616	
84	1.000049	0.000049	-0.029419	-0.000049	1.000049	0.056274	
85	1.000061	0.000007	-0.071533	-0.000007	1.000061	-0.027466	
86	1.000048	0.000007	-0.033813	-0.000007	1.000048	-0.026611	
87	1.000015	0.000030	0.072266	-0.000030	1.000015	0.015869	
88	1.000033	0.000028	0.033936	-0.000028	1.000033	0.027527	
89	1.000002	-0.000020	0.085876	0.000020	1.000002	-0.048462	
90	0.999982	-0.000025	0.087708	0.000025	0.999982	-0.023804	
91	0.999983	-0.000001	0.040710	0.000001	0.999983	-0.009460	
92	1.000003	-0.000023	0.033264	0.000023	1.000003	-0.047791	
93	0.999973	-0.000025	0.033752	0.000025	0.999973	-0.018127	
94	0.999987	-0.000005	-0.003601	0.000005	0.999987	0.003296	
95	1.000013	-0.000007	-0.014709	0.000007	1.000013	0.015381	
96	1.000026	-0.000019	-0.018372	0.000019	1.000026	-0.000427	
97	0.999992	-0.000001	0.023010	0.000001	0.999992	-0.005493	
98	0.999978	-0.000029	0.011353	0.000029	0.999978	-0.022583	
99	1.000030	-0.000017	-0.003174	0.000017	1.000030	-0.035583	
100	1.000016	-0.000007	-0.007080	0.000007	1.000016	-0.022888	
101	1.000015	-0.000004	-0.013367	0.000004	1.000015	-0.005676	
102	1.000037	0.000001	-0.065430	-0.000001	1.000037	0.006470	
103	0.999939	0.000049	0.068481	-0.000049	0.999939	0.096130	
104	0.999998	0.000012	-0.028992	-0.000012	0.999998	0.041199	
105	0.999983	-0.000009	-0.040161	0.000009	0.999983	-0.018799	
106	0.999995	-0.000006	-0.062744	0.000006	0.999995	0.003052	
107	1.000006	-0.000015	-0.069275	0.000015	1.000006	-0.050842	
108	0.999988	0.000026	-0.027405	-0.000026	0.999988	0.049927	
109	0.999950	0.000018	0.106506	-0.000018	0.999950	0.018738	
110	0.999983	0.000002	0.015259	-0.000002	0.999983	-0.010742	
111	0.999998	-0.000011	0.018188	0.000011	0.999998	-0.012085	
112	0.999997	-0.000027	0.043213	0.000027	0.999997	-0.011108	
113	0.999998	0.000002	-0.039185	-0.000002	0.999998	-0.035828	
114	1.000002	0.000018	0.032959	-0.000018	1.000002	0.015198	
115	0.999988	0.000012	0.032959	-0.000012	0.999988	0.060059	
116	0.999974	-0.000003	0.029297	0.000003	0.999974	0.027344	
117	0.999993	0.000012	-0.003906	-0.000012	0.999993	0.030151	
118	0.999972	-0.000008	0.023315	0.000008	0.999972	0.047363	
119	0.999975	0.000007	-0.003662	-0.000007	0.999975	0.084045	
120	0.999995	0.000017	-0.076782	-0.000017	0.999995	0.070984	
121	0.999994	0.000022	-0.003540	-0.000022	0.999994	0.121155	
122	1.000061	-0.000016	0.052734	0.000016	1.000061	0.016479	
123	1.000018	0.000007	-0.025635	-0.000007	1.000018	0.004883	
124	1.000006	0.000016	0.022888	-0.000016	1.000006	0.042542	
125	1.000023	-0.000004	0.015442	0.000004	1.000023	-0.032166	
126	1.000002	-0.000028	0.015686	0.000028	1.000002	-0.067505	
127	0.999975	-0.000006	0.024719	0.000006	0.999975	-0.005371	
128	1.000291	0.000086	-0.349854	-0.000086	1.000291	-0.030457	
129	0.999979	0.000008	0.027954	-0.000008	0.999979	0.066650	
130	1.000006	-0.000020	-0.005249	0.000020	1.000006	-0.002136	
131	1.000044	0.000008	-0.064819	-0.000008	1.000044	-0.004639	
132	1.000000	-0.000016	0.015381	0.000016	1.000000	0.037354	
133	1.000126	0.000020	-0.206177	-0.000020	1.000126	0.014587	
134	1.000029	0.000030	0.017456	-0.000030	1.000029	0.055603	
135	0.999996	0.000018	0.023926	-0.000018	0.999996	0.017456	
136	0.999975	0.000051	0.050903	-0.000051	0.999975	0.033386	
137	0.999969	0.000023	0.049072	-0.000023	0.999969	0.059631	
138	1.000017	0.000062	0.026611	-0.000062	1.000017	0.099792	
139	1.000023	-0.000004	0.019531	0.000004	1.000023	-0.034485	
140	0.999953	-0.000010	0.129517	0.000010	0.999953	-0.018005	
141	1.000009	-0.000046	0.014282	0.000046	1.000009	-0.042908	
142	1.000031	0.000011	0.088257	-0.000011	1.000031	-0.027466	
143	0.999951	0.000045	0.203369	-0.000045	0.999951	0.070923	
144	1.000025	-0.000068	0.168701	0.000068	1.000025	-0.200195	
145	1.000033	-0.000006	0.067261	0.000006	1.000033	-0.103821	
146	0.999937	0.000004	0.068848	-0.000004	0.999937	0.046265	
147	0.999922	0.000063	-0.013428	-0.000063	0.999922	0.089233	
148	0.999971	0.000069	0.042725	-0.000069	0.999971	0.071045	
149	0.999949	0.000073	0.068176	-0.000073	0.999949	0.086121	
150	0.999983	-0.000033	-0.063049	0.000033	0.999983	-0.066040	
151	1.000046	-0.000066	-0.146606	0.000066	1.000046	-0.204041	
152	1.000015	-0.000002	-0.034424	0.000002	1.000015	-0.023865	
153	1.000431	-0.000249	-0.189819	0.000249	1.000431	-0.548523	
154	1.002072	0.000592	-2.845337	-0.000592	1.002072	-1.130615	
155	1.000039	-0.000005	-0.072632	0.000005	1.000039	-0.010620	
156	1.000070	-0.000005	-0.192993	0.000005	1.000070	-0.014832	
157	0.999995	0.000002	-0.102051	-0.000002	0.999995	0.045410	
158	0.999948	-0.000020	0.046204	0.000020	0.999948	-0.020142	
159	1.000039	0.000024	-0.169434	-0.000024	1.000039	-0.050232	
160	1.000035	0.000022	-0.079468	-0.000022	1.000035	-0.083069	
161	1.000081	-0.000002	-0.041138	0.000002	1.000081	-0.126648	
162	1.000088	-0.000010	-0.018799	0.000010	1.000088	-0.092957	
163	1.000183	-0.000200	-0.317627	0.000200	1.000183	-0.371216	
164	0.999989	0.000002	0.026978	-0.000002	0.999989	0.034973	
165	1.000017	0.000033	0.017578	-0.000033	1.000017	0.072388	
166	0.999940	0.000084	0.080688	-0.000084	0.999940	0.170166	
167	0.999879	0.000065	0.247437	-0.000065	0.999879	0.157471	
168	1.000110	-0.000005	-0.201782	0.000005	1.000110	-0.044373	
169	1.000038	-0.000036	-0.108521	0.000036	1.000038	-0.046997	
170	0.999882	-0.000044	0.255737	0.000044	0.999882	0.051453	
171	1.000034	-0.000080	-0.085815	0.000080	1.000034	-0.126892	
172	1.000047	-0.000098	-0.153076	0.000098	1.000047	-0.183472	
173	1.000126	-0.000084	-0.199219	0.000084	1.000126	-0.258423	
174	0.999977	0.000112	-0.176636	-0.000112	0.999977	0.159180	
175	0.999798	0.000158	0.048584	-0.000158	0.999798	0.381287	
176	0.999950	0.000152	-0.009766	-0.000152	0.999950	0.218567	
177	0.999889	0.000148	0.078003	-0.000148	0.999889	0.256714	
178	0.999869	0.000056	0.182983	-0.000056	0.999869	0.068420	
179	0.999850	-0.000032	0.266357	0.000032	0.999850	0.084290	
180	0.999863	0.000071	0.219482	-0.000071	0.999863	0.183899	
181	0.999869	0.000120	0.175415	-0.000120	0.999869	0.209778	
182	0.999894	0.000076	0.182617	-0.000076	0.999894	0.164612	
183	0.999940	0.000060	0.135254	-0.000060	0.999940	0.097778	
184	0.999929	0.000103	0.117310	-0.000103	0.999929	0.252197	
185	0.999839	0.000088	0.235962	-0.000088	0.999839	0.290222	
186	0.999453	0.000246	0.698608	-0.000246	0.999453	0.723633	
187	1.000064	-0.000016	0.042603	0.000016	1.000064	-0.071228	
188	0.999932	0.000045	0.046265	-0.000045	0.999932	0.092041	
189	0.999888	-0.000149	0.256470	0.000149	0.999888	-0.200806	
190	0.999973	-0.000100	0.064575	0.000100	0.999973	-0.150635	
191	0.999953	-0.000023	-0.005005	0.000023	0.999953	-0.020874	
192	0.999967	-0.000009	0.031250	0.000009	0.999967	-0.010559	
193	1.000017	0.000107	-0.047241	-0.000107	1.000017	0.154907	
194	0.999944	0.000081	-0.008057	-0.000081	0.999944	0.153687	
195	0.999848	0.000038	0.135986	-0.000038	0.999848	0.101990	
196	1.000001	0.000033	-0.085510	-0.000033	1.000001	0.024902	
197	1.000017	0.000006	-0.010803	-0.000006	1.000017	-0.046509	
198	0.999949	-0.000065	0.132080	0.000065	0.999949	-0.153931	
199	1.000010	0.000012	0.012695	-0.000012	1.000010	0.003235	
200	0.999990	0.000002	0.040283	-0.000002	0.999990	0.013123	
201	0.999899	-0.000011	0.205078	0.000011	0.999899	0.024597	
202	0.999932	-0.000045	0.181702	0.000045	0.999932	-0.023560	
203	0.999955	0.000006	0.093140	-0.000006	0.999955	0.058960	
204	0.999980	0.000073	-0.035767	-0.000073	0.999980	0.162964	
205	0.999923	0.000075	0.030151	-0.000075	0.999923	0.153931	
206	0.999847	-0.000069	0.291504	0.000069	0.999847	-0.098206	
207	0.999680	-0.000147	0.569092	0.000147	0.999680	0.040344	
208	0.999916	0.000045	0.114502	-0.000045	0.999916	0.124817	
209	1.000053	0.000014	-0.142700	-0.000014	1.000053	-0.012085	
210	0.999962	-0.000006	0.056030	0.000006	0.999962	0.003845	
211	1.000008	0.000013	-0.006958	-0.000013	1.000008	0.079285	
212	0.999890	0.000003	0.053955	-0.000003	0.999890	0.120972	
213	1.000014	0.000078	-0.026001	-0.000078	1.000014	0.150940	
214	0.999968	0.000012	0.047485	-0.000012	0.999968	0.095032	
215	0.999991	-0.000040	0.012573	0.000040	0.999991	-0.048584	
216	0.999798	0.000082	-0.034485	-0.000082	0.999798	0.169434	
217	0.999981	-0.000008	0.002441	0.000008	0.999981	0.015015	
218	0.999975	0.000057	0.033813	-0.000057	0.999975	0.123169	
219	1.000015	0.000003	-0.049561	-0.000003	1.000015	-0.004639	
220	0.999941	0.000024	0.047607	-0.000024	0.999941	0.080688	
221	0.999976	0.000001	-0.011230	-0.000001	0.999976	0.021484	
222	1.000008	-0.000011	-0.035889	0.000011	1.000008	-0.036865	
223	1.000083	0.000018	-0.127686	-0.000018	1.000083	0.010559	
224	1.000029	-0.000012	-0.074951	0.000012	1.000029	-0.007935	
225	0.999972	-0.000033	0.103149	0.000033	0.999972	-0.016174	
226	1.000106	0.000030	-0.061768	-0.000030	1.000106	0.030212	
227	1.000039	-0.000028	-0.034546	0.000028	1.000039	-0.029236	
228	1.000070	0.000045	-0.123169	-0.000045	1.000070	0.028137	
229	1.000172	-0.000004	-0.234131	0.000004	1.000172	-0.045349	
230	1.000239	-0.000049	-0.365723	0.000049	1.000239	-0.183411	
231	1.000149	0.000013	-0.229004	-0.000013	1.000149	-0.036987	
232	1.000117	0.000034	-0.166016	-0.000034	1.000117	0.002563	
233	1.000082	0.000005	-0.177124	-0.000005	1.000082	0.034363	
234	1.000066	-0.000009	-0.103882	0.000009	1.000066	-0.011414	
235	0.999993	0.000002	-0.098267	-0.000002	0.999993	0.011597	
236	1.000027	-0.000008	-0.095093	0.000008	1.000027	-0.010010	
237	1.000066	-0.000060	-0.042419	0.000060	1.000066	-0.044617	
238	1.000025	-0.000133	0.096863	0.000133	1.000025	-0.116272	
239	0.999947	-0.000053	0.148254	0.000053	0.999947	0.073669	
240	0.999726	-0.000023	0.330261	0.000023	0.999726	0.195190	
241	0.999816	0.000012	0.143005	-0.000012	0.999816	0.195129	
242	0.999766	0.000055	0.201904	-0.000055	0.999766	0.244080	
243	0.999832	0.000085	0.225220	-0.000085	0.999832	0.237488	
244	0.999849	0.000134	0.147766	-0.000134	0.999849	0.247009	
245	0.999919	0.000067	0.065918	-0.000067	0.999919	0.122437	
246	0.999939	0.000064	0.083374	-0.000064	0.999939	0.150330	
247	0.999940	0.000023	0.041016	-0.000023	0.999940	0.113586	
248	1.000023	-0.000016	-0.021362	0.000016	1.000023	-0.035583	
249	0.999987	-0.000043	0.068237	0.000043	0.999987	-0.020508	
250	0.999865	0.000018	0.214172	-0.000018	0.999865	0.066833	
251	0.999880	0.000026	0.081055	-0.000026	0.999880	0.138733	
252	0.999971	-0.000025	-0.017578	0.000025	0.999971	0.001160	
253	1.000010	0.000029	-0.033813	-0.000029	1.000010	0.016907	
254	1.000042	0.000032	-0.098267	-0.000032	1.000042	0.063843	
255	0.999975	0.000037	0.010986	-0.000037	0.999975	0.081238	
256	0.999986	0.000025	0.009155	-0.000025	0.999986	0.020020	
257	1.000005	0.000050	-0.057129	-0.000050	1.000005	0.078918	
258	1.000019	-0.000012	-0.027100	0.000012	1.000019	-0.027771	
259	0.999942	0.000003	0.055664	-0.000003	0.999942	0.082214	
260	0.999984	-0.000036	0.030273	0.000036	0.999984	0.002197	
261	0.999966	-0.000020	0.072266	0.000020	0.999966	0.016235	
262	0.999988	-0.000010	0.070007	0.000010	0.999988	-0.003906	
263	0.999971	0.000011	0.052490	-0.000011	0.999971	0.024414	
264	1.000003	-0.000059	0.075317	0.000059	1.000003	-0.066772	
265	1.000009	-0.000065	0.074951	0.000065	1.000009	-0.075378	
266	1.000008	-0.000029	0.052734	0.000029	1.000008	-0.056763	
267	1.000049	0.000037	-0.013916	-0.000037	1.000049	0.023376	
268	0.999559	0.000310	0.724487	-0.000310	0.999559	0.617310	
269	0.999983	0.000045	0.033936	-0.000045	0.999983	0.061462	
270	0.999971	-0.000040	0.054199	0.000040	0.999971	-0.021362	
271	1.000004	0.000007	-0.056519	-0.000007	1.000004	0.015686	
272	0.999992	0.000032	-0.060303	-0.000032	0.999992	0.031189	
273	1.001090	0.000223	-0.557922	-0.000223	1.001090	0.003723	
274	1.000018	0.000038	-0.005127	-0.000038	1.000018	0.105225	
275	0.999999	0.000074	0.011475	-0.000074	0.999999	0.134949	
276	1.000002	0.000002	0.065308	-0.000002	1.000002	-0.063843	
277	0.999822	0.000027	0.082458	-0.000027	0.999822	0.025269	
278	0.999937	-0.000167	0.095825	0.000167	0.999937	-0.300842	
279	0.999949	-0.000065	0.099731	0.000065	0.999949	-0.104004	
280	0.999976	-0.000015	0.120361	0.000015	0.999976	-0.041504	
281	1.000034	0.000142	-0.037964	-0.000142	1.000034	0.230469	
282	0.999957	0.000152	0.014404	-0.000152	0.999957	0.291321	
283	1.000084	0.000039	-0.112305	-0.000039	1.000084	0.114136	
284	1.000052	0.000023	-0.098633	-0.000023	1.000052	0.100952	
285	1.000053	0.000034	-0.093628	-0.000034	1.000053	0.067871	
286	1.000461	0.000002	-0.781372	-0.000002	1.000461	-0.224976	
287	1.000080	-0.000003	-0.172241	0.000003	1.000080	0.001709	
288	1.000050	0.000030	-0.114258	-0.000030	1.000050	0.000793	
289	1.000038	0.000023	-0.064697	-0.000023	1.000038	0.053467	
290	1.000065	0.000031	-0.102661	-0.000031	1.000065	0.060059	
291	1.000050	0.000016	-0.091309	-0.000016	1.000050	0.029663	
292	1.000012	0.000037	-0.040527	-0.000037	1.000012	0.097595	
293	1.000061	0.000081	-0.091064	-0.000081	1.000061	0.089783	
294	1.000038	0.000110	-0.093384	-0.000110	1.000038	0.148926	
295	0.999963	0.000036	0.000061	-0.000036	0.999963	0.102539	
296	0.999930	-0.000031	0.091797	0.000031	0.999930	0.000854	
297	0.999974	-0.000111	0.112122	0.000111	0.999974	-0.173157	
298	1.000006	-0.000027	-0.009155	0.000027	1.000006	-0.104065	
299	1.000023	-0.000076	0.038452	0.000076	1.000023	-0.168457	
300	0.999989	-0.000042	0.087646	0.000042	0.999989	-0.112610	
301	1.000029	-0.000052	0.006470	0.000052	1.000029	-0.154053	
302	1.000008	0.000004	0.038696	-0.000004	1.000008	-0.000183	
303	1.000032	-0.000004	-0.003906	0.000004	1.000032	-0.046570	
304	0.999868	-0.000032	0.260376	0.000032	0.999868	0.064148	
305	0.999852	-0.000068	0.259644	0.000068	0.999852	0.090210	
306	0.999846	-0.000058	0.266968	0.000058	0.999846	0.069641	
307	0.999884	-0.000023	0.213013	0.000023	0.999884	0.078308	
308	0.999969	-0.000012	0.017212	0.000012	0.999969	0.057190	
309	0.999916	0.000001	0.058594	-0.000001	0.999916	0.061523	
310	0.999892	0.000046	0.063354	-0.000046	0.999892	0.166626	
311	0.999862	0.000036	0.042358	-0.000036	0.999862	0.196228	
312	0.999919	-0.000013	0.018188	0.000013	0.999919	0.100159	
313	0.999957	0.000045	0.009399	-0.000045	0.999957	0.080627	
314	0.999990	0.000044	0.009399	-0.000044	0.999990	0.088013	
315	0.999988	0.000022	0.033447	-0.000022	0.999988	0.065491	
316	0.999959	0.000016	0.073364	-0.000016	0.999959	0.117249	
317	0.999961	0.000023	0.055786	-0.000023	0.999961	0.090027	
318	0.999970	0.000013	0.067749	-0.000013	0.999970	-0.012451	
319	0.999880	0.000109	0.054077	-0.000109	0.999880	0.258240	
320	0.999935	0.000064	0.021484	-0.000064	0.999935	0.128052	
321	0.999896	0.000080	0.033203	-0.000080	0.999896	0.148743	
322	0.999930	-0.000017	0.118713	0.000017	0.999930	0.032715	
323	0.999984	-0.000057	0.094482	0.000057	0.999984	-0.108704	
324	0.999937	-0.000009	0.044617	0.000009	0.999937	0.005005	
325	0.999949	-0.000043	0.081970	0.000043	0.999949	-0.046326	
326	0.999955	-0.000103	0.104736	0.000103	0.999955	-0.165771	
327	1.000025	-0.000031	-0.049805	0.000031	1.000025	-0.103577	
328	0.999978	0.000012	-0.049194	-0.000012	0.999978	-0.027527	
329	1.000066	-0.000101	-0.077820	0.000101	1.000066	-0.241577	
330	1.000159	-0.000151	-0.154541	0.000151	1.000159	-0.414673	
331	0.999941	-0.000048	0.012695	0.000048	0.999941	-0.101562	
332	0.999982	-0.000014	-0.042236	0.000014	0.999982	-0.050293	
333	1.000080	-0.000007	-0.112549	0.000007	1.000080	-0.080322	
334	1.000006	0.000060	-0.042603	-0.000060	1.000006	0.043945	
335	1.000012	0.000064	-0.061523	-0.000064	1.000012	0.067261	
336	0.999985	-0.000023	0.057983	0.000023	0.999985	-0.050842	
337	0.999960	0.000060	0.047729	-0.000060	0.999960	0.093628	
338	1.000068	0.000246	-0.227295	-0.000246	1.000068	0.375732	
339	1.000063	-0.000010	-0.040405	0.000010	1.000063	-0.027466	
340	1.000081	-0.000010	-0.137207	0.000010	1.000081	-0.039307	
341	1.000126	0.000013	-0.221436	-0.000013	1.000126	-0.016052	
342	1.000003	-0.000035	-0.058105	0.000035	1.000003	-0.110168	
343	0.999993	0.000043	-0.027466	-0.000043	0.999993	0.039551	
344	0.999961	-0.000002	-0.012939	0.000002	0.999961	0.012939	
345	0.999989	0.000046	-0.028564	-0.000046	0.999989	0.077820	
346	1.000074	0.000047	-0.099976	-0.000047	1.000074	0.064575	
347	1.000011	0.000057	-0.030151	-0.000057	1.000011	0.088928	
348	1.000005	0.000041	-0.023315	-0.000041	1.000005	0.059998	
349	0.999953	-0.000014	0.067993	0.000014	0.999953	-0.002808	
350	0.999966	-0.000008	0.021606	0.000008	0.999966	-0.025146	
351	0.999957	-0.000048	0.068848	0.000048	0.999957	-0.066528	
352	0.999913	-0.000002	0.143066	0.000002	0.999913	0.009644	
353	0.999940	-0.000063	0.044556	0.000063	0.999940	-0.057678	
354	0.999988	-0.000050	-0.011841	0.000050	0.999988	-0.045593	
355	0.999994	-0.000056	-0.042358	0.000056	0.999994	-0.070679	
356	0.999993	-0.000083	-0.059326	0.000083	0.999993	-0.112671	
357	0.999989	-0.000074	-0.011230	0.000074	0.999989	-0.134827	
358	0.999986	-0.000070	0.035889	0.000070	0.999986	-0.105835	
359	1.000016	-0.000081	0.030151	0.000081	1.000016	-0.169128	
360	1.000007	-0.000070	0.046997	0.000070	1.000007	-0.171997	
361	1.000003	-0.000236	0.135681	0.000236	1.000003	-0.434509	
362	1.000014	-0.000077	0.032349	0.000077	1.000014	-0.166748	
363	1.000589	-0.000375	-0.030396	0.000375	1.000589	-0.890381	
364	1.000051	-0.000131	0.044434	0.000131	1.000051	-0.264771	
365	0.999999	-0.000053	0.045410	0.000053	0.999999	-0.102173	
366	0.999992	-0.000071	0.098938	0.000071	0.999992	-0.121460	
367	0.999964	-0.000075	0.124573	0.000075	0.999964	-0.106506	
368	0.999963	-0.000017	0.101685	0.000017	0.999963	-0.018616	
369	0.999960	-0.000133	0.127808	0.000133	0.999960	-0.199402	
370	0.999922	-0.000090	0.174255	0.000090	0.999922	-0.112122	
371	0.999890	-0.000061	0.198914	0.000061	0.999890	-0.055481	
372	0.999951	-0.000161	0.272278	0.000161	0.999951	-0.283142	
373	1.000038	-0.000006	0.019958	0.000006	1.000038	-0.076477	
374	0.999934	-0.000097	0.176270	0.000097	0.999934	-0.094299	
375	1.000025	0.000028	-0.007019	-0.000028	1.000025	-0.022095	
376	1.000080	0.000016	-0.081543	-0.000016	1.000080	-0.071106	
377	1.000068	0.000009	-0.099609	-0.000009	1.000068	-0.017090	
378	1.000041	-0.000007	-0.059204	0.000007	1.000041	-0.026001	
379	1.000092	0.000092	-0.358398	-0.000092	1.000092	0.156189	
380	1.000019	0.000000	-0.111450	-0.000000	1.000019	0.020569	
381	1.000047	-0.000038	-0.101685	0.000038	1.000047	-0.076416	
382	1.000077	-0.000016	-0.174072	0.000016	1.000077	-0.035645	
383	1.000006	-0.000037	-0.038208	0.000037	1.000006	-0.029602	
384	1.000008	-0.000010	-0.028931	0.000010	1.000008	-0.061584	
385	1.000002	-0.000044	0.010254	0.000044	1.000002	-0.085815	
386	0.999959	-0.000050	0.061035	0.000050	0.999959	-0.073975	
387	1.000005	-0.000053	0.008606	0.000053	1.000005	-0.108337	
388	0.999976	-0.000028	0.064331	0.000028	0.999976	-0.080688	
389	0.999985	0.000080	0.096558	-0.000080	0.999985	0.101746	
390	0.999848	0.000099	0.226196	-0.000099	0.999848	0.230530	
391	0.999906	0.000063	0.145752	-0.000063	0.999906	0.164856	
392	0.999940	0.000091	0.196899	-0.000091	0.999940	0.183289	
393	0.999946	0.000039	0.143799	-0.000039	0.999946	0.092651	
394	0.999962	0.000026	0.113892	-0.000026	0.999962	0.085632	
395	0.999999	0.000044	0.015137	-0.000044	0.999999	0.121948	
396	0.999978	0.000027	0.061157	-0.000027	0.999978	0.069397	
397	0.999988	0.000025	0.070312	-0.000025	0.999988	0.046143	
398	0.999979	0.000001	0.091675	-0.000001	0.999979	0.003723	
399	0.999970	0.000075	0.102905	-0.000075	0.999970	0.104492	
400	0.999957	0.000053	0.065674	-0.000053	0.999957	0.051880	
401	0.999944	0.000055	0.077515	-0.000055	0.999944	0.046875	
402	0.999925	-0.000047	0.111572	0.000047	0.999925	-0.075134	
403	0.999960	-0.000068	0.057617	0.000068	0.999960	-0.096619	
404	0.999953	-0.000041	0.027832	0.000041	0.999953	-0.046936	
405	0.999956	-0.000013	0.024536	0.000013	0.999956	-0.028076	
406	1.000002	-0.000012	-0.027466	0.000012	1.000002	0.000244	
407	0.999939	-0.000044	0.018188	0.000044	0.999939	-0.036072	
408	0.999818	-0.000040	0.194946	0.000040	0.999818	0.006409	
409	0.999924	-0.000018	0.092407	0.000018	0.999924	0.025879	
410	0.999906	-0.000101	0.071045	0.000101	0.999906	-0.013428	
411	0.999967	-0.000032	-0.030273	0.000032	0.999967	-0.007324	
412	0.999965	-0.000015	0.008423	0.000015	0.999965	0.020874	
413	0.999941	0.000008	0.050659	-0.000008	0.999941	0.049927	
414	0.999972	0.000046	-0.020752	-0.000046	0.999972	0.108032	
415	0.999981	0.000004	-0.018311	-0.000004	0.999981	0.027283	
416	1.000005	0.000001	-0.024536	-0.000001	1.000005	-0.026672	
417	0.999940	-0.000008	-0.009766	0.000008	0.999940	-0.023865	
418	0.999929	-0.000026	0.034546	0.000026	0.999929	-0.026184	
419	1.000037	0.000044	-0.121826	-0.000044	1.000037	0.035889	
420	1.000003	-0.000013	-0.000244	0.000013	1.000003	-0.057068	
421	1.000012	-0.000051	-0.000244	0.000051	1.000012	-0.117676	
422	0.999998	-0.000031	0.045044	0.000031	0.999998	-0.065735	
423	1.000001	-0.000078	0.055542	0.000078	1.000001	-0.151245	
424	1.000016	-0.000035	0.042847	0.000035	1.000016	-0.092285	
425	0.999966	-0.000006	0.107056	0.000006	0.999966	0.017212	
426	0.999979	0.000071	0.117310	-0.000071	0.999979	0.126038	
427	0.999952	0.000061	0.146484	-0.000061	0.999952	0.149109	
428	1.000048	0.000114	0.002808	-0.000114	1.000048	0.208923	
429	0.999923	0.000046	0.152710	-0.000046	0.999923	0.134094	
430	1.000019	0.000040	0.001099	-0.000040	1.000019	0.048218	
431	0.999996	0.000055	0.048340	-0.000055	0.999996	0.072021	
432	1.000002	0.000025	0.042358	-0.000025	1.000002	0.032898	
433	0.999993	0.000036	0.084473	-0.000036	0.999993	0.057922	
434	0.999938	0.000080	0.096313	-0.000080	0.999938	0.144714	
435	0.999989	0.000021	0.054199	-0.000021	0.999989	0.036682	
436	1.000036	0.000042	-0.047241	-0.000042	1.000036	0.041748	
437	0.999933	-0.000019	0.099243	0.000019	0.999933	0.008423	
438	0.999995	0.000009	-0.014771	-0.000009	0.999995	-0.010925	
439	0.999989	0.000026	0.030151	-0.000026	0.999989	-0.006165	
440	0.999970	-0.000005	0.033081	0.000005	0.999970	-0.027893	
441	0.999951	-0.000057	0.137817	0.000057	0.999951	-0.071838	
442	0.999930	-0.000042	0.068604	0.000042	0.999930	-0.030396	
443	0.999944	0.000002	0.085083	-0.000002	0.999944	0.011292	
444	0.999948	0.000067	-0.000122	-0.000067	0.999948	0.112305	
445	0.999938	0.000043	0.046997	-0.000043	0.999938	0.110779	
446	0.999928	0.000025	0.116699	-0.000025	0.999928	0.123535	
447	0.999938	0.000013	0.053223	-0.000013	0.999938	0.062988	
448	0.999997	-0.000005	-0.030762	0.000005	0.999997	0.028809	
449	1.000086	0.000002	-0.134766	-0.000002	1.000086	-0.040771	
450	1.000045	0.000008	-0.109863	-0.000008	1.000045	-0.011536	
451	0.999954	0.000016	0.027222	-0.000016	0.999954	0.057068	
452	1.000061	-0.000027	-0.132202	0.000027	1.000061	-0.039124	
453	1.000093	-0.000061	-0.142944	0.000061	1.000093	-0.115845	
454	1.000060	0.000011	-0.118774	-0.000011	1.000060	-0.008362	
455	1.000073	0.000027	-0.214111	-0.000027	1.000073	0.013977	
456	1.000126	0.000067	-0.332642	-0.000067	1.000126	0.056702	
457	1.000065	-0.000040	-0.194458	0.000040	1.000065	-0.054504	
458	1.000082	0.000012	-0.179077	-0.000012	1.000082	-0.101685	
459	1.000194	-0.000054	-0.287476	0.000054	1.000194	-0.291077	
460	1.000244	0.000037	-0.432007	-0.000037	1.000244	-0.109314	
461	1.000112	-0.000012	-0.171753	0.000012	1.000112	-0.075562	
462	1.000054	-0.000045	-0.045410	0.000045	1.000054	-0.112183	
463	1.000028	0.000008	0.035278	-0.000008	1.000028	0.006531	
464	1.000067	0.000036	-0.106506	-0.000036	1.000067	0.060242	
465	0.999968	0.000092	0.045349	-0.000092	0.999968	0.178223	
466	0.999831	0.000046	0.238831	-0.000046	0.999831	0.233704	
467	0.999970	0.000039	0.064209	-0.000039	0.999970	0.047058	
468	0.999943	0.000028	0.103149	-0.000028	0.999943	0.065796	
469	0.999870	0.000067	0.224060	-0.000067	0.999870	0.204651	
470	0.999985	0.000076	-0.010254	-0.000076	0.999985	0.067505	
471	0.999946	0.000031	0.148376	-0.000031	0.999946	0.005493	
472	1.000016	0.000039	0.020142	-0.000039	1.000016	-0.066833	
473	0.999932	-0.000009	0.123047	0.000009	0.999932	-0.022705	
474	0.999971	-0.000033	0.205688	0.000033	0.999971	-0.134583	
475	0.999969	-0.000033	0.105103	0.000033	0.999969	-0.067871	
476	0.999925	0.000025	0.066345	-0.000025	0.999925	0.080872	
477	0.999937	0.000046	0.107178	-0.000046	0.999937	0.130859	
478	0.999911	0.000008	0.133667	-0.000008	0.999911	0.077271	
479	0.999962	0.000155	-0.070251	-0.000155	0.999962	0.315063	
480	0.999957	0.000031	-0.003052	-0.000031	0.999957	0.096069	
481	1.000020	0.000042	-0.184509	-0.000042	1.000020	0.081909	
482	0.999994	-0.000069	-0.043579	0.000069	0.999994	-0.060852	
483	1.000015	-0.000031	-0.068726	0.000031	1.000015	-0.012939	
484	0.999895	-0.000047	0.162354	0.000047	0.999895	0.068359	
485	1.000011	-0.000033	-0.051147	0.000033	1.000011	-0.022339	
486	1.000001	0.000034	-0.098145	-0.000034	1.000001	0.097229	
487	1.000072	0.000021	-0.136108	-0.000021	1.000072	0.008240	
488	0.999998	-0.000004	-0.005249	0.000004	0.999998	0.010376	
489	0.999988	0.000018	0.004395	-0.000018	0.999988	0.021057	
490	1.000014	-0.000022	-0.009155	0.000022	1.000014	-0.040649	
491	0.999968	0.000010	0.028198	-0.000010	0.999968	0.036133	
492	0.999992	0.000020	0.030762	-0.000020	0.999992	0.028442	
493	0.999955	0.000016	0.085815	-0.000016	0.999955	0.065308	
494	0.999910	-0.000035	0.183350	0.000035	0.999910	0.017273	
495	1.000030	-0.000049	-0.037109	0.000049	1.000030	-0.104614	
496	1.000040	-0.000019	-0.047485	0.000019	1.000040	-0.054138	
497	1.000016	-0.000012	-0.005859	0.000012	1.000016	-0.056458	
498	0.999976	0.000006	0.022705	-0.000006	0.999976	0.007202	
499	1.000003	-0.000009	-0.011719	0.000009	1.000003	-0.007080	
500	0.999907	0.000762	0.103638	-0.000762	0.999907	1.434418	
501	0.999968	0.000105	0.049927	-0.000105	0.999968	0.126038	
502	1.000004	0.000071	-0.007202	-0.000071	1.000004	0.087219	
503	0.999988	-0.000039	0.022339	0.000039	0.999988	-0.032349	
504	0.999931	0.000010	0.118164	-0.000010	0.999931	0.015381	
505	0.999624	0.000259	0.147278	-0.000259	0.999624	0.547302	
506	0.999999	0.000046	0.028442	-0.000046	0.999999	0.065857	
507	1.000014	0.000010	-0.035278	-0.000010	1.000014	0.020203	
508	1.000014	0.000010	-0.035278	-0.000010	1.000014	0.020203	
509	0.999944	-0.000002	0.199707	0.000002	0.999944	-0.066589	
510	1.000010	-0.000018	-0.015869	0.000018	1.000010	-0.029663	
511	0.999931	-0.000015	0.064331	0.000015	0.999931	0.021973	
512	0.999937	-0.000009	0.081787	0.000009	0.999937	0.027527	
513	0.999937	-0.000009	0.081787	0.000009	0.999937	0.027527	
514	1.000015	-0.000006	0.022705	0.000006	1.000015	-0.025208	
515	0.997007	0.002654	5.196411	-0.002654	0.997007	5.196106	
516	1.000017	0.000004	0.007935	-0.000004	1.000017	0.004700	
517	0.999909	0.000104	0.153320	-0.000104	0.999909	0.165649	
518	1.001748	-0.003965	1.817200	0.003965	1.001748	-5.318665	
519	0.999954	0.000102	0.063843	-0.000102	0.999954	0.207336	
520	1.000013	0.000026	-0.032349	-0.000026	1.000013	0.028992	
521	0.999937	0.000024	0.046631	-0.000024	0.999937	0.091431	
522	0.999943	-0.000031	0.071289	0.000031	0.999943	-0.012085	
523	1.000018	0.000041	-0.125244	-0.000041	1.000018	0.050842	
524	1.000089	0.000011	-0.178833	-0.000011	1.000089	-0.076965	
525	1.000008	0.000022	-0.024414	-0.000022	1.000008	0.031677	
526	1.000028	0.000003	-0.035400	-0.000003	1.000028	-0.001099	
527	1.000130	-0.000014	-0.151855	0.000014	1.000130	-0.095642	
528	1.000037	-0.000052	-0.051514	0.000052	1.000037	-0.069031	
529	1.000082	-0.000016	-0.087769	0.000016	1.000082	-0.021240	
530	1.000062	-0.000044	-0.063477	0.000044	1.000062	-0.018188	
531	1.000074	-0.000004	-0.095703	0.000004	1.000074	-0.010132	
532	1.000040	-0.000001	0.014893	0.000001	1.000040	-0.003113	
533	1.000008	0.000072	0.036987	-0.000072	1.000008	0.105042	
534	0.999938	0.000064	0.075073	-0.000064	0.999938	0.143921	
535	0.999907	0.000018	0.110596	-0.000018	0.999907	0.092163	
536	0.999948	0.000034	0.031250	-0.000034	0.999948	0.061035	
537	0.999944	0.000044	0.043579	-0.000044	0.999944	0.075623	
538	0.999928	0.000017	0.157959	-0.000017	0.999928	0.059570	
539	0.999960	-0.000032	0.061401	0.000032	0.999960	0.006104	
540	0.999979	-0.000006	0.056763	0.000006	0.999979	0.050842	
541	1.000035	-0.000026	0.012329	0.000026	1.000035	-0.018127	
542	1.000048	-0.000035	-0.033325	0.000035	1.000048	-0.069885	
543	0.999998	0.000090	0.045898	-0.000090	0.999998	0.192017	
544	0.999920	0.000113	0.160400	-0.000113	0.999920	0.308411	
545	0.999870	0.000193	0.188293	-0.000193	0.999870	0.386780	
546	0.999865	0.000086	0.194458	-0.000086	0.999865	0.216248	
547	1.000233	0.000027	-0.515991	-0.000027	1.000233	-0.059082	
548	1.000007	0.000028	0.012024	-0.000028	1.000007	0.062927	
549	0.999849	0.000055	0.256348	-0.000055	0.999849	0.208862	
550	1.000090	-0.000055	0.080017	0.000055	1.000090	-0.087158	
551	0.999965	-0.000003	0.070557	0.000003	0.999965	0.070007	
552	0.999999	-0.000149	0.073608	0.000149	0.999999	-0.186768	
553	1.000039	0.000005	-0.069702	-0.000005	1.000039	0.040344	
554	0.999859	-0.000071	0.256836	0.000071	0.999859	0.029175	
555	0.999882	0.000035	0.167786	-0.000035	0.999882	0.152039	
556	0.999920	-0.000028	0.107178	0.000028	0.999920	0.019043	
557	0.999920	-0.000051	0.091614	0.000051	0.999920	-0.025940	
558	0.999979	-0.000067	0.048462	0.000067	0.999979	-0.011169	
559	0.999953	-0.000070	0.136108	0.000070	0.999953	-0.056396	
560	0.999993	-0.000111	0.095581	0.000111	0.999993	-0.161377	
561	0.999972	-0.000013	0.062378	0.000013	0.999972	0.025757	
562	0.999902	-0.000058	0.231445	0.000058	0.999902	0.009766	
563	0.999972	0.000069	0.038696	-0.000069	0.999972	0.114136	
564	1.000046	0.000030	0.017822	-0.000030	1.000046	-0.046570	
565	0.999976	0.000048	0.028687	-0.000048	0.999976	0.039246	
566	0.999896	0.000067	0.156494	-0.000067	0.999896	0.123657	
567	0.999992	0.000014	0.066772	-0.000014	0.999992	0.055664	
568	1.000040	0.000032	0.069946	-0.000032	1.000040	0.070312	
569	0.999967	0.000024	0.132324	-0.000024	0.999967	0.090393	
570	0.999820	-0.000022	0.320740	0.000022	0.999820	0.142944	
571	0.999879	0.000014	0.254944	-0.000014	0.999879	0.101929	
572	0.999840	0.000040	0.280151	-0.000040	0.999840	0.215942	
573	1.000020	0.000032	-0.014160	-0.000032	1.000020	0.033875	
574	0.999983	0.000069	0.031128	-0.000069	0.999983	0.112610	
575	0.999963	0.000051	0.065552	-0.000051	0.999963	0.130981	
576	0.999929	0.000137	0.020508	-0.000137	0.999929	0.290161	
577	1.000019	0.000113	-0.098938	-0.000113	1.000019	0.143372	
578	1.000006	0.000011	-0.004272	-0.000011	1.000006	0.045349	
579	1.000105	0.000017	-0.289795	-0.000017	1.000105	-0.045715	
580	1.000049	0.000002	-0.117798	-0.000002	1.000049	0.021301	
581	1.000059	-0.000025	-0.094727	0.000025	1.000059	-0.111694	
582	1.000012	-0.000004	-0.053223	0.000004	1.000012	0.034851	
583	1.000015	-0.000032	-0.053955	0.000032	1.000015	-0.046997	
584	0.999953	0.000012	-0.056396	-0.000012	0.999953	0.013306	
585	0.999953	-0.000043	-0.047241	0.000043	0.999953	-0.058899	
586	0.999962	-0.000022	-0.021606	0.000022	0.999962	-0.018860	
587	1.000068	0.000015	-0.143555	-0.000015	1.000068	-0.088623	
588	1.000085	0.000033	-0.147339	-0.000033	1.000085	0.036255	
589	1.000025	0.000024	-0.009521	-0.000024	1.000025	0.044800	
590	0.999998	0.000055	-0.003235	-0.000055	0.999998	0.153687	
591	0.999920	0.000069	0.066528	-0.000069	0.999920	0.153442	
592	0.999981	0.000021	0.058411	-0.000021	0.999981	0.052124	
593	0.999999	0.000070	0.034058	-0.000070	0.999999	0.117615	
594	1.000036	-0.000059	-0.022827	0.000059	1.000036	-0.132568	
595	0.999927	-0.000089	0.204346	0.000089	0.999927	-0.112305	
596	0.999940	-0.000058	0.172119	0.000058	0.999940	-0.082642	
597	1.000054	0.000003	-0.035400	-0.000003	1.000054	-0.024597	
598	1.000042	-0.000003	-0.052734	0.000003	1.000042	-0.038452	
599	0.999977	-0.000044	0.001465	0.000044	0.999977	-0.110779	
600	0.999929	0.000006	0.083252	-0.000006	0.999929	0.040527	
601	0.999912	0.000026	0.125305	-0.000026	0.999912	0.084473	
602	1.000046	-0.000080	-0.087891	0.000080	1.000046	-0.114380	
603	0.999972	0.000002	0.056030	-0.000002	0.999972	0.005859	
604	1.000022	-0.000047	-0.004395	0.000047	1.000022	-0.070435	
605	1.000025	0.000024	-0.031494	-0.000024	1.000025	0.084595	
606	1.000036	0.000058	-0.104858	-0.000058	1.000036	0.054199	
607	1.000057	0.000022	-0.061401	-0.000022	1.000057	0.028625	
608	1.000048	0.000050	-0.091797	-0.000050	1.000048	0.143005	
609	1.000047	0.000041	-0.047668	-0.000041	1.000047	0.015808	
610	1.000028	-0.000002	0.007935	0.000002	1.000028	-0.120789	
611	1.000008	0.000035	0.069702	-0.000035	1.000008	-0.066772	
612	1.000012	-0.000116	0.128784	0.000116	1.000012	-0.199951	
613	1.000011	-0.000031	0.005981	0.000031	1.000011	-0.090942	
614	1.000011	-0.000070	0.138550	0.000070	1.000011	-0.090698	
615	0.999936	-0.000043	0.199707	0.000043	0.999936	-0.035522	
616	0.999776	0.000031	0.356689	-0.000031	0.999776	0.280945	
617	0.999770	0.000683	-0.451843	-0.000683	0.999770	0.958801	
618	1.000146	-0.000053	-0.194336	0.000053	1.000146	-0.090698	
619	0.999964	-0.000023	-0.003296	0.000023	0.999964	-0.045044	
620	1.000030	0.000001	-0.059814	-0.000001	1.000030	0.015564	
621	0.999986	0.000026	-0.019409	-0.000026	0.999986	0.069946	
622	1.000120	-0.000037	-0.246460	0.000037	1.000120	-0.084229	
623	1.000100	-0.000000	-0.189453	0.000000	1.000100	-0.024475	
624	1.000017	0.000052	-0.102051	-0.000052	1.000017	0.106262	
625	1.000019	-0.000012	-0.068726	0.000012	1.000019	-0.043762	
626	0.999939	-0.000121	0.130737	0.000121	0.999939	-0.207153	
627	0.999905	-0.000017	0.121460	0.000017	0.999905	-0.037170	
628	0.999943	-0.000046	0.072021	0.000046	0.999943	-0.085510	
629	0.999950	0.000016	0.069092	-0.000016	0.999950	-0.028320	
630	0.999965	0.000050	0.089722	-0.000050	0.999965	0.017822	
631	0.999941	-0.000003	0.064331	0.000003	0.999941	-0.001404	
632	1.000318	-0.000370	-0.495361	0.000370	1.000318	-0.744995	
633	1.000008	-0.000013	0.009888	0.000013	1.000008	0.010132	
634	1.000030	0.000022	-0.077148	-0.000022	1.000030	0.042908	
635	1.000055	0.000019	-0.067261	-0.000019	1.000055	0.026001	
636	1.000015	-0.000016	-0.109009	0.000016	1.000015	0.015259	
637	0.999647	0.000231	0.521973	-0.000231	0.999647	0.514709	
638	1.000057	0.000001	-0.121582	-0.000001	1.000057	0.070862	
639	1.000015	-0.000002	-0.018311	0.000002	1.000015	0.014343	
640	1.000009	-0.000023	-0.007202	0.000023	1.000009	0.010071	
641	1.000080	-0.000010	-0.175415	0.000010	1.000080	0.057556	
642	1.000031	-0.000051	-0.045654	0.000051	1.000031	-0.072388	
643	1.000019	-0.000040	-0.055542	0.000040	1.000019	-0.059998	
644	1.000005	-0.000031	0.002563	0.000031	1.000005	-0.026306	
645	0.999996	0.000089	-0.013184	-0.000089	0.999996	0.165100	
646	1.000086	0.000049	-0.064819	-0.000049	1.000086	-0.007812	
647	1.000027	0.000001	0.030029	-0.000001	1.000027	-0.007751	
648	1.000026	-0.000007	-0.011108	0.000007	1.000026	0.024414	
649	1.001346	0.000510	-1.632080	-0.000510	1.001346	-0.514832	
650	1.000017	0.000028	-0.020386	-0.000028	1.000017	0.048462	
651	1.000008	0.000019	0.058716	-0.000019	1.000008	0.103271	
652	1.000148	0.000083	-0.193726	-0.000083	1.000148	0.068115	
653	1.000082	-0.000003	-0.026123	0.000003	1.000082	0.013611	
654	1.000108	0.000092	-0.069092	-0.000092	1.000108	0.007141	
655	0.999976	0.000080	-0.011841	-0.000080	0.999976	0.116943	
656	0.999978	0.000058	0.032715	-0.000058	0.999978	0.074219	
657	0.999935	0.000116	0.079346	-0.000116	0.999935	0.202393	
658	0.999983	0.000019	-0.037842	-0.000019	0.999983	0.023987	
659	1.000754	-0.000889	-0.104431	0.000889	1.000754	-1.647705	
660	1.000055	-0.000087	-0.102661	0.000087	1.000055	-0.146545	
661	1.000062	-0.000054	-0.115723	0.000054	1.000062	-0.090393	
662	1.000035	0.000023	-0.072998	-0.000023	1.000035	0.056396	
663	1.000159	0.001310	-1.614197	-0.001310	1.000159	1.286499	
664	0.999944	-0.000053	0.171021	0.000053	0.999944	0.038208	
665	1.000005	-0.000056	0.027771	0.000056	1.000005	-0.035095	
666	1.000058	-0.000044	-0.026978	0.000044	1.000058	-0.105652	
667	1.000061	0.000030	-0.115356	-0.000030	1.000061	-0.029358	
668	1.000424	0.000136	-0.797852	-0.000136	1.000424	-0.018738	
669	1.000045	-0.000026	-0.062012	0.000026	1.000045	-0.057129	
670	1.000028	0.000024	-0.067261	-0.000024	1.000028	0.046875	
671	0.999941	0.000098	-0.037354	-0.000098	0.999941	0.212219	
672	0.999943	0.000006	0.024902	-0.000006	0.999943	-0.008179	
673	1.000462	0.000445	-0.475586	-0.000445	1.000462	0.393433	
674	1.000070	-0.000073	-0.175293	0.000073	1.000070	-0.072632	
675	1.000057	-0.000028	-0.083496	0.000028	1.000057	-0.028748	
676	1.000027	0.000018	-0.001587	-0.000018	1.000027	0.003723	
677	1.000018	0.000010	-0.024048	-0.000010	1.000018	-0.014893	
678	1.000060	0.000011	-0.100220	-0.000011	1.000060	0.010803	
679	1.000002	0.000007	-0.036011	-0.000007	1.000002	0.082520	
680	1.000077	0.000030	-0.125977	-0.000030	1.000077	0.084656	
681	1.000036	0.000013	-0.049194	-0.000013	1.000036	0.005432	
682	1.000092	-0.000021	-0.095093	0.000021	1.000092	-0.048279	
683	1.000041	0.000012	-0.055054	-0.000012	1.000041	-0.045471	
684	1.000035	-0.000009	-0.090454	0.000009	1.000035	0.013550	
685	1.000061	0.000040	-0.168701	-0.000040	1.000061	0.042847	
686	0.999989	0.000003	-0.116211	-0.000003	0.999989	0.016846	
687	0.999957	-0.000061	-0.021606	0.000061	0.999957	-0.054138	
688	1.000078	-0.000010	-0.129639	0.000010	1.000078	0.035217	
689	0.999997	0.000108	0.072632	-0.000108	0.999997	0.221741	
690	1.000118	0.000073	-0.112244	-0.000073	1.000118	0.105530	
691	1.000056	-0.000033	-0.055908	0.000033	1.000056	-0.050476	
692	1.000054	-0.000023	-0.113892	0.000023	1.000054	-0.082397	
693	1.000027	-0.000062	-0.016113	0.000062	1.000027	-0.180542	
694	1.000053	-0.000090	0.022217	0.000090	1.000053	-0.223938	
695	0.999823	-0.000430	0.449829	0.000430	0.999823	-0.761200	
696	1.000146	-0.000113	-0.110229	0.000113	1.000146	-0.236328	
697	1.001279	-0.000233	-0.898560	0.000233	1.001279	-0.953125	
698	1.000010	-0.000015	0.046265	0.000015	1.000010	0.096069	
699	1.000189	-0.000027	-0.091797	0.000027	1.000189	-0.154114	
700	1.000073	0.000043	-0.108521	-0.000043	1.000073	-0.015991	
701	0.999980	0.000026	0.044800	-0.000026	0.999980	0.049316	
702	1.000015	-0.000102	0.020386	0.000102	1.000015	-0.181030	
703	1.000015	-0.000074	-0.010620	0.000074	1.000015	-0.111267	
704	1.000176	-0.000049	-0.322632	0.000049	1.000176	-0.212524	
705	1.000087	-0.000956	0.177856	0.000956	1.000087	-1.798309	
706	1.000084	-0.000026	-0.178223	0.000026	1.000084	-0.143311	
707	1.000719	0.000395	-1.282715	-0.000395	1.000719	-0.224060	
708	1.000016	-0.000000	-0.102295	0.000000	1.000016	-0.089417	
709	1.000046	-0.000007	-0.077515	0.000007	1.000046	-0.044434	
710	1.000025	-0.000022	0.002808	0.000022	1.000025	0.014282	
711	1.000049	0.000029	-0.080688	-0.000029	1.000049	-0.009949	
712	1.000049	0.000093	-0.136230	-0.000093	1.000049	0.066040	
713	1.000025	0.000006	-0.054932	-0.000006	1.000025	-0.058899	
714	1.000064	-0.000006	-0.076782	0.000006	1.000064	-0.064026	
715	1.000020	0.000052	0.010376	-0.000052	1.000020	0.055054	
716	1.000010	0.000068	-0.062988	-0.000068	1.000010	0.125916	
717	0.999930	0.000070	0.055481	-0.000070	0.999930	0.159912	
718	0.999950	0.000044	0.098633	-0.000044	0.999950	0.110229	
719	0.999937	-0.000026	0.088379	0.000026	0.999937	0.015747	
720	0.999855	-0.000017	0.225281	0.000017	0.999855	0.052673	
721	0.999910	-0.000003	0.129883	0.000003	0.999910	0.042664	
722	0.999855	-0.000008	0.230530	0.000008	0.999855	0.065063	
723	0.999875	0.000017	0.183838	-0.000017	0.999875	0.110657	
724	0.999880	0.000006	0.203308	-0.000006	0.999880	0.080688	
725	0.999898	0.000009	0.125488	-0.000009	0.999898	0.061829	
726	0.999895	0.000010	0.114746	-0.000010	0.999895	0.058838	
727	0.999934	-0.000033	0.083252	0.000033	0.999934	-0.018005	
728	0.999961	-0.000040	-0.046265	0.000040	0.999961	-0.106750	
729	0.999960	-0.000026	-0.015991	0.000026	0.999960	-0.082214	
730	0.999968	-0.000030	-0.019897	0.000030	0.999968	-0.119446	
731	0.999951	0.000078	0.017822	-0.000078	0.999951	0.047607	
732	1.000011	0.000074	-0.007324	-0.000074	1.000011	0.083435	
733	1.000013	0.000013	0.002563	-0.000013	1.000013	0.019653	
734	1.000069	-0.000027	-0.013794	0.000027	1.000069	-0.070618	
735	1.000099	-0.000037	-0.106018	0.000037	1.000099	-0.132446	
736	1.000204	0.000018	-0.339478	-0.000018	1.000204	-0.156128	
737	1.000203	0.000036	-0.306519	-0.000036	1.000203	-0.057983	
738	1.000145	0.000053	-0.278931	-0.000053	1.000145	-0.013000	
739	1.000062	0.000048	-0.126709	-0.000048	1.000062	0.034363	
740	1.000051	0.000005	-0.089722	-0.000005	1.000051	-0.017517	
741	1.000001	0.000032	-0.039062	-0.000032	1.000001	0.041748	
742	1.000108	0.000086	-0.108765	-0.000086	1.000108	0.153503	
743	0.999970	0.000205	-0.121216	-0.000205	0.999970	0.398071	
744	0.999986	0.000001	0.034668	-0.000001	0.999986	0.017395	
745	0.999978	0.000046	-0.053467	-0.000046	0.999978	0.031006	
746	0.999883	0.000004	0.161499	-0.000004	0.999883	0.114624	
747	1.000021	0.000057	-0.094727	-0.000057	1.000021	0.071533	
748	0.999969	0.000096	-0.082764	-0.000096	0.999969	0.153625	
749	0.999725	0.000124	0.377441	-0.000124	0.999725	0.208496	
750	0.999970	0.000061	0.036621	-0.000061	0.999970	0.103882	
751	1.000062	0.000024	-0.093750	-0.000024	1.000062	0.014587	
752	0.999950	0.000070	0.100830	-0.000070	0.999950	0.140198	
753	0.998532	-0.000008	1.438965	0.000008	0.998532	1.343872	
754	0.999915	0.000019	0.072754	-0.000019	0.999915	0.042664	
755	0.999854	-0.000083	0.181396	0.000083	0.999854	-0.059937	
756	0.999944	-0.000064	0.073730	0.000064	0.999944	-0.097046	
757	0.999962	-0.000004	0.026367	0.000004	0.999962	0.022339	
758	0.999923	-0.000001	0.110229	0.000001	0.999923	0.043518	
759	0.999349	0.000152	0.516602	-0.000152	0.999349	0.825378	
760	0.999926	-0.000048	0.071655	0.000048	0.999926	0.055237	
761	1.001788	-0.001193	-3.077515	0.001193	1.001788	-2.343445	
762	1.000013	0.000031	-0.055542	-0.000031	1.000013	0.062561	
763	1.000088	-0.000063	-0.139648	0.000063	1.000088	-0.012512	
764	1.000088	-0.000063	-0.139648	0.000063	1.000088	-0.012512	
765	0.999875	0.000027	0.129761	-0.000027	0.999875	0.097290	
766	0.999953	0.000012	0.062744	-0.000012	0.999953	0.031799	
767	0.999997	-0.000027	-0.024536	0.000027	0.999997	-0.044189	
768	1.000028	-0.000066	-0.073853	0.000066	1.000028	-0.116516	
769	0.999546	-0.000241	0.755493	0.000241	0.999546	-0.023987	
770	1.000049	-0.000032	-0.144775	0.000032	1.000049	-0.086487	
771	0.999949	0.000117	0.078369	-0.000117	0.999949	0.178894	
772	0.999979	0.000085	0.005066	-0.000085	0.999979	0.086182	
773	0.999964	0.000016	0.025513	-0.000016	0.999964	0.035217	
774	0.999992	-0.000025	0.006592	0.000025	0.999992	-0.042847	
775	0.999939	-0.000001	0.093628	0.000001	0.999939	0.029785	
776	0.999998	0.000028	-0.014160	-0.000028	0.999998	0.026367	
777	1.000013	-0.000020	-0.089722	0.000020	1.000013	-0.024475	
778	1.000022	-0.000073	-0.028320	0.000073	1.000022	-0.094666	
779	1.000622	-0.000302	-1.039551	0.000302	1.000622	-0.651154	
780	0.999990	-0.000041	0.018311	0.000041	0.999990	-0.028442	
781	0.999930	0.000024	0.066406	-0.000024	0.999930	0.026794	
782	1.001210	0.000435	-1.594788	-0.000435	1.001210	-0.610779	
783	0.999932	-0.000044	0.070679	0.000044	0.999932	-0.074097	
784	1.000065	-0.000010	-0.137329	0.000010	1.000065	-0.034302	
785	1.000074	0.000136	-0.240601	-0.000136	1.000074	0.217468	
786	1.000020	-0.000019	-0.003540	0.000019	1.000020	-0.044678	
787	0.999981	0.000026	0.002563	-0.000026	0.999981	0.027161	
788	0.999995	-0.000029	-0.024902	0.000029	0.999995	-0.060852	
789	0.999171	-0.000241	1.016785	0.000241	0.999171	0.419678	
790	1.004783	-0.000521	-3.767761	0.000521	1.004783	-4.422363	
791	0.999969	0.000029	0.097290	-0.000029	0.999969	0.052551	
792	0.999976	0.000005	0.051025	-0.000005	0.999976	0.021729	
793	1.000003	0.000007	-0.007935	-0.000007	1.000003	0.040100	
794	0.999946	0.000082	0.141968	-0.000082	0.999946	0.126221	
795	0.999901	0.000081	0.222168	-0.000081	0.999901	0.177368	
796	0.999913	0.000070	0.162109	-0.000070	0.999913	0.137085	
797	1.000179	0.000052	-0.350220	-0.000052	1.000179	-0.006409	
798	1.000000	0.000035	-0.011963	-0.000035	1.000000	0.041321	
799	0.998775	-0.000846	1.473877	0.000846	0.998775	0.273071	
800	1.000062	-0.000024	-0.081787	0.000024	1.000062	-0.061035	
801	1.000039	-0.000002	-0.063354	0.000002	1.000039	0.006714	
802	0.999958	-0.000030	0.055786	0.000030	0.999958	-0.026306	
803	0.999974	-0.000038	0.005981	0.000038	0.999974	-0.068298	
804	1.000038	-0.000042	-0.072388	0.000042	1.000038	-0.139465	
805	0.999891	-0.000046	0.068481	0.000046	0.999891	-0.028259	
806	0.999970	0.000028	0.013550	-0.000028	0.999970	0.040771	
807	1.001700	0.000599	-3.095581	-0.000599	1.001700	0.871307	
808	1.000030	-0.000058	-0.069946	0.000058	1.000030	-0.114685	
809	0.999950	0.000051	-0.017334	-0.000051	0.999950	0.046753	
810	1.000036	0.000069	-0.116211	-0.000069	1.000036	0.107300	
811	0.999917	0.000048	0.098389	-0.000048	0.999917	0.146301	
812	0.999945	0.000043	0.052856	-0.000043	0.999945	0.119080	
813	0.999899	-0.000030	0.126221	0.000030	0.999899	-0.064575	
814	0.999919	-0.000058	0.161499	0.000058	0.999919	-0.031067	
815	1.000032	0.000132	-0.009277	-0.000132	1.000032	0.180359	
816	1.000376	0.000200	-0.264221	-0.000200	1.000376	-0.189331	
817	0.999922	-0.000081	0.240723	0.000081	0.999922	-0.113647	
818	1.000007	-0.000084	0.096924	0.000084	1.000007	-0.117065	
819	1.000091	0.000037	-0.247864	-0.000037	1.000091	-0.023071	
820	1.000102	0.000008	-0.099731	-0.000008	1.000102	-0.064331	
821	1.000135	-0.000081	-0.028809	0.000081	1.000135	-0.194031	
822	1.000106	-0.000052	-0.104309	0.000052	1.000106	-0.141174	
823	1.000067	-0.000030	-0.171265	0.000030	1.000067	-0.052612	
824	1.000066	-0.000059	-0.102966	0.000059	1.000066	-0.140747	
825	1.000035	0.000023	-0.116760	-0.000023	1.000035	0.032349	
826	0.999997	-0.000035	-0.081970	0.000035	0.999997	0.007568	
827	1.000043	-0.000039	-0.070435	0.000039	1.000043	-0.035461	
828	0.999992	-0.000036	0.003479	0.000036	0.999992	-0.014587	
829	1.000000	-0.000009	0.038757	0.000009	1.000000	-0.012756	
830	0.999873	-0.000033	0.160767	0.000033	0.999873	0.026550	
831	0.999965	0.000019	0.177490	-0.000019	0.999965	0.060669	
832	0.999947	-0.000035	0.165283	0.000035	0.999947	-0.027832	
833	0.999960	0.000076	0.079956	-0.000076	0.999960	0.136169	
834	1.000024	0.000035	0.023315	-0.000035	1.000024	0.046997	
835	1.000023	-0.000014	0.028931	0.000014	1.000023	0.023804	
836	0.999953	-0.000024	0.075867	0.000024	0.999953	0.031494	
837	0.999935	0.000070	0.142090	-0.000070	0.999935	0.143250	
838	0.999908	0.000018	0.071045	-0.000018	0.999908	0.116455	
839	0.999898	-0.000018	0.235168	0.000018	0.999898	0.044800	
840	0.999994	-0.000076	0.098145	0.000076	0.999994	-0.100464	
841	1.000060	-0.000046	0.034058	0.000046	1.000060	-0.069519	
842	1.000030	0.000078	-0.021240	-0.000078	1.000030	0.068665	
843	1.000011	0.000020	0.029907	-0.000020	1.000011	0.072021	
844	1.000066	-0.000047	-0.137634	0.000047	1.000066	-0.095825	
845	1.000094	0.000050	-0.135864	-0.000050	1.000094	0.001465	
846	0.999988	-0.000010	-0.016968	0.000010	0.999988	-0.021057	
847	1.000043	-0.000027	-0.045532	0.000027	1.000043	-0.060486	
848	1.000036	0.000014	-0.035767	-0.000014	1.000036	0.031738	
849	0.999725	0.000480	0.407104	-0.000480	0.999725	0.889069	
850	1.000240	0.000172	-0.325684	-0.000172	1.000240	0.273010	
851	1.000157	0.000070	-0.239380	-0.000070	1.000157	0.137390	
852	1.000093	0.000040	-0.169067	-0.000040	1.000093	0.118103	
853	1.003781	0.004135	-6.956909	-0.004135	1.003781	0.802307	
854	1.000026	-0.000146	0.159119	0.000146	1.000026	-0.184021	
855	0.999936	0.000024	0.127441	-0.000024	0.999936	-0.007324	
856	0.999896	-0.000052	0.162354	0.000052	0.999896	-0.124451	
857	0.999889	-0.000025	0.182251	0.000025	0.999889	-0.099426	
858	0.999822	-0.000066	0.257202	0.000066	0.999822	-0.123840	
859	0.999873	-0.000055	0.181885	0.000055	0.999873	-0.055359	
860	0.999966	0.000022	0.017700	-0.000022	0.999966	0.027344	
861	0.999996	-0.000006	0.104065	0.000006	0.999996	-0.039795	
862	0.999965	-0.000094	0.212708	0.000094	0.999965	-0.113464	
863	0.999974	-0.000042	0.153198	0.000042	0.999974	-0.105347	
864	1.000037	0.000029	-0.011536	-0.000029	1.000037	-0.017578	
865	0.999990	0.000032	0.067322	-0.000032	0.999990	0.041809	
866	0.999925	0.000078	0.065491	-0.000078	0.999925	0.169373	
867	0.999956	0.000110	-0.022705	-0.000110	0.999956	0.205444	
868	0.999918	0.000045	0.070312	-0.000045	0.999918	0.212952	
869	0.999909	-0.000017	0.131104	0.000017	0.999909	0.086487	
870	0.999900	-0.000034	0.163452	0.000034	0.999900	0.071167	
871	0.999828	-0.000039	0.260681	0.000039	0.999828	0.146973	
872	0.999878	-0.000085	0.228882	0.000085	0.999878	0.033936	
873	0.999799	-0.000045	0.276611	0.000045	0.999799	0.115051	
874	0.999851	-0.000055	0.246582	0.000055	0.999851	0.109863	
875	0.999869	-0.000036	0.229309	0.000036	0.999869	0.116638	
876	0.999854	-0.000036	0.232788	0.000036	0.999854	0.129028	
877	0.999862	0.000007	0.211304	-0.000007	0.999862	0.163086	
878	0.999849	0.000023	0.179626	-0.000023	0.999849	0.124451	
879	0.999869	0.000020	0.182251	-0.000020	0.999869	0.128723	
880	0.999860	0.000027	0.147400	-0.000027	0.999860	0.106812	
881	0.999878	-0.000001	0.137634	0.000001	0.999878	0.046753	
882	0.999790	-0.000014	0.216980	0.000014	0.999790	0.128113	
883	1.000185	-0.000192	-0.315918	0.000192	1.000185	-0.432190	
884	1.000071	-0.000043	-0.100342	0.000043	1.000071	-0.121887	
885	0.999902	0.000056	0.102539	-0.000056	0.999902	0.091858	
886	1.000055	0.000051	-0.204346	-0.000051	1.000055	0.061157	
887	1.000090	0.000066	-0.333008	-0.000066	1.000090	0.142090	
888	1.000051	-0.000066	-0.187866	0.000066	1.000051	0.007019	
889	1.000002	-0.000085	-0.016418	0.000085	1.000002	-0.038025	
890	1.000093	-0.000055	-0.136963	0.000055	1.000093	-0.038086	
891	1.000106	-0.000032	-0.100342	0.000032	1.000106	-0.031616	
892	1.001163	-0.000991	-0.171204	0.000991	1.001163	-1.783630	
893	1.000047	0.000130	-0.047729	-0.000130	1.000047	0.242249	
894	0.999900	-0.000134	0.055359	0.000134	0.999900	0.022644	
895	0.999988	-0.000011	-0.091125	0.000011	0.999988	0.033875	
896	0.999854	0.000230	-0.342834	-0.000230	0.999854	0.348389	
897	1.000159	-0.000029	-0.346802	0.000029	1.000159	-0.103882	
898	1.000159	-0.000029	-0.346802	0.000029	1.000159	-0.103882	
899	1.000193	-0.000095	-0.284058	0.000095	1.000193	-0.310120	
900	1.000094	-0.000075	-0.125610	0.000075	1.000094	-0.248535	
901	1.000055	-0.000027	-0.117065	0.000027	1.000055	-0.110596	
902	1.000037	0.000010	0.057129	-0.000010	1.000037	-0.113342	
903	1.000650	0.000195	-0.402039	-0.000195	1.000650	-0.368408	
904	0.999944	0.000154	0.179565	-0.000154	0.999944	0.199158	
905	0.999937	0.000072	0.156250	-0.000072	0.999937	0.094849	
906	0.999611	0.000096	0.531494	-0.000096	0.999611	0.392944	
907	0.999800	0.000172	0.240845	-0.000172	0.999800	0.410767	
908	1.000079	-0.000058	-0.188110	0.000058	1.000079	-0.037598	
909	1.000034	-0.000087	-0.194885	0.000087	1.000034	0.002380	
910	1.000052	-0.000096	-0.114868	0.000096	1.000052	-0.064453	
911	1.000201	-0.000061	-0.283081	0.000061	1.000201	-0.102661	
912	1.000035	-0.000067	0.035034	0.000067	1.000035	-0.058350	
913	1.000004	0.000096	0.044556	-0.000096	1.000004	0.181458	
914	0.999982	0.000085	-0.056396	-0.000085	0.999982	0.168945	
915	0.999889	0.000034	0.067993	-0.000034	0.999889	0.183716	
916	1.000116	0.000115	-0.296143	-0.000115	1.000116	-0.007202	
917	1.000086	-0.000023	-0.146973	0.000023	1.000086	-0.127380	
918	0.999980	-0.000040	-0.020386	0.000040	0.999980	-0.050964	
919	1.000037	-0.000028	-0.091797	0.000028	1.000037	-0.071899	
920	0.999935	0.000004	0.067383	-0.000004	0.999935	-0.003479	
921	0.999971	0.000054	0.038330	-0.000054	0.999971	0.063354	
922	0.999999	0.000021	-0.034180	-0.000021	0.999999	0.025513	
923	0.999935	0.000134	0.119141	-0.000134	0.999935	0.256042	
924	0.999706	0.000483	0.477417	-0.000483	0.999706	0.838531	
925	0.999935	-0.000033	0.218750	0.000033	0.999935	0.013245	
926	0.999825	0.000124	0.250732	-0.000124	0.999825	0.305725	
927	0.999958	0.000056	0.017822	-0.000056	0.999958	0.059875	
928	1.000020	0.000069	-0.045898	-0.000069	1.000020	0.054260	
929	1.000020	0.000117	-0.117676	-0.000117	1.000020	0.093323	
930	0.999968	0.000182	-0.116028	-0.000182	0.999968	0.188965	
931	0.999861	0.000377	-0.275330	-0.000377	0.999861	0.577942	
932	0.999997	0.000046	-0.118652	-0.000046	0.999997	0.117371	
933	1.000051	0.000040	-0.118164	-0.000040	1.000051	0.082642	
934	1.000031	-0.000027	-0.078979	0.000027	1.000031	-0.031250	
935	1.000033	0.000057	-0.086548	-0.000057	1.000033	0.083557	
936	1.000001	-0.000020	0.007935	0.000020	1.000001	-0.038391	
937	1.000080	-0.000060	-0.103516	0.000060	1.000080	-0.068420	
938	1.000020	-0.000008	-0.009644	0.000008	1.000020	-0.049500	
939	1.000071	0.000015	-0.084351	-0.000015	1.000071	-0.021545	
940	1.000071	0.000015	-0.084351	-0.000015	1.000071	-0.021545	
941	1.000047	0.000062	-0.099854	-0.000062	1.000047	0.085999	
942	0.999810	0.000139	0.423340	-0.000139	0.999810	0.310120	
943	0.999542	0.000464	0.236084	-0.000464	0.999542	1.133240	
944	1.000270	-0.000687	0.335449	0.000687	1.000270	-0.884644	
945	1.000149	0.000866	-0.907959	-0.000866	1.000149	0.973938	
946	1.000026	-0.000013	-0.031006	0.000013	1.000026	-0.030029	
947	1.000046	0.000091	-0.065918	-0.000091	1.000046	0.094666	
948	1.000046	0.000091	-0.065918	-0.000091	1.000046	0.094666	
949	1.000046	0.000091	-0.065918	-0.000091	1.000046	0.094666	
950	0.999924	-0.000023	0.107300	0.000023	0.999924	-0.014099	
951	0.999947	-0.000100	0.111816	0.000100	0.999947	-0.189423	
952	1.000024	-0.000015	-0.013306	0.000015	1.000024	0.001404	
953	0.999974	-0.000069	0.042480	0.000069	0.999974	-0.045776	
954	0.999921	-0.000009	-0.030273	0.000009	0.999921	0.015686	
955	0.999952	-0.000009	0.041382	0.000009	0.999952	0.000488	
956	0.999972	-0.000020	0.035156	0.000020	0.999972	-0.049500	
957	1.000037	-0.000006	-0.081421	0.000006	1.000037	-0.079773	
958	0.999945	-0.000112	0.086426	0.000112	0.999945	-0.113159	
959	1.000244	0.000117	-0.449219	-0.000117	1.000244	0.136200	
960	1.000023	0.000023	-0.059692	-0.000023	1.000023	0.051453	
961	1.000305	0.000447	-0.336792	-0.000447	1.000305	-0.312134	
962	1.000006	0.000054	-0.035767	-0.000054	1.000006	0.122620	
963	0.999987	0.000008	0.043335	-0.000008	0.999987	-0.012634	
964	1.000132	0.000001	-0.229248	-0.000001	1.000132	-0.028137	
965	1.000033	0.000034	-0.044312	-0.000034	1.000033	0.063599	
966	1.000033	0.000034	-0.044312	-0.000034	1.000033	0.063599	
967	0.999992	0.000040	0.052490	-0.000040	0.999992	0.060547	
968	0.999992	0.000040	0.052490	-0.000040	0.999992	0.060547	
969	1.000107	-0.000001	-0.140747	0.000001	1.000107	-0.081787	
970	0.999951	0.000045	0.090454	-0.000045	0.999951	0.071777	
971	0.999883	0.000013	0.178223	-0.000013	0.999883	0.030518	
972	0.999935	0.000012	0.089966	-0.000012	0.999935	0.073120	
973	0.999908	0.000021	0.137329	-0.000021	0.999908	0.010925	
974	1.000040	0.000039	-0.041504	-0.000039	1.000040	0.086121	
975	0.999971	-0.000013	0.045288	0.000013	0.999971	0.002441	
976	0.999944	0.000008	0.030273	-0.000008	0.999944	0.054993	
977	1.000042	-0.000023	-0.096802	0.000023	1.000042	-0.034790	
978	0.999989	0.000052	-0.027588	-0.000052	0.999989	0.117615	
979	1.000002	0.000045	0.019287	-0.000045	1.000002	0.036865	
980	1.001591	0.000412	-1.516296	-0.000412	1.001591	-0.980225	
981	1.000027	0.000061	-0.007446	-0.000061	1.000027	0.006165	
982	1.000007	0.000035	-0.008301	-0.000035	1.000007	-0.016235	
983	1.000015	-0.000003	-0.006714	0.000003	1.000015	-0.039612	
984	0.999955	-0.000068	0.191162	0.000068	0.999955	-0.121399	
985	1.000007	-0.000060	0.069458	0.000060	1.000007	-0.143372	
986	0.999966	-0.000040	0.082275	0.000040	0.999966	-0.059387	
987	1.000033	0.000016	-0.020386	-0.000016	1.000033	-0.089172	
988	0.999848	0.000083	0.378174	-0.000083	0.999848	0.161194	
989	0.999876	0.000072	0.191040	-0.000072	0.999876	0.174683	
990	1.000135	0.000039	-0.314575	-0.000039	1.000135	-0.027649	
991	0.999948	0.000048	0.051880	-0.000048	0.999948	0.059692	
992	0.999987	-0.000059	0.030029	0.000059	0.999987	-0.137390	
993	1.000009	-0.000076	-0.013428	0.000076	1.000009	-0.087402	
994	0.999967	0.000048	0.059570	-0.000048	0.999967	0.145508	
995	1.000005	0.000006	-0.005005	-0.000006	1.000005	0.014526	
996	1.000203	0.000045	-0.411987	-0.000045	1.000203	-0.003967	
997	1.000023	-0.000028	-0.088623	0.000028	1.000023	-0.071777	
998	1.000047	0.000022	-0.032349	-0.000022	1.000047	0.000732	
999	1.000106	0.000007	-0.177490	-0.000007	1.000106	-0.038086	
1000	0.999995	0.000016	-0.015137	-0.000016	0.999995	0.030334	
1001	0.999334	-0.000791	1.668091	0.000791	0.999334	-0.251099	
1002	0.999933	-0.000051	0.126465	0.000051	0.999933	-0.081146	
1003	0.999933	-0.000051	0.126465	0.000051	0.999933	-0.081146	
1004	0.999992	0.000181	0.005493	-0.000181	0.999992	0.302734	
1005	1.000251	-0.000015	-0.446289	0.000015	1.000251	-0.100159	
1006	1.000023	-0.000001	-0.092041	0.000001	1.000023	0.009338	
1007	1.000329	-0.000374	-0.574585	0.000374	1.000329	-0.691803	
1008	1.000329	-0.000374	-0.574585	0.000374	1.000329	-0.691803	
1009	0.999954	0.000023	0.060791	-0.000023	0.999954	0.051880	
1010	0.999998	0.000021	-0.061401	-0.000021	0.999998	0.074768	
1011	1.000034	0.000006	-0.089600	-0.000006	1.000034	0.015991	
1012	1.000201	0.000524	-0.733154	-0.000524	1.000201	0.672607	
1013	1.000050	-0.000030	-0.091309	0.000030	1.000050	-0.076172	
1014	1.000023	0.000034	-0.073242	-0.000034	1.000023	0.072083	
1015	0.999969	0.000068	0.028564	-0.000068	0.999969	0.132385	
1016	0.999960	0.000097	0.099243	-0.000097	0.999960	0.138672	
1017	0.999960	0.000097	0.099243	-0.000097	0.999960	0.138672	
1018	1.000120	0.000002	-0.171509	-0.000002	1.000120	-0.042877	
1019	1.000013	-0.000012	-0.014526	0.000012	1.000013	-0.002777	
1020	1.000004	-0.000017	0.020020	0.000017	1.000004	-0.022888	
1021	0.999985	0.000024	0.003296	-0.000024	0.999985	0.058136	
1022	1.000001	0.000008	0.013306	-0.000008	1.000001	0.033630	
1023	1.000018	0.000071	-0.005981	-0.000071	1.000018	0.144470	
1024	1.000025	-0.000012	-0.042847	0.000012	1.000025	-0.011047	
1025	0.999600	-0.000360	0.202209	0.000360	0.999600	-0.056824	
1026	0.999987	0.000028	0.093628	-0.000028	0.999987	0.054932	
1027	0.999927	0.000081	0.128906	-0.000081	0.999927	0.222778	
1028	0.999969	0.000004	0.029663	-0.000004	0.999969	0.041809	
1029	0.999911	0.000047	0.133179	-0.000047	0.999911	0.126038	
1030	1.000014	0.000093	-0.069702	-0.000093	1.000014	0.117310	
1031	1.000052	0.000099	-0.132568	-0.000099	1.000052	0.134949	
1032	0.999988	0.000024	0.115234	-0.000024	0.999988	-0.015198	
1033	0.999898	-0.000099	0.171875	0.000099	0.999898	-0.165527	
1034	1.000106	-0.000031	-0.202515	0.000031	1.000106	-0.097778	
1035	1.000068	0.000012	-0.117310	-0.000012	1.000068	-0.026367	
1036	0.999928	0.000055	0.096558	-0.000055	0.999928	0.093323	
1037	0.999917	0.000019	0.144531	-0.000019	0.999917	0.047729	
1038	0.999985	0.000043	0.015381	-0.000043	0.999985	0.009644	
1039	1.000026	-0.000027	-0.041748	0.000027	1.000026	-0.039246	
1040	0.999310	0.000615	0.139404	-0.000615	0.999310	0.869812	
1041	0.999983	0.000107	0.016235	-0.000107	0.999983	0.182495	
1042	1.000082	0.000035	-0.174927	-0.000035	1.000082	0.062622	
1043	1.000042	0.000279	-0.088257	-0.000279	1.000042	0.476685	
1044	0.996131	-0.000026	2.091858	0.000026	0.996131	2.779236	
1045	1.000010	0.000059	0.000244	-0.000059	1.000010	0.075012	
1046	1.000027	0.000037	-0.102051	-0.000037	1.000027	0.052429	
1047	0.999871	0.000247	-0.212769	-0.000247	0.999871	0.422546	
1048	0.999983	0.000061	0.019531	-0.000061	0.999983	0.062195	
1049	0.999729	-0.000158	0.506714	0.000158	0.999729	0.016357	
1050	0.999953	0.000076	0.038818	-0.000076	0.999953	0.161438	
1051	0.999893	-0.000004	0.236572	0.000004	0.999893	0.058472	
1052	0.999955	0.000051	0.080933	-0.000051	0.999955	0.086243	
1053	1.000287	-0.000020	-0.483521	0.000020	1.000287	-0.114197	
1054	0.999942	-0.000051	0.100342	0.000051	0.999942	-0.064758	
1055	1.004519	-0.003160	-1.568909	0.003160	1.004519	-6.912476	
1056	0.999952	0.000036	0.095947	-0.000036	0.999952	0.064148	
1057	1.002229	-0.004195	1.424194	0.004195	1.002229	-6.229675	
1058	1.000067	0.000081	-0.107178	-0.000081	1.000067	0.114624	
1059	1.000005	0.000042	0.024658	-0.000042	1.000005	0.077148	
1060	0.999982	0.000023	0.048096	-0.000023	0.999982	0.046570	
1061	1.000024	0.000045	0.001831	-0.000045	1.000024	0.079773	
1062	0.999971	-0.000002	0.070679	0.000002	0.999971	-0.014771	
1063	1.000001	0.000058	0.009277	-0.000058	1.000001	0.073730	
1064	1.000607	0.000314	-0.521362	-0.000314	1.000607	-0.456055	
1065	1.000036	0.000026	-0.010376	-0.000026	1.000036	0.019531	
1066	1.000102	0.000030	-0.074707	-0.000030	1.000102	0.042908	
1067	1.000021	0.000004	0.020386	-0.000004	1.000021	0.039917	
1068	1.000558	-0.000021	-0.140137	0.000021	1.000558	-0.196411	
1069	1.000048	0.000067	-0.019165	-0.000067	1.000048	0.075195	
1070	0.999977	0.000039	-0.002686	-0.000039	0.999977	0.054993	
1071	0.999952	-0.000011	0.076416	0.000011	0.999952	-0.009338	
1072	1.000015	-0.000008	-0.026245	0.000008	1.000015	-0.053284	
1073	0.999980	-0.000108	0.025391	0.000108	0.999980	-0.112732	
1074	1.000117	0.000004	-0.265625	-0.000004	1.000117	-0.014893	
1075	1.000033	0.000003	-0.099731	-0.000003	1.000033	0.014160	
1076	1.000036	0.000022	-0.064453	-0.000022	1.000036	0.073425	
1077	1.000062	0.000025	-0.141846	-0.000025	1.000062	0.069458	
1078	1.000036	0.000012	-0.037598	-0.000012	1.000036	0.025696	
1079	1.000039	-0.000005	-0.014771	0.000005	1.000039	0.018250	
1080	0.999998	-0.000065	0.116089	0.000065	0.999998	-0.096008	
1081	0.999875	-0.000045	0.247437	0.000045	0.999875	-0.000732	
1082	0.999930	-0.000024	0.151978	0.000024	0.999930	0.035156	
1083	0.999978	-0.000004	-0.003540	0.000004	0.999978	0.031921	
1084	0.999840	0.000052	0.284790	-0.000052	0.999840	0.103027	
1085	0.999789	0.000428	0.251587	-0.000428	0.999789	0.844238	
1086	0.999960	-0.000020	0.038086	0.000020	0.999960	0.000061	
1087	0.999959	0.000061	0.060547	-0.000061	0.999959	0.114685	
1088	0.999958	0.000008	0.090210	-0.000008	0.999958	-0.047913	
1089	0.999945	0.000048	0.015015	-0.000048	0.999945	0.047241	
1090	0.999976	0.000031	0.016968	-0.000031	0.999976	0.058716	
1091	0.999985	0.000019	-0.012817	-0.000019	0.999985	0.005859	
1092	0.999985	0.000019	-0.012817	-0.000019	0.999985	0.005859	
1093	0.999947	-0.000067	0.049316	0.000067	0.999947	-0.111450	
1094	0.999971	-0.000044	0.047607	0.000044	0.999971	-0.067078	
1095	1.000135	-0.000016	-0.179688	0.000016	1.000135	-0.018127	
1096	1.000049	-0.000076	-0.080566	0.000076	1.000049	-0.154144	
1097	1.000225	-0.000003	-0.303345	0.000003	1.000225	-0.124512	
1098	1.000225	-0.000003	-0.303345	0.000003	1.000225	-0.124512	
1099	1.000051	0.000005	-0.037476	-0.000005	1.000051	-0.030396	
1100	1.000045	0.000027	-0.021606	-0.000027	1.000045	-0.001587	
1101	1.000113	0.000012	-0.144165	-0.000012	1.000113	-0.086731	
1102	1.000645	0.000331	-0.901733	-0.000331	1.000645	-0.129272	
1103	1.000135	0.000038	-0.179565	-0.000038	1.000135	-0.062500	
1104	1.000047	0.000007	-0.026978	-0.000007	1.000047	-0.042603	
1105	1.000104	0.000048	-0.102173	-0.000048	1.000104	0.005249	
1106	1.000031	0.000020	0.042847	-0.000020	1.000031	-0.053528	
1107	1.000096	0.000066	-0.078857	-0.000066	1.000096	-0.015625	
1108	1.000035	0.000093	0.000366	-0.000093	1.000035	0.065918	
1109	1.000002	-0.000057	-0.000244	0.000057	1.000002	-0.090759	
1110	1.000043	-0.000040	-0.059448	0.000040	1.000043	-0.094299	
1111	0.999975	-0.000084	0.030884	0.000084	0.999975	-0.122009	
1112	1.000072	-0.000010	-0.078369	0.000010	1.000072	-0.062683	
1113	0.999972	0.000004	0.023926	-0.000004	0.999972	-0.016541	
1114	0.999874	0.000003	0.164551	-0.000003	0.999874	0.081482	
1115	0.999973	-0.000049	0.104736	0.000049	0.999973	0.003479	
1116	1.000059	0.000014	-0.020630	-0.000014	1.000059	-0.009094	
1117	0.999908	0.000014	0.145020	-0.000014	0.999908	0.034058	
1118	1.000050	-0.000049	-0.044067	0.000049	1.000050	-0.090881	
1119	1.000049	-0.000058	-0.013306	0.000058	1.000049	-0.118225	
1120	1.000079	0.000038	-0.135010	-0.000038	1.000079	0.000000	
1121	1.000496	-0.000157	-0.726807	0.000157	1.000496	-0.303131	
1122	1.000069	0.000034	-0.120605	-0.000034	1.000069	0.012268	
1123	1.000027	0.000036	-0.075806	-0.000036	1.000027	0.075317	
1124	0.999977	0.000077	0.051880	-0.000077	0.999977	0.161011	
1125	1.000032	-0.000008	0.009888	0.000008	1.000032	0.026733	
1126	0.999969	-0.000029	0.088989	0.000029	0.999969	-0.039062	
1127	1.000062	-0.000021	-0.032715	0.000021	1.000062	-0.102295	
1128	1.000001	0.000015	0.038696	-0.000015	1.000001	-0.027649	
1129	0.999943	0.000015	0.060791	-0.000015	0.999943	-0.013977	
1130	0.999867	0.000023	0.144287	-0.000023	0.999867	0.121033	
1131	0.999966	0.000037	0.057251	-0.000037	0.999966	0.129883	
1132	1.000074	0.000086	-0.045410	-0.000086	1.000074	0.152832	
1133	0.999893	0.000003	0.076904	-0.000003	0.999893	0.136475	
1134	0.999929	0.000015	0.038330	-0.000015	0.999929	0.071655	
1135	0.999821	-0.000130	0.193481	0.000130	0.999821	-0.062073	
1136	1.000075	-0.000069	-0.074463	0.000069	1.000075	-0.116943	
1137	1.000091	-0.000142	-0.129761	0.000142	1.000091	-0.228149	
1138	1.000188	0.000072	-0.141907	-0.000072	1.000188	-0.043457	
1139	0.999993	-0.000106	0.007935	0.000106	0.999993	-0.070496	
1140	1.000021	0.000063	-0.083618	-0.000063	1.000021	0.102661	
1141	1.000048	-0.000020	-0.118042	0.000020	1.000048	-0.018555	
1142	1.000129	-0.000018	-0.047485	0.000018	1.000129	0.007507	
1143	1.000129	-0.000018	-0.047485	0.000018	1.000129	0.007507	
1144	0.999987	-0.000008	0.028687	0.000008	0.999987	-0.058594	
1145	0.999898	0.000033	0.171021	-0.000033	0.999898	0.007080	
1146	1.000013	-0.000033	0.011108	0.000033	1.000013	-0.158630	
1147	1.000037	0.000055	-0.091919	-0.000055	1.000037	0.033142	
1148	1.001778	-0.000037	-1.489197	0.000037	1.001778	-1.588440	
1149	0.999791	-0.000071	0.305176	0.000071	0.999791	0.045105	
1150	0.999993	0.000024	-0.046753	-0.000024	0.999993	0.064697	
1151	1.000008	-0.000017	-0.036865	0.000017	1.000008	-0.037842	
1152	0.999879	0.000003	0.164551	-0.000003	0.999879	0.019714	
1153	0.999944	0.000002	0.053955	-0.000002	0.999944	0.005310	
1154	1.000010	0.000108	-0.052246	-0.000108	1.000010	0.165955	
1155	0.999855	0.000078	0.225708	-0.000078	0.999855	0.216003	
1156	0.999734	-0.000035	0.307678	0.000035	0.999734	0.122009	
1157	1.000559	-0.000529	-0.039856	0.000529	1.000559	-0.999573	
1158	0.999959	0.000037	0.066406	-0.000037	0.999959	0.094116	
1159	0.999998	-0.000004	-0.046387	0.000004	0.999998	-0.012817	
1160	0.999919	0.000003	0.084717	-0.000003	0.999919	0.047241	
1161	0.999968	-0.000003	0.025269	0.000003	0.999968	0.003662	
1162	0.999961	0.000019	0.068115	-0.000019	0.999961	0.048218	
1163	1.000037	-0.000019	-0.077881	0.000019	1.000037	-0.027283	
1164	1.000016	-0.000065	0.013184	0.000065	1.000016	-0.075989	
1165	0.999890	-0.000128	0.101196	0.000128	0.999890	-0.059143	
1166	1.000005	-0.000008	-0.020752	0.000008	1.000005	-0.024292	
1167	1.000044	-0.000073	-0.072998	0.000073	1.000044	-0.050293	
1168	1.005513	-0.003586	-9.750488	0.003586	1.005513	-7.059845	
1169	1.000060	-0.000027	-0.052734	0.000027	1.000060	-0.084351	
1170	1.000037	-0.000018	0.086182	0.000018	1.000037	-0.063904	
1171	0.999997	0.000017	0.026733	-0.000017	0.999997	0.011597	
1172	0.999964	-0.000008	0.076660	0.000008	0.999964	-0.039429	
1173	0.999854	0.000062	0.030151	-0.000062	0.999854	0.107666	
1174	0.999940	0.000023	0.102905	-0.000023	0.999940	0.058472	
1175	1.000019	0.000008	-0.025269	-0.000008	1.000019	0.048279	
1176	0.999971	0.000017	0.046143	-0.000017	0.999971	0.092224	
1177	0.999943	-0.000012	0.050781	0.000012	0.999943	0.042603	
1178	1.001022	0.001433	-2.193970	-0.001433	1.001022	0.401001	
1179	1.000046	-0.000059	-0.028809	0.000059	1.000046	-0.112366	
1180	1.000010	-0.000058	0.010254	0.000058	1.000010	-0.109131	
1181	0.999949	-0.000077	0.074097	0.000077	0.999949	-0.124451	
1182	0.999938	0.000065	0.109741	-0.000065	0.999938	0.094849	
1183	0.999992	0.000007	0.018799	-0.000007	0.999992	-0.009186	
1184	1.000047	0.000011	-0.129883	-0.000011	1.000047	0.066467	
1185	1.000121	-0.000005	-0.206177	0.000005	1.000121	0.004028	
1186	1.000116	0.000057	-0.279785	-0.000057	1.000116	0.033936	
1187	1.000135	0.000014	-0.234131	-0.000014	1.000135	-0.112915	
1188	1.000010	-0.000009	0.025146	0.000009	1.000010	-0.128113	
1189	1.000007	0.000032	0.037231	-0.000032	1.000007	-0.028259	
1190	0.999964	0.000112	0.139282	-0.000112	0.999964	0.124817	
1191	0.999899	-0.000013	0.101196	0.000013	0.999899	0.037170	
1192	1.000047	-0.000031	-0.042114	0.000031	1.000047	-0.078003	
1193	1.000707	-0.000208	-1.144531	0.000208	1.000707	-0.331604	
1194	1.000040	0.000047	-0.129395	-0.000047	1.000040	0.123352	
1195	0.999992	0.000017	-0.002686	-0.000017	0.999992	0.039612	
1196	1.003024	0.000652	-3.164612	-0.000652	1.003024	-1.970703	
1197	1.000068	-0.000060	-0.132324	0.000060	1.000068	-0.102661	
1198	0.999985	0.000039	0.026733	-0.000039	0.999985	0.034668	
1199	1.000027	-0.000039	-0.056030	0.000039	1.000027	-0.098022	
1200	0.999900	-0.000035	0.129761	0.000035	0.999900	-0.000977	
1201	0.999793	-0.000052	0.317017	0.000052	0.999793	-0.036194	
1202	0.999277	-0.000855	1.446777	0.000855	0.999277	-0.265198	
1203	1.002325	-0.005027	-2.257019	0.005027	1.002325	-6.082520	
1204	1.000031	0.000001	-0.034424	-0.000001	1.000031	-0.047852	
1205	1.000002	0.000082	-0.030640	-0.000082	1.000002	0.129578	
1206	0.999937	-0.000009	0.027466	0.000009	0.999937	-0.000671	
1207	0.999953	0.000039	0.094238	-0.000039	0.999953	0.066956	
1208	1.000054	0.000043	-0.090454	-0.000043	1.000054	0.057678	
1209	0.999978	0.000051	-0.005737	-0.000051	0.999978	0.127319	
1210	1.000054	0.000067	-0.125488	-0.000067	1.000054	0.112488	
1211	1.000033	0.000005	-0.088989	-0.000005	1.000033	0.025513	
1212	1.000148	0.000059	-0.238647	-0.000059	1.000148	0.052795	
1213	1.000094	-0.000033	-0.123535	0.000033	1.000094	-0.107910	
1214	1.000024	-0.000043	-0.079956	0.000043	1.000024	-0.053833	
1215	1.000015	-0.000090	-0.039062	0.000090	1.000015	-0.119690	
1216	1.000124	-0.000085	-0.183350	0.000085	1.000124	-0.192993	
1217	1.000057	-0.000090	-0.066406	0.000090	1.000057	-0.159912	
1218	0.999885	-0.000061	0.157959	0.000061	0.999885	-0.061646	
1219	0.999895	-0.000054	0.185669	0.000054	0.999895	-0.044434	
1220	0.999928	0.000038	0.013672	-0.000038	0.999928	0.008789	
1221	0.999935	-0.000011	0.053955	0.000011	0.999935	0.002319	
1222	0.999968	0.000059	0.048828	-0.000059	0.999968	0.093506	
1223	1.001459	0.004101	-5.419800	-0.004101	1.001459	3.032227	
1224	0.999944	-0.000013	0.027954	0.000013	0.999944	-0.001282	
1225	0.999943	-0.000011	0.080688	0.000011	0.999943	0.027527	
1226	0.999965	0.000013	0.026733	-0.000013	0.999965	0.022888	
1227	1.000142	0.000001	-0.227173	-0.000001	1.000142	-0.188477	
1228	1.000035	0.000020	-0.048950	-0.000020	1.000035	-0.042236	
1229	1.000097	0.000027	-0.122681	-0.000027	1.000097	0.026855	
1230	1.000200	-0.000009	-0.272339	0.000009	1.000200	-0.172852	
1231	1.000045	0.000006	-0.045776	-0.000006	1.000045	-0.071533	
1232	1.000070	-0.000001	-0.064453	0.000001	1.000070	-0.124023	
1233	0.999925	-0.000060	0.174683	0.000060	0.999925	-0.091614	
1234	0.999805	-0.000032	0.367554	0.000032	0.999805	-0.008362	
1235	1.000000	-0.000061	0.046387	0.000061	1.000000	-0.139282	
1236	0.999983	-0.000043	0.093872	0.000043	0.999983	-0.031982	
1237	1.000067	-0.000034	-0.171753	0.000034	1.000067	-0.147949	
1238	1.000312	-0.000257	-0.483154	0.000257	1.000312	-0.562744	
1239	1.000076	-0.000072	-0.100952	0.000072	1.000076	-0.202759	
1240	1.000045	-0.000023	-0.114380	0.000023	1.000045	-0.105530	
1241	1.000046	-0.000030	0.023560	0.000030	1.000046	-0.036499	
1242	1.000062	-0.000138	-0.053101	0.000138	1.000062	-0.205688	
1243	0.999411	-0.000109	0.901978	0.000109	0.999411	0.413452	
1244	0.999838	-0.000014	0.291016	0.000014	0.999838	0.126099	
1245	0.999768	0.000081	0.268066	-0.000081	0.999768	0.271851	
1246	0.999850	0.000186	0.116333	-0.000186	0.999850	0.417908	
1247	0.999907	0.000075	0.088257	-0.000075	0.999907	0.266418	
1248	0.999995	0.000120	-0.197937	-0.000120	0.999995	0.150452	
1249	1.000026	-0.000008	-0.069885	0.000008	1.000026	-0.068115	
1250	0.999922	0.000081	-0.051575	-0.000081	0.999922	0.155762	
1251	1.000066	0.000190	-0.283936	-0.000190	1.000066	0.136963	
1252	0.999902	0.000156	-0.119385	-0.000156	0.999902	0.282288	
1253	1.000006	-0.000013	-0.139893	0.000013	1.000006	0.018311	
1254	1.000128	-0.000023	-0.171265	0.000023	1.000128	-0.021973	
1255	1.000112	0.000029	-0.125244	-0.000029	1.000112	0.021362	
1256	1.000094	0.000049	-0.105713	-0.000049	1.000094	0.028748	
1257	1.000163	0.000147	-0.250977	-0.000147	1.000163	0.109680	
1258	0.999977	0.000066	0.050537	-0.000066	0.999977	0.163513	
1259	1.000068	0.000080	-0.164062	-0.000080	1.000068	0.048645	
1260	1.000071	0.000093	-0.187256	-0.000093	1.000071	0.116760	
1261	0.999992	0.000054	-0.052124	-0.000054	0.999992	0.106812	
1262	0.999997	0.000097	-0.023315	-0.000097	0.999997	0.149963	
1263	0.999925	-0.000006	0.107544	0.000006	0.999925	0.037170	
1264	1.000005	0.000071	-0.018311	-0.000071	1.000005	0.103516	
1265	0.999900	0.000080	0.137939	-0.000080	0.999900	0.210693	
1266	0.999899	0.000006	0.210083	-0.000006	0.999899	0.106995	
1267	0.999857	-0.000072	0.379028	0.000072	0.999857	-0.020386	
1268	1.000000	0.000045	-0.017822	-0.000045	1.000000	0.115845	
1269	0.999931	0.000077	0.144043	-0.000077	0.999931	0.229553	
1270	0.999973	0.000080	0.023193	-0.000080	0.999973	0.201172	
1271	1.000141	0.000025	-0.266602	-0.000025	1.000141	0.015747	
1272	1.000001	0.000025	-0.069580	-0.000025	1.000001	0.078674	
1273	1.000048	0.000045	-0.050049	-0.000045	1.000048	0.069946	
1274	1.000084	-0.000054	-0.041504	0.000054	1.000084	-0.098694	
1275	1.000037	0.000011	-0.068115	-0.000011	1.000037	0.003113	
1276	1.000030	0.000007	-0.017456	-0.000007	1.000030	0.004639	
1277	0.999930	0.000101	0.151855	-0.000101	0.999930	0.167908	
1278	1.000040	-0.000022	0.006714	0.000022	1.000040	-0.046936	
1279	1.000070	-0.000006	-0.079346	0.000006	1.000070	-0.092102	
1280	1.000016	-0.000027	-0.026978	0.000027	1.000016	-0.057678	
1281	0.999979	0.000021	-0.000732	-0.000021	0.999979	0.053772	
1282	0.999913	-0.000011	0.041382	0.000011	0.999913	-0.004944	
1283	0.999612	-0.000070	0.463684	0.000070	0.999612	0.172363	
1284	0.999915	-0.000022	0.039795	0.000022	0.999915	-0.012817	
1285	0.999813	-0.000133	0.281006	0.000133	0.999813	-0.176514	
1286	0.999792	0.000017	0.265259	-0.000017	0.999792	0.071838	
1287	0.999801	-0.000098	0.399536	0.000098	0.999801	-0.169739	
1288	0.999801	-0.000098	0.399536	0.000098	0.999801	-0.169739	
1289	0.999488	0.000966	-0.374329	-0.000966	0.999488	1.276794	
1290	0.999961	-0.000040	0.071167	0.000040	0.999961	-0.048035	
1291	1.000162	-0.000084	-0.284668	0.000084	1.000162	-0.182129	
1292	0.999975	-0.000037	0.015991	0.000037	0.999975	-0.061890	
1293	0.999987	-0.000016	0.010620	0.000016	0.999987	-0.045685	
1294	1.000011	0.000038	-0.022095	-0.000038	1.000011	0.076050	
1295	0.999990	-0.000062	0.003174	0.000062	0.999990	-0.067383	
1296	0.999955	-0.000018	0.025391	0.000018	0.999955	-0.037109	
1297	0.999940	0.000014	0.071289	-0.000014	0.999940	-0.016479	
1298	0.999945	-0.000007	0.098877	0.000007	0.999945	-0.014465	
1299	0.999980	-0.000018	0.048584	0.000018	0.999980	-0.060272	
1300	0.999943	0.000008	0.075073	-0.000008	0.999943	-0.002075	
1301	0.999982	-0.000055	-0.006104	0.000055	0.999982	-0.108826	
1302	0.999993	-0.000067	0.025146	0.000067	0.999993	-0.165039	
