0	1.000000	0.000000	0.000000	0.000000	1.000000	0.000000	
1	1.000140	0.000034	-0.705872	-0.000034	1.000140	-0.037598	
2	1.000036	0.000057	-0.342346	-0.000057	1.000036	0.046906	
3	1.000119	-0.000072	-0.587830	0.000072	1.000119	0.056427	
4	1.000084	0.000035	-0.391479	-0.000035	1.000084	0.197144	
5	1.000079	0.000017	-0.449890	-0.000017	1.000079	0.093567	
6	0.999988	-0.000117	-0.016907	0.000117	0.999988	-0.403900	
7	1.000015	0.000008	-0.031677	-0.000008	1.000015	-0.000183	
8	0.999995	0.000010	-0.031494	-0.000010	0.999995	0.198334	
9	0.999982	-0.000019	-0.032288	0.000019	0.999982	-0.113068	
10	1.000075	0.000010	-0.201904	-0.000010	1.000075	-0.112305	
11	0.999978	0.000014	-0.005127	-0.000014	0.999978	0.051331	
12	0.999903	-0.000085	0.088989	0.000085	0.999903	-0.210358	
13	1.000098	-0.000090	-0.128296	0.000090	1.000098	-0.326508	
14	0.999997	-0.000003	0.000793	0.000003	0.999997	-0.013184	
15	0.999972	-0.000065	-0.094421	0.000065	0.999972	-0.268738	
16	1.000044	0.000016	-0.237000	-0.000016	1.000044	0.108276	
17	1.000018	0.000018	-0.249634	-0.000018	1.000018	0.099121	
18	0.999969	-0.000006	0.148132	0.000006	0.999969	-0.098450	
19	0.999980	-0.000012	0.041504	0.000012	0.999980	-0.079041	
20	0.999979	0.000006	0.135132	-0.000006	0.999979	0.017334	
21	1.000008	0.000004	0.003113	-0.000004	1.000008	-0.007111	
22	1.000011	-0.000012	-0.126587	0.000012	1.000011	-0.064484	
23	0.999978	-0.000040	0.094543	0.000040	0.999978	-0.116699	
24	0.999959	-0.000042	0.015869	0.000042	0.999959	-0.050110	
25	0.999984	0.000054	0.095764	-0.000054	0.999984	0.034302	
26	0.999908	0.000003	0.310547	-0.000003	0.999908	-0.077728	
27	0.999915	0.000015	0.346558	-0.000015	0.999915	0.038910	
28	1.000026	-0.000084	-0.239807	0.000084	1.000026	-0.191528	
29	0.999999	-0.000080	-0.098938	0.000080	0.999999	-0.112335	
30	0.999955	-0.000026	0.156555	0.000026	0.999955	-0.013367	
31	0.999996	-0.000002	-0.293335	0.000002	0.999996	-0.123657	
32	0.999992	-0.000007	0.162415	0.000007	0.999992	-0.015930	
33	1.000032	-0.000040	-0.170471	0.000040	1.000032	-0.149078	
34	0.999988	-0.000049	0.019653	0.000049	0.999988	-0.214691	
35	1.000150	-0.000012	-0.117065	0.000012	1.000150	-0.013855	
36	1.000071	0.000006	-0.197205	-0.000006	1.000071	0.038727	
37	0.999852	-0.000079	0.171265	0.000079	0.999852	-0.438263	
38	1.000115	0.000067	-0.267944	-0.000067	1.000115	0.463867	
39	0.999935	-0.000005	0.173340	0.000005	0.999935	-0.147034	
40	1.000140	-0.000035	-0.089539	0.000035	1.000140	-0.233276	
41	0.999987	0.000087	0.012451	-0.000087	0.999987	0.277679	
42	0.999908	-0.000042	0.130981	0.000042	0.999908	0.016632	
43	1.000113	0.000052	-0.063171	-0.000052	1.000113	0.031891	
44	1.000009	-0.000022	0.039612	0.000022	1.000009	-0.080261	
45	0.999981	-0.000006	0.008850	0.000006	0.999981	-0.077728	
46	1.000010	-0.000031	-0.019226	0.000031	1.000010	-0.084198	
47	1.000010	-0.000001	-0.001160	0.000001	1.000010	0.015594	
48	0.999987	0.000014	0.070862	-0.000014	0.999987	-0.006927	
49	0.999987	-0.000019	0.094849	0.000019	0.999987	-0.047028	
50	1.000008	0.000016	-0.058167	-0.000016	1.000008	0.027069	
51	1.000006	0.000017	-0.104248	-0.000017	1.000006	0.026367	
52	0.999999	0.000008	-0.033508	-0.000008	0.999999	0.004120	
53	1.000028	0.000000	-0.078491	-0.000000	1.000028	0.026794	
54	1.000016	0.000014	-0.045166	-0.000014	1.000016	0.010132	
55	1.000023	0.000014	-0.067322	-0.000014	1.000023	0.009491	
56	1.000008	0.000033	-0.097473	-0.000033	1.000008	0.021149	
57	1.000046	-0.000001	-0.190308	0.000001	1.000046	-0.025726	
58	1.000197	0.000100	-0.923401	-0.000100	1.000197	0.086395	
59	1.000149	0.000101	-0.660583	-0.000101	1.000149	0.177551	
60	1.000099	-0.000017	-0.436951	0.000017	1.000099	0.044861	
61	1.000131	-0.000030	-0.834534	0.000030	1.000131	0.108002	
62	1.000031	-0.000017	-0.064453	0.000017	1.000031	-0.018219	
63	1.000067	0.000012	-1.624756	-0.000012	1.000067	0.178802	
64	1.000186	-0.000081	-0.818970	0.000081	1.000186	-0.218567	
65	1.000148	-0.000122	-0.894104	0.000122	1.000148	-0.184723	
66	1.000169	-0.000083	-1.050964	0.000083	1.000169	-0.263062	
67	1.000127	-0.000054	-0.612122	0.000054	1.000127	-0.103973	
68	1.000051	0.000076	-2.243896	-0.000076	1.000051	0.021088	
69	1.000324	-0.000022	-1.456421	0.000022	1.000324	-0.154694	
70	1.000235	0.000003	-1.040527	-0.000003	1.000235	-0.089691	
71	1.000093	0.000012	-1.811096	-0.000012	1.000093	-0.093872	
72	1.000168	-0.000037	-1.102234	0.000037	1.000168	-0.159698	
73	1.000030	-0.000000	-1.932495	0.000000	1.000030	0.005432	
74	1.000067	0.000008	-3.480835	-0.000008	1.000067	-0.143707	
75	1.000010	0.000038	-1.420105	-0.000038	1.000010	0.006500	
76	1.000046	0.000013	-2.145935	-0.000013	1.000046	-0.021332	
77	0.999975	-0.000005	-1.414734	0.000005	0.999975	0.007782	
78	1.000046	-0.000044	-2.622559	0.000044	1.000046	-0.054230	
79	1.000065	0.000028	-3.580566	-0.000028	1.000065	-0.029358	
80	1.000093	0.000100	-1.722107	-0.000100	1.000093	0.264313	
81	1.000090	-0.000012	-2.433716	0.000012	1.000090	0.097595	
82	1.000100	0.000003	-1.506348	-0.000003	1.000100	0.035736	
83	1.000082	0.000005	-2.339172	-0.000005	1.000082	0.019165	
84	1.000034	-0.000048	-3.661194	0.000048	1.000034	-0.003448	
85	1.000295	-0.000001	-1.499512	0.000001	1.000295	0.183350	
86	0.999977	0.000041	-2.120361	-0.000041	0.999977	0.294830	
87	1.000244	-0.000070	-1.472107	0.000070	1.000244	-0.150696	
88	1.000003	0.000000	-1.793457	-0.000000	1.000003	-0.010529	
89	1.000026	-0.000019	-3.157898	0.000019	1.000026	-0.021271	
90	1.000199	-0.000053	-1.127319	0.000053	1.000199	0.003632	
91	1.000008	-0.000059	-1.548340	0.000059	1.000008	0.095581	
92	1.000122	-0.000088	-1.051880	0.000088	1.000122	-0.128387	
93	1.000105	-0.000035	-1.415955	0.000035	1.000105	-0.033112	
94	1.000003	-0.000031	-2.245361	0.000031	1.000003	0.035370	
95	1.000152	-0.000014	-0.696106	0.000014	1.000152	-0.035675	
96	1.000193	-0.000017	-1.348389	0.000017	1.000193	-0.093201	
97	1.000059	-0.000011	-0.377136	0.000011	1.000059	-0.004425	
98	1.000235	-0.000037	-1.200317	0.000037	1.000235	-0.083130	
99	1.000175	-0.000028	-0.896851	0.000028	1.000175	-0.112885	
100	1.000091	-0.000017	-0.313110	0.000017	1.000091	-0.031769	
101	1.000154	-0.000012	-0.859741	0.000012	1.000154	-0.034027	
102	1.000067	-0.000035	-0.322266	0.000035	1.000067	0.052673	
103	1.000098	-0.000008	-0.453613	0.000008	1.000098	0.004150	
104	1.000355	0.000097	-1.380920	-0.000097	1.000355	0.352692	
105	1.000065	-0.000026	-0.054688	0.000026	1.000065	-0.027313	
106	1.000194	-0.000079	-0.810730	0.000079	1.000194	-0.064056	
107	1.000045	0.000003	-0.065674	-0.000003	1.000045	0.002502	
108	1.000068	0.000001	-0.236328	-0.000001	1.000068	0.094391	
109	1.000052	-0.000013	-0.187805	0.000013	1.000052	0.087280	
110	1.000005	-0.000040	0.043335	0.000040	1.000005	-0.071594	
111	0.999987	-0.000076	0.170410	0.000076	0.999987	-0.213837	
112	1.000000	-0.000044	0.118896	0.000044	1.000000	-0.131622	
113	1.000000	0.000003	0.015869	-0.000003	1.000000	0.018311	
114	0.999910	-0.000088	0.584595	0.000088	0.999910	-0.285095	
115	0.999986	0.000002	0.034180	-0.000002	0.999986	0.008575	
116	0.999982	-0.000003	0.039368	0.000003	0.999982	0.007660	
117	0.999957	0.000029	0.125610	-0.000029	0.999957	0.067200	
118	0.999941	0.000022	0.107971	-0.000022	0.999941	0.017883	
119	0.999946	-0.000001	0.302856	0.000001	0.999946	0.009521	
120	0.999924	0.000023	0.236450	-0.000023	0.999924	0.063019	
121	0.999914	-0.000011	0.425781	0.000011	0.999914	-0.012695	
122	0.999952	0.000010	0.081665	-0.000010	0.999952	0.060333	
123	0.999910	-0.000022	0.403381	0.000022	0.999910	-0.091827	
124	0.999893	-0.000021	0.554260	0.000021	0.999893	-0.128967	
125	0.999905	-0.000021	0.380493	0.000021	0.999905	-0.078522	
126	0.999840	-0.000022	0.862244	0.000022	0.999840	-0.086273	
127	0.999956	-0.000035	0.257324	0.000035	0.999956	-0.049866	
128	0.999964	-0.000023	0.245300	0.000023	0.999964	-0.026855	
129	0.999734	-0.000041	1.333618	0.000041	0.999734	-0.023071	
130	0.999910	-0.000025	0.325684	0.000025	0.999910	-0.048737	
131	0.999850	-0.000041	0.897339	0.000041	0.999850	-0.234314	
132	0.999946	-0.000000	0.336182	0.000000	0.999946	-0.008362	
133	0.999991	-0.000008	0.113342	0.000008	0.999991	-0.064331	
134	0.999779	-0.000026	1.230469	0.000026	0.999779	-0.270050	
135	0.999829	-0.000073	0.710449	0.000073	0.999829	-0.334564	
136	0.999834	-0.000051	0.876099	0.000051	0.999834	-0.445404	
137	0.999913	0.000029	0.617126	-0.000029	0.999913	-0.032715	
138	0.999854	-0.000047	0.723145	0.000047	0.999854	-0.186859	
139	0.999876	0.000039	1.719421	-0.000039	0.999876	-0.340820	
140	0.998434	0.000204	2.595154	-0.000204	0.998434	0.679718	
141	0.980667	0.000057	18.997681	-0.000057	0.980667	9.605865	
142	0.979283	0.000019	20.519470	-0.000019	0.979283	10.726227	
143	0.964609	0.000072	34.620850	-0.000072	0.964609	18.328918	
144	0.946236	-0.000035	52.194397	0.000035	0.946236	28.083344	
145	0.979550	0.000144	19.865784	-0.000144	0.979550	10.838959	
146	0.972855	-0.000031	26.233948	0.000031	0.972855	14.384583	
147	0.987495	-0.000029	12.302734	0.000029	0.987495	6.552734	
148	0.989529	0.000009	10.359863	-0.000009	0.989529	5.480927	
149	0.999129	-0.000184	1.580566	0.000184	0.999129	-0.122131	
150	0.999989	-0.000041	0.104370	0.000041	0.999989	-0.174255	
151	0.999892	-0.000106	0.510620	0.000106	0.999892	-0.357086	
152	0.999908	-0.000049	0.310669	0.000049	0.999908	-0.168671	
153	1.000016	-0.000011	0.057373	0.000011	1.000016	-0.090118	
154	0.999846	0.000038	0.507690	-0.000038	0.999846	0.200073	
155	1.000072	-0.000047	0.025024	0.000047	1.000072	-0.285858	
156	0.999964	0.000062	0.276489	-0.000062	0.999964	0.170929	
157	0.999836	-0.000057	0.242432	0.000057	0.999836	-0.282898	
158	1.000039	-0.000066	0.035522	0.000066	1.000039	-0.335693	
159	1.000011	0.000093	0.133911	-0.000093	1.000011	0.362030	
160	0.999988	-0.000024	0.036255	0.000024	0.999988	-0.227020	
161	1.000025	0.000056	-0.041138	-0.000056	1.000025	0.192688	
162	0.999977	0.000020	0.020020	-0.000020	0.999977	0.267426	
163	0.999971	-0.000026	0.046753	0.000026	0.999971	-0.064972	
164	1.000042	-0.000006	-0.116089	0.000006	1.000042	-0.042542	
165	1.000049	-0.000008	-0.226685	0.000008	1.000049	-0.019653	
166	1.000020	-0.000014	-0.050415	0.000014	1.000020	-0.040833	
167	1.000046	-0.000036	-0.057983	0.000036	1.000046	-0.083252	
168	1.000012	-0.000023	-0.059814	0.000023	1.000012	-0.016235	
169	1.000031	-0.000033	-0.202148	0.000033	1.000031	-0.021942	
170	1.000032	0.000020	-0.144897	-0.000020	1.000032	0.026917	
171	1.000024	0.000007	-0.075684	-0.000007	1.000024	0.019745	
172	1.000017	-0.000012	-0.066040	0.000012	1.000017	-0.011169	
173	1.000013	-0.000015	-0.074463	0.000015	1.000013	-0.012573	
174	1.000050	0.000011	-0.268188	-0.000011	1.000050	0.229248	
175	1.000009	-0.000005	-0.069702	0.000005	1.000009	0.000000	
176	1.000016	0.000032	-0.133179	-0.000032	1.000016	0.198303	
177	1.000021	0.000017	-0.133301	-0.000017	1.000021	0.153656	
178	1.000010	-0.000009	-0.065430	0.000009	1.000010	0.028992	
179	1.000050	-0.000004	-0.208252	0.000004	1.000050	0.073944	
180	1.000021	0.000021	-0.083374	-0.000021	1.000021	0.100098	
181	1.000027	0.000017	-0.082642	-0.000017	1.000027	0.104950	
182	0.999997	-0.000002	-0.043579	0.000002	0.999997	0.029816	
183	1.000003	-0.000013	-0.032593	0.000013	1.000003	-0.007477	
184	1.000014	0.000037	-0.095459	-0.000037	1.000014	0.338959	
185	1.000015	-0.000081	-0.024780	0.000081	1.000015	-0.415375	
186	1.000085	0.000033	-0.212646	-0.000033	1.000085	0.166748	
187	0.999888	0.000004	0.112915	-0.000004	0.999888	0.376984	
188	0.999994	0.000009	-0.020508	-0.000009	0.999994	-0.050415	
189	1.000112	0.000027	-0.248901	-0.000027	1.000112	-0.200836	
190	0.999942	-0.000049	0.035522	0.000049	0.999942	-0.186646	
191	1.000019	0.000014	-0.143433	-0.000014	1.000019	-0.135284	
192	1.000037	0.000038	-0.043091	-0.000038	1.000037	0.219727	
193	0.999981	-0.000060	-0.027100	0.000060	0.999981	-0.160645	
194	1.000004	-0.000094	-0.130493	0.000094	1.000004	-0.465546	
195	0.999999	-0.000017	-0.078979	0.000017	0.999999	-0.053619	
196	0.999994	-0.000034	-0.055054	0.000034	0.999994	-0.107758	
197	0.999993	-0.000051	-0.001953	0.000051	0.999993	-0.163757	
198	0.999994	-0.000013	0.004517	0.000013	0.999994	-0.035095	
199	0.999966	-0.000046	0.255737	0.000046	0.999966	-0.152985	
200	0.999939	-0.000053	0.303223	0.000053	0.999939	-0.185638	
201	0.999989	-0.000024	0.086060	0.000024	0.999989	-0.066223	
202	0.999919	-0.000038	0.137817	0.000038	0.999919	-0.284027	
203	1.000038	0.000008	-0.011719	-0.000008	1.000038	0.032501	
204	0.999956	0.000018	0.287354	-0.000018	0.999956	0.257416	
205	1.000038	-0.000106	0.175415	0.000106	1.000038	-0.441315	
206	0.999980	0.000069	0.105713	-0.000069	0.999980	0.202057	
207	0.999871	-0.000047	0.198364	0.000047	0.999871	-0.120209	
208	1.000030	-0.000080	-0.017334	0.000080	1.000030	-0.318207	
209	1.000041	0.000028	-0.056885	-0.000028	1.000041	0.027679	
210	0.999968	-0.000056	0.073242	0.000056	0.999968	-0.241852	
211	0.999982	-0.000013	0.176758	0.000013	0.999982	-0.115051	
212	1.000017	0.000060	-0.045898	-0.000060	1.000017	0.368134	
213	0.999986	-0.000003	0.033691	0.000003	0.999986	-0.002136	
214	1.000008	0.000030	0.020020	-0.000030	1.000008	0.126068	
215	1.000002	0.000023	0.050659	-0.000023	1.000002	0.203217	
216	0.999997	0.000009	-0.022095	-0.000009	0.999997	0.010803	
217	0.999998	0.000013	0.026978	-0.000013	0.999998	0.021942	
218	0.999996	0.000033	0.061035	-0.000033	0.999996	0.060089	
219	0.999999	0.000008	0.031982	-0.000008	0.999999	0.015564	
220	1.000000	-0.000006	-0.018677	0.000006	1.000000	-0.009888	
221	1.000010	-0.000011	-0.062012	0.000011	1.000010	-0.018829	
222	0.999998	-0.000000	-0.017456	0.000000	0.999998	-0.003937	
223	0.999996	0.000002	-0.014160	-0.000002	0.999996	-0.001648	
224	1.000004	-0.000000	-0.010742	0.000000	1.000004	-0.000641	
225	1.000021	0.000007	-0.088257	-0.000007	1.000021	0.034149	
226	1.000062	0.000055	-0.417603	-0.000055	1.000062	0.205597	
227	1.000006	-0.000004	-0.041748	0.000004	1.000006	0.013702	
228	0.999998	0.000003	-0.029175	-0.000003	0.999998	-0.006653	
229	1.000021	0.000022	-0.130371	-0.000022	1.000021	-0.058655	
230	1.000021	-0.000006	-0.091919	0.000006	1.000021	-0.040649	
231	1.000029	0.000006	-0.142822	-0.000006	1.000029	-0.051392	
232	0.999991	-0.000007	-0.022583	0.000007	0.999991	-0.025391	
233	1.000009	-0.000063	-0.100098	0.000063	1.000009	-0.051575	
234	1.000040	-0.000091	-0.194336	0.000091	1.000040	-0.406921	
235	0.999987	0.000004	-0.185425	-0.000004	0.999987	0.126190	
236	1.000003	-0.000064	-0.075439	0.000064	1.000003	-0.192627	
237	1.000128	0.000019	-0.195801	-0.000019	1.000128	-0.019165	
238	1.000047	0.000027	-0.337036	-0.000027	1.000047	0.133423	
239	0.999888	-0.000026	0.190430	0.000026	0.999888	-0.142090	
240	1.000040	0.000049	-0.058472	-0.000049	1.000040	0.188751	
241	0.999988	-0.000037	-0.008057	0.000037	0.999988	-0.063599	
242	1.000000	-0.000025	0.006592	0.000025	1.000000	-0.144958	
243	1.000015	0.000012	0.020630	-0.000012	1.000015	0.024384	
244	0.999957	0.000065	0.206299	-0.000065	0.999957	0.279266	
245	1.000003	-0.000040	0.038330	0.000040	1.000003	-0.256439	
246	0.999984	-0.000016	0.026978	0.000016	0.999984	-0.067596	
247	0.999977	-0.000001	0.099487	0.000001	0.999977	-0.026825	
248	0.999981	-0.000009	0.178711	0.000009	0.999981	-0.057495	
249	0.999997	-0.000007	0.073242	0.000007	0.999997	-0.043640	
250	0.999960	0.000013	0.179077	-0.000013	0.999960	0.014740	
251	0.999975	0.000034	0.099365	-0.000034	0.999975	0.076569	
252	0.999946	0.000005	0.082520	-0.000005	0.999946	-0.027008	
253	1.000026	0.000006	-0.020020	-0.000006	1.000026	0.042786	
254	1.000053	0.000018	-0.054688	-0.000018	1.000053	0.323181	
255	1.000021	0.000029	-0.002441	-0.000029	1.000021	-0.118256	
256	1.000021	0.000063	-0.042480	-0.000063	1.000021	0.158966	
257	0.999888	-0.000058	0.156372	0.000058	0.999888	0.096405	
258	1.000002	0.000004	0.009277	-0.000004	1.000002	-0.041382	
259	1.000090	0.000032	-0.142090	-0.000032	1.000090	0.080017	
260	0.999985	-0.000059	-0.131348	0.000059	0.999985	-0.227173	
261	1.000008	0.000012	-0.069946	-0.000012	1.000008	-0.073608	
262	1.000034	0.000075	-0.031006	-0.000075	1.000034	0.274445	
263	1.000009	-0.000028	-0.133545	0.000028	1.000009	-0.068787	
264	0.999967	0.000000	-0.002319	-0.000000	0.999967	-0.037476	
265	1.000037	-0.000015	-0.182739	0.000015	1.000037	-0.058258	
266	1.000004	-0.000015	-0.025391	0.000015	1.000004	-0.034668	
267	1.000003	0.000005	-0.021118	-0.000005	1.000003	-0.009979	
268	1.000003	0.000001	-0.018433	-0.000001	1.000003	-0.008301	
269	0.999998	0.000007	0.034546	-0.000007	0.999998	0.013489	
270	1.000010	0.000018	-0.114136	-0.000018	1.000010	0.019348	
271	1.000091	0.000012	-0.438477	-0.000012	1.000091	-0.012817	
272	1.000021	0.000012	-0.239990	-0.000012	1.000021	-0.010132	
273	1.000002	0.000032	-0.112549	-0.000032	1.000002	0.064941	
274	1.000087	0.000028	-0.427124	-0.000028	1.000087	0.038605	
275	1.000096	0.000038	-0.619019	-0.000038	1.000096	0.100983	
276	1.000035	-0.000005	-0.208374	0.000005	1.000035	0.023254	
277	1.000057	-0.000006	-0.246704	0.000006	1.000057	0.000854	
278	1.000014	-0.000017	-0.114624	0.000017	1.000014	-0.084686	
279	1.000059	-0.000012	-0.325684	0.000012	1.000059	-0.167908	
280	1.000022	-0.000014	-0.179688	0.000014	1.000022	-0.114166	
281	1.000006	0.000025	-0.218140	-0.000025	1.000006	-0.078735	
282	1.000001	-0.000017	-0.110352	0.000017	1.000001	-0.095306	
283	1.000057	-0.000002	-0.192383	0.000002	1.000057	-0.200500	
284	1.000059	0.000028	-0.287476	-0.000028	1.000059	0.238800	
285	1.000066	-0.000022	-0.286255	0.000022	1.000066	-0.225739	
286	1.000157	0.000032	-0.656250	-0.000032	1.000157	0.171661	
287	0.999862	0.000076	0.101929	-0.000076	0.999862	0.533905	
288	1.000014	-0.000037	-0.175049	0.000037	1.000014	-0.100464	
289	1.000111	0.000060	-0.302368	-0.000060	1.000111	0.015350	
290	1.000024	-0.000017	-0.308105	0.000017	1.000024	0.132935	
291	1.000075	0.000047	-0.413818	-0.000047	1.000075	0.101685	
292	1.000023	0.000032	-0.065063	-0.000032	1.000023	0.174774	
293	1.000006	0.000020	-0.228394	-0.000020	1.000006	0.153870	
294	1.000066	-0.000056	-0.427124	0.000056	1.000066	-0.143280	
295	1.000158	0.000043	-0.711548	-0.000043	1.000158	0.264160	
296	1.000122	-0.000041	-0.765991	0.000041	1.000122	0.103027	
297	1.001091	0.000042	-1.256958	-0.000042	1.001091	-0.466461	
298	1.004863	0.000007	-5.955078	-0.000007	1.004863	-2.249268	
299	1.009239	0.000046	-10.238159	-0.000046	1.009239	-4.573853	
300	1.040104	-0.000246	-42.874268	0.000246	1.040104	-21.266602	
301	1.028908	-0.000034	-30.670288	0.000034	1.028908	-15.407196	
302	1.016469	-0.000068	-17.396118	0.000068	1.016469	-8.603546	
303	1.023157	-0.000105	-24.727661	0.000105	1.023157	-12.220215	
304	1.013884	0.000028	-14.841309	-0.000028	1.013884	-7.803192	
305	1.025298	-0.000141	-28.041199	0.000141	1.025298	-12.021057	
306	1.012680	-0.000092	-13.494568	0.000092	1.012680	-6.924805	
307	1.006542	0.000053	-7.029053	-0.000053	1.006542	-3.326172	
308	1.006575	-0.000071	-7.408447	0.000071	1.006575	-3.249756	
309	1.004115	-0.000069	-4.259155	0.000069	1.004115	-2.353699	
310	1.004456	-0.000092	-5.246887	0.000092	1.004456	-2.039856	
311	1.000516	0.000001	-0.637817	-0.000001	1.000516	-0.108063	
312	1.000046	-0.000044	0.031616	0.000044	1.000046	-0.129242	
313	1.000088	0.000073	-0.035400	-0.000073	1.000088	0.215210	
314	0.999991	0.000053	0.285767	-0.000053	0.999991	0.324951	
315	0.999796	-0.000015	1.109863	0.000015	0.999796	0.202240	
316	0.999847	0.000025	0.916992	-0.000025	0.999847	0.113373	
317	0.999959	-0.000012	0.340698	0.000012	0.999959	0.134521	
318	0.999880	-0.000061	1.250549	0.000061	0.999880	0.095825	
319	0.999924	-0.000038	0.539795	0.000038	0.999924	0.025696	
320	0.999949	-0.000287	2.491943	0.000287	0.999949	0.023834	
321	0.999953	-0.000166	1.744751	0.000166	0.999953	0.070343	
322	0.999993	-0.000018	1.442627	0.000018	0.999993	0.255951	
323	1.000004	-0.000078	2.073242	0.000078	1.000004	-0.013214	
324	0.999881	-0.000046	1.580200	0.000046	0.999881	0.079163	
325	0.999962	-0.000273	4.259338	0.000273	0.999962	0.097290	
326	0.999973	-0.000123	2.907043	0.000123	0.999973	0.129181	
327	0.999965	-0.000069	1.960632	0.000069	0.999965	0.029663	
328	1.000005	-0.000129	3.105774	0.000129	1.000005	0.003693	
329	0.999940	-0.000122	2.214539	0.000122	0.999940	0.076660	
330	1.000038	-0.000162	5.754456	0.000162	1.000038	0.309845	
331	0.999948	-0.000038	3.303162	0.000038	0.999948	-0.012329	
332	0.999944	-0.000065	2.276184	0.000065	0.999944	0.201202	
333	0.999937	-0.000062	3.188110	0.000062	0.999937	-0.092682	
334	1.000132	-0.000029	2.019043	0.000029	1.000132	-0.055389	
335	0.999780	-0.000126	5.018860	0.000126	0.999780	-0.038574	
336	1.000068	0.000058	2.699890	-0.000058	1.000068	-0.111389	
337	1.000123	0.000075	1.448303	-0.000075	1.000123	0.739227	
338	0.999902	-0.000005	2.886475	0.000005	0.999902	-0.113739	
339	0.999890	-0.000034	1.544373	0.000034	0.999890	-0.322784	
340	0.999968	0.000082	4.173462	-0.000082	0.999968	0.122620	
341	0.999947	0.000128	1.868042	-0.000128	0.999947	0.042908	
342	1.000006	0.000114	1.175964	-0.000114	1.000006	0.024292	
343	0.999725	0.000132	1.572083	-0.000132	0.999725	0.139008	
344	0.999702	0.000015	1.151550	-0.000015	0.999702	-0.099091	
345	1.000054	0.000102	1.737366	-0.000102	1.000054	-0.503845	
346	0.999814	0.000048	1.036560	-0.000048	0.999814	0.023865	
347	0.999953	-0.000006	0.308167	0.000006	0.999953	-0.080170	
348	0.999827	0.000015	0.892212	-0.000015	0.999827	-0.141510	
349	0.999930	0.000021	0.527588	-0.000021	0.999930	-0.078125	
350	0.999879	-0.000011	0.560059	0.000011	0.999879	-0.368408	
351	1.000020	0.000013	0.028992	-0.000013	1.000020	-0.059021	
352	0.999999	0.000001	0.008728	-0.000001	0.999999	-0.028931	
353	0.999986	0.000012	0.017029	-0.000012	0.999986	-0.009155	
354	0.999999	0.000030	-0.038208	-0.000030	0.999999	-0.155945	
355	1.000030	-0.000019	-0.167542	0.000019	1.000030	-0.140106	
356	1.000107	-0.000008	-0.568054	0.000008	1.000107	-0.051392	
357	1.000078	0.000008	-0.314880	-0.000008	1.000078	-0.016571	
358	1.000040	-0.000004	-0.103760	0.000004	1.000040	-0.007446	
359	1.000062	-0.000002	-0.340820	0.000002	1.000062	-0.042816	
360	1.000073	0.000000	-0.415283	-0.000000	1.000073	-0.045074	
361	1.000203	0.000027	-0.984253	-0.000027	1.000203	-0.066528	
362	0.999995	0.000000	-0.029114	-0.000000	0.999995	-0.013733	
363	1.000072	0.000003	-0.471130	-0.000003	1.000072	-0.068512	
364	1.000104	0.000008	-0.300476	-0.000008	1.000104	-0.052429	
365	1.000145	-0.000027	-0.911560	0.000027	1.000145	-0.119904	
366	1.000075	-0.000003	-0.384705	0.000003	1.000075	-0.025757	
367	1.000098	0.000021	-0.369507	-0.000021	1.000098	0.061340	
368	1.000073	-0.000060	-0.398315	0.000060	1.000073	-0.207245	
369	1.000124	0.000017	-0.377441	-0.000017	1.000124	-0.093048	
370	1.000191	-0.000042	-1.001892	0.000042	1.000191	-0.275635	
371	1.000159	0.000026	-0.735901	-0.000026	1.000159	-0.022400	
372	1.000060	0.000021	-0.241516	-0.000021	1.000060	0.007874	
373	1.000081	0.000002	-0.405090	-0.000002	1.000081	-0.034363	
374	1.000130	0.000022	-0.430054	-0.000022	1.000130	0.102600	
375	1.000172	0.000040	-0.866638	-0.000040	1.000172	0.186798	
376	1.000104	0.000036	-0.571777	-0.000036	1.000104	0.227020	
377	1.000059	-0.000005	-0.296570	0.000005	1.000059	-0.010010	
378	1.000071	-0.000009	-0.456360	0.000009	1.000071	-0.057770	
379	1.000045	0.000045	-0.238647	-0.000045	1.000045	0.092834	
380	1.000089	-0.000038	-0.467773	0.000038	1.000089	-0.022156	
381	1.000028	-0.000013	-0.242188	0.000013	1.000028	-0.051056	
382	1.000066	-0.000034	-0.158691	0.000034	1.000066	-0.074280	
383	1.000024	-0.000023	-0.190613	0.000023	1.000024	-0.081635	
384	1.000017	0.000007	-0.236267	-0.000007	1.000017	-0.042694	
385	1.000040	-0.000017	-0.347656	0.000017	1.000040	0.093842	
386	1.000218	0.000002	-0.552795	-0.000002	1.000218	-0.208160	
387	0.999787	0.000008	0.067627	-0.000008	0.999787	0.190155	
388	1.000215	-0.000012	-0.384888	0.000012	1.000215	-0.269287	
389	0.999949	0.000017	-0.093506	-0.000017	0.999949	0.154999	
390	1.000101	0.000034	-0.474426	-0.000034	1.000101	0.093658	
391	0.999978	-0.000042	-0.179688	0.000042	0.999978	-0.208618	
392	1.000072	0.000053	-0.180420	-0.000053	1.000072	0.015778	
393	0.999973	-0.000014	-0.173706	0.000014	0.999973	-0.136047	
394	1.000090	-0.000036	-0.235657	0.000036	1.000090	-0.132751	
395	1.000068	-0.000033	-0.463074	0.000033	1.000068	-0.085022	
396	1.000023	0.000106	-0.222534	-0.000106	1.000023	0.452454	
397	0.999991	-0.000044	-0.157166	0.000044	0.999991	-0.187592	
398	1.000007	0.000032	-0.089844	-0.000032	1.000007	0.056732	
399	0.999968	0.000031	0.004150	-0.000031	0.999968	0.038391	
400	0.999981	0.000028	-0.261353	-0.000028	0.999981	0.195557	
401	1.000021	0.000039	-0.125366	-0.000039	1.000021	0.237427	
402	0.999958	-0.000011	0.044861	0.000011	0.999958	-0.000854	
403	0.999993	0.000027	0.005981	-0.000027	0.999993	-0.001709	
404	0.999986	0.000006	0.035217	-0.000006	0.999986	0.041718	
405	1.000014	-0.000004	-0.171082	0.000004	1.000014	-0.136749	
406	1.000038	0.000032	-0.146973	-0.000032	1.000038	0.100952	
407	1.000035	0.000024	-0.053772	-0.000024	1.000035	0.074219	
408	1.000004	0.000043	-0.101257	-0.000043	1.000004	0.058838	
409	0.999986	-0.000010	-0.035828	0.000010	0.999986	-0.034668	
410	0.999979	-0.000020	0.048218	0.000020	0.999979	-0.127136	
411	0.999963	-0.000042	-0.022095	0.000042	0.999963	-0.256134	
412	0.999962	-0.000003	0.235413	0.000003	0.999962	-0.043579	
413	1.000023	0.000007	-0.203491	-0.000007	1.000023	-0.008179	
414	1.000004	-0.000009	-0.006287	0.000009	1.000004	0.002502	
415	1.000010	-0.000003	-0.003113	0.000003	1.000010	0.017914	
416	1.000024	-0.000008	-0.037842	0.000008	1.000024	0.242859	
417	0.999994	-0.000009	-0.001038	0.000009	0.999994	-0.001007	
418	1.000001	0.000003	-0.000061	-0.000003	1.000001	0.005615	
419	1.000000	0.000005	0.048462	-0.000005	1.000000	0.000977	
420	0.999998	-0.000003	0.004700	0.000003	0.999998	-0.000763	
421	0.999972	0.000032	0.231201	-0.000032	0.999972	-0.038055	
422	0.999992	-0.000117	-0.075439	0.000117	0.999992	-0.192383	
423	1.000001	0.000046	-0.022522	-0.000046	1.000001	0.090210	
424	0.999986	0.000028	-0.003418	-0.000028	0.999986	0.076965	
425	1.000007	-0.000001	0.083008	0.000001	1.000007	0.028961	
426	1.000003	0.000013	-0.053711	-0.000013	1.000003	-0.037079	
427	1.000005	-0.000006	-0.050964	0.000006	1.000005	-0.030792	
428	1.000010	-0.000009	-0.027649	0.000009	1.000010	-0.001190	
429	1.000016	0.000023	-0.040405	-0.000023	1.000016	0.038055	
430	0.999989	-0.000026	-0.000488	0.000026	0.999989	-0.063660	
431	1.000021	-0.000078	-0.155762	0.000078	1.000021	-0.283997	
432	1.000012	-0.000044	-0.038635	0.000044	1.000012	-0.120636	
433	1.000010	-0.000007	0.007141	0.000007	1.000010	-0.002502	
434	1.000006	-0.000004	0.005859	0.000004	1.000006	0.002838	
435	1.000019	-0.000000	-0.002869	0.000000	1.000019	0.006073	
436	0.999990	-0.000009	-0.018433	0.000009	0.999990	0.000641	
437	0.999978	0.000008	0.001282	-0.000008	0.999978	0.006042	
438	0.999975	0.000004	0.002747	-0.000004	0.999975	-0.000031	
439	0.999992	-0.000014	-0.023254	0.000014	0.999992	0.005707	
440	0.999991	-0.000009	-0.005188	0.000009	0.999991	0.010651	
441	0.999979	-0.000026	0.125366	0.000026	0.999979	-0.055847	
442	0.999989	-0.000068	0.094788	0.000068	0.999989	-0.111908	
443	0.999998	-0.000002	0.003662	0.000002	0.999998	0.001190	
444	0.999960	-0.000014	0.185059	0.000014	0.999960	-0.003662	
445	0.999973	-0.000005	0.167664	0.000005	0.999973	-0.003754	
446	0.999931	-0.000016	0.235229	0.000016	0.999931	0.012604	
447	0.999999	-0.000050	0.085449	0.000050	0.999999	0.012665	
448	0.999990	-0.000008	-0.063660	0.000008	0.999990	0.030853	
449	1.000033	-0.000023	-0.066895	0.000023	1.000033	0.064423	
450	1.000039	-0.000025	0.012085	0.000025	1.000039	0.066345	
451	1.000008	-0.000004	0.069885	0.000004	1.000008	-0.013611	
452	1.000036	0.000022	0.024414	-0.000022	1.000036	0.083832	
453	0.999980	-0.000030	0.145203	0.000030	0.999980	-0.139618	
454	0.999962	-0.000033	0.314819	0.000033	0.999962	-0.157959	
455	0.999935	0.000012	0.145813	-0.000012	0.999935	-0.064514	
456	0.999995	-0.000013	0.041748	0.000013	0.999995	-0.056458	
457	1.000024	0.000023	0.008118	-0.000023	1.000024	0.036987	
458	1.000006	0.000016	0.023315	-0.000016	1.000006	0.007996	
459	1.000013	0.000023	0.036194	-0.000023	1.000013	-0.035889	
460	0.999998	0.000005	0.042786	-0.000005	0.999998	-0.111328	
461	0.999999	-0.000018	0.013672	0.000018	0.999999	-0.219482	
462	1.000005	0.000016	0.059265	-0.000016	1.000005	-0.004578	
463	1.000031	0.000011	-0.002747	-0.000011	1.000031	0.016174	
464	1.000062	0.000015	-0.036804	-0.000015	1.000062	0.048096	
465	1.000053	0.000053	-0.010559	-0.000053	1.000053	0.094360	
466	1.000060	0.000031	-0.225647	-0.000031	1.000060	-0.034271	
467	0.999977	0.000054	-0.017578	-0.000054	0.999977	0.010223	
468	1.000010	0.000028	-0.056946	-0.000028	1.000010	0.005280	
469	1.000064	0.000028	-0.216370	-0.000028	1.000064	0.070251	
470	1.000044	0.000017	-0.201904	-0.000017	1.000044	0.070435	
471	1.000025	-0.000006	-0.112732	0.000006	1.000025	0.043091	
472	1.000008	0.000030	-0.043884	-0.000030	1.000008	0.073792	
473	1.000003	0.000027	-0.028381	-0.000027	1.000003	0.166046	
474	0.999983	-0.000020	0.039429	0.000020	0.999983	0.023438	
475	0.999987	0.000004	0.044067	-0.000004	0.999987	0.045929	
476	0.999972	-0.000009	-0.037903	0.000009	0.999972	0.064972	
477	1.000053	-0.000024	-0.072998	0.000024	1.000053	-0.114716	
478	0.999983	0.000002	0.035889	-0.000002	0.999983	0.091064	
479	0.999929	0.000026	0.042542	-0.000026	0.999929	0.216248	
480	1.000015	-0.000062	-0.055481	0.000062	1.000015	-0.210327	
481	0.999998	-0.000024	-0.137329	0.000024	0.999998	-0.146942	
482	1.000004	-0.000041	-0.101501	0.000041	1.000004	-0.108002	
483	0.999969	-0.000022	-0.069275	0.000022	0.999969	-0.122711	
484	1.000022	0.000029	-0.008789	-0.000029	1.000022	-0.079346	
485	1.000016	0.000016	-0.074219	-0.000016	1.000016	-0.066467	
486	1.000035	0.000017	-0.048584	-0.000017	1.000035	-0.035370	
487	1.000014	0.000004	-0.040955	-0.000004	1.000014	0.016663	
488	1.000002	0.000009	-0.019470	-0.000009	1.000002	0.023834	
489	1.000030	0.000003	-0.033203	-0.000003	1.000030	0.007507	
490	1.000009	-0.000008	-0.026184	0.000008	1.000009	-0.000977	
491	1.000007	0.000009	0.006653	-0.000009	1.000007	-0.070923	
492	0.999995	-0.000007	0.043884	0.000007	0.999995	-0.029816	
493	0.999992	-0.000001	0.022949	0.000001	0.999992	-0.008942	
494	1.000021	-0.000003	0.084473	0.000003	1.000021	0.020355	
495	0.999993	-0.000006	0.032898	0.000006	0.999993	0.083771	
496	1.000014	0.000016	0.051270	-0.000016	1.000014	0.084198	
497	1.000008	-0.000002	-0.037537	0.000002	1.000008	-0.006104	
498	0.999980	-0.000020	-0.013977	0.000020	0.999980	-0.048309	
499	0.999983	-0.000012	-0.023315	0.000012	0.999983	-0.073059	
500	0.999998	-0.000005	-0.058533	0.000005	0.999998	-0.055206	
501	1.000038	-0.000101	-0.132080	0.000101	1.000038	-0.324646	
502	1.000005	-0.000027	-0.027161	0.000027	1.000005	-0.090027	
503	0.999968	-0.000026	0.013489	0.000026	0.999968	-0.120789	
504	0.999981	-0.000002	0.027649	0.000002	0.999981	-0.105957	
505	0.999992	-0.000017	-0.011780	0.000017	0.999992	-0.066467	
506	1.000069	0.000025	-0.307617	-0.000025	1.000069	0.015656	
507	1.000008	0.000040	-0.125793	-0.000040	1.000008	0.024353	
508	0.999997	-0.000006	0.003784	0.000006	0.999997	-0.024628	
509	0.999981	-0.000041	-0.022644	0.000041	0.999981	-0.045380	
510	0.999984	-0.000003	-0.002625	0.000003	0.999984	-0.013916	
511	1.000012	0.000010	0.013184	-0.000010	1.000012	-0.073944	
512	1.000031	-0.000026	-0.032959	0.000026	1.000031	-0.062012	
513	1.000024	-0.000067	-0.054138	0.000067	1.000024	-0.060181	
514	1.000044	-0.000086	-0.025696	0.000086	1.000044	-0.154999	
515	1.000017	-0.000081	-0.005005	0.000081	1.000017	-0.115845	
516	1.000106	-0.000047	-0.315674	0.000047	1.000106	0.017120	
517	1.000058	0.000017	-0.113953	-0.000017	1.000058	0.048340	
518	1.000080	0.000042	-0.202393	-0.000042	1.000080	0.190582	
519	1.000042	-0.000020	-0.053833	0.000020	1.000042	0.009979	
520	1.000059	-0.000042	-0.104248	0.000042	1.000059	0.000916	
521	1.000105	-0.000038	-0.322205	0.000038	1.000105	0.019379	
522	1.000051	-0.000012	-0.035522	0.000012	1.000051	0.001160	
523	1.000053	0.000014	-0.077881	-0.000014	1.000053	0.283630	
524	1.000064	-0.000001	-0.023987	0.000001	1.000064	-0.012390	
525	1.000051	0.000036	0.062805	-0.000036	1.000051	0.135559	
526	1.000031	0.000053	0.199707	-0.000053	1.000031	0.135193	
527	1.000047	0.000076	-0.082642	-0.000076	1.000047	0.160950	
528	0.999963	0.000009	0.213135	-0.000009	0.999963	0.099426	
529	0.999978	0.000033	0.182739	-0.000033	0.999978	0.121399	
530	1.000012	0.000007	-0.043152	-0.000007	1.000012	0.056122	
531	0.999960	0.000034	0.243225	-0.000034	0.999960	0.083801	
532	0.999999	-0.000003	0.022888	0.000003	0.999999	-0.001404	
533	1.000000	-0.000001	0.008972	0.000001	1.000000	0.005737	
534	1.000004	-0.000004	-0.006592	0.000004	1.000004	0.004578	
535	0.999991	0.000012	0.022949	-0.000012	0.999991	0.022369	
536	0.999988	0.000032	0.101501	-0.000032	0.999988	0.122711	
537	0.999973	0.000030	0.100281	-0.000030	0.999973	0.042053	
538	0.999985	0.000028	0.153625	-0.000028	0.999985	-0.011078	
539	0.999968	-0.000022	0.140747	0.000022	0.999968	-0.039307	
540	0.999998	-0.000003	-0.010376	0.000003	0.999998	0.002350	
541	0.999992	0.000012	0.062561	-0.000012	0.999992	-0.002197	
542	1.000010	0.000003	0.013855	-0.000003	1.000010	-0.001465	
543	0.999969	-0.000038	-0.027222	0.000038	0.999969	-0.031464	
544	0.999986	-0.000016	-0.082703	0.000016	0.999986	-0.068970	
545	0.999988	-0.000016	-0.062378	0.000016	0.999988	-0.041565	
546	1.000179	-0.000060	-0.697144	0.000060	1.000179	-0.182861	
547	0.999984	-0.000043	-0.029114	0.000043	0.999984	-0.083344	
548	1.000006	-0.000028	-0.084778	0.000028	1.000006	-0.067657	
549	1.000034	-0.000053	-0.261902	0.000053	1.000034	-0.144073	
550	1.000041	-0.000016	-0.241089	0.000016	1.000041	-0.023468	
551	1.000029	-0.000030	-0.145081	0.000030	1.000029	-0.062531	
552	0.999996	-0.000015	-0.008789	0.000015	0.999996	-0.052338	
553	0.999976	-0.000048	-0.002563	0.000048	0.999976	-0.091095	
554	0.999996	-0.000009	-0.040405	0.000009	0.999996	-0.091644	
555	0.999989	-0.000009	-0.025696	0.000009	0.999989	-0.070648	
556	1.000015	-0.000011	-0.082397	0.000011	1.000015	0.026947	
557	1.000010	0.000028	-0.023560	-0.000028	1.000010	0.109344	
558	1.000007	0.000016	-0.027039	-0.000016	1.000007	0.037598	
559	1.000006	-0.000010	-0.018616	0.000010	1.000006	0.000336	
560	0.999997	0.000013	0.065430	-0.000013	0.999997	-0.004822	
561	0.999993	0.000032	-0.015320	-0.000032	0.999993	0.027191	
562	0.999966	0.000005	0.000183	-0.000005	0.999966	-0.001434	
563	0.999999	-0.000005	-0.022827	0.000005	0.999999	0.006866	
564	0.999976	-0.000032	0.132935	0.000032	0.999976	-0.063446	
565	0.999968	-0.000026	0.139587	0.000026	0.999968	-0.064728	
566	0.999947	-0.000024	0.256165	0.000024	0.999947	-0.268158	
567	0.999963	0.000003	0.064819	-0.000003	0.999963	-0.051422	
568	0.999996	-0.000068	-0.169678	0.000068	0.999996	-0.035187	
569	1.000026	-0.000033	-0.055359	0.000033	1.000026	-0.034576	
570	1.000029	-0.000009	-0.051697	0.000009	1.000029	0.041626	
571	0.999956	0.000005	0.002197	-0.000005	0.999956	-0.021179	
572	0.999995	0.000033	-0.097961	-0.000033	0.999995	-0.045624	
573	1.000014	-0.000030	-0.046265	0.000030	1.000014	-0.042297	
574	0.999985	-0.000019	-0.054993	0.000019	0.999985	-0.056244	
575	0.999994	-0.000020	-0.065918	0.000020	0.999994	-0.068756	
576	1.000005	-0.000022	-0.044434	0.000022	1.000005	0.001984	
577	1.000017	-0.000014	-0.069458	0.000014	1.000017	0.018951	
578	1.000025	0.000016	-0.026062	-0.000016	1.000025	0.041718	
579	0.999994	-0.000011	0.010315	0.000011	0.999994	0.013672	
580	1.000006	-0.000012	0.000549	0.000012	1.000006	-0.005035	
581	0.999993	-0.000004	0.060730	0.000004	0.999993	-0.020264	
582	0.999981	0.000003	0.052673	-0.000003	0.999981	-0.093658	
583	1.000001	0.000012	0.012451	-0.000012	1.000001	-0.022675	
584	1.000021	-0.000030	-0.029602	0.000030	1.000021	-0.032806	
585	0.999992	-0.000043	-0.010010	0.000043	0.999992	-0.045898	
586	0.999989	-0.000014	-0.006531	0.000014	0.999989	-0.007629	
587	1.000072	0.000043	-0.234619	-0.000043	1.000072	0.050293	
588	0.999996	-0.000008	-0.006836	0.000008	0.999996	0.056244	
589	0.999991	0.000003	0.000427	-0.000003	0.999991	0.042603	
590	0.999979	0.000051	0.053223	-0.000051	0.999979	0.078125	
591	0.999974	0.000031	0.061951	-0.000031	0.999974	0.066223	
592	0.999994	0.000026	0.026367	-0.000026	0.999994	0.099152	
593	0.999984	0.000014	0.023682	-0.000014	0.999984	0.008667	
594	0.999976	0.000001	0.030334	-0.000001	0.999976	0.020386	
595	0.999979	-0.000015	0.046570	0.000015	0.999979	-0.008789	
596	0.999980	-0.000020	0.035156	0.000020	0.999980	0.038727	
597	1.000002	0.000007	0.058838	-0.000007	1.000002	0.034882	
598	0.999995	-0.000004	0.013306	0.000004	0.999995	-0.001404	
599	0.999990	0.000005	-0.007202	-0.000005	0.999990	0.003479	
600	0.999986	-0.000001	0.003601	0.000001	0.999986	-0.013824	
601	1.000000	-0.000065	0.022705	0.000065	1.000000	-0.257538	
602	0.999929	-0.000006	0.047180	0.000006	0.999929	-0.011292	
603	1.000081	0.000028	-0.063293	-0.000028	1.000081	-0.018341	
604	0.999947	-0.000004	0.018433	0.000004	0.999947	0.079254	
605	1.000023	-0.000033	-0.009155	0.000033	1.000023	-0.146790	
606	0.999993	-0.000010	0.004517	0.000010	0.999993	-0.027496	
607	1.000018	0.000014	-0.016113	-0.000014	1.000018	-0.037354	
608	0.999922	-0.000080	0.155090	0.000080	0.999922	-0.232422	
609	1.000049	-0.000017	0.021240	0.000017	1.000049	-0.070801	
610	0.999968	-0.000036	0.109375	0.000036	0.999968	0.008484	
611	0.999972	-0.000012	0.085449	0.000012	0.999972	-0.093719	
612	0.999918	-0.000014	0.148071	0.000014	0.999918	-0.084930	
613	1.000000	0.000009	0.049377	-0.000009	1.000000	0.001129	
614	0.999971	0.000008	0.014160	-0.000008	0.999971	0.030609	
615	0.999993	0.000020	0.037537	-0.000020	0.999993	-0.000336	
616	0.999977	0.000011	0.057495	-0.000011	0.999977	0.035919	
617	1.000024	0.000082	0.017273	-0.000082	1.000024	0.243622	
618	0.999996	-0.000001	0.016418	0.000001	0.999996	0.022919	
619	0.999988	-0.000005	0.023254	0.000005	0.999988	0.001709	
620	0.999989	-0.000003	0.010315	0.000003	0.999989	0.004639	
621	0.999998	0.000037	0.003113	-0.000037	0.999998	0.147949	
622	0.999933	-0.000069	0.160034	0.000069	0.999933	-0.016418	
623	1.000024	0.000014	0.076904	-0.000014	1.000024	-0.078857	
624	0.999951	0.000057	0.098328	-0.000057	0.999951	0.508881	
625	0.999928	-0.000037	0.188293	0.000037	0.999928	-0.405914	
626	1.000136	0.000072	-0.100464	-0.000072	1.000136	0.303192	
627	1.000004	0.000048	0.078247	-0.000048	1.000004	0.238770	
628	0.999952	-0.000037	0.057312	0.000037	0.999952	-0.098053	
629	1.000016	0.000026	-0.066223	-0.000026	1.000016	-0.011627	
630	0.999986	-0.000024	-0.014648	0.000024	0.999986	-0.047119	
631	1.000002	-0.000037	-0.099426	0.000037	1.000002	-0.148499	
632	1.000010	-0.000108	-0.340759	0.000108	1.000010	-0.396912	
633	1.000074	0.000036	-0.156616	-0.000036	1.000074	0.031189	
634	0.999974	0.000077	-0.171143	-0.000077	0.999974	0.333557	
635	0.999999	-0.000040	-0.051575	0.000040	0.999999	-0.192413	
636	1.000177	-0.000063	-0.239990	0.000063	1.000177	-0.336334	
637	0.999929	0.000019	-0.435852	-0.000019	0.999929	0.084625	
638	1.000081	-0.000004	-0.079895	0.000004	1.000081	-0.069397	
639	1.000037	0.000117	-0.084290	-0.000117	1.000037	0.659393	
640	1.000030	-0.000026	-0.071411	0.000026	1.000030	-0.187866	
641	1.000032	0.000033	-0.059204	-0.000033	1.000032	0.063599	
642	0.999973	0.000045	0.048279	-0.000045	0.999973	0.237823	
643	0.999949	-0.000014	0.054993	0.000014	0.999949	-0.052246	
644	1.000087	0.000041	-0.176575	-0.000041	1.000087	-0.024048	
645	1.000019	0.000008	-0.109497	-0.000008	1.000019	0.122467	
646	0.999958	-0.000020	0.099915	0.000020	0.999958	-0.132507	
647	0.999928	-0.000042	0.068542	0.000042	0.999928	-0.074554	
648	1.000030	-0.000000	-0.015930	0.000000	1.000030	-0.001373	
649	0.999988	-0.000011	0.154358	0.000011	0.999988	0.177856	
650	0.999976	-0.000024	0.029419	0.000024	0.999976	-0.099030	
651	1.000058	0.000025	-0.064575	-0.000025	1.000058	0.093201	
652	1.000028	0.000002	0.017029	-0.000002	1.000028	-0.015289	
653	0.999961	-0.000004	0.038696	0.000004	0.999961	0.006683	
654	1.000038	-0.000052	-0.143066	0.000052	1.000038	-0.229614	
655	1.000017	0.000023	0.058655	-0.000023	1.000017	0.198608	
656	0.999930	-0.000078	0.232117	0.000078	0.999930	-0.293976	
657	0.999890	-0.000044	0.381653	0.000044	0.999890	-0.311646	
658	1.000026	-0.000030	0.110901	0.000030	1.000026	-0.215179	
659	0.999595	0.000048	0.639282	-0.000048	0.999595	-0.086823	
660	0.998329	-0.000034	2.787659	0.000034	0.998329	0.465881	
661	0.999667	0.000053	0.401917	-0.000053	0.999667	0.280182	
662	0.998850	0.000046	1.593262	-0.000046	0.998850	0.466125	
663	0.997885	-0.000022	1.958740	0.000022	0.997885	0.993958	
664	0.998801	0.000159	1.195312	-0.000159	0.998801	0.911407	
665	0.999198	0.000033	0.968140	-0.000033	0.999198	0.447784	
666	0.999814	0.000009	0.183838	-0.000009	0.999814	0.163544	
667	0.999593	0.000014	0.419800	-0.000014	0.999593	0.383667	
668	0.999969	0.000031	-0.004761	-0.000031	0.999969	0.155762	
669	0.999883	-0.000037	0.097046	0.000037	0.999883	-0.035767	
670	1.000051	0.000081	-0.085632	-0.000081	1.000051	0.269684	
671	0.999870	0.000058	0.105896	-0.000058	0.999870	0.334167	
672	0.999942	0.000081	0.127686	-0.000081	0.999942	0.302826	
673	0.999957	0.000009	0.126892	-0.000009	0.999957	-0.042328	
674	1.000028	0.000004	-0.033508	-0.000004	1.000028	0.054260	
675	0.999959	0.000019	0.123291	-0.000019	0.999959	0.020416	
676	1.000069	0.000036	0.000061	-0.000036	1.000069	0.131317	
677	1.000044	-0.000022	-0.003418	0.000022	1.000044	-0.055603	
678	1.000006	0.000013	-0.004761	-0.000013	1.000006	0.176849	
679	0.999979	-0.000035	0.043640	0.000035	0.999979	-0.072784	
680	1.000056	0.000064	-0.056885	-0.000064	1.000056	0.324738	
681	0.999885	-0.000123	0.145020	0.000123	0.999885	-0.456085	
682	1.000015	0.000044	-0.142578	-0.000044	1.000015	0.325287	
683	1.000035	-0.000011	-0.028198	0.000011	1.000035	-0.106384	
684	1.000009	0.000044	0.014587	-0.000044	1.000009	0.089264	
685	0.999978	0.000006	0.026001	-0.000006	0.999978	-0.050507	
686	1.000002	0.000071	0.008606	-0.000071	1.000002	0.180878	
687	1.000009	0.000021	-0.008728	-0.000021	1.000009	0.040192	
688	0.999997	0.000010	0.008606	-0.000010	0.999997	-0.000275	
689	1.000010	0.000022	-0.035522	-0.000022	1.000010	0.053192	
690	0.999978	0.000004	0.024109	-0.000004	0.999978	0.017029	
691	1.000010	-0.000020	-0.035645	0.000020	1.000010	-0.083221	
692	0.999951	-0.000045	-0.144958	0.000045	0.999951	-0.079529	
693	0.999965	-0.000000	-0.103760	0.000000	0.999965	-0.246033	
694	1.000231	0.000092	-0.287537	-0.000092	1.000231	0.185608	
695	0.999814	0.000026	0.185486	-0.000026	0.999814	0.140991	
696	0.999930	-0.000062	0.122253	0.000062	0.999930	-0.589478	
697	0.999994	0.000155	-0.069580	-0.000155	0.999994	0.619141	
698	1.000095	-0.000085	-0.028748	0.000085	1.000095	-0.387024	
699	1.000026	0.000037	0.003723	-0.000037	1.000026	0.083282	
700	0.999991	-0.000037	0.054382	0.000037	0.999991	-0.426575	
701	0.999974	-0.000012	0.064270	0.000012	0.999974	0.001282	
702	1.000213	0.000077	-0.501831	-0.000077	1.000213	0.037659	
703	0.999882	-0.000123	0.134827	0.000123	0.999882	-0.464447	
704	1.000072	-0.000092	-0.052734	0.000092	1.000072	-0.455017	
705	0.999989	0.000031	0.015686	-0.000031	0.999989	0.073059	
706	1.000130	-0.000062	-0.190979	0.000062	1.000130	-0.551697	
707	0.999896	-0.000209	-0.073120	0.000209	0.999896	-0.588104	
708	1.000127	-0.000070	-0.291626	0.000070	1.000127	-0.419464	
709	1.000020	-0.000052	-0.202637	0.000052	1.000020	-0.243286	
710	1.000096	-0.000135	-0.428284	0.000135	1.000096	-0.818481	
711	1.000050	-0.000035	-0.500061	0.000035	1.000050	-0.299652	
712	0.999128	0.000779	-1.862183	-0.000779	0.999128	-0.254150	
713	0.989370	0.000456	7.274719	-0.000456	0.989370	4.439423	
714	0.989321	0.000303	7.723633	-0.000303	0.989321	4.997650	
715	0.984287	0.000241	11.564758	-0.000241	0.984287	7.361145	
716	0.991638	0.000036	4.687317	-0.000036	0.991638	3.195007	
717	0.981870	0.000182	9.930115	-0.000182	0.981870	7.745819	
718	0.993410	0.000035	1.156860	-0.000035	0.993410	2.813629	
719	0.996657	-0.000044	0.270630	0.000044	0.996657	0.808624	
720	0.995267	0.000040	0.418518	-0.000040	0.995267	1.815735	
721	0.997435	-0.000024	-0.302673	0.000024	0.997435	0.720581	
722	0.995001	-0.000055	-0.924133	0.000055	0.995001	1.633728	
723	0.998118	-0.000111	-1.132080	0.000111	0.998118	-0.036926	
724	0.999210	0.000001	-0.836731	-0.000001	0.999210	0.248657	
725	0.998846	-0.000000	-1.069153	0.000000	0.998846	0.008850	
726	0.999431	0.000007	-0.545776	-0.000007	0.999431	-0.011566	
727	0.999213	-0.000048	-1.748169	0.000048	0.999213	-0.624390	
728	1.000378	-0.000223	-1.518372	0.000223	1.000378	-0.485931	
729	0.999963	-0.000053	-0.766052	0.000053	0.999963	0.313629	
730	1.000124	-0.000082	-0.808716	0.000082	1.000124	-0.414520	
731	1.000065	-0.000008	-0.493958	0.000008	1.000065	0.233948	
732	1.000172	0.000023	-0.895508	-0.000023	1.000172	0.160706	
733	0.999966	-0.000024	-0.137634	0.000024	0.999966	-0.091705	
734	1.000132	0.000063	-0.398376	-0.000063	1.000132	0.155151	
735	0.999993	-0.000029	-0.173767	0.000029	0.999993	0.281433	
736	0.999991	-0.000016	-0.000305	0.000016	0.999991	-0.047577	
737	0.999988	-0.000025	0.018311	0.000025	0.999988	-0.006897	
738	1.000004	-0.000075	0.084717	0.000075	1.000004	-0.203583	
739	0.999848	0.000065	0.323547	-0.000065	0.999848	0.675720	
740	0.999974	-0.000041	0.106384	0.000041	0.999974	-0.270813	
741	1.000043	0.000039	0.134338	-0.000039	1.000043	0.397461	
742	0.999851	-0.000002	0.492554	0.000002	0.999851	-0.000854	
743	0.999946	-0.000011	0.526184	0.000011	0.999946	0.193115	
744	0.999985	-0.000009	0.296936	0.000009	0.999985	-0.121918	
745	0.999887	0.000044	0.641357	-0.000044	0.999887	0.265411	
746	0.999967	-0.000032	0.093018	0.000032	0.999967	-0.053467	
747	0.999895	0.000055	0.515869	-0.000055	0.999895	0.293640	
748	0.999889	-0.000021	0.531250	0.000021	0.999889	0.053375	
749	0.999981	0.000038	0.130859	-0.000038	0.999981	0.307404	
750	0.999927	0.000048	0.433105	-0.000048	0.999927	0.189056	
751	0.999943	0.000002	0.224792	-0.000002	0.999943	-0.013519	
752	0.999935	-0.000021	0.464539	0.000021	0.999935	0.000061	
753	0.999976	0.000059	0.086548	-0.000059	0.999976	0.014282	
754	0.999982	-0.000004	0.190002	0.000004	0.999982	0.069794	
755	0.999958	-0.000004	0.288879	0.000004	0.999958	0.068024	
756	0.999973	0.000003	0.152344	-0.000003	0.999973	0.064178	
757	0.999950	0.000042	0.232422	-0.000042	0.999950	0.218964	
758	0.999973	0.000031	0.151184	-0.000031	0.999973	0.149536	
759	0.999987	-0.000010	0.013062	0.000010	0.999987	-0.030670	
760	0.999963	-0.000018	0.199951	0.000018	0.999963	-0.055420	
761	0.999991	-0.000019	-0.009766	0.000019	0.999991	-0.024384	
762	0.999927	0.000016	0.346252	-0.000016	0.999927	0.073151	
763	0.999989	0.000034	0.053406	-0.000034	0.999989	0.076599	
764	1.000004	0.000009	-0.017090	-0.000009	1.000004	0.001556	
765	0.999986	-0.000021	0.012146	0.000021	0.999986	-0.042633	
766	0.999987	-0.000018	0.042053	0.000018	0.999987	-0.130035	
767	0.999964	-0.000004	0.059631	0.000004	0.999964	-0.017242	
768	1.000000	-0.000072	0.168579	0.000072	1.000000	0.003143	
769	1.000004	-0.000039	0.170654	0.000039	1.000004	-0.027069	
770	0.999965	-0.000000	0.392883	0.000000	0.999965	-0.006500	
771	0.999965	0.000014	0.271667	-0.000014	0.999965	0.042542	
772	0.999944	0.000051	0.347473	-0.000051	0.999944	0.103455	
773	1.000069	-0.000124	0.003113	0.000124	1.000069	-0.309174	
774	0.999873	0.000187	0.212097	-0.000187	0.999873	0.980072	
775	0.999947	-0.000106	0.384583	0.000106	0.999947	-1.010529	
776	1.000149	0.000077	-0.037354	-0.000077	1.000149	0.704376	
777	0.999883	0.000015	0.223633	-0.000015	0.999883	-0.200012	
778	1.000050	0.000017	0.024841	-0.000017	1.000050	0.020874	
779	1.000018	0.000017	0.131287	-0.000017	1.000018	0.020447	
780	0.999974	0.000074	0.179993	-0.000074	0.999974	0.377960	
781	0.999980	-0.000065	-0.049683	0.000065	0.999980	-0.370361	
782	0.999971	0.000071	0.125244	-0.000071	0.999971	0.188751	
783	0.999935	-0.000039	0.179871	0.000039	0.999935	-0.268524	
784	1.000065	0.000171	-0.142578	-0.000171	1.000065	1.121857	
785	0.999768	-0.000188	0.356812	0.000188	0.999768	-1.298706	
786	1.000271	0.000411	-0.577881	-0.000411	1.000271	1.358093	
787	0.999708	-0.000052	0.324463	0.000052	0.999708	0.196381	
788	1.000130	0.000149	-0.417480	-0.000149	1.000130	0.212036	
789	0.999957	-0.000133	0.115723	0.000133	0.999957	-0.491089	
790	1.000080	0.000129	-0.148376	-0.000129	1.000080	0.508240	
791	0.999886	-0.000143	0.125671	0.000143	0.999886	-0.452972	
792	1.000129	0.000019	-0.198914	-0.000019	1.000129	0.073029	
793	0.999875	0.000042	0.089966	-0.000042	0.999875	0.138824	
794	1.000025	0.000028	-0.107300	-0.000028	1.000025	0.121582	
795	0.999951	-0.000001	0.080200	0.000001	0.999951	-0.243927	
796	1.000066	0.000093	-0.097107	-0.000093	1.000066	0.515472	
797	0.999880	-0.000115	0.213989	0.000115	0.999880	-0.535431	
798	1.000071	0.000056	-0.053467	-0.000056	1.000071	0.369019	
799	1.000045	-0.000030	-0.030273	0.000030	1.000045	-0.134583	
800	1.000006	0.000084	-0.041016	-0.000084	1.000006	0.407471	
801	1.000048	-0.000031	-0.147644	0.000031	1.000048	-0.203247	
802	1.000059	0.000135	-0.156860	-0.000135	1.000059	0.519653	
803	0.999917	-0.000043	-0.028015	0.000043	0.999917	-0.217560	
804	0.999997	0.000021	-0.160522	-0.000021	0.999997	0.178894	
805	1.000032	-0.000065	-0.076111	0.000065	1.000032	-0.113007	
806	0.999998	0.000039	-0.073792	-0.000039	0.999998	0.337372	
807	0.999929	-0.000097	-0.093689	0.000097	0.999929	-0.495392	
808	1.000105	0.000165	-0.260010	-0.000165	1.000105	0.798248	
809	1.000017	-0.000077	-0.103760	0.000077	1.000017	-0.624115	
810	1.000103	0.000036	-0.260681	-0.000036	1.000103	-0.184174	
811	0.999991	0.000249	-0.222900	-0.000249	0.999991	1.342133	
812	0.999971	-0.000134	-0.145935	0.000134	0.999971	-0.639282	
813	1.000133	-0.000019	-0.293457	0.000019	1.000133	0.342743	
814	1.000016	-0.000046	0.005920	0.000046	1.000016	-0.069885	
815	0.999966	0.000086	-0.024841	-0.000086	0.999966	0.336578	
816	1.000074	0.000003	-0.117676	-0.000003	1.000074	-0.140289	
817	0.999995	0.000013	-0.017151	-0.000013	0.999995	0.102448	
818	1.000011	-0.000082	-0.202454	0.000082	1.000011	-0.373932	
819	0.999974	0.000015	-0.089661	-0.000015	0.999974	0.167999	
820	1.000033	-0.000026	-0.070496	0.000026	1.000033	-0.066650	
821	0.999915	0.000050	-0.074158	-0.000050	0.999915	0.386902	
822	1.000013	-0.000130	0.001953	0.000130	1.000013	-0.798615	
823	1.000062	0.000088	-0.069458	-0.000088	1.000062	0.498077	
824	1.000046	-0.000029	-0.004517	0.000029	1.000046	-0.250854	
825	0.999969	0.000031	0.022339	-0.000031	0.999969	0.134796	
826	1.000033	0.000003	-0.003967	-0.000003	1.000033	-0.161469	
827	0.999967	0.000076	0.086975	-0.000076	0.999967	0.301178	
828	1.000001	-0.000099	0.107788	0.000099	1.000001	-0.483704	
829	0.999945	-0.000012	0.067688	0.000012	0.999945	-0.056183	
830	1.000038	0.000052	-0.024414	-0.000052	1.000038	0.186218	
831	0.999980	0.000018	0.132996	-0.000018	0.999980	-0.004089	
832	1.000102	0.000041	-0.023804	-0.000041	1.000102	0.246796	
833	0.999844	-0.000036	0.289856	0.000036	0.999844	-0.362183	
834	0.999933	0.000114	0.018982	-0.000114	0.999933	0.368073	
835	0.999991	-0.000087	0.063049	0.000087	0.999991	-0.275726	
836	1.000003	0.000082	-0.040955	-0.000082	1.000003	0.289673	
837	0.999944	-0.000053	0.156494	0.000053	0.999944	-0.220245	
838	1.000021	0.000081	-0.050049	-0.000081	1.000021	0.222809	
839	1.000066	0.000005	-0.070740	-0.000005	1.000066	0.020966	
840	0.999994	0.000027	-0.023254	-0.000027	0.999994	0.211090	
841	0.999994	-0.000069	0.001221	0.000069	0.999994	-0.276428	
842	1.000048	0.000059	-0.021790	-0.000059	1.000048	0.361450	
843	1.000047	0.000001	-0.014771	-0.000001	1.000047	-0.087463	
844	0.999826	0.000075	0.033142	-0.000075	0.999826	0.153900	
845	1.000089	-0.000020	-0.221008	0.000020	1.000089	-0.278320	
846	1.000021	0.000051	-0.107727	-0.000051	1.000021	0.352570	
847	0.999997	-0.000149	-0.033081	0.000149	0.999997	-0.517120	
848	0.999978	0.000124	-0.021484	-0.000124	0.999978	0.433838	
849	1.000115	0.000119	-0.111755	-0.000119	1.000115	0.335266	
850	0.999937	0.000001	0.076233	-0.000001	0.999937	-0.136169	
851	1.000075	0.000037	-0.061035	-0.000037	1.000075	-0.009186	
852	1.000035	0.000010	-0.107361	-0.000010	1.000035	0.132660	
853	1.000147	0.000057	-0.445923	-0.000057	1.000147	0.464386	
854	0.999810	-0.000148	0.200684	0.000148	0.999810	-0.756134	
855	1.000215	0.000171	-0.503906	-0.000171	1.000215	0.816528	
856	0.999807	-0.000061	0.069397	0.000061	0.999807	0.100677	
857	1.000101	0.000021	-0.188721	-0.000021	1.000101	0.065155	
858	0.999963	-0.000005	-0.000366	0.000005	0.999963	0.172241	
859	1.000012	0.000093	-0.046021	-0.000093	1.000012	0.323334	
860	0.999958	-0.000061	0.065796	0.000061	0.999958	-0.133972	
861	1.000020	0.000071	0.053528	-0.000071	1.000020	0.180664	
862	0.999958	-0.000024	0.158264	0.000024	0.999958	-0.001312	
863	1.000022	0.000017	0.002319	-0.000017	1.000022	-0.001129	
864	1.000001	-0.000056	0.040710	0.000056	1.000001	-0.342163	
865	1.000054	0.000096	-0.071594	-0.000096	1.000054	0.559540	
866	0.999901	-0.000066	0.140259	0.000066	0.999901	-0.399323	
867	1.000036	-0.000012	-0.042419	0.000012	1.000036	-0.010498	
868	1.000069	0.000189	-0.083862	-0.000189	1.000069	0.895081	
869	0.999956	-0.000210	0.227539	0.000210	0.999956	-0.990845	
870	1.000100	0.000095	-0.169739	-0.000095	1.000100	0.566467	
871	0.999890	0.000307	0.007935	-0.000307	0.999890	0.614731	
872	1.000201	-0.000049	-0.378723	0.000049	1.000201	-0.187714	
873	0.999998	0.000029	-0.054077	-0.000029	0.999998	-0.078735	
874	0.999931	0.000012	0.076355	-0.000012	0.999931	0.192566	
875	0.999944	-0.000182	0.077148	0.000182	0.999944	-0.877075	
876	1.000232	0.000234	-0.487854	-0.000234	1.000232	0.976349	
877	0.999864	-0.000158	0.132629	0.000158	0.999864	-0.640625	
878	1.000109	0.000035	-0.175842	-0.000035	1.000109	0.090515	
879	1.000008	-0.000067	-0.040588	0.000067	1.000008	-0.430115	
880	1.000090	0.000049	-0.116577	-0.000049	1.000090	0.424500	
881	0.999866	-0.000106	0.154602	0.000106	0.999866	-0.493011	
882	0.999986	0.000050	0.032532	-0.000050	0.999986	0.063782	
883	0.999976	-0.000089	0.289734	0.000089	0.999976	-0.560608	
884	0.999847	0.000102	0.178284	-0.000102	0.999847	0.599609	
885	0.999979	-0.000171	0.238098	0.000171	0.999979	-0.721313	
886	1.000064	0.000017	-0.092590	-0.000017	1.000064	0.086121	
887	0.999954	-0.000008	0.052307	0.000008	0.999954	-0.085175	
888	1.000054	0.000015	-0.177124	-0.000015	1.000054	0.102966	
889	1.000015	-0.000038	-0.010986	0.000038	1.000015	-0.188446	
890	1.000014	0.000050	-0.005493	-0.000050	1.000014	0.109497	
891	0.999982	0.000006	0.040833	-0.000006	0.999982	-0.151947	
892	1.000030	0.000038	-0.023926	-0.000038	1.000030	0.187042	
893	1.000008	0.000008	0.055359	-0.000008	1.000008	-0.005341	
894	1.000012	0.000023	0.138916	-0.000023	1.000012	0.068817	
895	0.999986	0.000007	0.082520	-0.000007	0.999986	0.007416	
896	1.000029	0.000021	0.000122	-0.000021	1.000029	0.076294	
897	0.999994	0.000002	0.016174	-0.000002	0.999994	0.009033	
898	1.000018	-0.000002	-0.016479	0.000002	1.000018	-0.022400	
899	1.000000	0.000008	-0.070007	-0.000008	1.000000	0.123688	
900	1.000011	0.000010	-0.010620	-0.000010	1.000011	0.021088	
901	1.000014	0.000027	-0.008057	-0.000027	1.000014	0.101837	
902	1.000014	0.000014	-0.009338	-0.000014	1.000014	0.059753	
903	1.000003	0.000004	0.003845	-0.000004	1.000003	0.030823	
904	1.000002	0.000004	-0.010254	-0.000004	1.000002	0.053406	
905	1.000009	0.000041	-0.023987	-0.000041	1.000009	0.203857	
906	1.000029	0.000003	-0.048035	-0.000003	1.000029	0.040314	
907	1.000020	-0.000006	-0.077026	0.000006	1.000020	0.157806	
908	1.000016	0.000003	-0.024658	-0.000003	1.000016	0.032745	
909	1.000043	0.000046	-0.225281	-0.000046	1.000043	0.253754	
910	1.000022	0.000021	-0.093872	-0.000021	1.000022	0.117645	
911	1.000028	0.000024	-0.099731	-0.000024	1.000028	0.128540	
912	1.000042	0.000035	-0.128723	-0.000035	1.000042	0.226715	
913	1.000009	-0.000006	-0.026001	0.000006	1.000009	0.007812	
914	1.000013	-0.000003	-0.038696	0.000003	1.000013	0.018280	
915	1.000012	0.000002	-0.037109	-0.000002	1.000012	0.008270	
916	1.000026	-0.000009	-0.177856	0.000009	1.000026	-0.019714	
917	1.000049	-0.000008	-0.191528	0.000008	1.000049	-0.006836	
918	1.000037	-0.000037	-0.059204	0.000037	1.000037	-0.026947	
919	1.000007	-0.000023	-0.023315	0.000023	1.000007	-0.035217	
920	1.000011	-0.000008	0.004150	0.000008	1.000011	-0.021973	
921	1.000017	-0.000010	-0.005493	0.000010	1.000017	0.000092	
922	0.999992	-0.000002	0.025635	0.000002	0.999992	0.006104	
923	1.000020	-0.000030	-0.031372	0.000030	1.000020	-0.039124	
924	1.000016	0.000041	-0.087158	-0.000041	1.000016	-0.010651	
925	0.999998	0.000021	-0.017456	-0.000021	0.999998	-0.002350	
926	1.000031	0.000004	-0.056885	-0.000004	1.000031	-0.007568	
927	1.000037	0.000030	-0.079529	-0.000030	1.000037	0.016632	
928	1.000000	-0.000014	0.008545	0.000014	1.000000	-0.086700	
929	0.999970	0.000014	0.221924	-0.000014	0.999970	-0.088379	
930	0.999887	-0.000041	0.328613	0.000041	0.999887	-0.222992	
931	1.000065	0.000072	0.006470	-0.000072	1.000065	0.082153	
932	0.999834	-0.000022	0.421631	0.000022	0.999834	-0.160461	
933	0.999522	-0.000149	0.880859	0.000149	0.999522	-0.868591	
934	0.997703	0.000065	2.300110	-0.000065	0.997703	1.641174	
935	0.998790	-0.000045	1.411255	0.000045	0.998790	-0.134644	
936	0.999587	0.000214	0.415161	-0.000214	0.999587	1.027008	
937	0.998691	0.000047	1.453369	-0.000047	0.998691	0.566437	
938	0.999227	-0.000068	0.954651	0.000068	0.999227	-0.120911	
939	0.996449	0.000005	3.321106	-0.000005	0.996449	2.347809	
940	0.997395	-0.000063	2.721313	0.000063	0.997395	0.649384	
941	0.999079	0.000002	0.724060	-0.000002	0.999079	0.436371	
942	0.998137	-0.000054	1.852173	0.000054	0.998137	1.258759	
943	0.998662	-0.000098	1.743713	0.000098	0.998662	-0.087952	
944	0.996766	-0.000056	3.123596	0.000056	0.996766	2.266296	
945	0.999147	0.000008	0.913940	-0.000008	0.999147	0.128967	
946	0.999503	-0.000022	0.423950	0.000022	0.999503	0.286011	
947	0.998834	0.000144	1.359375	-0.000144	0.998834	0.775269	
948	0.999542	-0.000051	0.508545	0.000051	0.999542	0.082916	
949	0.999494	0.000152	0.607422	-0.000152	0.999494	0.678650	
950	0.999280	0.000158	0.972412	-0.000158	0.999280	0.985657	
951	0.999335	-0.000322	0.753418	0.000322	0.999335	-1.152100	
952	0.999002	-0.000028	0.965942	0.000028	0.999002	0.419800	
953	0.999377	0.000028	0.428955	-0.000028	0.999377	1.649841	
954	0.998656	-0.000171	1.326538	0.000171	0.998656	-0.550171	
955	0.998707	0.000001	1.005432	-0.000001	0.998707	0.792542	
956	0.999023	0.000059	1.004517	-0.000059	0.999023	0.683502	
957	0.998689	0.000060	1.176270	-0.000060	0.998689	0.737549	
958	0.999493	-0.000034	0.374146	0.000034	0.999493	0.037323	
959	0.998813	0.000073	0.965332	-0.000073	0.998813	1.461029	
960	0.999315	-0.000022	0.846802	0.000022	0.999315	-0.030518	
961	0.999538	-0.000153	0.609375	0.000153	0.999538	-0.356583	
962	0.999177	0.000158	0.960449	-0.000158	0.999177	1.074158	
963	0.999590	-0.000018	0.511230	0.000018	0.999590	-0.309082	
964	0.999834	0.000055	0.265015	-0.000055	0.999834	0.168701	
965	0.999796	-0.000001	0.291016	0.000001	0.999796	-0.046844	
966	0.999693	-0.000105	0.324951	0.000105	0.999693	-0.272644	
967	0.999285	0.000048	0.803955	-0.000048	0.999285	0.074402	
968	0.999603	0.000301	0.362305	-0.000301	0.999603	1.566589	
969	0.996999	0.000135	2.599487	-0.000135	0.996999	0.632629	
970	0.998655	-0.000366	1.145508	0.000366	0.998655	0.559631	
971	0.999347	0.000511	0.539917	-0.000511	0.999347	1.646027	
972	0.999256	-0.000155	0.836914	0.000155	0.999256	-0.458893	
973	0.999718	-0.000066	-0.020508	0.000066	0.999718	-0.123962	
974	0.999270	0.000160	0.729614	-0.000160	0.999270	0.853119	
975	0.999059	-0.000006	0.889282	0.000006	0.999059	0.343903	
976	0.998929	0.000063	1.088135	-0.000063	0.998929	0.658539	
977	0.997666	-0.000010	1.921082	0.000010	0.997666	1.430206	
978	0.997991	-0.000386	1.712341	0.000386	0.997991	-0.212799	
979	0.997829	-0.000012	1.783813	0.000012	0.997829	2.023560	
980	0.999260	-0.000004	0.716797	0.000004	0.999260	0.330963	
981	0.999501	-0.000129	0.723999	0.000129	0.999501	-0.598877	
982	0.999319	0.000069	0.723267	-0.000069	0.999319	0.565643	
983	0.999425	0.000157	0.697266	-0.000157	0.999425	0.950958	
984	0.996881	0.000103	2.760925	-0.000103	0.996881	1.351593	
985	0.997874	0.000212	2.301575	-0.000212	0.997874	1.654144	
986	0.998380	0.000594	1.773193	-0.000594	0.998380	2.221588	
987	0.998430	-0.000110	1.921387	0.000110	0.998430	0.230011	
988	0.999402	0.000426	0.842896	-0.000426	0.999402	0.989349	
989	0.998074	0.000134	3.222412	-0.000134	0.998074	0.866119	
990	0.999360	-0.000050	1.414917	0.000050	0.999360	0.393250	
991	0.999809	0.000229	0.723633	-0.000229	0.999809	0.774994	
992	0.999348	-0.000098	1.913208	0.000098	0.999348	0.122253	
993	0.999423	-0.000074	1.540039	0.000074	0.999423	-0.183411	
994	0.998797	-0.000113	3.830322	0.000113	0.998797	0.792145	
995	0.999050	-0.000065	3.204102	0.000065	0.999050	0.565887	
996	0.999590	-0.000055	2.691345	0.000055	0.999590	-1.239349	
997	0.999534	-0.000242	4.214600	0.000242	0.999534	-0.025543	
998	0.999768	0.000094	3.364075	-0.000094	0.999768	1.285553	
999	0.999608	-0.000342	16.840332	0.000342	0.999608	-1.958832	
1000	0.999798	-0.000233	16.300110	0.000233	0.999798	-0.298737	
1001	0.999529	-0.000325	11.183167	0.000325	0.999529	-0.439148	
1002	0.999861	-0.000234	17.462769	0.000234	0.999861	-1.387756	
1003	0.999950	-0.000689	10.892822	0.000689	0.999950	-0.141632	
1004	0.999538	-0.000251	29.842468	0.000251	0.999538	-2.182159	
1005	0.999947	-0.000328	18.395386	0.000328	0.999947	-0.423096	
1006	0.999766	-0.000082	9.932678	0.000082	0.999766	0.512772	
1007	0.999665	-0.000083	14.780518	0.000083	0.999665	-1.075653	
1008	0.999762	-0.000580	11.524475	0.000580	0.999762	-1.149963	
1009	0.998547	-0.000290	25.733826	0.000290	0.998547	-0.603302	
1010	0.999494	-0.000230	15.583069	0.000230	0.999494	-0.413544	
1011	0.999412	-0.000116	11.099060	0.000116	0.999412	-0.302979	
1012	0.999666	-0.000282	13.281677	0.000282	0.999666	-0.977753	
1013	0.999465	-0.000164	8.755676	0.000164	0.999465	-0.055603	
1014	0.999178	-0.000483	24.177002	0.000483	0.999178	-1.177673	
1015	0.999443	-0.000201	12.907349	0.000201	0.999443	-0.014740	
1016	0.999492	-0.000004	9.831543	0.000004	0.999492	-0.558380	
1017	0.999191	-0.000386	15.911682	0.000386	0.999191	-0.277557	
1018	0.999375	-0.000117	9.467773	0.000117	0.999375	0.402069	
1019	0.998692	-0.000091	22.872986	0.000091	0.998692	-0.508972	
1020	0.999697	-0.000115	13.001343	0.000115	0.999697	-0.691071	
1021	1.000005	-0.000164	8.228027	0.000164	1.000005	0.319489	
1022	0.999548	-0.000140	12.681702	0.000140	0.999548	-0.098022	
1023	0.999957	-0.000069	9.053711	0.000069	0.999957	-1.434235	
1024	0.999494	-0.000336	20.723999	0.000336	0.999494	0.792023	
1025	0.999694	-0.000085	13.485718	0.000085	0.999694	-0.516754	
1026	0.999720	-0.000383	8.039795	0.000383	0.999720	-0.719757	
1027	0.999350	-0.000028	11.749329	0.000028	0.999350	0.178436	
1028	0.999797	-0.000070	7.539062	0.000070	0.999797	0.019348	
1029	0.999794	-0.000101	17.277832	0.000101	0.999794	-0.446350	
1030	0.999706	-0.000131	10.457886	0.000131	0.999706	0.315491	
1031	0.999730	-0.000014	6.553162	0.000014	0.999730	-1.176575	
1032	0.999900	-0.000202	9.846191	0.000202	0.999900	-0.733795	
1033	0.999986	-0.000182	6.016785	0.000182	0.999986	0.983276	
1034	0.999837	0.000087	15.005859	-0.000087	0.999837	-0.925079	
1035	1.000096	-0.000092	8.618225	0.000092	1.000096	0.113068	
1036	0.999792	-0.000038	5.255676	0.000038	0.999792	0.336578	
1037	0.999991	-0.000118	5.708496	0.000118	0.999991	-0.228516	
1038	1.000009	0.000020	2.948669	-0.000020	1.000009	-0.120697	
1039	0.999940	-0.000193	5.532959	0.000193	0.999940	0.266510	
1040	0.999484	0.000055	1.795776	-0.000055	0.999484	0.104462	
1041	1.000138	-0.000645	0.244263	0.000645	1.000138	-1.245544	
1042	0.999894	0.000059	1.481140	-0.000059	0.999894	0.751648	
1043	0.999110	-0.000193	1.740967	0.000193	0.999110	0.043396	
1044	1.000349	-0.000019	2.205017	0.000019	1.000349	0.406189	
1045	0.999803	0.000049	1.890747	-0.000049	0.999803	0.519226	
1046	0.999781	-0.000025	0.932190	0.000025	0.999781	-0.163513	
1047	1.000042	-0.000058	1.179749	0.000058	1.000042	0.108124	
1048	0.999883	0.000156	0.549561	-0.000156	0.999883	0.903046	
1049	0.999948	0.000028	1.827087	-0.000028	0.999948	0.111084	
1050	0.999774	0.000110	1.784119	-0.000110	0.999774	0.552917	
1051	0.999613	0.000108	1.566650	-0.000108	0.999613	0.542755	
1052	0.999951	-0.000035	2.121582	0.000035	0.999951	0.273376	
1053	0.999788	0.000054	1.217834	-0.000054	0.999788	0.238373	
1054	0.999970	-0.000037	1.859924	0.000037	0.999970	0.353607	
1055	0.999849	0.000035	0.834900	-0.000035	0.999849	0.161377	
1056	0.999973	0.000109	0.197998	-0.000109	0.999973	0.213470	
1057	0.999829	0.000003	0.967407	-0.000003	0.999829	0.250488	
1058	0.999955	-0.000025	0.222351	0.000025	0.999955	-0.000854	
1059	0.999795	-0.000012	1.028198	0.000012	0.999795	0.140289	
1060	0.999954	-0.000002	0.411743	0.000002	0.999954	0.091553	
1061	0.999923	0.000018	0.430115	-0.000018	0.999923	0.068909	
1062	0.999875	-0.000001	0.658264	0.000001	0.999875	0.077179	
1063	1.000002	-0.000016	0.052856	0.000016	1.000002	0.004913	
1064	0.999792	-0.000019	1.124451	0.000019	0.999792	0.107391	
1065	0.999884	-0.000020	0.604309	0.000020	0.999884	0.035645	
1066	0.999913	-0.000005	0.430542	0.000005	0.999913	0.024628	
1067	0.999851	-0.000010	0.802917	0.000010	0.999851	0.032745	
1068	0.999945	0.000004	0.318665	-0.000004	0.999945	0.046051	
1069	0.999743	-0.000073	1.190613	0.000073	0.999743	-0.083038	
1070	0.999895	-0.000001	0.579773	0.000001	0.999895	0.073669	
1071	0.999956	-0.000011	0.334045	0.000011	0.999956	-0.051086	
1072	0.999890	-0.000022	0.489563	0.000022	0.999890	-0.152161	
1073	0.999958	-0.000043	0.393250	0.000043	0.999958	0.084930	
1074	0.999848	0.000058	0.424377	-0.000058	0.999848	-0.165131	
1075	0.999996	-0.000014	0.552979	0.000014	0.999996	0.204987	
1076	0.999772	-0.000055	0.442505	0.000055	0.999772	-0.624786	
1077	1.000085	-0.000108	0.152100	0.000108	1.000085	-0.254639	
1078	0.999901	0.000183	0.046448	-0.000183	0.999901	1.001251	
1079	0.999955	-0.000012	0.082092	0.000012	0.999955	-0.206146	
1080	1.000138	-0.000037	-0.338135	0.000037	1.000138	-0.434540	
1081	0.999986	0.000014	-0.214233	-0.000014	0.999986	-0.031647	
1082	1.000033	0.000037	-0.440674	-0.000037	1.000033	0.060394	
1083	1.000260	-0.000062	-0.496704	0.000062	1.000260	-0.459381	
1084	1.000132	-0.000028	-0.616211	0.000028	1.000132	0.012848	
1085	0.999782	0.000042	-1.167114	-0.000042	0.999782	-0.465393	
1086	1.000215	-0.000282	-0.805847	0.000282	1.000215	0.677765	
1087	1.000033	0.000010	-0.662170	-0.000010	1.000033	0.075134	
1088	0.999944	-0.000079	-0.137268	0.000079	0.999944	-0.681335	
1089	1.000257	0.000014	-0.926941	-0.000014	1.000257	0.098541	
1090	1.000113	0.000043	-1.183899	-0.000043	1.000113	0.323334	
1091	1.000060	-0.000058	-0.389771	0.000058	1.000060	-0.279388	
1092	1.000255	-0.000108	-0.879822	0.000108	1.000255	-0.399445	
1093	0.999975	0.000138	-0.294922	-0.000138	0.999975	0.951630	
1094	0.999975	-0.000022	-0.457520	0.000022	0.999975	-0.177673	
1095	1.000245	-0.000366	-0.639709	0.000366	1.000245	-1.036896	
1096	0.999860	0.000066	-0.224731	-0.000066	0.999860	0.255371	
1097	1.000125	-0.000160	-0.481079	0.000160	1.000125	-0.486237	
1098	1.000251	0.000041	-0.474304	-0.000041	1.000251	0.141724	
1099	1.000062	0.000009	-0.430969	-0.000009	1.000062	0.009888	
1100	1.000105	-0.000043	-0.971069	0.000043	1.000105	-0.443207	
1101	1.000241	0.000160	-0.421021	-0.000160	1.000241	0.907623	
1102	1.000040	0.000109	-0.726440	-0.000109	1.000040	0.573730	
1103	1.000007	0.000036	-0.316772	-0.000036	1.000007	-1.034332	
1104	1.000275	0.000008	-0.618408	-0.000008	1.000275	0.124420	
1105	1.000185	0.000340	-1.087158	-0.000340	1.000185	0.946899	
1106	1.000229	-0.000073	-0.744690	0.000073	1.000229	-0.448029	
1107	1.000156	0.000074	-0.710327	-0.000074	1.000156	0.365845	
1108	0.999953	0.000046	-0.239014	-0.000046	0.999953	0.116028	
1109	1.000080	0.000012	-0.444885	-0.000012	1.000080	0.027954	
1110	1.000316	-0.000030	-0.995239	0.000030	1.000316	-0.258331	
1111	0.999920	0.000389	-0.349731	-0.000389	0.999920	0.776428	
1112	1.000195	-0.000086	-0.762146	0.000086	1.000195	-0.703949	
1113	1.000403	0.000455	-0.819031	-0.000455	1.000403	0.896667	
1114	0.999992	0.000030	-0.426819	-0.000030	0.999992	0.147247	
1115	1.000113	-0.000082	-0.968445	0.000082	1.000113	-0.583527	
1116	1.000112	0.000013	-0.499390	-0.000013	1.000112	0.303497	
1117	1.000094	-0.000013	-0.542603	0.000013	1.000094	-0.185333	
1118	1.000011	-0.000051	-0.295837	0.000051	1.000011	-0.404877	
1119	1.000187	-0.000044	-0.463806	0.000044	1.000187	-0.222717	
1120	1.000065	0.000320	-0.643494	-0.000320	1.000065	1.117798	
1121	1.000207	-0.000561	-0.266785	0.000561	1.000207	-1.434845	
1122	1.000092	0.000016	-0.280212	-0.000016	1.000092	0.456116	
1123	0.999861	0.000170	0.012817	-0.000170	0.999861	0.545258	
1124	1.000086	-0.000046	-0.272644	0.000046	1.000086	-0.163483	
1125	1.000229	-0.000026	-0.520996	0.000026	1.000229	0.118103	
1126	0.999943	-0.000027	-0.120728	0.000027	0.999943	-0.109955	
1127	1.000033	-0.000058	-0.082764	0.000058	1.000033	-0.502563	
1128	1.000162	0.000152	-0.265015	-0.000152	1.000162	1.062927	
1129	0.999922	0.000044	-0.138794	-0.000044	0.999922	0.218933	
1130	1.000099	-0.000211	-0.198669	0.000211	1.000099	-1.300903	
1131	1.000010	0.000572	-0.445618	-0.000572	1.000010	1.440155	
1132	1.000034	-0.000035	-0.024597	0.000035	1.000034	-0.432892	
1133	1.000164	-0.000012	-0.342529	0.000012	1.000164	-0.155609	
1134	1.000026	0.000010	-0.098022	-0.000010	1.000026	0.102783	
1135	0.999817	0.000000	0.103516	-0.000000	0.999817	-0.113281	
1136	1.000223	0.000074	-0.249512	-0.000074	1.000223	0.172394	
1137	0.999870	0.000093	0.071655	-0.000093	0.999870	0.524658	
1138	0.999755	-0.000394	0.289429	0.000394	0.999755	-0.906433	
1139	1.000193	0.000001	-0.187927	-0.000001	1.000193	-0.205475	
1140	1.000103	0.000334	-0.534668	-0.000334	1.000103	1.453339	
1141	1.000123	-0.000154	-0.347168	0.000154	1.000123	-0.864960	
1142	1.000172	0.000002	-0.461548	-0.000002	1.000172	-0.019165	
1143	0.999812	0.000085	0.074768	-0.000085	0.999812	0.536804	
1144	1.000019	-0.000083	-0.256409	0.000083	1.000019	-0.353729	
1145	1.000257	0.000088	-0.821350	-0.000088	1.000257	0.170532	
1146	1.000050	-0.000135	-0.287842	0.000135	1.000050	-0.647675	
1147	1.000165	-0.000016	-0.505249	0.000016	1.000165	-0.083313	
1148	0.999920	0.000068	-0.092773	-0.000068	0.999920	0.236023	
1149	1.000057	-0.000075	-0.143555	0.000075	1.000057	-0.402649	
1150	1.000202	-0.000057	-0.719543	0.000057	1.000202	-0.130493	
1151	1.000077	-0.000013	-0.335754	0.000013	1.000077	-0.162292	
1152	1.000093	0.000005	-0.503296	-0.000005	1.000093	-0.106476	
1153	0.999995	-0.000015	-0.016785	0.000015	0.999995	-0.028839	
1154	1.000034	0.000029	-0.475098	-0.000029	1.000034	0.204865	
1155	1.000178	-0.000331	-0.506287	0.000331	1.000178	-1.197571	
1156	1.000012	0.000355	-0.479736	-0.000355	1.000012	1.076721	
1157	1.000049	-0.000090	-0.477417	0.000090	1.000049	-0.695496	
1158	1.000278	-0.000409	-0.459167	0.000409	1.000278	-0.612885	
1159	1.000048	0.000087	-0.575806	-0.000087	1.000048	0.327057	
1160	1.000114	-0.000074	-1.022949	0.000074	1.000114	-0.323700	
1161	1.000120	0.000028	-0.352722	-0.000028	1.000120	0.135132	
1162	1.000145	0.000030	-0.777649	-0.000030	1.000145	0.296967	
1163	1.000054	-0.000159	-0.376526	0.000159	1.000054	-0.926910	
1164	1.000145	0.000014	-0.330017	-0.000014	1.000145	-0.016266	
1165	0.999975	0.000309	-0.925110	-0.000309	0.999975	1.229828	
1166	1.000278	-0.000302	-0.596252	0.000302	1.000278	-0.855331	
1167	0.999978	0.000073	-0.481934	-0.000073	0.999978	0.438690	
1168	0.999924	0.000008	-0.154663	-0.000008	0.999924	0.016602	
1169	1.000161	-0.000062	-0.798218	0.000062	1.000161	-0.192505	
1170	1.000267	0.000040	-1.119263	-0.000040	1.000267	0.189301	
1171	1.000018	0.000009	-0.365601	-0.000009	1.000018	-0.003235	
1172	1.000169	-0.000037	-0.895020	0.000037	1.000169	-0.241730	
1173	1.000242	0.000090	-0.942139	-0.000090	1.000242	0.834412	
1174	0.999914	0.000074	-1.305176	-0.000074	0.999914	0.323975	
1175	1.000121	0.000044	-3.925232	-0.000044	1.000121	-0.241028	
1176	0.999824	0.000255	-1.938171	-0.000255	0.999824	1.089386	
1177	1.000214	0.000133	-4.112305	-0.000133	1.000214	0.003601	
1178	1.000292	0.000116	-3.339600	-0.000116	1.000292	0.135834	
1179	1.000203	0.000085	-5.870117	-0.000085	1.000203	0.441925	
1180	1.001090	0.000204	-19.037109	-0.000204	1.001090	-0.003448	
1181	1.001666	0.000309	-12.308350	-0.000309	1.001666	-0.037445	
1182	1.000420	0.000133	-18.999146	-0.000133	1.000420	1.060791	
1183	1.000245	0.000180	-10.312744	-0.000180	1.000245	-0.813721	
1184	1.000418	0.000023	-12.772156	-0.000023	1.000418	0.041901	
1185	1.000347	0.000114	-20.097656	-0.000114	1.000347	1.901154	
1186	1.000783	0.000086	-7.548279	-0.000086	1.000783	-0.853485	
1187	1.001741	-0.000107	-11.913086	0.000107	1.001741	-0.203949	
1188	1.001277	0.000121	-7.667542	-0.000121	1.001277	0.635590	
1189	1.003307	-0.000018	-12.644714	0.000018	1.003307	-1.280029	
1190	1.007127	0.000013	-21.627075	-0.000013	1.007127	-2.440948	
1191	1.003056	-0.000001	-9.154907	0.000001	1.003056	-1.086182	
1192	1.004656	-0.000046	-12.557434	0.000046	1.004656	-1.834320	
1193	1.003537	-0.000078	-8.291931	0.000078	1.003537	-1.242584	
1194	1.005410	-0.000067	-11.758118	0.000067	1.005410	-2.267456	
1195	1.009461	-0.000124	-18.256775	0.000124	1.009461	-4.519348	
1196	1.004221	-0.000194	-6.958862	0.000194	1.004221	-1.985718	
1197	1.006499	-0.000027	-10.218384	0.000027	1.006499	-2.720245	
1198	1.005265	0.000010	-7.086304	-0.000010	1.005265	-2.480560	
1199	1.007589	-0.000054	-9.418213	0.000054	1.007589	-3.627686	
1200	1.010121	-0.000016	-10.741333	0.000016	1.010121	-4.558868	
1201	1.003647	-0.000032	-2.622925	0.000032	1.003647	-1.637695	
1202	1.015274	-0.000187	-10.583496	0.000187	1.015274	-7.525116	
