0	1.000000	0.000000	0.000000	0.000000	1.000000	0.000000	
1	1.000000	0.000000	0.000000	0.000000	1.000000	0.000000	
2	1.000000	0.000000	0.000000	0.000000	1.000000	0.000000	
3	1.000367	0.000435	-1.263580	-0.000435	1.000367	0.242676	
4	1.000367	0.000435	-1.263580	-0.000435	1.000367	0.242676	
5	0.999255	0.000104	-0.709045	-0.000104	0.999255	0.476135	
6	1.000231	0.004584	-4.335022	-0.004584	1.000231	0.969788	
7	1.000231	0.004584	-4.335022	-0.004584	1.000231	0.969788	
8	1.000455	0.000295	-1.537109	-0.000295	1.000455	-0.170288	
9	1.000455	0.000295	-1.537109	-0.000295	1.000455	-0.170288	
10	1.000455	0.000295	-1.537109	-0.000295	1.000455	-0.170288	
11	1.000455	0.000295	-1.537109	-0.000295	1.000455	-0.170288	
12	1.000455	0.000295	-1.537109	-0.000295	1.000455	-0.170288	
13	1.000455	0.000295	-1.537109	-0.000295	1.000455	-0.170288	
14	0.999563	-0.000011	-0.740479	0.000011	0.999563	0.395020	
15	0.999563	-0.000011	-0.740479	0.000011	0.999563	0.395020	
16	1.000124	0.000259	-0.749451	-0.000259	1.000124	-0.479797	
17	1.000124	0.000259	-0.749451	-0.000259	1.000124	-0.479797	
18	1.000124	0.000259	-0.749451	-0.000259	1.000124	-0.479797	
19	1.000124	0.000259	-0.749451	-0.000259	1.000124	-0.479797	
20	0.999060	-0.000370	-0.177551	0.000370	0.999060	0.558167	
21	0.999060	-0.000370	-0.177551	0.000370	0.999060	0.558167	
22	0.999060	-0.000370	-0.177551	0.000370	0.999060	0.558167	
23	0.999060	-0.000370	-0.177551	0.000370	0.999060	0.558167	
24	0.999060	-0.000370	-0.177551	0.000370	0.999060	0.558167	
25	0.999060	-0.000370	-0.177551	0.000370	0.999060	0.558167	
26	0.999060	-0.000370	-0.177551	0.000370	0.999060	0.558167	
27	0.999060	-0.000370	-0.177551	0.000370	0.999060	0.558167	
28	0.999060	-0.000370	-0.177551	0.000370	0.999060	0.558167	
29	0.999060	-0.000370	-0.177551	0.000370	0.999060	0.558167	
30	0.996588	0.000357	1.378784	-0.000357	0.996588	2.457092	
31	0.992755	0.000175	3.140137	-0.000175	0.992755	4.852295	
32	0.996530	0.000290	1.500244	-0.000290	0.996530	2.227722	
33	0.990843	-0.000936	5.911591	0.000936	0.990843	5.735229	
34	0.996945	-0.000090	1.886169	0.000090	0.996945	2.037170	
35	0.994672	-0.000212	3.644348	0.000212	0.994672	3.798401	
36	0.998694	-0.000260	1.365601	0.000260	0.998694	0.788940	
37	0.998694	-0.000260	1.365601	0.000260	0.998694	0.788940	
38	0.994434	-0.001307	4.437561	0.001307	0.994434	3.265869	
39	0.994434	-0.001307	4.437561	0.001307	0.994434	3.265869	
40	0.997571	0.000235	0.991455	-0.000235	0.997571	2.217407	
41	0.997571	0.000235	0.991455	-0.000235	0.997571	2.217407	
42	0.997069	0.000204	1.624939	-0.000204	0.997069	2.543518	
43	0.993228	0.000163	4.591553	-0.000163	0.993228	5.429688	
44	0.996331	0.000010	2.668335	-0.000010	0.996331	2.668152	
45	0.996331	0.000010	2.668335	-0.000010	0.996331	2.668152	
46	0.995661	-0.000518	2.966187	0.000518	0.995661	2.848511	
47	0.993756	-0.000413	5.168640	0.000413	0.993756	4.000916	
48	0.999149	0.000238	1.359802	-0.000238	0.999149	0.570923	
49	0.993312	-0.000455	5.514343	0.000455	0.993312	4.319153	
50	0.996750	-0.000476	3.351440	0.000476	0.996750	2.061646	
51	0.996750	-0.000476	3.351440	0.000476	0.996750	2.061646	
52	0.997489	-0.000592	2.666382	0.000592	0.997489	1.337463	
53	0.995581	-0.001280	4.828247	0.001280	0.995581	2.582642	
54	0.998160	-0.000384	1.606628	0.000384	0.998160	1.278748	
55	0.995849	-0.000863	4.085510	0.000863	0.995849	2.851807	
56	0.998716	0.000588	-0.455444	-0.000588	0.998716	1.677795	
57	0.995706	-0.000720	3.992035	0.000720	0.995706	3.286255	
58	0.998307	0.000007	1.334961	-0.000007	0.998307	1.495239	
59	0.998307	0.000007	1.334961	-0.000007	0.998307	1.495239	
60	0.997105	-0.001973	3.750061	0.001973	0.997105	0.921021	
61	0.994902	-0.000302	4.581726	0.000302	0.994902	3.867371	
62	0.997377	-0.000115	2.281677	0.000115	0.997377	1.858948	
63	0.997377	-0.000115	2.281677	0.000115	0.997377	1.858948	
64	0.998473	-0.000144	1.285828	0.000144	0.998473	1.215149	
65	0.998473	-0.000144	1.285828	0.000144	0.998473	1.215149	
66	0.999963	0.000060	0.007324	-0.000060	0.999963	0.619263	
67	1.003808	0.001499	-1.784393	-0.001499	1.003808	-1.438904	
68	1.000093	-0.000079	0.127808	0.000079	1.000093	0.050415	
69	0.999945	0.000456	0.106934	-0.000456	0.999945	1.038330	
70	0.999762	-0.000128	0.642944	0.000128	0.999762	0.096863	
71	0.999774	0.000381	0.594727	-0.000381	0.999774	0.943787	
72	0.999954	0.000195	0.351501	-0.000195	0.999954	0.391113	
73	1.000173	0.000259	0.392456	-0.000259	1.000173	0.216064	
74	1.000539	0.002498	-2.151550	-0.002498	1.000539	1.256531	
75	0.999702	0.000365	0.667725	-0.000365	0.999702	0.252441	
76	0.999822	0.000011	0.770935	-0.000011	0.999822	0.251404	
77	0.998084	0.001134	1.512207	-0.001134	0.998084	2.615234	
78	0.999781	0.000085	0.714478	-0.000085	0.999781	0.190491	
79	0.999585	-0.000249	2.343872	0.000249	0.999585	0.057922	
80	0.999757	0.000001	1.092712	-0.000001	0.999757	-0.047485	
81	0.999325	-0.000817	3.457397	0.000817	0.999325	-0.888489	
82	0.999798	-0.000247	1.571472	0.000247	0.999798	-0.471497	
83	0.996666	-0.000546	5.541138	0.000546	0.996666	1.464294	
84	1.000531	-0.000181	0.953186	0.000181	1.000531	-0.990051	
85	1.000531	-0.000181	0.953186	0.000181	1.000531	-0.990051	
86	0.999533	-0.000536	3.524231	0.000536	0.999533	-0.704468	
87	1.000111	-0.000497	2.336792	0.000497	1.000111	-1.109131	
88	0.999886	-0.000229	1.376038	0.000229	0.999886	-0.416260	
89	0.999886	-0.000229	1.376038	0.000229	0.999886	-0.416260	
90	1.000306	-0.000479	1.134949	0.000479	1.000306	-0.711060	
91	1.000332	-0.000440	1.722382	0.000440	1.000332	-1.197632	
92	1.000163	0.000190	0.761169	-0.000190	1.000163	-0.437500	
93	1.000163	0.000190	0.761169	-0.000190	1.000163	-0.437500	
94	1.000163	0.000190	0.761169	-0.000190	1.000163	-0.437500	
95	1.000607	-0.000382	0.175140	0.000382	1.000607	-0.973450	
96	1.000741	0.000860	-0.847046	-0.000860	1.000741	-0.490295	
97	1.001114	-0.000659	-0.586548	0.000659	1.001114	-1.282898	
98	1.000906	-0.000167	-0.743042	0.000167	1.000906	-0.641113	
99	1.000906	-0.000167	-0.743042	0.000167	1.000906	-0.641113	
100	1.001535	0.001158	-2.411438	-0.001158	1.001535	-0.626831	
101	1.000926	0.001387	-3.405212	-0.001387	1.000926	-0.033447	
102	0.999963	0.000546	-1.148865	-0.000546	0.999963	0.144836	
103	1.000278	0.000771	-2.915100	-0.000771	1.000278	0.182068	
104	0.999681	0.000131	-0.638000	-0.000131	0.999681	-0.052002	
105	0.999769	-0.000274	-1.252869	0.000274	0.999769	-0.667908	
106	1.000048	0.000198	-1.049194	-0.000198	1.000048	-0.388489	
107	1.001395	0.000250	-2.298218	-0.000250	1.001395	-1.369812	
108	0.999890	0.000113	-0.757446	-0.000113	0.999890	0.115479	
109	0.999861	0.000226	-0.552429	-0.000226	0.999861	0.051392	
110	0.998139	-0.000133	0.537048	0.000133	0.998139	1.093506	
111	1.000110	-0.000505	0.960938	0.000505	1.000110	-0.932617	
112	0.999808	-0.000295	0.647034	0.000295	0.999808	-0.350769	
113	0.999924	-0.000772	1.738464	0.000772	0.999924	-1.405090	
114	0.998770	-0.000119	0.901794	0.000119	0.998770	0.426941	
115	1.001039	-0.000319	0.833618	0.000319	1.001039	-1.682007	
116	0.999282	-0.000278	0.846436	0.000278	0.999282	0.024536	
117	0.999279	-0.000682	1.754150	0.000682	0.999279	-0.270569	
118	0.999279	-0.000682	1.754150	0.000682	0.999279	-0.270569	
119	0.999503	-0.000694	1.924011	0.000694	0.999503	-0.556091	
120	1.000145	-0.000048	0.795471	0.000048	1.000145	-0.642090	
121	1.000145	-0.000048	0.795471	0.000048	1.000145	-0.642090	
122	1.000145	-0.000048	0.795471	0.000048	1.000145	-0.642090	
123	1.000145	-0.000048	0.795471	0.000048	1.000145	-0.642090	
124	1.000216	-0.000110	0.828491	0.000110	1.000216	-0.593811	
125	1.000216	-0.000110	0.828491	0.000110	1.000216	-0.593811	
126	0.999551	-0.000308	1.519287	0.000308	0.999551	-0.375488	
127	0.999551	-0.000308	1.519287	0.000308	0.999551	-0.375488	
128	0.999551	-0.000308	1.519287	0.000308	0.999551	-0.375488	
129	0.999551	-0.000308	1.519287	0.000308	0.999551	-0.375488	
130	0.999133	-0.000239	1.726868	0.000239	0.999133	0.477661	
131	0.999133	-0.000239	1.726868	0.000239	0.999133	0.477661	
132	0.999133	-0.000239	1.726868	0.000239	0.999133	0.477661	
133	0.999133	-0.000239	1.726868	0.000239	0.999133	0.477661	
134	0.999133	-0.000239	1.726868	0.000239	0.999133	0.477661	
135	0.999133	-0.000239	1.726868	0.000239	0.999133	0.477661	
136	0.997966	-0.001347	6.349854	0.001347	0.997966	0.821960	
137	0.997966	-0.001347	6.349854	0.001347	0.997966	0.821960	
138	0.997966	-0.001347	6.349854	0.001347	0.997966	0.821960	
139	0.997966	-0.001347	6.349854	0.001347	0.997966	0.821960	
140	1.001613	0.001741	-3.474854	-0.001741	1.001613	2.224792	
141	1.001613	0.001741	-3.474854	-0.001741	1.001613	2.224792	
142	1.001613	0.001741	-3.474854	-0.001741	1.001613	2.224792	
143	1.001613	0.001741	-3.474854	-0.001741	1.001613	2.224792	
144	1.001613	0.001741	-3.474854	-0.001741	1.001613	2.224792	
145	1.001613	0.001741	-3.474854	-0.001741	1.001613	2.224792	
146	1.001613	0.001741	-3.474854	-0.001741	1.001613	2.224792	
147	1.001613	0.001741	-3.474854	-0.001741	1.001613	2.224792	
148	1.001034	-0.002060	0.722656	0.002060	1.001034	-3.700012	
149	1.001034	-0.002060	0.722656	0.002060	1.001034	-3.700012	
150	1.001034	-0.002060	0.722656	0.002060	1.001034	-3.700012	
151	1.001034	-0.002060	0.722656	0.002060	1.001034	-3.700012	
152	1.001034	-0.002060	0.722656	0.002060	1.001034	-3.700012	
153	1.001034	-0.002060	0.722656	0.002060	1.001034	-3.700012	
154	1.001034	-0.002060	0.722656	0.002060	1.001034	-3.700012	
155	1.001034	-0.002060	0.722656	0.002060	1.001034	-3.700012	
156	1.001034	-0.002060	0.722656	0.002060	1.001034	-3.700012	
157	1.001034	-0.002060	0.722656	0.002060	1.001034	-3.700012	
158	1.001034	-0.002060	0.722656	0.002060	1.001034	-3.700012	
159	1.001034	-0.002060	0.722656	0.002060	1.001034	-3.700012	
160	1.001034	-0.002060	0.722656	0.002060	1.001034	-3.700012	
161	1.001034	-0.002060	0.722656	0.002060	1.001034	-3.700012	
162	1.001034	-0.002060	0.722656	0.002060	1.001034	-3.700012	
163	1.001034	-0.002060	0.722656	0.002060	1.001034	-3.700012	
164	1.001034	-0.002060	0.722656	0.002060	1.001034	-3.700012	
165	1.001034	-0.002060	0.722656	0.002060	1.001034	-3.700012	
166	1.001034	-0.002060	0.722656	0.002060	1.001034	-3.700012	
167	1.001034	-0.002060	0.722656	0.002060	1.001034	-3.700012	
168	1.001034	-0.002060	0.722656	0.002060	1.001034	-3.700012	
169	1.001034	-0.002060	0.722656	0.002060	1.001034	-3.700012	
170	1.001034	-0.002060	0.722656	0.002060	1.001034	-3.700012	
171	1.001034	-0.002060	0.722656	0.002060	1.001034	-3.700012	
172	0.996297	-0.000432	9.255005	0.000432	0.996297	2.768494	
173	0.996297	-0.000432	9.255005	0.000432	0.996297	2.768494	
174	0.996297	-0.000432	9.255005	0.000432	0.996297	2.768494	
175	0.996297	-0.000432	9.255005	0.000432	0.996297	2.768494	
176	0.996297	-0.000432	9.255005	0.000432	0.996297	2.768494	
177	0.996297	-0.000432	9.255005	0.000432	0.996297	2.768494	
178	0.999559	0.007622	-6.876160	-0.007622	0.999559	10.041748	
179	0.999559	0.007622	-6.876160	-0.007622	0.999559	10.041748	
180	0.999559	0.007622	-6.876160	-0.007622	0.999559	10.041748	
181	0.999559	0.007622	-6.876160	-0.007622	0.999559	10.041748	
182	1.005405	0.000996	-7.361816	-0.000996	1.005405	-4.005615	
183	1.005405	0.000996	-7.361816	-0.000996	1.005405	-4.005615	
184	1.002519	0.001037	-4.431030	-0.001037	1.002519	-0.498718	
185	1.002519	0.001037	-4.431030	-0.001037	1.002519	-0.498718	
186	0.999826	0.000955	-1.227600	-0.000955	0.999826	2.201111	
187	0.999826	0.000955	-1.227600	-0.000955	0.999826	2.201111	
188	0.999826	0.000955	-1.227600	-0.000955	0.999826	2.201111	
189	0.999826	0.000955	-1.227600	-0.000955	0.999826	2.201111	
190	0.999826	0.000955	-1.227600	-0.000955	0.999826	2.201111	
191	0.999826	0.000955	-1.227600	-0.000955	0.999826	2.201111	
192	0.999826	0.000955	-1.227600	-0.000955	0.999826	2.201111	
193	0.992638	0.001357	6.598877	-0.001357	0.992638	5.599548	
194	0.995731	0.000480	3.324707	-0.000480	0.995731	3.017578	
195	0.990088	0.000535	9.024536	-0.000535	0.990088	5.775330	
196	0.994605	0.000858	4.174561	-0.000858	0.994605	3.685364	
197	0.991043	0.000049	7.588196	-0.000049	0.991043	5.169556	
198	0.997361	0.000205	1.558350	-0.000205	0.997361	1.413879	
199	0.996647	0.001192	1.153809	-0.001192	0.996647	2.977112	
200	0.997899	0.000554	0.880249	-0.000554	0.997899	1.757141	
201	0.997166	0.000950	1.098083	-0.000950	0.997166	2.851257	
202	0.999352	0.000288	0.238464	-0.000288	0.999352	0.851135	
203	1.000034	0.000438	-0.018066	-0.000438	1.000034	0.551697	
204	0.999964	-0.000061	0.677795	0.000061	0.999964	-0.022827	
205	1.000387	0.000225	0.590698	-0.000225	1.000387	0.253235	
206	1.000022	-0.000207	1.211426	0.000207	1.000022	-0.059448	
207	1.000318	-0.000188	1.642212	0.000188	1.000318	-0.236816	
208	0.999800	-0.000154	1.266602	0.000154	0.999800	-0.096252	
209	0.999975	0.000208	0.999878	-0.000208	0.999975	0.210938	
210	1.000221	0.000169	0.035950	-0.000169	1.000221	0.053223	
211	1.000471	0.000170	0.196655	-0.000170	1.000471	0.007080	
212	1.000136	0.000150	-0.013916	-0.000150	1.000136	-0.005737	
213	0.999808	0.000183	0.713135	-0.000183	0.999808	0.416260	
214	1.000179	0.000021	-0.278076	-0.000021	1.000179	-0.097351	
215	1.000432	-0.000006	-0.479858	0.000006	1.000432	-0.081116	
216	1.000164	0.000022	-0.241455	-0.000022	1.000164	0.076355	
217	0.999871	-0.000060	-0.158447	0.000060	0.999871	0.474426	
218	1.000119	-0.000016	-0.438599	0.000016	1.000119	0.124695	
219	1.000392	-0.000218	-0.890137	0.000218	1.000392	0.251770	
220	1.000056	0.000018	-0.625244	-0.000018	1.000056	0.333923	
221	0.999908	-0.000040	-0.735107	0.000040	0.999908	0.693054	
222	1.000087	-0.000082	-0.496887	0.000082	1.000087	0.247986	
223	1.000210	-0.000181	-0.747559	0.000181	1.000210	0.181519	
224	1.000024	-0.000047	-0.332275	0.000047	1.000024	0.285889	
225	0.999147	0.000080	0.614136	-0.000080	0.999147	1.204895	
226	1.000030	0.000003	-0.488647	-0.000003	1.000030	0.220764	
227	0.999404	0.000526	-0.342407	-0.000526	0.999404	1.408020	
228	1.000115	0.000131	-0.682251	-0.000131	1.000115	0.358521	
229	0.999617	0.000146	-0.466064	-0.000146	0.999617	0.882507	
230	0.999790	-0.000078	-0.241516	0.000078	0.999790	0.265686	
231	1.002137	0.000964	-3.273621	-0.000964	1.002137	-0.552002	
232	0.999571	0.000478	-0.276855	-0.000478	0.999571	0.850464	
233	0.998112	0.001371	0.701355	-0.001371	0.998112	3.151428	
234	1.000094	-0.000069	-0.665710	0.000069	1.000094	0.235535	
235	1.000094	-0.000069	-0.665710	0.000069	1.000094	0.235535	
236	1.000009	0.000196	-0.718445	-0.000196	1.000009	0.389893	
237	1.001410	-0.001518	-0.718628	0.001518	1.001410	-2.333740	
238	0.999778	0.000590	-1.178528	-0.000590	0.999778	0.863770	
239	0.999778	0.000590	-1.178528	-0.000590	0.999778	0.863770	
240	0.995112	0.000089	3.966980	-0.000089	0.995112	4.179871	
241	1.002822	-0.002174	-0.906677	0.002174	1.002822	-3.137268	
242	1.002822	-0.002174	-0.906677	0.002174	1.002822	-3.137268	
243	1.000440	-0.000624	-0.866516	0.000624	1.000440	-0.574707	
244	1.000196	-0.001097	-1.869263	0.001097	1.000196	-0.719238	
245	1.000868	0.000023	-1.678955	-0.000023	1.000868	-0.305664	
246	1.000868	0.000023	-1.678955	-0.000023	1.000868	-0.305664	
247	0.999706	-0.000342	-0.214783	0.000342	0.999706	0.106323	
248	0.998940	-0.000036	0.289429	0.000036	0.998940	1.400513	
249	1.006288	-0.001380	-3.902344	0.001380	1.006288	-6.260803	
250	1.006288	-0.001380	-3.902344	0.001380	1.006288	-6.260803	
251	1.002031	0.000689	-2.172729	-0.000689	1.002031	-0.509338	
252	1.002031	0.000689	-2.172729	-0.000689	1.002031	-0.509338	
253	0.998645	0.001135	0.441528	-0.001135	0.998645	2.339844	
254	1.000489	-0.000130	-0.427612	0.000130	1.000489	0.100708	
255	1.000043	0.000460	-0.004883	-0.000460	1.000043	0.555786	
256	0.999961	-0.000124	0.224365	0.000124	0.999961	0.214417	
257	0.999909	-0.000233	0.109558	0.000233	0.999909	0.164612	
258	0.999161	-0.000509	0.851379	0.000509	0.999161	0.678528	
259	1.000557	0.000431	-0.230164	-0.000431	1.000557	0.071777	
260	1.000557	0.000431	-0.230164	-0.000431	1.000557	0.071777	
261	0.998076	-0.000289	1.551575	0.000289	0.998076	1.632629	
262	0.998076	-0.000289	1.551575	0.000289	0.998076	1.632629	
263	0.999824	-0.000606	0.604187	0.000606	0.999824	-0.050171	
264	0.999304	0.000260	0.741455	-0.000260	0.999304	0.954712	
265	0.999673	0.000079	0.355042	-0.000079	0.999673	0.640503	
266	0.999673	0.000079	0.355042	-0.000079	0.999673	0.640503	
267	0.999673	0.000079	0.355042	-0.000079	0.999673	0.640503	
268	0.999673	0.000079	0.355042	-0.000079	0.999673	0.640503	
269	0.999577	-0.000081	0.217773	0.000081	0.999577	0.628967	
270	0.999577	-0.000081	0.217773	0.000081	0.999577	0.628967	
271	1.000009	-0.000279	-0.188354	0.000279	1.000009	0.043152	
272	1.000009	-0.000279	-0.188354	0.000279	1.000009	0.043152	
273	1.000218	-0.000338	-0.310974	0.000338	1.000218	-0.143494	
274	1.000327	0.000273	-1.453369	-0.000273	1.000327	0.588623	
275	1.000040	0.000661	-1.030884	-0.000661	1.000040	0.689575	
276	1.000040	0.000661	-1.030884	-0.000661	1.000040	0.689575	
277	1.005934	-0.001773	-4.636780	0.001773	1.005934	-6.344971	
278	1.005934	-0.001773	-4.636780	0.001773	1.005934	-6.344971	
279	0.997826	-0.001017	2.482788	0.001017	0.997826	1.436829	
280	0.997826	-0.001017	2.482788	0.001017	0.997826	1.436829	
281	0.998593	0.000361	0.592407	-0.000361	0.998593	1.992737	
282	0.998593	0.000361	0.592407	-0.000361	0.998593	1.992737	
283	1.002210	-0.001478	-2.383301	0.001478	1.002210	-2.464539	
284	1.002210	-0.001478	-2.383301	0.001478	1.002210	-2.464539	
285	1.002210	-0.001478	-2.383301	0.001478	1.002210	-2.464539	
286	1.002210	-0.001478	-2.383301	0.001478	1.002210	-2.464539	
287	1.002210	-0.001478	-2.383301	0.001478	1.002210	-2.464539	
288	1.002210	-0.001478	-2.383301	0.001478	1.002210	-2.464539	
289	1.000246	-0.000272	-0.752686	0.000272	1.000246	1.007324	
290	1.000246	-0.000272	-0.752686	0.000272	1.000246	1.007324	
291	0.999554	-0.000255	-0.236145	0.000255	0.999554	1.802612	
292	0.998625	-0.001308	1.621277	0.001308	0.998625	2.905701	
293	1.000185	-0.000652	0.085571	0.000652	1.000185	0.576538	
294	1.003772	-0.001416	-3.741821	0.001416	1.003772	-1.374939	
295	1.000753	-0.001308	0.182739	0.001308	1.000753	0.301880	
296	0.999549	-0.001115	1.196533	0.001115	0.999549	2.436035	
297	1.001100	-0.000515	-0.050598	0.000515	1.001100	0.139465	
298	1.002996	-0.002490	-0.449341	0.002490	1.002996	-1.807312	
299	0.999428	-0.000572	1.698303	0.000572	0.999428	1.717468	
300	1.001205	-0.001275	1.848267	0.001275	1.001205	0.692627	
301	0.998477	0.000020	0.955200	-0.000020	0.998477	2.760803	
302	1.001652	0.000239	0.229980	-0.000239	1.001652	1.516785	
303	1.001385	0.000128	-0.267822	-0.000128	1.001385	-0.200439	
304	0.999417	-0.004831	6.373230	0.004831	0.999417	-2.344238	
305	0.999574	-0.000129	1.428345	0.000129	0.999574	-0.019592	
306	0.999574	-0.000129	1.428345	0.000129	0.999574	-0.019592	
307	0.999300	-0.001427	2.867432	0.001427	0.999300	-0.501282	
308	0.996177	0.001596	2.976624	-0.001596	0.996177	4.566589	
309	0.999642	-0.000489	1.013245	0.000489	0.999642	0.198059	
310	0.999945	-0.000091	1.344604	0.000091	0.999945	0.446899	
311	0.999992	-0.000478	0.492798	0.000478	0.999992	0.146179	
312	0.999330	-0.000347	0.791687	0.000347	0.999330	0.616333	
313	1.001439	-0.001597	0.347778	0.001597	1.001439	-2.969299	
314	1.001439	-0.001597	0.347778	0.001597	1.001439	-2.969299	
315	0.999015	-0.000817	0.961609	0.000817	0.999015	0.007690	
316	0.999015	-0.000817	0.961609	0.000817	0.999015	0.007690	
317	1.000333	-0.000376	0.128479	0.000376	1.000333	-0.217285	
318	1.000333	-0.000376	0.128479	0.000376	1.000333	-0.217285	
319	0.999678	-0.000261	0.467224	0.000261	0.999678	0.332520	
320	0.999678	-0.000261	0.467224	0.000261	0.999678	0.332520	
321	0.997693	0.002411	0.485352	-0.002411	0.997693	6.026611	
322	0.997693	0.002411	0.485352	-0.002411	0.997693	6.026611	
323	0.999927	0.000078	0.107971	-0.000078	0.999927	0.489319	
324	0.997934	0.000121	0.785889	-0.000121	0.997934	2.764832	
325	0.999863	-0.000299	0.125610	0.000299	0.999863	0.103821	
326	0.999871	0.000008	0.266052	-0.000008	0.999871	0.554810	
327	1.000083	-0.000114	-0.237976	0.000114	1.000083	0.185242	
328	0.999479	-0.000023	0.693665	0.000023	0.999479	0.938232	
329	0.999479	-0.000023	0.693665	0.000023	0.999479	0.938232	
330	0.999672	0.000179	0.478943	-0.000179	0.999672	0.971680	
331	1.000157	-0.000117	-0.075745	0.000117	1.000157	0.247314	
332	1.000088	-0.000018	0.072327	0.000018	1.000088	0.416443	
333	1.000131	-0.000011	0.054260	0.000011	1.000131	0.383362	
334	1.000046	-0.000234	0.370422	0.000234	1.000046	0.354797	
335	1.000242	0.000053	-0.248108	-0.000053	1.000242	0.034790	
336	0.999590	-0.000134	0.915894	0.000134	0.999590	0.512756	
337	0.999752	-0.000033	0.609802	0.000033	0.999752	0.322388	
338	0.999621	0.000190	0.877502	-0.000190	0.999621	0.962280	
339	1.000240	0.000081	0.284851	-0.000081	1.000240	0.409424	
340	1.000065	0.000247	0.443054	-0.000247	1.000065	0.908813	
341	1.000018	0.000235	0.076599	-0.000235	1.000018	0.638672	
342	0.999846	0.000210	0.987366	-0.000210	0.999846	0.599182	
343	0.999809	0.000154	0.281921	-0.000154	0.999809	0.451172	
344	1.000128	0.000795	0.098145	-0.000795	1.000128	0.601074	
345	1.000028	0.000248	0.154236	-0.000248	1.000028	0.321716	
346	1.000062	0.000787	0.370972	-0.000787	1.000062	0.906616	
347	0.999681	0.000414	0.574951	-0.000414	0.999681	0.269897	
348	0.999681	0.000414	0.574951	-0.000414	0.999681	0.269897	
349	0.999681	0.000414	0.574951	-0.000414	0.999681	0.269897	
350	0.999681	0.000414	0.574951	-0.000414	0.999681	0.269897	
351	0.999681	0.000414	0.574951	-0.000414	0.999681	0.269897	
352	0.999681	0.000414	0.574951	-0.000414	0.999681	0.269897	
353	0.998502	0.001621	1.791321	-0.001621	0.998502	2.139954	
354	1.005307	0.001775	-5.104431	-0.001775	1.005307	-3.307617	
355	0.999935	0.000716	0.247620	-0.000716	0.999935	1.061523	
356	1.000432	0.001547	-1.163391	-0.001547	1.000432	1.741089	
357	0.999724	-0.000112	0.811096	0.000112	0.999724	-0.045288	
358	0.999724	-0.000112	0.811096	0.000112	0.999724	-0.045288	
359	1.000350	0.001034	0.015808	-0.001034	1.000350	1.050659	
360	0.999838	0.000040	0.866821	-0.000040	0.999838	0.441895	
361	1.000169	0.000202	0.215820	-0.000202	1.000169	0.295410	
362	1.000136	0.000320	0.159790	-0.000320	1.000136	0.732910	
363	1.000204	0.000280	0.152100	-0.000280	1.000204	0.566528	
364	1.000365	0.000699	0.284180	-0.000699	1.000365	1.295288	
365	0.998522	-0.000752	2.207947	0.000752	0.998522	1.208862	
366	0.998522	-0.000752	2.207947	0.000752	0.998522	1.208862	
367	1.000059	0.000220	0.395386	-0.000220	1.000059	0.528015	
368	0.999966	-0.000031	0.791687	0.000031	0.999966	0.333008	
369	1.000074	0.000372	0.452393	-0.000372	1.000074	0.316223	
370	1.000074	0.000372	0.452393	-0.000372	1.000074	0.316223	
371	1.000074	0.000372	0.452393	-0.000372	1.000074	0.316223	
372	1.000074	0.000372	0.452393	-0.000372	1.000074	0.316223	
373	0.999804	-0.000024	0.224426	0.000024	0.999804	-0.132812	
374	1.000149	0.000199	-0.030884	-0.000199	1.000149	0.096008	
375	0.998598	0.000298	1.386230	-0.000298	0.998598	1.624573	
376	0.998598	0.000298	1.386230	-0.000298	0.998598	1.624573	
377	1.000370	0.000698	-0.706055	-0.000698	1.000370	0.614563	
378	0.998813	0.000644	0.857666	-0.000644	0.998813	1.010376	
379	1.000866	0.001253	-1.619141	-0.001253	1.000866	-0.195190	
380	1.000866	0.001253	-1.619141	-0.001253	1.000866	-0.195190	
381	0.999637	-0.000125	-0.118408	0.000125	0.999637	-0.069031	
382	0.999637	-0.000125	-0.118408	0.000125	0.999637	-0.069031	
383	0.999637	-0.000125	-0.118408	0.000125	0.999637	-0.069031	
384	0.999637	-0.000125	-0.118408	0.000125	0.999637	-0.069031	
385	1.000027	-0.000140	-0.589355	0.000140	1.000027	-0.385193	
386	1.000027	-0.000140	-0.589355	0.000140	1.000027	-0.385193	
387	1.000670	0.000342	-1.187805	-0.000342	1.000670	-0.605896	
388	1.000670	0.000342	-1.187805	-0.000342	1.000670	-0.605896	
389	1.000009	-0.000210	-0.519043	0.000210	1.000009	-0.851868	
390	1.000035	-0.000741	-0.800354	0.000741	1.000035	-1.673706	
391	1.003440	-0.005421	0.426697	0.005421	1.003440	-9.107727	
392	1.003440	-0.005421	0.426697	0.005421	1.003440	-9.107727	
393	1.003440	-0.005421	0.426697	0.005421	1.003440	-9.107727	
394	1.003440	-0.005421	0.426697	0.005421	1.003440	-9.107727	
395	1.003440	-0.005421	0.426697	0.005421	1.003440	-9.107727	
396	1.003440	-0.005421	0.426697	0.005421	1.003440	-9.107727	
397	1.000586	0.000740	-1.898621	-0.000740	1.000586	-0.567078	
398	1.000586	0.000740	-1.898621	-0.000740	1.000586	-0.567078	
399	1.000586	0.000740	-1.898621	-0.000740	1.000586	-0.567078	
400	1.000586	0.000740	-1.898621	-0.000740	1.000586	-0.567078	
401	1.000586	0.000740	-1.898621	-0.000740	1.000586	-0.567078	
402	1.000586	0.000740	-1.898621	-0.000740	1.000586	-0.567078	
403	1.004747	-0.001882	-2.704468	0.001882	1.004747	-5.580383	
404	1.004747	-0.001882	-2.704468	0.001882	1.004747	-5.580383	
405	0.999999	-0.000412	-0.018677	0.000412	0.999999	-0.650818	
406	0.999999	-0.000412	-0.018677	0.000412	0.999999	-0.650818	
407	0.999999	-0.000412	-0.018677	0.000412	0.999999	-0.650818	
408	0.999999	-0.000412	-0.018677	0.000412	0.999999	-0.650818	
409	0.999999	-0.000412	-0.018677	0.000412	0.999999	-0.650818	
410	0.999999	-0.000412	-0.018677	0.000412	0.999999	-0.650818	
411	0.999999	-0.000412	-0.018677	0.000412	0.999999	-0.650818	
412	0.999999	-0.000412	-0.018677	0.000412	0.999999	-0.650818	
413	1.003018	-0.000928	-1.261902	0.000928	1.003018	-6.114624	
414	1.003018	-0.000928	-1.261902	0.000928	1.003018	-6.114624	
415	1.000746	0.000243	-1.323486	-0.000243	1.000746	-0.867615	
416	1.000746	0.000243	-1.323486	-0.000243	1.000746	-0.867615	
417	1.000746	0.000243	-1.323486	-0.000243	1.000746	-0.867615	
418	1.000746	0.000243	-1.323486	-0.000243	1.000746	-0.867615	
419	0.999917	0.000083	-0.341553	-0.000083	0.999917	0.128357	
420	0.999917	0.000083	-0.341553	-0.000083	0.999917	0.128357	
421	0.999917	0.000083	-0.341553	-0.000083	0.999917	0.128357	
422	0.999917	0.000083	-0.341553	-0.000083	0.999917	0.128357	
423	0.999917	0.000083	-0.341553	-0.000083	0.999917	0.128357	
424	0.999917	0.000083	-0.341553	-0.000083	0.999917	0.128357	
425	0.999917	0.000083	-0.341553	-0.000083	0.999917	0.128357	
426	0.999917	0.000083	-0.341553	-0.000083	0.999917	0.128357	
427	1.003116	-0.001683	-1.348145	0.001683	1.003116	-4.535156	
428	1.003116	-0.001683	-1.348145	0.001683	1.003116	-4.535156	
429	1.003116	-0.001683	-1.348145	0.001683	1.003116	-4.535156	
430	1.003116	-0.001683	-1.348145	0.001683	1.003116	-4.535156	
431	1.003116	-0.001683	-1.348145	0.001683	1.003116	-4.535156	
432	1.003116	-0.001683	-1.348145	0.001683	1.003116	-4.535156	
433	1.003116	-0.001683	-1.348145	0.001683	1.003116	-4.535156	
434	1.003116	-0.001683	-1.348145	0.001683	1.003116	-4.535156	
435	1.003116	-0.001683	-1.348145	0.001683	1.003116	-4.535156	
436	1.003116	-0.001683	-1.348145	0.001683	1.003116	-4.535156	
437	1.003116	-0.001683	-1.348145	0.001683	1.003116	-4.535156	
438	1.003116	-0.001683	-1.348145	0.001683	1.003116	-4.535156	
439	0.999796	0.000121	0.202209	-0.000121	0.999796	-0.064026	
440	0.999796	0.000121	0.202209	-0.000121	0.999796	-0.064026	
441	0.999796	0.000121	0.202209	-0.000121	0.999796	-0.064026	
442	0.999796	0.000121	0.202209	-0.000121	0.999796	-0.064026	
443	0.999796	0.000121	0.202209	-0.000121	0.999796	-0.064026	
444	0.999796	0.000121	0.202209	-0.000121	0.999796	-0.064026	
445	0.999796	0.000121	0.202209	-0.000121	0.999796	-0.064026	
446	0.999796	0.000121	0.202209	-0.000121	0.999796	-0.064026	
447	0.999796	0.000121	0.202209	-0.000121	0.999796	-0.064026	
448	0.999796	0.000121	0.202209	-0.000121	0.999796	-0.064026	
449	0.999796	0.000121	0.202209	-0.000121	0.999796	-0.064026	
450	0.999796	0.000121	0.202209	-0.000121	0.999796	-0.064026	
451	1.000684	-0.000293	-1.286133	0.000293	1.000684	-1.220825	
452	1.000684	-0.000293	-1.286133	0.000293	1.000684	-1.220825	
453	0.999684	0.000562	-1.426392	-0.000562	0.999684	0.723938	
454	0.999684	0.000562	-1.426392	-0.000562	0.999684	0.723938	
455	0.998966	0.001177	-0.593262	-0.001177	0.998966	2.258484	
456	0.997079	0.001222	0.132812	-0.001222	0.997079	3.976257	
457	1.000188	0.000707	-2.405273	-0.000707	1.000188	0.658813	
458	0.998237	0.000603	-1.119141	-0.000603	0.998237	1.725281	
459	0.998729	0.000102	0.003540	-0.000102	0.998729	0.928467	
460	0.999571	0.001466	-6.094727	-0.001466	0.999571	2.118652	
461	0.999886	0.000876	-3.190552	-0.000876	0.999886	1.085327	
462	0.998798	0.001727	-6.160400	-0.001727	0.998798	2.622925	
463	0.999836	0.000857	-3.547241	-0.000857	0.999836	1.147217	
464	0.999740	0.001372	-7.591797	-0.001372	0.999740	1.405945	
465	1.000043	0.000799	-3.845947	-0.000799	1.000043	0.762756	
466	0.999076	0.000859	-5.939453	-0.000859	0.999076	1.292542	
467	0.999641	0.000317	-3.378296	-0.000317	0.999641	0.457825	
468	0.999056	0.000274	-6.000854	-0.000274	0.999056	0.467590	
469	0.999952	-0.000281	-2.780029	0.000281	0.999952	-0.253662	
470	0.996025	-0.000912	-0.218872	0.000912	0.996025	0.980957	
471	1.000352	0.000102	-3.815857	-0.000102	1.000352	-0.318237	
472	1.000352	0.000102	-3.815857	-0.000102	1.000352	-0.318237	
473	0.997021	0.001350	-0.273438	-0.001350	0.997021	3.682312	
474	0.997021	0.001350	-0.273438	-0.001350	0.997021	3.682312	
475	0.997021	0.001350	-0.273438	-0.001350	0.997021	3.682312	
476	0.997021	0.001350	-0.273438	-0.001350	0.997021	3.682312	
477	0.997021	0.001350	-0.273438	-0.001350	0.997021	3.682312	
478	0.997021	0.001350	-0.273438	-0.001350	0.997021	3.682312	
479	0.997021	0.001350	-0.273438	-0.001350	0.997021	3.682312	
480	0.997021	0.001350	-0.273438	-0.001350	0.997021	3.682312	
481	0.997021	0.001350	-0.273438	-0.001350	0.997021	3.682312	
482	0.997021	0.001350	-0.273438	-0.001350	0.997021	3.682312	
483	0.997021	0.001350	-0.273438	-0.001350	0.997021	3.682312	
484	0.997021	0.001350	-0.273438	-0.001350	0.997021	3.682312	
485	0.997021	0.001350	-0.273438	-0.001350	0.997021	3.682312	
486	0.997021	0.001350	-0.273438	-0.001350	0.997021	3.682312	
487	1.000910	-0.002943	3.574951	0.002943	1.000910	-3.642212	
488	1.000910	-0.002943	3.574951	0.002943	1.000910	-3.642212	
489	1.000910	-0.002943	3.574951	0.002943	1.000910	-3.642212	
490	1.000910	-0.002943	3.574951	0.002943	1.000910	-3.642212	
491	0.998502	0.000347	2.128845	-0.000347	0.998502	0.860901	
492	0.998502	0.000347	2.128845	-0.000347	0.998502	0.860901	
493	0.998502	0.000347	2.128845	-0.000347	0.998502	0.860901	
494	0.998502	0.000347	2.128845	-0.000347	0.998502	0.860901	
495	1.000843	-0.000225	0.640137	0.000225	1.000843	-0.826599	
496	1.000843	-0.000225	0.640137	0.000225	1.000843	-0.826599	
497	0.999434	0.000706	0.588684	-0.000706	0.999434	0.800781	
498	0.999434	0.000706	0.588684	-0.000706	0.999434	0.800781	
499	1.000432	0.000208	0.014771	-0.000208	1.000432	-0.320862	
500	1.000432	0.000208	0.014771	-0.000208	1.000432	-0.320862	
501	1.000432	0.000208	0.014771	-0.000208	1.000432	-0.320862	
502	1.000432	0.000208	0.014771	-0.000208	1.000432	-0.320862	
503	1.000432	0.000208	0.014771	-0.000208	1.000432	-0.320862	
504	1.000432	0.000208	0.014771	-0.000208	1.000432	-0.320862	
505	1.000432	0.000208	0.014771	-0.000208	1.000432	-0.320862	
506	1.000432	0.000208	0.014771	-0.000208	1.000432	-0.320862	
507	1.000432	0.000208	0.014771	-0.000208	1.000432	-0.320862	
508	1.000432	0.000208	0.014771	-0.000208	1.000432	-0.320862	
509	1.000432	0.000208	0.014771	-0.000208	1.000432	-0.320862	
510	1.000432	0.000208	0.014771	-0.000208	1.000432	-0.320862	
511	1.000432	0.000208	0.014771	-0.000208	1.000432	-0.320862	
512	1.000432	0.000208	0.014771	-0.000208	1.000432	-0.320862	
513	1.000432	0.000208	0.014771	-0.000208	1.000432	-0.320862	
514	1.000432	0.000208	0.014771	-0.000208	1.000432	-0.320862	
515	1.000632	-0.000155	-0.062012	0.000155	1.000632	-0.595215	
516	1.000632	-0.000155	-0.062012	0.000155	1.000632	-0.595215	
517	1.000632	-0.000155	-0.062012	0.000155	1.000632	-0.595215	
518	1.000632	-0.000155	-0.062012	0.000155	1.000632	-0.595215	
519	1.005592	0.006312	-10.884888	-0.006312	1.005592	2.223267	
520	1.005592	0.006312	-10.884888	-0.006312	1.005592	2.223267	
521	1.000915	-0.000435	-0.732300	0.000435	1.000915	-1.343994	
522	1.000915	-0.000435	-0.732300	0.000435	1.000915	-1.343994	
523	1.001150	-0.000469	-0.541992	0.000469	1.001150	-1.182434	
524	1.001150	-0.000469	-0.541992	0.000469	1.001150	-1.182434	
525	0.995862	-0.001691	5.478271	0.001691	0.995862	2.465698	
526	0.995862	-0.001691	5.478271	0.001691	0.995862	2.465698	
527	0.995862	-0.001691	5.478271	0.001691	0.995862	2.465698	
528	0.995862	-0.001691	5.478271	0.001691	0.995862	2.465698	
529	0.995862	-0.001691	5.478271	0.001691	0.995862	2.465698	
530	0.995862	-0.001691	5.478271	0.001691	0.995862	2.465698	
531	0.995862	-0.001691	5.478271	0.001691	0.995862	2.465698	
532	0.995862	-0.001691	5.478271	0.001691	0.995862	2.465698	
533	1.000101	0.000237	0.310730	-0.000237	1.000101	0.173157	
534	1.000101	0.000237	0.310730	-0.000237	1.000101	0.173157	
535	1.000101	0.000237	0.310730	-0.000237	1.000101	0.173157	
536	1.000101	0.000237	0.310730	-0.000237	1.000101	0.173157	
537	1.000916	0.000200	-0.102478	-0.000200	1.000916	-0.757019	
538	0.999046	0.000895	1.960266	-0.000895	0.999046	1.795166	
539	0.999538	0.000460	1.246399	-0.000460	0.999538	0.850708	
540	0.999538	0.000460	1.246399	-0.000460	0.999538	0.850708	
541	1.000678	0.000120	0.456116	-0.000120	1.000678	0.186829	
542	1.000678	0.000120	0.456116	-0.000120	1.000678	0.186829	
543	1.000678	0.000120	0.456116	-0.000120	1.000678	0.186829	
544	1.000913	0.001165	-0.290894	-0.001165	1.000913	2.763184	
545	1.001082	0.000263	-1.120850	-0.000263	1.001082	0.655884	
546	1.001082	0.000263	-1.120850	-0.000263	1.001082	0.655884	
547	1.000377	-0.000476	-0.103760	0.000476	1.000377	0.929504	
548	1.000377	-0.000476	-0.103760	0.000476	1.000377	0.929504	
549	0.999344	-0.000426	0.589111	0.000426	0.999344	1.383789	
550	0.999344	-0.000426	0.589111	0.000426	0.999344	1.383789	
551	0.999825	0.000115	-0.228516	-0.000115	0.999825	1.578796	
552	0.999825	0.000115	-0.228516	-0.000115	0.999825	1.578796	
553	0.999703	0.000427	-0.651672	-0.000427	0.999703	2.572327	
554	1.000815	0.000363	-2.294128	-0.000363	1.000815	3.757263	
555	0.994103	0.002900	1.856995	-0.002900	0.994103	9.276367	
556	0.994103	0.002900	1.856995	-0.002900	0.994103	9.276367	
557	1.000170	0.000130	-0.661377	-0.000130	1.000170	1.529907	
558	1.000170	0.000130	-0.661377	-0.000130	1.000170	1.529907	
559	0.994245	0.001027	3.633850	-0.001027	0.994245	6.815247	
560	0.999866	-0.001132	0.364075	0.001132	0.999866	0.638550	
561	1.010729	0.000023	-9.372498	-0.000023	1.010729	-8.845886	
562	1.010729	0.000023	-9.372498	-0.000023	1.010729	-8.845886	
563	1.010729	0.000023	-9.372498	-0.000023	1.010729	-8.845886	
564	1.010729	0.000023	-9.372498	-0.000023	1.010729	-8.845886	
565	0.999778	0.000730	0.453552	-0.000730	0.999778	0.986694	
566	0.999778	0.000730	0.453552	-0.000730	0.999778	0.986694	
567	1.000070	-0.000208	0.406433	0.000208	1.000070	-0.031738	
568	1.000070	-0.000208	0.406433	0.000208	1.000070	-0.031738	
569	1.000070	-0.000208	0.406433	0.000208	1.000070	-0.031738	
570	1.000070	-0.000208	0.406433	0.000208	1.000070	-0.031738	
571	1.000070	-0.000208	0.406433	0.000208	1.000070	-0.031738	
572	1.000070	-0.000208	0.406433	0.000208	1.000070	-0.031738	
573	1.000070	-0.000208	0.406433	0.000208	1.000070	-0.031738	
574	1.000070	-0.000208	0.406433	0.000208	1.000070	-0.031738	
575	0.999772	-0.000227	0.695251	0.000227	0.999772	0.081116	
576	0.999605	0.000264	0.877991	-0.000264	0.999605	0.811707	
577	0.999605	0.000264	0.877991	-0.000264	0.999605	0.811707	
578	1.000077	0.000432	0.040833	-0.000432	1.000077	0.090454	
579	1.000077	0.000432	0.040833	-0.000432	1.000077	0.090454	
580	1.000018	-0.000018	0.546814	0.000018	1.000018	-0.137451	
581	1.000018	-0.000018	0.546814	0.000018	1.000018	-0.137451	
582	1.000018	-0.000018	0.546814	0.000018	1.000018	-0.137451	
583	1.000018	-0.000018	0.546814	0.000018	1.000018	-0.137451	
584	1.000018	-0.000018	0.546814	0.000018	1.000018	-0.137451	
585	1.000018	-0.000018	0.546814	0.000018	1.000018	-0.137451	
586	1.000018	-0.000018	0.546814	0.000018	1.000018	-0.137451	
587	1.000018	-0.000018	0.546814	0.000018	1.000018	-0.137451	
588	1.000018	-0.000018	0.546814	0.000018	1.000018	-0.137451	
589	1.000018	-0.000018	0.546814	0.000018	1.000018	-0.137451	
590	1.000018	-0.000018	0.546814	0.000018	1.000018	-0.137451	
591	1.000018	-0.000018	0.546814	0.000018	1.000018	-0.137451	
592	1.000018	-0.000018	0.546814	0.000018	1.000018	-0.137451	
593	1.000018	-0.000018	0.546814	0.000018	1.000018	-0.137451	
594	1.000018	-0.000018	0.546814	0.000018	1.000018	-0.137451	
595	0.999676	0.000086	1.394714	-0.000086	0.999676	-0.672668	
596	0.999676	0.000086	1.394714	-0.000086	0.999676	-0.672668	
597	0.999676	0.000086	1.394714	-0.000086	0.999676	-0.672668	
598	0.999676	0.000086	1.394714	-0.000086	0.999676	-0.672668	
599	0.999676	0.000086	1.394714	-0.000086	0.999676	-0.672668	
600	0.999676	0.000086	1.394714	-0.000086	0.999676	-0.672668	
601	0.999676	0.000086	1.394714	-0.000086	0.999676	-0.672668	
602	0.999676	0.000086	1.394714	-0.000086	0.999676	-0.672668	
