0	1.000000	0.000000	0.000000	0.000000	1.000000	0.000000	
1	1.000000	0.000000	0.000000	0.000000	1.000000	0.000000	
2	0.989025	0.001035	10.557800	-0.001035	0.989025	10.345703	
3	0.989025	0.001035	10.557800	-0.001035	0.989025	10.345703	
4	0.987541	-0.001664	14.206055	0.001664	0.987541	4.326080	
5	0.987541	-0.001664	14.206055	0.001664	0.987541	4.326080	
6	0.987541	-0.001664	14.206055	0.001664	0.987541	4.326080	
7	0.987541	-0.001664	14.206055	0.001664	0.987541	4.326080	
8	0.987541	-0.001664	14.206055	0.001664	0.987541	4.326080	
9	0.987541	-0.001664	14.206055	0.001664	0.987541	4.326080	
10	0.987541	-0.001664	14.206055	0.001664	0.987541	4.326080	
11	0.987541	-0.001664	14.206055	0.001664	0.987541	4.326080	
12	0.997816	-0.000261	0.601257	0.000261	0.997816	1.596252	
13	0.997816	-0.000261	0.601257	0.000261	0.997816	1.596252	
14	0.995044	-0.000934	8.263519	0.000934	0.995044	1.757324	
15	0.991296	0.000191	8.712219	-0.000191	0.991296	3.895142	
16	0.995656	-0.001028	8.511597	0.001028	0.995656	1.706848	
17	0.991058	0.000189	9.410889	-0.000189	0.991058	3.778748	
18	0.991058	0.000189	9.410889	-0.000189	0.991058	3.778748	
19	0.992664	0.000163	7.624634	-0.000163	0.992664	4.288788	
20	0.999395	0.000379	-0.106567	-0.000379	0.999395	0.670227	
21	0.999395	0.000379	-0.106567	-0.000379	0.999395	0.670227	
22	0.999395	0.000379	-0.106567	-0.000379	0.999395	0.670227	
23	0.999395	0.000379	-0.106567	-0.000379	0.999395	0.670227	
24	0.999395	0.000379	-0.106567	-0.000379	0.999395	0.670227	
25	0.999395	0.000379	-0.106567	-0.000379	0.999395	0.670227	
26	0.999395	0.000379	-0.106567	-0.000379	0.999395	0.670227	
27	0.999395	0.000379	-0.106567	-0.000379	0.999395	0.670227	
28	0.999395	0.000379	-0.106567	-0.000379	0.999395	0.670227	
29	0.999395	0.000379	-0.106567	-0.000379	0.999395	0.670227	
30	0.999395	0.000379	-0.106567	-0.000379	0.999395	0.670227	
31	0.999395	0.000379	-0.106567	-0.000379	0.999395	0.670227	
32	0.999395	0.000379	-0.106567	-0.000379	0.999395	0.670227	
33	0.999395	0.000379	-0.106567	-0.000379	0.999395	0.670227	
34	0.999395	0.000379	-0.106567	-0.000379	0.999395	0.670227	
35	0.979250	0.000564	19.753235	-0.000564	0.979250	6.952576	
36	0.979250	0.000564	19.753235	-0.000564	0.979250	6.952576	
37	0.979250	0.000564	19.753235	-0.000564	0.979250	6.952576	
38	0.979250	0.000564	19.753235	-0.000564	0.979250	6.952576	
39	0.979250	0.000564	19.753235	-0.000564	0.979250	6.952576	
40	0.979250	0.000564	19.753235	-0.000564	0.979250	6.952576	
41	0.979250	0.000564	19.753235	-0.000564	0.979250	6.952576	
42	0.979250	0.000564	19.753235	-0.000564	0.979250	6.952576	
43	0.979250	0.000564	19.753235	-0.000564	0.979250	6.952576	
44	0.979250	0.000564	19.753235	-0.000564	0.979250	6.952576	
45	0.979250	0.000564	19.753235	-0.000564	0.979250	6.952576	
46	0.979250	0.000564	19.753235	-0.000564	0.979250	6.952576	
47	0.979250	0.000564	19.753235	-0.000564	0.979250	6.952576	
48	0.979250	0.000564	19.753235	-0.000564	0.979250	6.952576	
49	0.979250	0.000564	19.753235	-0.000564	0.979250	6.952576	
50	0.979250	0.000564	19.753235	-0.000564	0.979250	6.952576	
51	0.979250	0.000564	19.753235	-0.000564	0.979250	6.952576	
52	0.984942	0.003865	11.384033	-0.003865	0.984942	8.593170	
53	0.984942	0.003865	11.384033	-0.003865	0.984942	8.593170	
54	0.999673	0.006354	3.093628	-0.006354	0.999673	3.934784	
55	0.990479	0.005433	2.762207	-0.005433	0.990479	11.225159	
56	0.991332	0.005845	1.221252	-0.005845	0.991332	10.794373	
57	0.991952	0.005385	1.022217	-0.005385	0.991952	9.932556	
58	0.991952	0.005385	1.022217	-0.005385	0.991952	9.932556	
59	0.991952	0.005385	1.022217	-0.005385	0.991952	9.932556	
60	0.991952	0.005385	1.022217	-0.005385	0.991952	9.932556	
61	0.991952	0.005385	1.022217	-0.005385	0.991952	9.932556	
62	0.991952	0.005385	1.022217	-0.005385	0.991952	9.932556	
63	0.991952	0.005385	1.022217	-0.005385	0.991952	9.932556	
64	0.991952	0.005385	1.022217	-0.005385	0.991952	9.932556	
65	0.991952	0.005385	1.022217	-0.005385	0.991952	9.932556	
66	0.991952	0.005385	1.022217	-0.005385	0.991952	9.932556	
67	0.991952	0.005385	1.022217	-0.005385	0.991952	9.932556	
68	0.991952	0.005385	1.022217	-0.005385	0.991952	9.932556	
69	0.991952	0.005385	1.022217	-0.005385	0.991952	9.932556	
70	0.991952	0.005385	1.022217	-0.005385	0.991952	9.932556	
71	0.991952	0.005385	1.022217	-0.005385	0.991952	9.932556	
72	0.991952	0.005385	1.022217	-0.005385	0.991952	9.932556	
73	0.986994	-0.020010	30.427124	0.020010	0.986994	-11.874390	
74	0.986994	-0.020010	30.427124	0.020010	0.986994	-11.874390	
75	0.986994	-0.020010	30.427124	0.020010	0.986994	-11.874390	
76	0.986994	-0.020010	30.427124	0.020010	0.986994	-11.874390	
77	0.986994	-0.020010	30.427124	0.020010	0.986994	-11.874390	
78	0.986994	-0.020010	30.427124	0.020010	0.986994	-11.874390	
79	0.986994	-0.020010	30.427124	0.020010	0.986994	-11.874390	
80	0.986994	-0.020010	30.427124	0.020010	0.986994	-11.874390	
81	0.986994	-0.020010	30.427124	0.020010	0.986994	-11.874390	
82	0.986994	-0.020010	30.427124	0.020010	0.986994	-11.874390	
83	0.986994	-0.020010	30.427124	0.020010	0.986994	-11.874390	
84	0.986994	-0.020010	30.427124	0.020010	0.986994	-11.874390	
85	0.986994	-0.020010	30.427124	0.020010	0.986994	-11.874390	
86	0.986994	-0.020010	30.427124	0.020010	0.986994	-11.874390	
87	0.986994	-0.020010	30.427124	0.020010	0.986994	-11.874390	
88	0.986994	-0.020010	30.427124	0.020010	0.986994	-11.874390	
89	0.986994	-0.020010	30.427124	0.020010	0.986994	-11.874390	
90	1.005231	-0.004122	-3.249817	0.004122	1.005231	-8.987305	
91	1.005231	-0.004122	-3.249817	0.004122	1.005231	-8.987305	
92	1.005231	-0.004122	-3.249817	0.004122	1.005231	-8.987305	
93	1.001026	0.002241	-7.015381	-0.002241	1.001026	0.089172	
94	1.001026	0.002241	-7.015381	-0.002241	1.001026	0.089172	
95	1.001026	0.002241	-7.015381	-0.002241	1.001026	0.089172	
96	1.001026	0.002241	-7.015381	-0.002241	1.001026	0.089172	
97	1.001026	0.002241	-7.015381	-0.002241	1.001026	0.089172	
98	1.001026	0.002241	-7.015381	-0.002241	1.001026	0.089172	
99	1.001026	0.002241	-7.015381	-0.002241	1.001026	0.089172	
100	1.001026	0.002241	-7.015381	-0.002241	1.001026	0.089172	
101	1.001026	0.002241	-7.015381	-0.002241	1.001026	0.089172	
102	1.001026	0.002241	-7.015381	-0.002241	1.001026	0.089172	
103	1.001026	0.002241	-7.015381	-0.002241	1.001026	0.089172	
104	1.001026	0.002241	-7.015381	-0.002241	1.001026	0.089172	
105	1.001026	0.002241	-7.015381	-0.002241	1.001026	0.089172	
106	1.004672	0.015793	-20.311890	-0.015793	1.004672	8.078369	
107	1.004672	0.015793	-20.311890	-0.015793	1.004672	8.078369	
108	1.004672	0.015793	-20.311890	-0.015793	1.004672	8.078369	
109	1.004672	0.015793	-20.311890	-0.015793	1.004672	8.078369	
110	1.004672	0.015793	-20.311890	-0.015793	1.004672	8.078369	
111	1.004672	0.015793	-20.311890	-0.015793	1.004672	8.078369	
112	1.004672	0.015793	-20.311890	-0.015793	1.004672	8.078369	
113	1.004672	0.015793	-20.311890	-0.015793	1.004672	8.078369	
114	1.004672	0.015793	-20.311890	-0.015793	1.004672	8.078369	
115	1.004672	0.015793	-20.311890	-0.015793	1.004672	8.078369	
116	1.004672	0.015793	-20.311890	-0.015793	1.004672	8.078369	
117	1.004672	0.015793	-20.311890	-0.015793	1.004672	8.078369	
118	1.004672	0.015793	-20.311890	-0.015793	1.004672	8.078369	
119	1.004672	0.015793	-20.311890	-0.015793	1.004672	8.078369	
120	1.004672	0.015793	-20.311890	-0.015793	1.004672	8.078369	
121	1.004672	0.015793	-20.311890	-0.015793	1.004672	8.078369	
122	1.004672	0.015793	-20.311890	-0.015793	1.004672	8.078369	
123	1.004672	0.015793	-20.311890	-0.015793	1.004672	8.078369	
124	1.004672	0.015793	-20.311890	-0.015793	1.004672	8.078369	
125	1.004672	0.015793	-20.311890	-0.015793	1.004672	8.078369	
126	1.004672	0.015793	-20.311890	-0.015793	1.004672	8.078369	
127	1.004672	0.015793	-20.311890	-0.015793	1.004672	8.078369	
128	1.004672	0.015793	-20.311890	-0.015793	1.004672	8.078369	
129	1.004672	0.015793	-20.311890	-0.015793	1.004672	8.078369	
130	1.004270	-0.000816	-3.152222	0.000816	1.004270	-3.533569	
131	1.004270	-0.000816	-3.152222	0.000816	1.004270	-3.533569	
132	1.004270	-0.000816	-3.152222	0.000816	1.004270	-3.533569	
133	1.004270	-0.000816	-3.152222	0.000816	1.004270	-3.533569	
134	1.004270	-0.000816	-3.152222	0.000816	1.004270	-3.533569	
135	1.004270	-0.000816	-3.152222	0.000816	1.004270	-3.533569	
136	1.004270	-0.000816	-3.152222	0.000816	1.004270	-3.533569	
137	1.004270	-0.000816	-3.152222	0.000816	1.004270	-3.533569	
138	1.004270	-0.000816	-3.152222	0.000816	1.004270	-3.533569	
139	1.004270	-0.000816	-3.152222	0.000816	1.004270	-3.533569	
140	1.004270	-0.000816	-3.152222	0.000816	1.004270	-3.533569	
141	1.004270	-0.000816	-3.152222	0.000816	1.004270	-3.533569	
142	1.004270	-0.000816	-3.152222	0.000816	1.004270	-3.533569	
143	1.002749	0.000265	-2.990723	-0.000265	1.002749	-1.181519	
144	1.002749	0.000265	-2.990723	-0.000265	1.002749	-1.181519	
145	1.002749	0.000265	-2.990723	-0.000265	1.002749	-1.181519	
146	1.002749	0.000265	-2.990723	-0.000265	1.002749	-1.181519	
147	1.002749	0.000265	-2.990723	-0.000265	1.002749	-1.181519	
148	1.000871	-0.001779	0.258911	0.001779	1.000871	-1.291626	
149	1.000871	-0.001779	0.258911	0.001779	1.000871	-1.291626	
150	1.002697	-0.000115	-2.425659	0.000115	1.002697	-1.539062	
151	1.002452	0.000361	-2.744263	-0.000361	1.002452	-0.829956	
152	1.002331	0.000180	-2.315796	-0.000180	1.002331	-0.833130	
153	1.002229	0.000077	-2.174072	-0.000077	1.002229	-0.921936	
154	1.004641	0.000139	-4.127808	-0.000139	1.004641	-2.092041	
155	1.002088	-0.000336	-1.253784	0.000336	1.002088	-1.337891	
156	1.002230	-0.000484	-1.559570	0.000484	1.002230	-1.529846	
157	1.002211	-0.000479	-1.270630	0.000479	1.002211	-1.688232	
158	1.002292	-0.000530	-1.291870	0.000530	1.002292	-1.800232	
159	1.005009	0.000026	-4.158203	-0.000026	1.005009	-3.307312	
160	1.002268	-0.000113	-1.524048	0.000113	1.002268	-1.516724	
161	1.002413	-0.000047	-2.251221	0.000047	1.002413	-1.387451	
162	1.002379	-0.000091	-2.060547	0.000091	1.002379	-1.397339	
163	1.002595	0.000076	-2.381714	-0.000076	1.002595	-1.315430	
164	1.005093	-0.000038	-4.708862	0.000038	1.005093	-2.793152	
165	1.002618	0.000079	-2.419922	-0.000079	1.002618	-1.459656	
166	1.002503	0.000096	-2.331604	-0.000096	1.002503	-1.240845	
167	1.002604	0.000169	-2.405396	-0.000169	1.002604	-1.409302	
168	1.002778	0.000087	-2.354919	-0.000087	1.002778	-1.444153	
169	1.004761	0.000094	-4.513062	-0.000094	1.004761	-2.339172	
170	1.002366	-0.000011	-2.186768	0.000011	1.002366	-1.462952	
171	1.002255	-0.000218	-2.031128	0.000218	1.002255	-1.518433	
172	1.002411	-0.000116	-2.279541	0.000116	1.002411	-1.536255	
173	1.002275	-0.000033	-2.255371	0.000033	1.002275	-1.236694	
174	1.005205	-0.000146	-5.008728	0.000146	1.005205	-2.954285	
175	1.002292	-0.000055	-2.430481	0.000055	1.002292	-0.948364	
176	1.002447	-0.000003	-2.329956	0.000003	1.002447	-1.340515	
177	1.002043	-0.000030	-2.141235	0.000030	1.002043	-0.910645	
178	0.999918	0.000028	0.029724	-0.000028	0.999918	0.178833	
179	1.005019	-0.000874	-3.044434	0.000874	1.005019	-3.761230	
180	0.999727	-0.000108	0.446045	0.000108	0.999727	0.353943	
181	0.999876	-0.000128	0.304443	0.000128	0.999876	0.130798	
182	0.999755	-0.000106	0.539551	0.000106	0.999755	0.154541	
183	0.999789	0.000024	0.345947	-0.000024	0.999789	0.259583	
184	1.000043	0.000017	-0.039307	-0.000017	1.000043	-0.102051	
185	0.999983	-0.000215	0.286377	0.000215	0.999983	-0.358948	
186	0.999983	-0.000111	0.033203	0.000111	0.999983	-0.131409	
187	1.000326	0.000060	-0.686890	-0.000060	1.000326	-0.258301	
188	1.000017	-0.000034	-0.199097	0.000034	1.000017	-0.051025	
189	1.000230	0.000133	-0.881836	-0.000133	1.000230	-0.014038	
190	0.999924	0.000136	-0.208984	-0.000136	0.999924	0.233459	
191	0.999982	0.000001	0.111938	-0.000001	0.999982	0.051636	
192	0.999967	0.000174	-0.141357	-0.000174	0.999967	0.228333	
193	0.995904	-0.001279	7.159790	0.001279	0.995904	0.802185	
194	1.000151	0.000170	-0.211914	-0.000170	1.000151	0.158569	
195	1.000142	0.000082	-0.116333	-0.000082	1.000142	-0.028137	
196	1.000725	-0.000416	-0.567749	0.000416	1.000725	-1.327942	
197	0.999986	0.000142	0.021973	-0.000142	0.999986	0.041931	
198	0.999994	0.000003	0.081299	-0.000003	0.999994	-0.061096	
199	0.999223	-0.000219	1.481567	0.000219	0.999223	0.230835	
200	1.000264	0.000103	-0.429199	-0.000103	1.000264	-0.132751	
201	1.001257	0.000406	-2.233154	-0.000406	1.001257	-0.548950	
202	0.999954	-0.000168	0.207520	0.000168	0.999954	-0.256531	
203	1.000526	-0.000465	-0.501953	0.000465	1.000526	-1.253662	
204	1.000526	-0.000465	-0.501953	0.000465	1.000526	-1.253662	
205	0.997373	0.001390	1.969849	-0.001390	0.997373	3.839417	
206	0.999661	0.000170	-0.161743	-0.000170	0.999661	0.463257	
207	0.999661	0.000170	-0.161743	-0.000170	0.999661	0.463257	
208	0.999880	0.001103	-0.960205	-0.001103	0.999880	1.453613	
209	0.999880	0.001103	-0.960205	-0.001103	0.999880	1.453613	
210	0.999880	0.001103	-0.960205	-0.001103	0.999880	1.453613	
211	1.000140	-0.000014	-0.183472	0.000014	1.000140	-0.150146	
212	1.000140	-0.000014	-0.183472	0.000014	1.000140	-0.150146	
213	1.000299	-0.000387	-0.261597	0.000387	1.000299	-0.728943	
214	1.000299	-0.000387	-0.261597	0.000387	1.000299	-0.728943	
215	1.000303	-0.000592	0.055420	0.000592	1.000303	-1.015259	
216	1.000303	-0.000592	0.055420	0.000592	1.000303	-1.015259	
217	1.000099	-0.000103	0.067871	0.000103	1.000099	-0.292175	
218	1.000099	-0.000103	0.067871	0.000103	1.000099	-0.292175	
219	1.000766	-0.000269	-0.288208	0.000269	1.000766	-1.276062	
220	1.000766	-0.000269	-0.288208	0.000269	1.000766	-1.276062	
221	1.000745	-0.000060	-0.748596	0.000060	1.000745	-0.705933	
222	1.001365	-0.000311	-1.105103	0.000311	1.001365	-1.561340	
223	1.000237	-0.001762	0.718994	0.001762	1.000237	-1.657227	
224	1.000237	-0.001762	0.718994	0.001762	1.000237	-1.657227	
225	1.002001	-0.007705	5.433960	0.007705	1.002001	-7.976440	
226	0.999341	-0.002649	3.806824	0.002649	0.999341	-1.999084	
227	1.000223	-0.001573	1.930542	0.001573	1.000223	-1.402100	
228	0.999479	-0.000516	1.097412	0.000516	0.999479	-0.065125	
229	0.999479	-0.000516	1.097412	0.000516	0.999479	-0.065125	
230	0.999847	-0.002368	2.086670	0.002368	0.999847	-1.810425	
231	1.001099	-0.001690	0.390381	0.001690	1.001099	-2.748535	
232	1.000859	0.001613	-2.556458	-0.001613	1.000859	0.437561	
233	1.000859	0.001613	-2.556458	-0.001613	1.000859	0.437561	
234	1.000859	0.001613	-2.556458	-0.001613	1.000859	0.437561	
235	1.002123	0.001393	-3.491882	-0.001393	1.002123	-0.859253	
236	1.002123	0.001393	-3.491882	-0.001393	1.002123	-0.859253	
237	1.002191	0.002259	-4.195679	-0.002259	1.002191	-0.162659	
238	1.001147	0.000675	-2.342041	-0.000675	1.001147	-0.403625	
239	1.001147	0.000675	-2.342041	-0.000675	1.001147	-0.403625	
240	1.001147	0.000675	-2.342041	-0.000675	1.001147	-0.403625	
241	1.000709	0.000944	-1.458252	-0.000944	1.000709	0.191040	
242	0.999773	0.004709	-4.264954	-0.004709	0.999773	3.898499	
243	0.999773	0.004709	-4.264954	-0.004709	0.999773	3.898499	
244	1.001342	-0.001016	-0.586426	0.001016	1.001342	-2.093811	
245	1.001342	-0.001016	-0.586426	0.001016	1.001342	-2.093811	
246	1.001342	-0.001016	-0.586426	0.001016	1.001342	-2.093811	
247	1.000442	-0.000317	-0.276855	0.000317	1.000442	-0.595886	
248	1.000442	-0.000317	-0.276855	0.000317	1.000442	-0.595886	
249	1.000442	-0.000317	-0.276855	0.000317	1.000442	-0.595886	
250	1.000291	-0.000960	0.557373	0.000960	1.000291	-1.236023	
251	1.001053	0.001283	-2.314453	-0.001283	1.001053	0.367554	
252	1.001450	0.000925	-2.124268	-0.000925	1.001450	-0.462341	
253	1.000429	0.000660	-1.083252	-0.000660	1.000429	0.267029	
254	0.999960	-0.000346	0.684570	0.000346	0.999960	-0.321777	
255	0.999960	-0.000346	0.684570	0.000346	0.999960	-0.321777	
256	0.998918	-0.001170	2.560181	0.001170	0.998918	-0.165833	
257	0.999586	-0.000259	0.635803	0.000259	0.999586	0.182312	
258	0.999586	-0.000259	0.635803	0.000259	0.999586	0.182312	
259	0.999586	-0.000259	0.635803	0.000259	0.999586	0.182312	
260	0.998642	0.000025	1.173279	-0.000025	0.998642	1.262878	
261	0.998642	0.000025	1.173279	-0.000025	0.998642	1.262878	
262	0.999867	0.000857	-0.400024	-0.000857	0.999867	0.940613	
263	0.999867	0.000857	-0.400024	-0.000857	0.999867	0.940613	
264	0.999867	0.000857	-0.400024	-0.000857	0.999867	0.940613	
265	0.999867	0.000857	-0.400024	-0.000857	0.999867	0.940613	
266	0.999867	0.000857	-0.400024	-0.000857	0.999867	0.940613	
267	0.999867	0.000857	-0.400024	-0.000857	0.999867	0.940613	
268	0.999867	0.000857	-0.400024	-0.000857	0.999867	0.940613	
269	0.999867	0.000857	-0.400024	-0.000857	0.999867	0.940613	
270	0.999867	0.000857	-0.400024	-0.000857	0.999867	0.940613	
271	0.996103	-0.000518	6.794006	0.000518	0.996103	0.964905	
272	1.000105	-0.011301	10.326294	0.011301	1.000105	-6.295105	
273	0.997529	-0.002912	5.433960	0.002912	0.997529	-1.591309	
274	0.998466	-0.001846	3.763672	0.001846	0.998466	-1.034912	
275	0.998466	-0.001846	3.763672	0.001846	0.998466	-1.034912	
276	0.998466	-0.001846	3.763672	0.001846	0.998466	-1.034912	
277	0.998466	-0.001846	3.763672	0.001846	0.998466	-1.034912	
278	0.998466	-0.001846	3.763672	0.001846	0.998466	-1.034912	
279	0.998365	0.001464	1.514771	-0.001464	0.998365	1.646759	
280	0.998365	0.001464	1.514771	-0.001464	0.998365	1.646759	
281	0.998365	0.001464	1.514771	-0.001464	0.998365	1.646759	
282	0.998365	0.001464	1.514771	-0.001464	0.998365	1.646759	
283	0.998365	0.001464	1.514771	-0.001464	0.998365	1.646759	
284	1.001142	-0.002785	0.504150	0.002785	1.001142	-3.629211	
285	1.001142	-0.002785	0.504150	0.002785	1.001142	-3.629211	
286	0.999635	-0.000463	0.845093	0.000463	0.999635	-0.271545	
287	1.000052	-0.000357	0.243286	0.000357	1.000052	-0.465393	
288	1.000052	-0.000357	0.243286	0.000357	1.000052	-0.465393	
289	1.000052	-0.000357	0.243286	0.000357	1.000052	-0.465393	
290	1.000052	-0.000357	0.243286	0.000357	1.000052	-0.465393	
291	0.999183	0.002901	-1.799072	-0.002901	0.999183	4.254822	
292	0.999805	0.000088	0.004883	-0.000088	0.999805	0.387451	
293	0.999805	0.000088	0.004883	-0.000088	0.999805	0.387451	
294	0.997339	0.000936	1.824463	-0.000936	0.997339	3.320496	
295	0.997339	0.000936	1.824463	-0.000936	0.997339	3.320496	
296	0.998711	-0.000304	1.519897	0.000304	0.998711	0.941223	
297	0.998816	0.000240	0.808838	-0.000240	0.998816	1.286438	
298	0.999347	-0.000887	1.040771	0.000887	0.999347	-0.345947	
299	0.999158	0.000171	0.912476	-0.000171	0.999158	0.783447	
300	0.999568	-0.000735	1.163879	0.000735	0.999568	-0.420776	
301	1.000302	-0.000683	-0.024780	0.000683	1.000302	-0.981934	
302	1.000196	-0.000312	0.171631	0.000312	1.000196	-0.627136	
303	0.999902	0.000197	0.131714	-0.000197	0.999902	0.323425	
304	1.000149	0.000096	0.091370	-0.000096	1.000149	-0.251282	
305	0.999853	0.000075	0.562622	-0.000075	0.999853	0.226135	
306	0.999249	-0.000238	1.210388	0.000238	0.999249	0.339233	
307	0.999963	-0.000067	0.326660	0.000067	0.999963	-0.064331	
308	0.999014	-0.000584	1.464355	0.000584	0.999014	0.274109	
309	0.999523	-0.000426	0.746033	0.000426	0.999523	-0.122742	
310	0.999104	0.001342	-0.000610	-0.001342	0.999104	1.742249	
311	0.999898	0.000502	-0.333496	-0.000502	0.999898	0.512939	
312	0.999654	0.000620	-0.116638	-0.000620	0.999654	0.850952	
313	0.999800	0.000389	-0.115417	-0.000389	0.999800	0.456421	
314	0.999724	0.000437	-0.078857	-0.000437	0.999724	0.561462	
315	0.999945	0.000801	-0.633423	-0.000801	0.999945	0.798462	
316	0.999977	-0.000007	-0.040894	0.000007	0.999977	0.041382	
317	0.999672	0.000408	0.030029	-0.000408	0.999672	0.543701	
318	0.999938	0.000033	-0.107239	-0.000033	0.999938	0.004517	
319	0.999727	-0.000238	0.255432	0.000238	0.999727	0.014832	
320	0.999520	0.000065	0.229065	-0.000065	0.999520	0.410645	
321	0.999729	0.000303	0.148682	-0.000303	0.999729	0.403381	
322	0.999727	-0.000045	0.295654	0.000045	0.999727	0.111633	
323	0.999513	-0.000251	0.575684	0.000251	0.999513	0.178894	
324	0.999778	-0.000150	0.231689	0.000150	0.999778	0.015930	
325	0.999885	-0.000597	0.390625	0.000597	0.999885	-0.407837	
326	0.999811	-0.000283	0.394958	0.000283	0.999811	-0.143860	
327	0.999879	-0.000203	0.212280	0.000203	0.999879	-0.072144	
328	0.999507	-0.000124	0.426697	0.000124	0.999507	0.351685	
329	0.999615	-0.000044	0.298523	0.000044	0.999615	0.267883	
330	0.999688	-0.000021	0.209839	0.000021	0.999688	0.264221	
331	0.999806	-0.000162	0.207275	0.000162	0.999806	-0.032776	
332	0.999744	-0.000086	0.225952	0.000086	0.999744	0.106201	
333	0.999883	0.000051	-0.056641	-0.000051	0.999883	0.147156	
334	0.999913	0.000047	-0.072571	-0.000047	0.999913	0.108704	
335	1.000103	0.000171	-0.396118	-0.000171	1.000103	0.082764	
336	1.000034	0.000162	-0.215332	-0.000162	1.000034	0.114502	
337	1.000120	0.000222	-0.276978	-0.000222	1.000120	0.076965	
338	1.000125	0.000242	-0.246582	-0.000242	1.000125	0.134949	
339	1.000148	0.000217	-0.277588	-0.000217	1.000148	0.098450	
340	0.999959	0.000255	0.066040	-0.000255	0.999959	0.274109	
341	1.000137	0.000445	-0.392761	-0.000445	1.000137	0.318970	
342	1.000311	0.000315	-0.439941	-0.000315	1.000311	0.008057	
343	1.000424	0.000447	-0.671509	-0.000447	1.000424	0.106812	
344	1.000472	0.000241	-0.473389	-0.000241	1.000472	-0.287292	
345	1.000433	-0.000025	-0.216003	0.000025	1.000433	-0.528198	
346	1.000346	0.000052	-0.320557	-0.000052	1.000346	-0.260315	
347	1.000341	-0.000019	-0.242432	0.000019	1.000341	-0.334290	
348	1.000258	-0.000110	-0.098572	0.000110	1.000258	-0.321655	
349	1.000287	-0.000161	-0.053772	0.000161	1.000287	-0.421448	
350	1.000452	-0.000174	-0.328796	0.000174	1.000452	-0.538330	
351	1.000495	-0.000390	-0.132568	0.000390	1.000495	-0.907532	
352	0.999950	-0.000751	0.790161	0.000751	0.999950	-0.844116	
353	1.000131	-0.001008	0.830322	0.001008	1.000131	-1.319763	
354	1.000450	-0.000995	0.457397	0.000995	1.000450	-1.543823	
355	0.998911	-0.000887	2.520508	0.000887	0.998911	-0.266418	
356	1.000037	-0.000839	0.822144	0.000839	1.000037	-1.141357	
357	1.000177	-0.000767	0.698486	0.000767	1.000177	-1.357483	
358	0.999796	-0.000415	1.059082	0.000415	0.999796	-0.481567	
359	0.999796	-0.000415	1.059082	0.000415	0.999796	-0.481567	
360	0.999796	-0.000415	1.059082	0.000415	0.999796	-0.481567	
361	0.999796	-0.000415	1.059082	0.000415	0.999796	-0.481567	
362	1.004747	0.000399	-3.284058	-0.000399	1.004747	-4.383606	
363	1.004747	0.000399	-3.284058	-0.000399	1.004747	-4.383606	
364	1.004747	0.000399	-3.284058	-0.000399	1.004747	-4.383606	
365	1.004747	0.000399	-3.284058	-0.000399	1.004747	-4.383606	
366	1.004747	0.000399	-3.284058	-0.000399	1.004747	-4.383606	
367	1.004747	0.000399	-3.284058	-0.000399	1.004747	-4.383606	
368	1.004747	0.000399	-3.284058	-0.000399	1.004747	-4.383606	
369	1.004747	0.000399	-3.284058	-0.000399	1.004747	-4.383606	
370	1.004747	0.000399	-3.284058	-0.000399	1.004747	-4.383606	
371	1.004747	0.000399	-3.284058	-0.000399	1.004747	-4.383606	
372	1.004747	0.000399	-3.284058	-0.000399	1.004747	-4.383606	
373	1.004747	0.000399	-3.284058	-0.000399	1.004747	-4.383606	
374	1.004747	0.000399	-3.284058	-0.000399	1.004747	-4.383606	
375	1.004747	0.000399	-3.284058	-0.000399	1.004747	-4.383606	
376	1.004747	0.000399	-3.284058	-0.000399	1.004747	-4.383606	
377	1.006449	0.010671	-11.597107	-0.010671	1.006449	5.847961	
378	1.001243	-0.006562	0.837524	0.006562	1.001243	-6.094086	
379	1.004070	0.003814	-6.746460	-0.003814	1.004070	-0.114319	
380	1.004070	0.003814	-6.746460	-0.003814	1.004070	-0.114319	
381	1.004070	0.003814	-6.746460	-0.003814	1.004070	-0.114319	
382	1.004070	0.003814	-6.746460	-0.003814	1.004070	-0.114319	
383	1.004070	0.003814	-6.746460	-0.003814	1.004070	-0.114319	
384	1.004070	0.003814	-6.746460	-0.003814	1.004070	-0.114319	
385	1.004070	0.003814	-6.746460	-0.003814	1.004070	-0.114319	
386	1.004070	0.003814	-6.746460	-0.003814	1.004070	-0.114319	
387	1.004070	0.003814	-6.746460	-0.003814	1.004070	-0.114319	
388	1.004070	0.003814	-6.746460	-0.003814	1.004070	-0.114319	
389	1.004070	0.003814	-6.746460	-0.003814	1.004070	-0.114319	
390	1.004070	0.003814	-6.746460	-0.003814	1.004070	-0.114319	
391	1.004070	0.003814	-6.746460	-0.003814	1.004070	-0.114319	
392	1.004070	0.003814	-6.746460	-0.003814	1.004070	-0.114319	
393	1.004070	0.003814	-6.746460	-0.003814	1.004070	-0.114319	
394	1.004070	0.003814	-6.746460	-0.003814	1.004070	-0.114319	
395	1.004070	0.003814	-6.746460	-0.003814	1.004070	-0.114319	
396	1.004070	0.003814	-6.746460	-0.003814	1.004070	-0.114319	
397	1.004070	0.003814	-6.746460	-0.003814	1.004070	-0.114319	
398	1.004070	0.003814	-6.746460	-0.003814	1.004070	-0.114319	
399	1.004070	0.003814	-6.746460	-0.003814	1.004070	-0.114319	
400	1.004070	0.003814	-6.746460	-0.003814	1.004070	-0.114319	
401	1.004070	0.003814	-6.746460	-0.003814	1.004070	-0.114319	
402	1.004070	0.003814	-6.746460	-0.003814	1.004070	-0.114319	
403	1.004070	0.003814	-6.746460	-0.003814	1.004070	-0.114319	
404	1.004070	0.003814	-6.746460	-0.003814	1.004070	-0.114319	
405	1.004070	0.003814	-6.746460	-0.003814	1.004070	-0.114319	
406	1.004070	0.003814	-6.746460	-0.003814	1.004070	-0.114319	
407	1.004070	0.003814	-6.746460	-0.003814	1.004070	-0.114319	
408	1.004070	0.003814	-6.746460	-0.003814	1.004070	-0.114319	
409	1.004070	0.003814	-6.746460	-0.003814	1.004070	-0.114319	
410	1.004070	0.003814	-6.746460	-0.003814	1.004070	-0.114319	
411	1.004070	0.003814	-6.746460	-0.003814	1.004070	-0.114319	
412	1.004070	0.003814	-6.746460	-0.003814	1.004070	-0.114319	
413	1.004070	0.003814	-6.746460	-0.003814	1.004070	-0.114319	
414	1.004070	0.003814	-6.746460	-0.003814	1.004070	-0.114319	
415	1.004070	0.003814	-6.746460	-0.003814	1.004070	-0.114319	
416	1.004070	0.003814	-6.746460	-0.003814	1.004070	-0.114319	
417	1.004070	0.003814	-6.746460	-0.003814	1.004070	-0.114319	
418	0.992202	0.011045	-1.872498	-0.011045	0.992202	7.842834	
419	0.992202	0.011045	-1.872498	-0.011045	0.992202	7.842834	
420	0.992202	0.011045	-1.872498	-0.011045	0.992202	7.842834	
421	0.992202	0.011045	-1.872498	-0.011045	0.992202	7.842834	
422	0.992202	0.011045	-1.872498	-0.011045	0.992202	7.842834	
423	0.992202	0.011045	-1.872498	-0.011045	0.992202	7.842834	
424	0.992202	0.011045	-1.872498	-0.011045	0.992202	7.842834	
425	1.000852	0.001498	-3.730530	-0.001498	1.000852	-0.476807	
426	0.998503	-0.006094	-0.661743	0.006094	0.998503	-6.590332	
427	0.998653	0.000577	1.092163	-0.000577	0.998653	1.838989	
428	1.001753	0.001151	-4.078064	-0.001151	1.001753	-0.367065	
429	1.001245	0.000400	-1.819641	-0.000400	1.001245	-0.648193	
430	1.002306	0.002296	-4.716797	-0.002296	1.002306	-0.131470	
431	1.002306	0.002296	-4.716797	-0.002296	1.002306	-0.131470	
432	1.001214	0.001666	-4.549500	-0.001666	1.001214	-0.060059	
433	1.002943	0.003714	-5.963867	-0.003714	1.002943	-0.014709	
434	1.002943	0.003714	-5.963867	-0.003714	1.002943	-0.014709	
435	1.002943	0.003714	-5.963867	-0.003714	1.002943	-0.014709	
436	1.002943	0.003714	-5.963867	-0.003714	1.002943	-0.014709	
437	1.002943	0.003714	-5.963867	-0.003714	1.002943	-0.014709	
438	1.002943	0.003714	-5.963867	-0.003714	1.002943	-0.014709	
439	1.002943	0.003714	-5.963867	-0.003714	1.002943	-0.014709	
440	1.002943	0.003714	-5.963867	-0.003714	1.002943	-0.014709	
441	1.002943	0.003714	-5.963867	-0.003714	1.002943	-0.014709	
442	1.002943	0.003714	-5.963867	-0.003714	1.002943	-0.014709	
443	1.002943	0.003714	-5.963867	-0.003714	1.002943	-0.014709	
444	1.002943	0.003714	-5.963867	-0.003714	1.002943	-0.014709	
445	1.002943	0.003714	-5.963867	-0.003714	1.002943	-0.014709	
446	1.002943	0.003714	-5.963867	-0.003714	1.002943	-0.014709	
447	1.002943	0.003714	-5.963867	-0.003714	1.002943	-0.014709	
448	1.002943	0.003714	-5.963867	-0.003714	1.002943	-0.014709	
449	1.002943	0.003714	-5.963867	-0.003714	1.002943	-0.014709	
450	1.002943	0.003714	-5.963867	-0.003714	1.002943	-0.014709	
451	1.002943	0.003714	-5.963867	-0.003714	1.002943	-0.014709	
452	1.002943	0.003714	-5.963867	-0.003714	1.002943	-0.014709	
453	1.002943	0.003714	-5.963867	-0.003714	1.002943	-0.014709	
454	1.002943	0.003714	-5.963867	-0.003714	1.002943	-0.014709	
455	1.002943	0.003714	-5.963867	-0.003714	1.002943	-0.014709	
456	1.002943	0.003714	-5.963867	-0.003714	1.002943	-0.014709	
457	1.002943	0.003714	-5.963867	-0.003714	1.002943	-0.014709	
458	1.002943	0.003714	-5.963867	-0.003714	1.002943	-0.014709	
459	1.002943	0.003714	-5.963867	-0.003714	1.002943	-0.014709	
460	1.002943	0.003714	-5.963867	-0.003714	1.002943	-0.014709	
461	1.002943	0.003714	-5.963867	-0.003714	1.002943	-0.014709	
462	1.002943	0.003714	-5.963867	-0.003714	1.002943	-0.014709	
463	1.002943	0.003714	-5.963867	-0.003714	1.002943	-0.014709	
464	1.002943	0.003714	-5.963867	-0.003714	1.002943	-0.014709	
465	1.002943	0.003714	-5.963867	-0.003714	1.002943	-0.014709	
466	1.002943	0.003714	-5.963867	-0.003714	1.002943	-0.014709	
467	1.002943	0.003714	-5.963867	-0.003714	1.002943	-0.014709	
468	1.002943	0.003714	-5.963867	-0.003714	1.002943	-0.014709	
469	1.002943	0.003714	-5.963867	-0.003714	1.002943	-0.014709	
470	1.002943	0.003714	-5.963867	-0.003714	1.002943	-0.014709	
471	1.002943	0.003714	-5.963867	-0.003714	1.002943	-0.014709	
472	1.002943	0.003714	-5.963867	-0.003714	1.002943	-0.014709	
473	1.002943	0.003714	-5.963867	-0.003714	1.002943	-0.014709	
474	1.002943	0.003714	-5.963867	-0.003714	1.002943	-0.014709	
475	1.002943	0.003714	-5.963867	-0.003714	1.002943	-0.014709	
476	1.002943	0.003714	-5.963867	-0.003714	1.002943	-0.014709	
477	1.002943	0.003714	-5.963867	-0.003714	1.002943	-0.014709	
478	1.002943	0.003714	-5.963867	-0.003714	1.002943	-0.014709	
479	1.002943	0.003714	-5.963867	-0.003714	1.002943	-0.014709	
480	1.002943	0.003714	-5.963867	-0.003714	1.002943	-0.014709	
481	1.002943	0.003714	-5.963867	-0.003714	1.002943	-0.014709	
482	1.002943	0.003714	-5.963867	-0.003714	1.002943	-0.014709	
483	1.002943	0.003714	-5.963867	-0.003714	1.002943	-0.014709	
484	1.002943	0.003714	-5.963867	-0.003714	1.002943	-0.014709	
485	1.002943	0.003714	-5.963867	-0.003714	1.002943	-0.014709	
486	1.002943	0.003714	-5.963867	-0.003714	1.002943	-0.014709	
487	1.002943	0.003714	-5.963867	-0.003714	1.002943	-0.014709	
488	1.002943	0.003714	-5.963867	-0.003714	1.002943	-0.014709	
489	1.002943	0.003714	-5.963867	-0.003714	1.002943	-0.014709	
490	1.002943	0.003714	-5.963867	-0.003714	1.002943	-0.014709	
491	1.002943	0.003714	-5.963867	-0.003714	1.002943	-0.014709	
492	1.002943	0.003714	-5.963867	-0.003714	1.002943	-0.014709	
493	1.002943	0.003714	-5.963867	-0.003714	1.002943	-0.014709	
494	1.002943	0.003714	-5.963867	-0.003714	1.002943	-0.014709	
495	1.002943	0.003714	-5.963867	-0.003714	1.002943	-0.014709	
496	1.002943	0.003714	-5.963867	-0.003714	1.002943	-0.014709	
497	1.002943	0.003714	-5.963867	-0.003714	1.002943	-0.014709	
498	1.002943	0.003714	-5.963867	-0.003714	1.002943	-0.014709	
499	1.002943	0.003714	-5.963867	-0.003714	1.002943	-0.014709	
500	1.002943	0.003714	-5.963867	-0.003714	1.002943	-0.014709	
501	1.002943	0.003714	-5.963867	-0.003714	1.002943	-0.014709	
502	1.002943	0.003714	-5.963867	-0.003714	1.002943	-0.014709	
503	1.002943	0.003714	-5.963867	-0.003714	1.002943	-0.014709	
504	1.002943	0.003714	-5.963867	-0.003714	1.002943	-0.014709	
505	1.002943	0.003714	-5.963867	-0.003714	1.002943	-0.014709	
506	1.002943	0.003714	-5.963867	-0.003714	1.002943	-0.014709	
507	1.002943	0.003714	-5.963867	-0.003714	1.002943	-0.014709	
508	1.002943	0.003714	-5.963867	-0.003714	1.002943	-0.014709	
509	1.002943	0.003714	-5.963867	-0.003714	1.002943	-0.014709	
510	1.002943	0.003714	-5.963867	-0.003714	1.002943	-0.014709	
511	1.002943	0.003714	-5.963867	-0.003714	1.002943	-0.014709	
512	1.002943	0.003714	-5.963867	-0.003714	1.002943	-0.014709	
513	1.002943	0.003714	-5.963867	-0.003714	1.002943	-0.014709	
514	1.002943	0.003714	-5.963867	-0.003714	1.002943	-0.014709	
515	1.002943	0.003714	-5.963867	-0.003714	1.002943	-0.014709	
516	1.002943	0.003714	-5.963867	-0.003714	1.002943	-0.014709	
517	1.002943	0.003714	-5.963867	-0.003714	1.002943	-0.014709	
518	1.002943	0.003714	-5.963867	-0.003714	1.002943	-0.014709	
519	1.002943	0.003714	-5.963867	-0.003714	1.002943	-0.014709	
520	1.002943	0.003714	-5.963867	-0.003714	1.002943	-0.014709	
521	1.002943	0.003714	-5.963867	-0.003714	1.002943	-0.014709	
522	1.002943	0.003714	-5.963867	-0.003714	1.002943	-0.014709	
523	1.002943	0.003714	-5.963867	-0.003714	1.002943	-0.014709	
524	0.997399	0.021830	-7.825195	-0.021830	0.997399	25.407715	
525	0.996939	0.009329	-0.189087	-0.009329	0.996939	10.181183	
526	0.996939	0.009329	-0.189087	-0.009329	0.996939	10.181183	
527	0.999899	-0.002658	2.258972	0.002658	0.999899	-2.410522	
528	1.000057	-0.000463	-0.196716	0.000463	1.000057	-0.370911	
529	0.999238	-0.000099	0.862183	0.000099	0.999238	0.444824	
530	0.996888	0.002285	0.885742	-0.002285	0.996888	3.856415	
531	0.996888	0.002285	0.885742	-0.002285	0.996888	3.856415	
532	0.996888	0.002285	0.885742	-0.002285	0.996888	3.856415	
533	0.996888	0.002285	0.885742	-0.002285	0.996888	3.856415	
534	0.996888	0.002285	0.885742	-0.002285	0.996888	3.856415	
535	0.996888	0.002285	0.885742	-0.002285	0.996888	3.856415	
536	0.996888	0.002285	0.885742	-0.002285	0.996888	3.856415	
537	0.996888	0.002285	0.885742	-0.002285	0.996888	3.856415	
538	0.996888	0.002285	0.885742	-0.002285	0.996888	3.856415	
539	0.996888	0.002285	0.885742	-0.002285	0.996888	3.856415	
540	0.996888	0.002285	0.885742	-0.002285	0.996888	3.856415	
541	0.996888	0.002285	0.885742	-0.002285	0.996888	3.856415	
542	0.996888	0.002285	0.885742	-0.002285	0.996888	3.856415	
543	0.996888	0.002285	0.885742	-0.002285	0.996888	3.856415	
544	0.996888	0.002285	0.885742	-0.002285	0.996888	3.856415	
545	0.996888	0.002285	0.885742	-0.002285	0.996888	3.856415	
546	0.996888	0.002285	0.885742	-0.002285	0.996888	3.856415	
547	0.996888	0.002285	0.885742	-0.002285	0.996888	3.856415	
548	0.996888	0.002285	0.885742	-0.002285	0.996888	3.856415	
549	0.996888	0.002285	0.885742	-0.002285	0.996888	3.856415	
550	0.996888	0.002285	0.885742	-0.002285	0.996888	3.856415	
551	0.996888	0.002285	0.885742	-0.002285	0.996888	3.856415	
552	0.999859	0.002777	-0.942017	-0.002777	0.999859	2.413940	
553	0.999859	0.002777	-0.942017	-0.002777	0.999859	2.413940	
554	0.999859	0.002777	-0.942017	-0.002777	0.999859	2.413940	
555	0.999859	0.002777	-0.942017	-0.002777	0.999859	2.413940	
556	0.999859	0.002777	-0.942017	-0.002777	0.999859	2.413940	
557	0.999859	0.002777	-0.942017	-0.002777	0.999859	2.413940	
558	0.999859	0.002777	-0.942017	-0.002777	0.999859	2.413940	
559	0.999859	0.002777	-0.942017	-0.002777	0.999859	2.413940	
560	1.008878	0.001654	-7.294434	-0.001654	1.008878	-0.106415	
561	1.008878	0.001654	-7.294434	-0.001654	1.008878	-0.106415	
562	1.008878	0.001654	-7.294434	-0.001654	1.008878	-0.106415	
563	1.008878	0.001654	-7.294434	-0.001654	1.008878	-0.106415	
564	1.008878	0.001654	-7.294434	-0.001654	1.008878	-0.106415	
565	1.008878	0.001654	-7.294434	-0.001654	1.008878	-0.106415	
566	1.008878	0.001654	-7.294434	-0.001654	1.008878	-0.106415	
567	0.999596	-0.002670	4.031433	0.002670	0.999596	-1.614258	
568	0.999596	-0.002670	4.031433	0.002670	0.999596	-1.614258	
569	0.999596	-0.002670	4.031433	0.002670	0.999596	-1.614258	
570	0.999596	-0.002670	4.031433	0.002670	0.999596	-1.614258	
571	0.999596	-0.002670	4.031433	0.002670	0.999596	-1.614258	
572	0.999596	-0.002670	4.031433	0.002670	0.999596	-1.614258	
573	0.999596	-0.002670	4.031433	0.002670	0.999596	-1.614258	
574	1.002124	-0.001396	-2.015747	0.001396	1.002124	-4.695496	
575	0.999915	-0.002299	1.319824	0.002299	0.999915	-3.565552	
576	1.000630	-0.000118	-0.439514	0.000118	1.000630	-0.870178	
577	1.004510	0.001515	-2.336304	-0.001515	1.004510	-0.807678	
578	1.001154	-0.000719	1.308594	0.000719	1.001154	-1.301941	
579	1.001647	0.000491	-0.032776	-0.000491	1.001647	0.007538	
580	1.001313	-0.000083	1.426331	0.000083	1.001313	-0.804199	
581	0.998573	-0.000705	3.747375	0.000705	0.998573	0.453430	
582	0.998573	-0.000705	3.747375	0.000705	0.998573	0.453430	
583	0.998573	-0.000705	3.747375	0.000705	0.998573	0.453430	
584	0.998573	-0.000705	3.747375	0.000705	0.998573	0.453430	
585	0.998573	-0.000705	3.747375	0.000705	0.998573	0.453430	
586	0.998573	-0.000705	3.747375	0.000705	0.998573	0.453430	
587	0.998573	-0.000705	3.747375	0.000705	0.998573	0.453430	
588	0.998573	-0.000705	3.747375	0.000705	0.998573	0.453430	
589	0.998573	-0.000705	3.747375	0.000705	0.998573	0.453430	
590	0.998573	-0.000705	3.747375	0.000705	0.998573	0.453430	
591	0.998573	-0.000705	3.747375	0.000705	0.998573	0.453430	
592	0.998573	-0.000705	3.747375	0.000705	0.998573	0.453430	
593	0.998573	-0.000705	3.747375	0.000705	0.998573	0.453430	
594	0.998573	-0.000705	3.747375	0.000705	0.998573	0.453430	
595	0.998573	-0.000705	3.747375	0.000705	0.998573	0.453430	
596	0.998573	-0.000705	3.747375	0.000705	0.998573	0.453430	
597	0.998573	-0.000705	3.747375	0.000705	0.998573	0.453430	
598	0.998573	-0.000705	3.747375	0.000705	0.998573	0.453430	
599	0.998573	-0.000705	3.747375	0.000705	0.998573	0.453430	
600	0.998573	-0.000705	3.747375	0.000705	0.998573	0.453430	
601	0.998573	-0.000705	3.747375	0.000705	0.998573	0.453430	
602	0.998573	-0.000705	3.747375	0.000705	0.998573	0.453430	
603	0.998573	-0.000705	3.747375	0.000705	0.998573	0.453430	
604	0.998573	-0.000705	3.747375	0.000705	0.998573	0.453430	
605	0.998573	-0.000705	3.747375	0.000705	0.998573	0.453430	
606	0.998573	-0.000705	3.747375	0.000705	0.998573	0.453430	
607	0.998573	-0.000705	3.747375	0.000705	0.998573	0.453430	
608	0.998573	-0.000705	3.747375	0.000705	0.998573	0.453430	
609	0.998573	-0.000705	3.747375	0.000705	0.998573	0.453430	
610	0.998573	-0.000705	3.747375	0.000705	0.998573	0.453430	
611	0.998573	-0.000705	3.747375	0.000705	0.998573	0.453430	
612	0.998573	-0.000705	3.747375	0.000705	0.998573	0.453430	
613	0.998573	-0.000705	3.747375	0.000705	0.998573	0.453430	
614	0.998573	-0.000705	3.747375	0.000705	0.998573	0.453430	
615	0.998573	-0.000705	3.747375	0.000705	0.998573	0.453430	
616	0.998573	-0.000705	3.747375	0.000705	0.998573	0.453430	
617	0.998573	-0.000705	3.747375	0.000705	0.998573	0.453430	
618	0.998573	-0.000705	3.747375	0.000705	0.998573	0.453430	
619	0.998573	-0.000705	3.747375	0.000705	0.998573	0.453430	
620	0.998573	-0.000705	3.747375	0.000705	0.998573	0.453430	
621	0.998573	-0.000705	3.747375	0.000705	0.998573	0.453430	
622	0.998573	-0.000705	3.747375	0.000705	0.998573	0.453430	
623	0.998573	-0.000705	3.747375	0.000705	0.998573	0.453430	
624	0.998573	-0.000705	3.747375	0.000705	0.998573	0.453430	
625	0.998573	-0.000705	3.747375	0.000705	0.998573	0.453430	
626	0.998573	-0.000705	3.747375	0.000705	0.998573	0.453430	
627	0.998573	-0.000705	3.747375	0.000705	0.998573	0.453430	
628	0.998573	-0.000705	3.747375	0.000705	0.998573	0.453430	
629	0.998573	-0.000705	3.747375	0.000705	0.998573	0.453430	
630	0.998573	-0.000705	3.747375	0.000705	0.998573	0.453430	
631	0.998573	-0.000705	3.747375	0.000705	0.998573	0.453430	
632	0.998573	-0.000705	3.747375	0.000705	0.998573	0.453430	
633	0.998573	-0.000705	3.747375	0.000705	0.998573	0.453430	
634	0.998573	-0.000705	3.747375	0.000705	0.998573	0.453430	
635	0.998573	-0.000705	3.747375	0.000705	0.998573	0.453430	
636	0.998573	-0.000705	3.747375	0.000705	0.998573	0.453430	
637	0.998573	-0.000705	3.747375	0.000705	0.998573	0.453430	
638	0.998573	-0.000705	3.747375	0.000705	0.998573	0.453430	
639	0.998573	-0.000705	3.747375	0.000705	0.998573	0.453430	
640	0.998573	-0.000705	3.747375	0.000705	0.998573	0.453430	
641	0.998573	-0.000705	3.747375	0.000705	0.998573	0.453430	
642	0.998573	-0.000705	3.747375	0.000705	0.998573	0.453430	
643	1.002774	0.000459	-4.031006	-0.000459	1.002774	-1.762085	
644	1.002774	0.000459	-4.031006	-0.000459	1.002774	-1.762085	
645	1.002774	0.000459	-4.031006	-0.000459	1.002774	-1.762085	
646	1.002774	0.000459	-4.031006	-0.000459	1.002774	-1.762085	
647	1.002774	0.000459	-4.031006	-0.000459	1.002774	-1.762085	
648	1.001285	-0.005880	3.386719	0.005880	1.001285	-9.713501	
649	1.003402	0.000046	-3.642456	-0.000046	1.003402	-2.736816	
650	1.003402	0.000046	-3.642456	-0.000046	1.003402	-2.736816	
651	1.001629	-0.001813	-0.207275	0.001813	1.001629	-3.114136	
652	1.001722	-0.008003	2.569336	0.008003	1.001722	-12.808655	
653	0.999913	-0.001349	1.378174	0.001349	0.999913	-1.672241	
654	1.001001	-0.000002	-1.040771	0.000002	1.001001	-0.492615	
655	1.000724	0.000143	-1.462769	-0.000143	1.000724	-0.510803	
656	1.000237	-0.000162	-0.295288	0.000162	1.000237	-0.593201	
657	0.999887	0.000478	0.169678	-0.000478	0.999887	0.371155	
658	1.000425	0.000654	-1.328247	-0.000654	1.000425	0.723633	
659	1.001640	-0.001125	-2.082886	0.001125	1.001640	-1.721252	
660	1.000445	-0.001029	-0.911377	0.001029	1.000445	-1.348572	
661	1.000179	-0.001984	-0.548706	0.001984	1.000179	-2.155823	
662	1.000179	-0.001984	-0.548706	0.001984	1.000179	-2.155823	
663	0.997716	0.002056	-1.200806	-0.002056	0.997716	3.861450	
664	0.999278	0.001092	-1.346436	-0.001092	0.999278	2.124695	
665	0.999480	0.002839	-3.656738	-0.002839	0.999480	3.411957	
666	1.000630	0.002045	-5.667847	-0.002045	1.000630	2.512329	
667	1.000630	0.002045	-5.667847	-0.002045	1.000630	2.512329	
668	0.999419	0.010749	-9.160400	-0.010749	0.999419	12.999237	
669	0.998910	0.006991	-6.454346	-0.006991	0.998910	8.846100	
670	0.997065	0.002547	-2.179199	-0.002547	0.997065	4.443909	
671	1.004681	-0.000638	-11.384277	0.000638	1.004681	-3.087463	
672	1.004681	-0.000638	-11.384277	0.000638	1.004681	-3.087463	
673	0.999148	0.001503	-5.157959	-0.001503	0.999148	2.691162	
674	0.998976	0.003228	-5.378784	-0.003228	0.998976	4.292786	
675	0.999025	0.002329	-5.016235	-0.002329	0.999025	2.687317	
676	0.998856	0.001045	-3.856934	-0.001045	0.998856	1.153259	
677	0.997177	-0.005051	-1.078735	0.005051	0.997177	-4.658295	
678	0.997723	-0.001201	2.413818	0.001201	0.997723	-0.235291	
679	0.997645	-0.000702	2.682861	0.000702	0.997645	0.789001	
680	0.998301	-0.000279	1.899536	0.000279	0.998301	0.796753	
681	0.999429	-0.001016	1.383423	0.001016	0.999429	-2.291931	
682	0.999429	-0.001016	1.383423	0.001016	0.999429	-2.291931	
683	0.998770	-0.003847	4.625122	0.003847	0.998770	-2.984497	
684	0.996496	-0.004779	7.294922	0.004779	0.996496	-3.882172	
685	1.000227	-0.002335	3.123840	0.002335	1.000227	-3.462280	
686	1.000227	-0.002335	3.123840	0.002335	1.000227	-3.462280	
687	1.000227	-0.002335	3.123840	0.002335	1.000227	-3.462280	
688	1.000227	-0.002335	3.123840	0.002335	1.000227	-3.462280	
689	0.999230	-0.005919	6.265381	0.005919	0.999230	-4.880249	
690	0.997837	-0.003767	7.453613	0.003767	0.997837	-1.464355	
691	0.997837	-0.003767	7.453613	0.003767	0.997837	-1.464355	
692	0.998705	-0.005595	9.142090	0.005595	0.998705	-5.186279	
693	1.000584	0.000722	0.422363	-0.000722	1.000584	0.819763	
694	1.000062	-0.003946	3.797607	0.003946	1.000062	-4.998901	
695	1.001154	-0.000430	0.914673	0.000430	1.001154	-0.532349	
696	0.996997	-0.003723	6.769897	0.003723	0.996997	-1.791077	
697	0.996997	-0.003723	6.769897	0.003723	0.996997	-1.791077	
698	0.997496	-0.002467	4.801819	0.002467	0.997496	-1.943176	
699	1.000814	0.009589	-4.949890	-0.009589	1.000814	7.982117	
700	1.002286	-0.001235	-0.948547	0.001235	1.002286	-2.017151	
701	1.001002	-0.001352	-0.484863	0.001352	1.001002	-0.907043	
702	1.001002	-0.001352	-0.484863	0.001352	1.001002	-0.907043	
703	0.999309	-0.000360	-1.197632	0.000360	0.999309	-0.686096	
704	0.996527	-0.002475	2.697754	0.002475	0.996527	-0.458557	
705	0.996527	-0.002475	2.697754	0.002475	0.996527	-0.458557	
706	0.996527	-0.002475	2.697754	0.002475	0.996527	-0.458557	
707	0.996527	-0.002475	2.697754	0.002475	0.996527	-0.458557	
708	0.996527	-0.002475	2.697754	0.002475	0.996527	-0.458557	
709	1.003606	0.001329	-7.237549	-0.001329	1.003606	-1.460999	
710	0.997471	0.002797	0.056396	-0.002797	0.997471	4.328491	
711	0.998701	-0.000449	0.059692	0.000449	0.998701	1.579163	
712	0.997635	0.005150	-4.216309	-0.005150	0.997635	6.891113	
713	0.997322	0.001197	-0.109863	-0.001197	0.997322	3.372192	
714	0.998802	0.001058	-1.206543	-0.001058	0.998802	2.282471	
715	0.998146	-0.001587	0.401855	0.001587	0.998146	0.584961	
716	0.997650	-0.000709	1.056641	0.000709	0.997650	0.345581	
717	0.997650	-0.000709	1.056641	0.000709	0.997650	0.345581	
718	0.997795	-0.000349	0.518066	0.000349	0.997795	0.443237	
719	1.000796	-0.001720	-1.164551	0.001720	1.000796	-2.518738	
720	0.998430	-0.004972	2.202881	0.004972	0.998430	-4.133209	
721	0.998313	-0.003006	1.548218	0.003006	0.998313	-2.586914	
722	0.998313	-0.003006	1.548218	0.003006	0.998313	-2.586914	
723	0.998313	-0.003006	1.548218	0.003006	0.998313	-2.586914	
724	0.997843	0.004959	-1.100464	-0.004959	0.997843	7.137878	
725	0.997843	0.004959	-1.100464	-0.004959	0.997843	7.137878	
726	0.998738	-0.000618	0.623413	0.000618	0.998738	0.465027	
727	0.998738	-0.000618	0.623413	0.000618	0.998738	0.465027	
728	1.000963	0.008156	-4.470093	-0.008156	1.000963	10.712952	
729	0.993912	0.003824	7.250977	-0.003824	0.993912	7.105804	
730	0.993912	0.003824	7.250977	-0.003824	0.993912	7.105804	
731	0.999893	-0.001325	3.009766	0.001325	0.999893	-1.521667	
732	0.998657	0.000357	5.541382	-0.000357	0.998657	2.487518	
733	0.999686	-0.003170	3.242432	0.003170	0.999686	-3.259155	
734	0.998115	-0.003150	4.401733	0.003150	0.998115	-2.992554	
735	0.998115	-0.003150	4.401733	0.003150	0.998115	-2.992554	
736	0.998412	-0.000621	2.126831	0.000621	0.998412	1.114685	
737	0.995498	0.001824	4.104736	-0.001824	0.995498	3.998260	
738	0.995043	-0.001163	3.203369	0.001163	0.995043	2.120544	
739	0.997504	0.000101	1.072510	-0.000101	0.997504	1.995422	
740	0.995842	-0.000765	2.645630	0.000765	0.995842	1.651489	
741	0.995342	0.002310	1.023254	-0.002310	0.995342	4.657166	
742	0.997450	0.002501	-1.654846	-0.002501	0.997450	4.470459	
743	0.997450	0.002501	-1.654846	-0.002501	0.997450	4.470459	
744	0.997450	0.002501	-1.654846	-0.002501	0.997450	4.470459	
745	0.997450	0.002501	-1.654846	-0.002501	0.997450	4.470459	
746	0.997450	0.002501	-1.654846	-0.002501	0.997450	4.470459	
747	0.997450	0.002501	-1.654846	-0.002501	0.997450	4.470459	
748	0.997450	0.002501	-1.654846	-0.002501	0.997450	4.470459	
749	0.997450	0.002501	-1.654846	-0.002501	0.997450	4.470459	
750	0.997450	0.002501	-1.654846	-0.002501	0.997450	4.470459	
751	0.997450	0.002501	-1.654846	-0.002501	0.997450	4.470459	
752	0.991105	-0.002013	9.254211	0.002013	0.991105	2.384521	
753	0.991105	-0.002013	9.254211	0.002013	0.991105	2.384521	
754	1.004008	0.000620	-3.372864	-0.000620	1.004008	-0.967896	
755	1.000107	0.001072	-1.064697	-0.001072	1.000107	1.107971	
756	1.000315	0.003478	-1.664429	-0.003478	1.000315	3.041443	
757	0.994240	-0.000544	4.989685	0.000544	0.994240	2.948914	
758	0.994240	-0.000544	4.989685	0.000544	0.994240	2.948914	
759	1.004043	0.001554	-3.204346	-0.001554	1.004043	-1.438416	
760	1.004043	0.001554	-3.204346	-0.001554	1.004043	-1.438416	
761	0.995062	0.003642	2.813477	-0.003642	0.995062	6.173767	
762	0.995062	0.003642	2.813477	-0.003642	0.995062	6.173767	
763	0.995062	0.003642	2.813477	-0.003642	0.995062	6.173767	
764	0.995062	0.003642	2.813477	-0.003642	0.995062	6.173767	
765	0.995062	0.003642	2.813477	-0.003642	0.995062	6.173767	
766	0.995062	0.003642	2.813477	-0.003642	0.995062	6.173767	
767	0.995062	0.003642	2.813477	-0.003642	0.995062	6.173767	
768	0.995062	0.003642	2.813477	-0.003642	0.995062	6.173767	
769	0.998063	0.007351	-3.393494	-0.007351	0.998063	6.908630	
770	0.998884	0.000339	0.215698	-0.000339	0.998884	1.147827	
771	0.996128	0.001768	1.276733	-0.001768	0.996128	3.724792	
772	0.996638	0.004824	-0.715332	-0.004824	0.996638	7.173096	
773	0.993023	0.001889	2.284058	-0.001889	0.993023	5.934265	
774	1.010723	0.005212	-18.044678	-0.005212	1.010723	0.945374	
775	1.000564	0.006882	-6.003906	-0.006882	1.000564	8.386780	
776	1.000267	-0.000129	-1.306274	0.000129	1.000267	-0.804321	
777	1.001625	0.001406	-3.240723	-0.001406	1.001625	0.647644	
778	1.001625	0.001406	-3.240723	-0.001406	1.001625	0.647644	
779	1.004014	0.002826	-6.955322	-0.002826	1.004014	0.873047	
780	0.998389	0.000755	1.215088	-0.000755	0.998389	0.785156	
781	0.998389	0.000755	1.215088	-0.000755	0.998389	0.785156	
782	0.999446	0.002235	-0.599243	-0.002235	0.999446	2.543396	
783	0.999446	0.002235	-0.599243	-0.002235	0.999446	2.543396	
784	0.999446	0.002235	-0.599243	-0.002235	0.999446	2.543396	
785	0.999446	0.002235	-0.599243	-0.002235	0.999446	2.543396	
786	0.998839	0.000788	2.305237	-0.000788	0.998839	1.869690	
787	1.001557	-0.000442	1.921997	0.000442	1.001557	-1.872375	
788	1.000857	0.010372	-3.073425	-0.010372	1.000857	7.833130	
789	1.005235	0.001126	-4.548706	-0.001126	1.005235	-2.087463	
790	1.002668	0.003681	-3.549744	-0.003681	1.002668	1.294250	
791	1.002993	0.001523	-1.606262	-0.001523	1.002993	-1.746094	
792	1.001727	-0.001085	0.447571	0.001085	1.001727	-1.929932	
793	1.001727	-0.001085	0.447571	0.001085	1.001727	-1.929932	
794	0.999253	-0.000560	4.099548	0.000560	0.999253	0.397827	
795	0.995880	0.000668	5.641113	-0.000668	0.995880	3.887695	
796	1.000095	-0.002643	3.951660	0.002643	1.000095	-2.136108	
797	1.000095	-0.002643	3.951660	0.002643	1.000095	-2.136108	
798	1.000095	-0.002643	3.951660	0.002643	1.000095	-2.136108	
799	1.000095	-0.002643	3.951660	0.002643	1.000095	-2.136108	
800	1.000095	-0.002643	3.951660	0.002643	1.000095	-2.136108	
801	1.000095	-0.002643	3.951660	0.002643	1.000095	-2.136108	
802	1.000095	-0.002643	3.951660	0.002643	1.000095	-2.136108	
803	1.000095	-0.002643	3.951660	0.002643	1.000095	-2.136108	
804	1.000095	-0.002643	3.951660	0.002643	1.000095	-2.136108	
805	1.000095	-0.002643	3.951660	0.002643	1.000095	-2.136108	
806	1.000095	-0.002643	3.951660	0.002643	1.000095	-2.136108	
807	1.000095	-0.002643	3.951660	0.002643	1.000095	-2.136108	
808	1.000095	-0.002643	3.951660	0.002643	1.000095	-2.136108	
809	1.000313	0.001212	-1.389404	-0.001212	1.000313	1.395508	
810	1.001634	-0.005904	4.306091	0.005904	1.001634	-6.357666	
811	0.997759	0.004856	-0.841187	-0.004856	0.997759	8.216431	
812	0.999873	-0.000385	0.816162	0.000385	0.999873	-0.221924	
813	1.000949	-0.001241	0.111084	0.001241	1.000949	-2.292114	
814	0.999313	-0.000459	1.125732	0.000459	0.999313	0.289185	
815	1.000084	0.000321	-0.344238	-0.000321	1.000084	0.304688	
816	0.998675	-0.001331	2.120605	0.001331	0.998675	0.305054	
817	0.999830	-0.000484	0.608765	0.000484	0.999830	-0.148743	
818	1.000118	0.000788	-0.931885	-0.000788	1.000118	0.840637	
819	1.000194	0.000030	-0.437256	-0.000030	1.000194	0.035645	
820	1.000307	-0.000000	-0.566895	0.000000	1.000307	-0.147034	
821	0.999954	0.000065	-0.184692	-0.000065	0.999954	0.259827	
822	1.000319	0.000183	-0.709351	-0.000183	1.000319	0.040833	
823	1.000590	0.000310	-1.014160	-0.000310	1.000590	-0.142578	
824	1.000267	0.000181	-0.559326	-0.000181	1.000267	-0.016785	
825	1.000225	0.000182	-0.531372	-0.000182	1.000225	0.016541	
826	1.000160	0.000295	-0.519165	-0.000295	1.000160	0.198547	
827	1.000322	0.000276	-0.619263	-0.000276	1.000322	0.063904	
828	1.000263	0.000238	-0.625671	-0.000238	1.000263	0.052673	
829	1.000037	-0.000193	-0.094055	0.000193	1.000037	-0.082092	
830	1.000071	-0.000274	-0.016235	0.000274	1.000071	-0.311279	
831	0.999777	-0.000236	0.180786	0.000236	0.999777	-0.070557	
832	0.999850	-0.000322	0.297974	0.000322	0.999850	-0.204773	
833	1.000269	-0.000431	0.042053	0.000431	1.000269	-0.657776	
834	0.999819	-0.000303	0.390747	0.000303	0.999819	-0.153320	
835	0.999909	-0.000203	0.189819	0.000203	0.999909	-0.089905	
836	1.000006	-0.000273	0.261841	0.000273	1.000006	-0.305542	
837	0.999923	-0.000399	0.426636	0.000399	0.999923	-0.332764	
838	0.999824	-0.000591	0.688721	0.000591	0.999824	-0.301575	
839	0.999955	-0.000301	0.219116	0.000301	0.999955	-0.196533	
840	0.999783	-0.000380	0.502075	0.000380	0.999783	-0.115479	
841	0.999848	-0.000241	0.319946	0.000241	0.999848	-0.087891	
842	0.999789	-0.000349	0.504395	0.000349	0.999789	-0.098877	
843	1.000396	0.000238	-0.585876	-0.000238	1.000396	-0.166748	
844	0.999786	-0.000236	0.401733	0.000236	0.999786	-0.040405	
845	0.999988	-0.000136	0.252197	0.000136	0.999988	-0.084839	
846	1.000067	-0.000074	0.083618	0.000074	1.000067	-0.143799	
847	1.000259	0.000004	-0.061157	-0.000004	1.000259	-0.226929	
848	1.000528	0.000094	-0.630859	-0.000094	1.000528	-0.445251	
849	1.000479	-0.000373	-0.281494	0.000373	1.000479	-0.800110	
850	1.000341	-0.000214	-0.162354	0.000214	1.000341	-0.556824	
851	1.000252	-0.000443	0.018311	0.000443	1.000252	-0.691895	
852	1.000663	-0.000286	-0.468262	0.000286	1.000663	-0.942139	
853	1.000452	-0.000582	-0.630859	0.000582	1.000452	-1.048096	
854	1.000155	-0.000139	-0.131714	0.000139	1.000155	-0.366638	
855	1.000206	-0.000068	-0.219116	0.000068	1.000206	-0.336731	
856	1.000421	-0.000079	-0.498901	0.000079	1.000421	-0.620667	
857	1.000303	-0.000119	-0.340576	0.000119	1.000303	-0.531006	
858	1.000471	0.000347	-0.758179	-0.000347	1.000471	-0.318237	
859	1.000226	0.000220	-0.435425	-0.000220	1.000226	-0.056091	
860	1.000299	0.000220	-0.471802	-0.000220	1.000299	-0.186279	
861	1.000309	0.000338	-0.624512	-0.000338	1.000309	-0.035706	
862	1.000308	0.000442	-0.691284	-0.000442	1.000308	0.014282	
863	1.000316	0.000318	-0.685669	-0.000318	1.000316	0.050964	
864	1.000275	0.001477	-1.474121	-0.001477	1.000275	1.494507	
865	1.000080	0.000349	-0.179810	-0.000349	1.000080	0.293762	
866	1.000025	-0.000023	0.036682	0.000023	1.000025	-0.085205	
867	1.000889	0.001153	-1.331848	-0.001153	1.000889	0.282898	
868	0.999461	-0.000493	1.060303	0.000493	0.999461	0.006958	
869	0.999440	-0.000444	0.997559	0.000444	0.999440	-0.099060	
870	0.998287	0.000780	1.406982	-0.000780	0.998287	2.224609	
871	0.999941	-0.000258	0.170959	0.000258	0.999941	-0.290222	
872	0.999854	-0.000234	0.062683	0.000234	0.999854	-0.172607	
873	1.000862	0.000239	-2.051636	-0.000239	1.000862	-0.261719	
874	0.998537	0.000049	1.089661	-0.000049	0.998537	0.977539	
875	1.001034	0.000368	-2.010986	-0.000368	1.001034	-0.363281	
876	1.002736	-0.001437	-1.149414	0.001437	1.002736	-3.025391	
877	1.003032	-0.000646	-1.637695	0.000646	1.003032	-2.921570	
878	1.000313	-0.000460	0.213196	0.000460	1.000313	-0.561951	
879	0.999865	0.000135	-0.122192	-0.000135	0.999865	0.284180	
880	0.997573	-0.004549	5.629639	0.004549	0.997573	-2.432800	
881	0.998735	0.000639	0.714722	-0.000639	0.998735	1.723450	
882	0.999804	0.000702	-0.521484	-0.000702	0.999804	0.842957	
883	0.999804	0.000702	-0.521484	-0.000702	0.999804	0.842957	
884	1.000571	0.000264	-1.453491	-0.000264	1.000571	-0.180908	
885	0.998512	-0.000415	1.166748	0.000415	0.998512	0.684265	
886	0.998512	-0.000415	1.166748	0.000415	0.998512	0.684265	
887	0.997888	0.002038	1.021118	-0.002038	0.997888	4.172119	
888	0.997888	0.002038	1.021118	-0.002038	0.997888	4.172119	
889	0.999408	0.000062	0.312866	-0.000062	0.999408	0.482666	
890	0.998842	0.000545	0.641235	-0.000545	0.998842	1.560547	
891	0.998842	0.000545	0.641235	-0.000545	0.998842	1.560547	
892	0.999083	-0.000706	1.387695	0.000706	0.999083	-0.220337	
893	0.999857	-0.000255	-0.107910	0.000255	0.999857	-0.200989	
894	0.999857	-0.000255	-0.107910	0.000255	0.999857	-0.200989	
895	0.999857	-0.000255	-0.107910	0.000255	0.999857	-0.200989	
896	0.999857	-0.000255	-0.107910	0.000255	0.999857	-0.200989	
897	1.001868	-0.000550	-2.216431	0.000550	1.001868	-1.859924	
898	1.001868	-0.000550	-2.216431	0.000550	1.001868	-1.859924	
899	0.999659	-0.000494	0.833618	0.000494	0.999659	-0.395203	
900	1.002259	0.001485	-3.737915	-0.001485	1.002259	0.273804	
901	1.002259	0.001485	-3.737915	-0.001485	1.002259	0.273804	
902	0.999471	0.000046	0.834106	-0.000046	0.999471	0.479309	
