0	1.000000	0.000000	0.000000	0.000000	1.000000	0.000000	
1	0.999767	0.000042	0.157043	-0.000042	0.999767	0.244171	
2	0.998107	-0.000204	2.390320	0.000204	0.998107	1.071472	
3	0.999762	-0.000192	0.412476	0.000192	0.999762	0.219025	
4	0.999580	0.000216	0.185425	-0.000216	0.999580	0.655273	
5	0.999897	-0.000644	0.432129	0.000644	0.999897	0.006165	
6	0.999619	-0.000061	0.218506	0.000061	0.999619	0.431854	
7	0.999767	-0.002215	1.343079	0.002215	0.999767	-0.064209	
8	0.999545	0.000311	-0.302185	-0.000311	0.999545	0.807098	
9	0.999748	0.000023	0.030090	-0.000023	0.999748	0.551910	
10	0.998173	0.000641	0.026367	-0.000641	0.998173	1.600708	
11	1.000020	0.000087	-0.324158	-0.000087	1.000020	1.628326	
12	0.996991	0.001972	0.701965	-0.001972	0.996991	3.482452	
13	0.999818	0.000022	-0.015869	-0.000022	0.999818	0.283691	
14	0.999737	-0.000033	0.144958	0.000033	0.999737	0.366516	
15	0.998151	-0.001745	1.244965	0.001745	0.998151	1.145386	
16	0.999783	0.000049	0.011475	-0.000049	0.999783	0.458099	
17	0.999791	-0.000058	0.161011	0.000058	0.999791	0.452454	
18	0.999823	-0.000039	0.053345	0.000039	0.999823	0.461761	
19	0.999823	-0.000039	0.053345	0.000039	0.999823	0.461761	
20	1.000947	-0.003065	1.844177	0.003065	1.000947	-0.904205	
21	0.999730	-0.000087	0.287354	0.000087	0.999730	0.460205	
22	0.999890	-0.000248	0.400513	0.000248	0.999890	0.248749	
23	0.999891	0.000310	0.434875	-0.000310	0.999891	1.982117	
24	1.002128	-0.001639	-0.012207	0.001639	1.002128	-1.766815	
25	0.999440	0.000176	0.807739	-0.000176	0.999440	0.760132	
26	0.999456	0.000410	0.585999	-0.000410	0.999456	0.991425	
27	0.998616	0.000477	1.487427	-0.000477	0.998616	1.725555	
28	1.000990	-0.000861	0.384949	0.000861	1.000990	-0.824768	
29	1.000026	-0.000131	0.205078	0.000131	1.000026	0.029663	
30	1.000076	-0.000231	0.299011	0.000231	1.000076	-0.107269	
31	1.000076	-0.000231	0.299011	0.000231	1.000076	-0.107269	
32	1.001967	0.003121	-2.956604	-0.003121	1.001967	0.978149	
33	1.000220	-0.000098	0.131775	0.000098	1.000220	-0.379242	
34	1.000209	0.000006	0.050293	-0.000006	1.000209	-0.302124	
35	1.000574	0.001141	-0.734375	-0.001141	1.000574	-0.548462	
36	1.000175	0.000105	-0.247498	-0.000105	1.000175	-0.403839	
37	1.000237	0.000218	-0.461975	-0.000218	1.000237	-0.456909	
38	1.000210	0.000256	-0.556824	-0.000256	1.000210	-0.374786	
39	1.005395	0.001404	-7.411804	-0.001404	1.005395	-2.142273	
40	0.999413	0.001030	-0.690002	-0.001030	0.999413	0.302460	
41	1.000185	0.000237	-0.614563	-0.000237	1.000185	-0.398987	
42	0.999412	0.000816	-0.605103	-0.000816	0.999412	0.248596	
43	0.997857	0.003514	-2.049103	-0.003514	0.997857	1.606934	
44	0.999936	0.000235	-0.496765	-0.000235	0.999936	-0.111084	
45	0.999991	0.000308	-0.599548	-0.000308	0.999991	-0.110901	
46	1.000106	0.000306	-0.671814	-0.000306	1.000106	-0.217285	
47	1.000009	0.000104	-0.207825	-0.000104	1.000009	0.023926	
48	0.999414	0.000411	-0.467041	-0.000411	0.999414	0.359528	
49	0.999043	0.000249	-0.183289	-0.000249	0.999043	0.502441	
50	0.999581	0.000511	-0.616943	-0.000511	0.999581	0.636383	
51	0.996410	0.000618	0.143677	-0.000618	0.996410	2.339294	
52	0.999567	0.000301	-0.373047	-0.000301	0.999567	0.547058	
53	0.999562	0.000252	-0.284851	-0.000252	0.999562	0.582428	
54	0.999500	0.000198	-0.184448	-0.000198	0.999500	0.575165	
55	0.995889	-0.001255	2.408081	0.001255	0.995889	1.705811	
56	0.999547	-0.000117	0.109497	0.000117	0.999547	0.363739	
57	0.999485	-0.000069	0.105713	0.000069	0.999485	0.426880	
58	0.999601	-0.000066	0.099487	0.000066	0.999601	0.368835	
59	0.999567	0.000107	-0.235046	-0.000107	0.999567	0.661560	
60	0.999782	0.000219	-0.164429	-0.000219	0.999782	0.309967	
61	0.999812	0.000159	-0.143799	-0.000159	0.999812	0.248749	
62	0.999821	0.000097	-0.142212	-0.000097	0.999821	0.133881	
63	0.999941	0.000149	-0.365295	-0.000149	0.999941	0.175934	
64	1.000012	0.000227	-0.293823	-0.000227	1.000012	0.029114	
65	1.000047	0.000132	-0.217773	-0.000132	1.000047	-0.008606	
66	0.999994	0.000049	-0.117371	-0.000049	0.999994	-0.020691	
67	0.999736	0.000174	-0.390259	-0.000174	0.999736	0.219391	
68	0.999976	0.000092	-0.163818	-0.000092	0.999976	0.065613	
69	0.999965	0.000138	-0.171021	-0.000138	0.999965	0.061523	
70	1.000017	0.000070	-0.142578	-0.000070	1.000017	0.027313	
71	1.000840	0.000463	-1.583374	-0.000463	1.000840	-0.068207	
72	0.999958	0.000198	-0.271423	-0.000198	0.999958	0.142731	
73	0.999954	0.000131	-0.265686	-0.000131	0.999954	0.085052	
74	0.999984	0.000258	-0.376465	-0.000258	0.999984	0.199341	
75	0.998461	0.000502	-0.563354	-0.000502	0.998461	1.059113	
76	0.999865	0.000309	-0.453003	-0.000309	0.999865	0.297241	
77	0.999825	0.000334	-0.510254	-0.000334	0.999825	0.339172	
78	0.999239	0.000488	-0.356445	-0.000488	0.999239	0.622986	
79	0.995322	0.000501	0.125336	-0.000501	0.995322	3.028961	
80	0.999814	0.000295	-0.587097	-0.000295	0.999814	0.457275	
81	1.000486	0.000681	-1.307068	-0.000681	1.000486	0.562469	
82	0.999928	0.000386	-0.620850	-0.000386	0.999928	0.441254	
83	0.996467	0.000213	0.167786	-0.000213	0.996467	2.253357	
84	0.998001	0.000168	0.135315	-0.000168	0.998001	1.370361	
85	0.999013	0.000155	-0.200867	-0.000155	0.999013	0.700409	
86	0.997869	0.000280	0.009857	-0.000280	0.997869	1.503296	
87	1.004490	0.001890	-6.671082	-0.001890	1.004490	-0.821594	
88	0.999983	0.000243	-0.396912	-0.000243	0.999983	0.156616	
89	1.000822	0.002646	-2.875061	-0.002646	1.000822	2.595825	
90	0.999273	0.000226	-0.260681	-0.000226	0.999273	0.516174	
91	1.000003	-0.000008	0.011719	0.000008	1.000003	-0.020325	
92	0.997646	0.002622	1.005859	-0.002622	0.997646	4.719116	
93	1.000020	-0.000119	0.138916	0.000119	1.000020	-0.042358	
94	0.999922	0.000191	-0.243347	-0.000191	0.999922	0.182434	
95	0.999922	0.000191	-0.243347	-0.000191	0.999922	0.182434	
96	0.999896	0.000196	-0.317322	-0.000196	0.999896	0.165192	
97	0.999929	0.000152	-0.207642	-0.000152	0.999929	0.187317	
98	0.999938	0.000104	-0.178650	-0.000104	0.999938	0.123535	
99	0.999962	0.000026	-0.106445	-0.000026	0.999962	0.010742	
100	0.999962	0.000026	-0.106445	-0.000026	0.999962	0.010742	
101	1.000974	-0.000640	0.164368	0.000640	1.000974	-0.698914	
102	1.009441	-0.008733	4.580078	0.008733	1.009441	-6.886292	
103	1.000665	0.000349	-1.218689	-0.000349	1.000665	-0.043060	
104	1.000759	0.000733	-1.483887	-0.000733	1.000759	0.348450	
105	0.999987	0.000126	-0.123230	-0.000126	0.999987	0.062134	
106	1.000026	0.000028	0.044800	-0.000028	1.000026	0.021667	
107	1.000024	0.000190	-0.279785	-0.000190	1.000024	0.116821	
108	0.999254	-0.000662	0.524567	0.000662	0.999254	0.403442	
109	1.000110	0.000251	-0.552734	-0.000251	1.000110	0.181458	
110	0.999978	0.000186	-0.211304	-0.000186	0.999978	0.115540	
111	0.999978	0.000186	-0.211304	-0.000186	0.999978	0.115540	
112	0.999992	0.000120	-0.195435	-0.000120	0.999992	0.111023	
113	1.000197	0.000292	-0.665955	-0.000292	1.000197	0.094452	
114	0.999447	0.000263	-0.257843	-0.000263	0.999447	0.390594	
115	0.998397	0.000511	-0.409454	-0.000511	0.998397	1.107361	
116	1.001113	0.000733	-2.072449	-0.000733	1.001113	0.224976	
117	0.999396	-0.000823	0.462708	0.000823	0.999396	0.257294	
118	1.000026	-0.000091	-0.151978	0.000091	1.000026	0.202362	
119	0.998117	-0.001511	1.162720	0.001511	0.998117	0.983032	
120	0.997757	-0.000666	0.572998	0.000666	0.997757	1.370972	
121	0.999946	0.000068	-0.452942	-0.000068	0.999946	0.309753	
122	1.000768	0.000083	-1.199585	-0.000083	1.000768	-0.148163	
123	1.000711	-0.000260	-1.831177	0.000260	1.000711	-0.610077	
124	1.000561	-0.000259	-1.793762	0.000259	1.000561	-0.824951	
125	1.000124	0.000254	-0.813416	-0.000254	1.000124	-0.139374	
126	0.999791	0.000495	-0.773987	-0.000495	0.999791	0.048920	
127	1.002594	-0.000340	-3.248108	0.000340	1.002594	-2.418976	
128	1.003581	-0.000886	-3.915039	0.000886	1.003581	-3.733521	
129	0.999664	0.000924	-1.041382	-0.000924	0.999664	0.051636	
130	0.999585	0.000881	-0.977722	-0.000881	0.999585	0.022491	
131	1.001141	-0.000616	-2.711792	0.000616	1.001141	-2.780579	
132	1.001246	-0.000909	-2.752319	0.000909	1.001246	-3.287811	
133	1.001805	-0.000710	-2.033325	0.000710	1.001805	-2.355988	
134	1.001703	-0.000687	-1.964783	0.000687	1.001703	-2.335632	
135	1.002077	-0.001138	-3.137268	0.001138	1.002077	-4.300995	
136	1.001489	-0.000184	-3.459900	0.000184	1.001489	-3.426849	
137	1.001878	-0.000897	-2.105591	0.000897	1.001878	-2.662201	
138	1.001822	-0.000637	-2.213623	0.000637	1.001822	-2.424988	
139	1.003300	-0.002298	-3.704285	0.002298	1.003300	-5.563110	
140	1.005105	-0.001938	-5.102539	0.001938	1.005105	-6.018585	
141	1.002491	-0.000862	-2.526917	0.000862	1.002491	-2.852478	
142	1.002401	-0.000792	-2.419434	0.000792	1.002401	-2.709595	
143	1.005091	-0.001270	-5.188904	0.001270	1.005091	-5.198853	
144	1.003367	-0.001266	-3.322571	0.001266	1.003367	-3.937439	
145	1.001382	-0.000378	-1.608093	0.000378	1.001382	-1.542786	
146	1.001174	-0.000338	-1.437134	0.000338	1.001174	-1.337433	
147	0.999201	0.001329	-1.045471	-0.001329	0.999201	0.420898	
148	1.002132	-0.000260	-2.443481	0.000260	1.002132	-1.872375	
149	1.000283	0.000172	-0.557251	-0.000172	1.000283	-0.245728	
150	1.000236	0.000116	-0.506165	-0.000116	1.000236	-0.238281	
151	1.000120	-0.000013	-0.198242	0.000013	1.000120	-0.213013	
152	0.999085	-0.002631	1.759369	0.002631	0.999085	0.270874	
153	1.000071	-0.000073	0.021118	0.000073	1.000071	-0.087646	
154	0.999994	-0.000090	0.076599	0.000090	0.999994	0.012939	
155	0.999943	-0.000139	0.214600	0.000139	0.999943	-0.001160	
156	0.999574	0.009532	-6.012421	-0.009532	0.999574	1.259521	
157	0.999998	-0.000143	0.247192	0.000143	0.999998	-0.024902	
158	0.998285	0.001336	-0.649414	-0.001336	0.998285	1.235229	
159	1.001275	-0.000477	0.223175	0.000477	1.001275	-0.817566	
160	1.001176	-0.000495	0.264526	0.000495	1.001176	-0.757507	
161	0.999967	-0.000155	0.245667	0.000155	0.999967	0.060974	
162	0.999956	-0.000203	0.333130	0.000203	0.999956	-0.003418	
163	1.000014	-0.000015	0.043884	0.000015	1.000014	-0.026855	
164	1.000252	-0.000424	0.544434	0.000424	1.000252	-0.228577	
165	1.000849	-0.000150	0.030090	0.000150	1.000849	-0.535828	
166	1.000020	-0.000135	0.208496	0.000135	1.000020	-0.013123	
167	0.999844	-0.000348	0.447510	0.000348	0.999844	0.106079	
168	0.999918	-0.000037	0.056946	0.000037	0.999918	0.117065	
169	0.994230	0.002303	-0.846069	-0.002303	0.994230	3.877014	
170	1.000968	-0.000035	0.064362	0.000035	1.000968	-0.626007	
171	0.992908	0.000216	0.571320	-0.000216	0.992908	4.554932	
172	1.000538	0.005927	-3.819550	-0.005927	1.000538	0.271027	
173	1.000007	-0.000127	0.179382	0.000127	1.000007	-0.092163	
174	0.999855	0.001203	-0.813934	-0.001203	0.999855	0.254120	
175	1.001226	-0.000458	0.508026	0.000458	1.001226	-0.819397	
176	0.999945	0.000109	-0.139282	-0.000109	0.999945	0.158569	
177	0.999891	0.000034	0.023865	-0.000034	0.999891	0.200134	
178	0.999992	0.000254	-0.366699	-0.000254	0.999992	0.063660	
179	0.998745	0.000675	-0.217194	-0.000675	0.998745	0.911255	
180	1.000229	-0.001212	0.805511	0.001212	1.000229	-0.312866	
181	0.998289	0.001077	-0.530609	-0.001077	0.998289	1.182709	
182	0.997730	0.001284	-0.632263	-0.001284	0.997730	1.545837	
183	1.000000	-0.000153	0.250183	0.000153	1.000000	-0.111816	
184	1.000012	-0.000163	0.323792	0.000163	1.000012	-0.130859	
185	1.000057	-0.000056	0.089111	0.000056	1.000057	-0.086609	
186	1.000022	-0.000082	0.144470	0.000082	1.000022	-0.044556	
187	0.995521	0.001030	-0.145889	-0.001030	0.995521	2.913879	
188	0.988320	0.001333	0.383545	-0.001333	0.988320	7.508423	
189	0.992396	0.000813	0.264221	-0.000813	0.992396	4.894653	
190	0.993055	0.001442	-0.217987	-0.001442	0.993055	4.505005	
191	0.996378	0.000651	0.539215	-0.000651	0.996378	2.401306	
192	0.999954	-0.000045	0.265320	0.000045	0.999954	0.013123	
193	0.999900	0.000094	0.017029	-0.000094	0.999900	0.138184	
194	0.999817	0.000188	-0.010010	-0.000188	0.999817	0.268005	
195	0.999698	-0.000054	0.646362	0.000054	0.999698	0.233276	
196	0.997686	0.000464	1.863647	-0.000464	0.997686	1.382568	
197	0.999773	-0.000034	0.419922	0.000034	0.999773	0.127869	
198	0.999828	0.000023	0.316711	-0.000023	0.999828	0.177490	
199	0.998403	-0.000422	2.459167	0.000422	0.998403	0.483612	
200	0.999760	0.000326	1.837952	-0.000326	0.999760	0.410461	
201	1.000503	-0.000240	0.611786	0.000240	1.000503	-0.211853	
202	1.000609	-0.000322	0.647278	0.000322	1.000609	-0.297150	
203	0.999628	0.000114	2.757019	-0.000114	0.999628	0.442505	
204	0.998687	0.000898	3.271057	-0.000898	0.998687	1.453583	
205	0.997839	-0.000073	2.783997	0.000073	0.997839	1.238251	
206	0.998162	0.001232	2.148315	-0.001232	0.998162	1.780396	
207	0.998325	0.000103	4.928894	-0.000103	0.998325	1.209351	
208	1.000005	0.000061	4.515808	-0.000061	1.000005	0.376678	
209	0.997857	-0.000176	3.539185	0.000176	0.997857	1.149994	
210	0.997672	-0.000535	3.810791	0.000535	0.997672	0.910065	
211	0.999848	0.000255	4.971436	-0.000255	0.999848	0.614075	
212	0.999608	0.000356	5.255859	-0.000356	0.999608	0.777924	
213	0.999467	0.000380	2.732788	-0.000380	0.999467	0.679291	
214	0.998728	0.001591	2.538818	-0.001591	0.998728	1.764282	
215	0.999537	0.000321	5.302612	-0.000321	0.999537	0.548737	
216	0.999717	0.000539	4.945435	-0.000539	0.999717	0.596802	
217	0.999878	0.000639	2.209351	-0.000639	0.999878	0.497894	
218	0.997158	-0.001238	4.566589	0.001238	0.997158	0.466553	
219	0.999510	0.000248	4.632874	-0.000248	0.999510	0.511322	
220	1.000393	0.000175	3.480347	-0.000175	1.000393	0.386139	
221	1.003159	-0.000838	0.411987	0.000838	1.003159	-2.020081	
222	0.997585	0.000182	2.908325	-0.000182	0.997585	1.820862	
223	0.995023	0.000748	5.480225	-0.000748	0.995023	4.255127	
224	1.006028	-0.003360	1.609619	0.003360	1.006028	-4.198730	
225	1.000120	0.000653	1.074829	-0.000653	1.000120	0.695251	
226	0.998367	0.000737	1.535156	-0.000737	0.998367	1.945984	
227	0.999988	-0.000010	0.034180	0.000010	0.999988	0.002380	
228	1.000281	0.000088	1.592041	-0.000088	1.000281	0.322601	
229	1.001109	-0.000642	0.449402	0.000642	1.001109	-0.762848	
230	0.999979	-0.000127	0.298645	0.000127	0.999979	0.029480	
231	1.002374	-0.002764	1.585266	0.002764	1.002374	-1.831848	
232	1.000006	-0.000194	0.275696	0.000194	1.000006	-0.040588	
233	0.994894	-0.004228	5.758728	0.004228	0.994894	0.210266	
234	0.999879	-0.000145	0.350037	0.000145	0.999879	0.172546	
235	1.000812	0.000419	-0.348221	-0.000419	1.000812	-0.426208	
236	0.999875	-0.000007	0.171997	0.000007	0.999875	0.205994	
237	0.999973	-0.000038	0.042297	0.000038	0.999973	0.052490	
238	0.998913	0.001402	0.351135	-0.001402	0.998913	2.502014	
239	0.998787	-0.002029	1.405853	0.002029	0.998787	0.718140	
240	1.000144	0.001792	-1.492737	-0.001792	1.000144	2.122375	
241	0.998202	-0.003503	2.398590	0.003503	0.998202	0.902954	
242	1.000017	0.000967	-0.743774	-0.000967	1.000017	1.418610	
243	0.997040	-0.001142	1.046478	0.001142	0.997040	1.813049	
244	0.999897	0.001506	-0.914062	-0.001506	0.999897	2.098175	
245	0.999225	0.003435	-1.383301	-0.003435	0.999225	4.775421	
246	0.998360	-0.000257	0.398712	0.000257	0.998360	1.270386	
247	0.990726	-0.008188	6.149704	0.008188	0.990726	5.029541	
248	0.999766	0.001996	-1.131165	-0.001996	0.999766	1.941711	
249	0.998385	0.002461	-1.328308	-0.002461	0.998385	4.449799	
250	0.998597	-0.001375	0.922729	0.001375	0.998597	1.017181	
251	0.993484	-0.001472	1.666107	0.001472	0.993484	4.014709	
252	0.999943	0.001341	-1.086121	-0.001341	0.999943	1.686646	
253	1.002657	0.003112	-5.356445	-0.003112	1.002657	1.880188	
254	0.999849	0.000144	-1.043518	-0.000144	0.999849	1.177826	
255	1.001600	0.003152	-4.276978	-0.003152	1.001600	2.742737	
256	1.000555	0.001079	-1.792847	-0.001079	1.000555	1.146027	
257	0.996574	-0.000657	0.720490	0.000657	0.996574	2.120117	
258	1.000788	0.001296	-2.034851	-0.001296	1.000788	1.110992	
259	0.997304	0.001017	-0.493286	-0.001017	0.997304	1.874115	
260	0.999012	0.000149	-0.178955	-0.000149	0.999012	0.757721	
261	1.000356	0.000494	-2.427856	-0.000494	1.000356	0.538757	
262	0.998980	0.000663	-0.572815	-0.000663	0.998980	0.750946	
263	0.996427	0.001919	-1.035492	-0.001919	0.996427	2.563110	
264	0.999171	0.000158	-0.329712	-0.000158	0.999171	0.376678	
265	0.997830	0.000938	-0.482513	-0.000938	0.997830	1.381836	
266	1.000612	-0.000050	-1.046021	0.000050	1.000612	-0.577820	
267	0.999500	-0.000302	-1.054871	0.000302	0.999500	-0.523560	
268	1.000794	-0.000581	-0.749023	0.000581	1.000794	-1.280396	
269	1.001529	0.004866	-4.986206	-0.004866	1.001529	2.293182	
270	1.000028	0.000250	-0.282288	-0.000250	1.000028	0.003784	
271	1.000511	-0.001099	0.097717	0.001099	1.000511	-1.503296	
272	0.998991	0.000846	-0.582123	-0.000846	0.998991	0.648712	
273	0.996384	0.002696	-1.403076	-0.002696	0.996384	2.511230	
274	0.999769	0.000195	-0.319824	-0.000195	0.999769	0.064545	
275	0.999966	-0.000019	-0.003784	0.000019	0.999966	-0.018005	
276	0.999811	-0.000080	0.128723	0.000080	0.999811	-0.126129	
277	0.999978	-0.000079	0.067932	0.000079	0.999978	-0.031982	
278	0.999968	-0.000131	0.040649	0.000131	0.999968	-0.156433	
279	1.002643	0.003489	-2.512451	-0.003489	1.002643	-1.388306	
280	0.999947	-0.000217	0.221680	0.000217	0.999947	-0.152710	
281	0.991700	0.000638	3.229614	-0.000638	0.991700	2.896942	
282	0.997451	0.001440	-0.646027	-0.001440	0.997451	1.717285	
283	0.994623	0.003302	-1.485107	-0.003302	0.994623	3.809601	
284	0.998204	0.000426	0.060883	-0.000426	0.998204	1.133911	
285	1.000058	0.000035	-0.054199	-0.000035	1.000058	-0.085815	
286	1.000736	0.001370	-0.940552	-0.001370	1.000736	-0.420715	
287	0.989732	-0.000179	5.395996	0.000179	0.989732	3.409698	
288	0.997629	0.002131	-0.710205	-0.002131	0.997629	1.948090	
289	0.991523	0.003448	2.334381	-0.003448	0.991523	4.301514	
290	0.999897	0.000472	-0.298218	-0.000472	0.999897	0.032257	
291	0.989807	-0.000156	6.423889	0.000156	0.989807	3.180359	
292	0.995570	-0.000309	2.939331	0.000309	0.995570	1.259979	
293	0.990819	-0.000046	6.403503	0.000046	0.990819	2.912292	
294	0.997048	0.001412	1.259521	-0.001412	0.997048	1.491272	
295	0.991275	-0.000130	6.688171	0.000130	0.991275	2.711243	
296	0.998138	-0.000487	2.020508	0.000487	0.998138	0.346893	
297	0.992616	-0.000298	6.340515	0.000298	0.992616	2.075928	
298	0.997314	0.000059	2.289429	-0.000059	0.997314	0.889008	
299	0.993251	0.000037	6.165649	-0.000037	0.993251	2.028137	
300	1.000031	-0.001831	1.118866	0.001831	1.000031	-0.348755	
301	1.001845	0.001014	-0.806091	-0.001014	1.001845	-0.983521	
302	1.000175	-0.001486	0.956665	0.001486	1.000175	-0.333649	
303	0.996744	-0.000800	4.381287	0.000800	0.996744	0.812439	
304	1.000214	-0.000899	0.914368	0.000899	1.000214	-0.204987	
305	1.000491	-0.002570	1.731323	0.002570	1.000491	-0.619812	
306	0.999029	-0.000321	1.434143	0.000321	0.999029	0.328979	
307	0.997516	-0.000194	2.955933	0.000194	0.997516	0.793625	
308	0.999858	-0.000484	0.667175	0.000484	0.999858	0.013580	
309	0.998655	-0.000177	1.929016	0.000177	0.998655	0.620483	
310	1.000018	-0.000896	0.525848	0.000896	1.000018	-0.183380	
311	0.999495	0.000677	1.079468	-0.000677	0.999495	0.901131	
312	0.999973	-0.000255	0.270508	0.000255	0.999973	0.007172	
313	0.999737	-0.000321	0.474365	0.000321	0.999737	0.079773	
314	1.000109	-0.000217	0.174744	0.000217	1.000109	-0.134888	
315	0.999841	-0.000136	0.330627	0.000136	0.999841	0.119568	
316	1.000217	0.000666	0.040527	-0.000666	1.000217	0.448914	
317	1.000004	-0.000015	0.008728	0.000015	1.000004	0.002655	
318	1.002831	-0.001645	0.553162	0.001645	1.002831	-2.166534	
319	1.000111	0.000241	-0.024689	-0.000241	1.000111	0.008545	
320	1.000502	0.000174	-0.152466	-0.000174	1.000502	-0.189087	
321	1.000136	0.000068	0.022278	-0.000068	1.000136	-0.159851	
322	1.000112	0.000087	-0.037292	-0.000087	1.000112	-0.130035	
323	1.000279	0.000061	-0.084351	-0.000061	1.000279	-0.432434	
324	1.000188	0.000107	-0.090271	-0.000107	1.000188	-0.253021	
325	1.000332	0.000072	-0.145081	-0.000072	1.000332	-0.601929	
326	1.000351	0.000115	-0.182861	-0.000115	1.000351	-0.378143	
327	1.000673	0.000697	-0.466248	-0.000697	1.000673	-0.651825	
328	1.000434	-0.000001	-0.297668	0.000001	1.000434	-0.610138	
329	1.000567	0.000049	-0.349243	-0.000049	1.000567	-1.023376	
330	1.000400	0.000139	-0.312073	-0.000139	1.000400	-0.576477	
331	1.000497	-0.000746	-0.071228	0.000746	1.000497	-1.751953	
332	1.000326	0.000080	-0.097656	-0.000080	1.000326	-0.554871	
333	1.000792	0.000867	-0.485901	-0.000867	1.000792	-0.720764	
334	1.000358	0.000026	0.050354	-0.000026	1.000358	-0.385803	
335	1.001115	0.001184	-0.776367	-0.001184	1.001115	-0.829132	
336	1.000346	0.000184	-0.203247	-0.000184	1.000346	-0.360046	
337	0.999724	0.001056	0.388794	-0.001056	0.999724	-0.431122	
338	1.001092	0.000540	-0.436462	-0.000540	1.001092	-0.395660	
339	1.001832	0.000467	-0.386871	-0.000467	1.001832	-0.911285	
340	1.000384	0.000164	0.154938	-0.000164	1.000384	-0.301178	
341	1.000337	0.000467	0.241333	-0.000467	1.000337	-0.552612	
342	0.999948	-0.000180	0.468445	0.000180	0.999948	-0.330902	
343	0.998929	0.000222	1.364319	-0.000222	0.998929	-0.190735	
344	0.999780	-0.000261	0.609741	0.000261	0.999780	-0.131653	
345	0.998923	-0.000444	1.680054	0.000444	0.998923	-0.329712	
346	0.999631	-0.000395	0.694885	0.000395	0.999631	-0.128845	
347	0.998693	-0.000372	1.736084	0.000372	0.998693	0.130249	
348	0.999572	-0.000378	0.700195	0.000378	0.999572	0.044952	
349	0.999175	-0.000411	1.250916	0.000411	0.999175	-0.001892	
350	0.999299	-0.000232	0.730774	0.000232	0.999299	0.415344	
351	0.998999	-0.000516	1.351746	0.000516	0.998999	-0.020111	
352	0.999423	-0.000192	0.548096	0.000192	0.999423	0.329529	
353	0.999500	-0.000393	0.819153	0.000393	0.999500	0.089142	
354	0.999419	-0.000243	0.516541	0.000243	0.999419	0.311157	
355	0.998977	-0.000307	1.173096	0.000307	0.998977	0.205627	
356	0.999536	-0.000082	0.385498	0.000082	0.999536	0.283356	
357	0.999392	-0.000275	0.478821	0.000275	0.999392	0.203766	
358	0.999648	0.000149	0.247986	-0.000149	0.999648	0.277496	
359	0.999641	0.000034	0.347656	-0.000034	0.999641	0.173248	
360	0.999765	0.000216	0.099609	-0.000216	0.999765	0.250885	
361	0.999848	-0.000154	0.275452	0.000154	0.999848	0.010651	
362	0.999952	0.000075	0.027832	-0.000075	0.999952	-0.002563	
363	1.000040	-0.000014	0.114929	0.000014	1.000040	-0.013275	
364	1.000156	0.000236	-0.259094	-0.000236	1.000156	0.117889	
365	0.999956	0.001820	-1.061279	-0.001820	0.999956	0.417023	
366	1.000105	0.000031	-0.093933	-0.000031	1.000105	-0.026947	
367	1.000029	-0.000052	0.062073	0.000052	1.000029	-0.020325	
368	0.999978	-0.000169	0.083618	0.000169	0.999978	-0.128357	
369	1.000099	-0.000113	-0.080261	0.000113	1.000099	-0.267883	
370	0.999938	-0.000116	0.099976	0.000116	0.999938	0.058258	
371	0.999806	-0.000113	0.410889	0.000113	0.999806	0.275360	
372	0.999900	-0.000017	0.071350	0.000017	0.999900	-0.047638	
373	0.999888	-0.000091	0.146606	0.000091	0.999888	-0.033905	
374	0.999710	-0.000203	0.327515	0.000203	0.999710	0.111298	
375	0.999787	-0.000179	0.309387	0.000179	0.999787	0.232025	
376	0.999865	-0.000039	0.195251	0.000039	0.999865	0.168243	
377	0.999877	0.000037	0.170837	-0.000037	0.999877	0.209106	
378	1.000014	0.003387	0.314148	-0.003387	1.000014	2.423920	
379	1.000051	-0.000551	0.321228	0.000551	1.000051	0.034241	
380	0.999807	-0.000034	0.258423	0.000034	0.999807	0.311462	
381	0.999840	-0.000144	0.276001	0.000144	0.999840	0.213867	
382	0.999939	-0.000272	0.368408	0.000272	0.999939	0.143219	
383	0.999933	-0.000306	0.339294	0.000306	0.999933	0.151337	
384	0.998737	-0.000717	0.652649	0.000717	0.998737	0.652863	
385	0.998618	-0.000844	0.605164	0.000844	0.998618	0.737061	
386	0.999945	-0.000283	0.367615	0.000283	0.999945	0.089996	
387	0.999974	-0.000235	0.212402	0.000235	0.999974	0.074829	
388	1.000045	-0.000180	0.103149	0.000180	1.000045	-0.031128	
389	1.003155	-0.007140	-1.343445	0.007140	1.003155	-3.910980	
390	1.000017	-0.000259	0.244629	0.000259	1.000017	-0.037720	
391	1.000114	-0.000211	0.190979	0.000211	1.000114	-0.063141	
392	1.000085	-0.000136	0.034485	0.000136	1.000085	-0.009430	
393	1.000131	-0.000131	-0.032166	0.000131	1.000131	-0.045746	
394	1.000141	-0.000219	0.148926	0.000219	1.000141	-0.172089	
395	1.000172	-0.000254	0.226074	0.000254	1.000172	-0.173096	
396	1.000327	-0.000100	-0.096008	0.000100	1.000327	-0.100342	
397	1.000242	-0.000040	-0.084534	0.000040	1.000242	-0.026398	
398	1.000935	-0.000316	-0.007782	0.000316	1.000935	-0.477448	
399	1.000490	-0.000264	0.252258	0.000264	1.000490	-0.428467	
400	1.000353	-0.000120	0.098633	0.000120	1.000353	-0.290161	
401	1.000239	-0.000155	0.197388	0.000155	1.000239	-0.258667	
402	0.998588	-0.000785	2.287109	0.000785	0.998588	0.097107	
403	1.001212	-0.000361	0.079407	0.000361	1.001212	-0.760376	
404	1.000310	-0.000312	0.186279	0.000312	1.000310	-0.429626	
405	1.000203	-0.000210	0.245972	0.000210	1.000203	-0.337219	
406	1.001579	-0.000366	0.049530	0.000366	1.001579	-0.967316	
407	1.002861	0.001009	-0.650757	-0.001009	1.002861	-0.132233	
408	1.000583	0.000953	0.266418	-0.000953	1.000583	0.240143	
409	1.000141	-0.000206	0.545776	0.000206	1.000141	-0.223511	
410	0.997012	0.003855	2.780487	-0.003855	0.997012	1.421989	
411	1.000898	0.002594	0.638123	-0.002594	1.000898	0.723450	
412	1.000347	-0.000247	0.192688	0.000247	1.000347	-0.521088	
413	1.000353	-0.000347	0.358582	0.000347	1.000353	-0.548889	
414	1.002127	-0.000385	0.032715	0.000385	1.002127	-1.264832	
415	1.002009	-0.000456	0.108734	0.000456	1.002009	-1.228607	
416	1.000447	-0.000355	0.176025	0.000355	1.000447	-0.472015	
417	1.000350	-0.000327	0.309937	0.000327	1.000350	-0.411316	
418	0.999942	0.000120	0.029358	-0.000120	0.999942	0.233887	
419	1.002088	-0.000591	0.122894	0.000591	1.002088	-1.257965	
420	1.001267	-0.000443	-0.111694	0.000443	1.001267	-0.775848	
421	1.001188	-0.000290	-0.031097	0.000290	1.001188	-0.730591	
422	1.000015	-0.000061	0.068604	0.000061	1.000015	-0.071716	
423	0.999732	-0.002001	1.784851	0.002001	0.999732	-2.205353	
424	1.001418	-0.000188	0.070160	0.000188	1.001418	-0.677307	
425	1.001454	-0.000268	0.111115	0.000268	1.001454	-0.752960	
426	1.002984	-0.000720	0.253174	0.000720	1.002984	-1.696777	
427	1.003447	-0.000337	0.179260	0.000337	1.003447	-1.504456	
428	1.001718	-0.000517	0.364899	0.000517	1.001718	-0.871002	
429	1.001930	-0.000370	0.412018	0.000370	1.001930	-0.805634	
430	1.003579	0.000288	0.282837	-0.000288	1.003579	-1.210114	
431	1.003662	-0.000220	0.772339	0.000220	1.003662	-1.464600	
432	1.001709	-0.000589	0.599976	0.000589	1.001709	-1.043182	
433	1.001775	-0.000468	0.626251	0.000468	1.001775	-1.094055	
434	1.004009	-0.001474	0.814728	0.001474	1.004009	-2.645325	
435	1.006943	-0.003538	1.694550	0.003538	1.006943	-4.711243	
436	1.001286	-0.000170	1.016541	0.000170	1.001286	-0.824158	
437	1.001726	-0.000589	0.736969	0.000589	1.001726	-1.223236	
438	1.004534	-0.001880	0.865540	0.001880	1.004534	-2.981628	
439	1.002152	0.000720	2.469147	-0.000720	1.002152	-0.980896	
440	1.000986	-0.000408	1.589844	0.000408	1.000986	-0.845215	
441	1.002339	-0.000666	0.864838	0.000666	1.002339	-1.532593	
442	0.996158	-0.001990	6.075867	0.001990	0.996158	0.317261	
443	1.004125	-0.001109	2.055237	0.001109	1.004125	-2.892242	
444	1.002228	-0.000746	0.610199	0.000746	1.002228	-1.557831	
445	1.002273	-0.000537	0.569580	0.000537	1.002273	-1.484100	
446	1.003416	-0.001471	2.018616	0.001471	1.003416	-2.884094	
447	1.007293	-0.000723	-0.163849	0.000723	1.007293	-4.617432	
448	1.003326	0.007734	-3.344757	-0.007734	1.003326	1.984070	
449	1.000350	0.007729	-2.198334	-0.007729	1.000350	3.138947	
450	0.999039	-0.002148	1.447800	0.002148	0.999039	0.393494	
451	0.999927	0.000002	0.050659	-0.000002	0.999927	0.102966	
452	1.004731	-0.000389	-0.190369	0.000389	1.004731	-3.004578	
453	1.001301	0.000294	1.839966	-0.000294	1.001301	-0.672089	
454	1.001549	-0.000855	4.708679	0.000855	1.001549	-2.028381	
455	1.000442	0.000152	5.699707	-0.000152	1.000442	-0.853424	
456	1.006731	0.000403	-2.490234	-0.000403	1.006731	-3.406281	
457	0.996593	0.024951	-8.737915	-0.024951	0.996593	12.636627	
458	1.000025	0.000080	-0.074890	-0.000080	1.000025	-0.015991	
459	1.006893	-0.004371	2.069153	0.004371	1.006893	-4.856201	
460	1.004965	0.000204	-0.571747	-0.000204	1.004965	-3.134949	
461	1.007165	-0.007105	-0.018982	0.007105	1.007165	-9.550476	
462	1.000003	-0.000042	0.049683	0.000042	1.000003	-0.046143	
463	1.000010	-0.000013	-0.001831	0.000013	1.000010	-0.010498	
464	1.000091	0.000085	-0.169373	-0.000085	1.000091	-0.108582	
465	0.995546	-0.007100	10.312683	0.007100	0.995546	-5.326294	
466	1.005729	-0.002805	1.189392	0.002805	1.005729	-3.935150	
467	1.003958	0.000689	-0.932404	-0.000689	1.003958	-2.416473	
468	1.001156	0.000770	-0.632996	-0.000770	1.001156	-0.614105	
469	0.999598	-0.000797	0.398865	0.000797	0.999598	-0.053314	
470	0.998925	-0.000509	1.674194	0.000509	0.998925	0.033813	
471	0.999981	0.000008	0.026794	-0.000008	0.999981	-0.026489	
472	1.000129	0.000037	-0.043640	-0.000037	1.000129	-0.103699	
473	1.000567	-0.001170	0.764221	0.001170	1.000567	-0.473969	
474	0.998897	0.004729	-2.944229	-0.004729	0.998897	1.223633	
475	1.000037	-0.000013	-0.004517	0.000013	1.000037	-0.107361	
476	0.998740	-0.000489	1.863037	0.000489	0.998740	0.255096	
477	0.998710	-0.000521	1.985718	0.000521	0.998710	0.274658	
478	0.997201	-0.000903	4.049988	0.000903	0.997201	0.754364	
479	0.996985	-0.001042	4.450562	0.001042	0.996985	0.525299	
480	0.998360	-0.000338	2.210815	0.000338	0.998360	0.582001	
481	0.999913	-0.000138	0.296204	0.000138	0.999913	-0.064880	
482	0.996521	-0.001247	4.990234	0.001247	0.996521	0.589142	
483	1.000225	-0.000967	0.568054	0.000967	1.000225	-0.225403	
484	0.997687	-0.000347	2.853943	0.000347	0.997687	0.703339	
485	0.998580	-0.000498	1.913635	0.000498	0.998580	0.276276	
486	0.994179	-0.001062	6.496826	0.001062	0.994179	1.309540	
487	0.994130	0.000299	6.340820	-0.000299	0.994130	2.275269	
488	0.997761	-0.000038	2.527344	0.000038	0.997761	1.042938	
489	0.998101	-0.000346	2.261841	0.000346	0.998101	0.569672	
490	0.995176	-0.000110	5.003662	0.000110	0.995176	2.104248	
491	0.994596	-0.000396	4.940063	0.000396	0.994596	1.745422	
492	0.997092	0.000234	2.384094	-0.000234	0.997092	1.513947	
493	0.997276	0.000428	2.046448	-0.000428	0.997276	1.584778	
494	0.994519	0.000211	4.145447	-0.000211	0.994519	2.424835	
495	0.994095	-0.000193	3.703003	0.000193	0.994095	1.940735	
496	0.998584	-0.000251	0.416016	0.000251	0.998584	0.851440	
497	0.998326	-0.000356	0.549072	0.000356	0.998326	0.808441	
498	0.994459	-0.000112	2.536560	0.000112	0.994459	1.990234	
499	0.999099	-0.003714	-1.309509	0.003714	0.999099	-1.005875	
500	0.998050	0.000270	0.167542	-0.000270	0.998050	1.064240	
501	0.999749	0.001963	-1.054932	-0.001963	0.999749	2.512024	
502	0.997990	0.000335	0.133850	-0.000335	0.997990	1.117493	
503	0.993051	0.000100	1.169250	-0.000100	0.993051	2.646118	
504	0.998001	0.000324	0.072205	-0.000324	0.998001	1.117249	
505	0.999746	0.001792	-1.234314	-0.001792	0.999746	2.205292	
506	0.998517	0.000478	-0.130737	-0.000478	0.998517	1.365234	
507	0.995637	0.006769	-1.040833	-0.006769	0.995637	7.369263	
508	0.998431	0.000295	-0.054504	-0.000295	0.998431	1.042328	
509	0.998418	0.000316	-0.003479	-0.000316	0.998418	0.912994	
510	0.998600	0.000105	0.086975	-0.000105	0.998600	0.923950	
511	0.995945	0.001009	-0.236450	-0.001009	0.995945	2.371460	
512	0.998833	0.000244	0.003357	-0.000244	0.998833	0.809448	
513	0.999359	0.000272	-0.146851	-0.000272	0.999359	0.644836	
514	0.999512	0.000241	-0.155640	-0.000241	0.999512	0.563324	
515	0.996899	0.000740	-0.118896	-0.000740	0.996899	1.787354	
516	0.999288	0.000156	-0.089966	-0.000156	0.999288	0.478394	
517	0.999591	0.000280	-0.154846	-0.000280	0.999591	0.491638	
518	0.999656	0.000230	-0.212891	-0.000230	0.999656	0.454834	
519	0.997365	0.000414	-0.035400	-0.000414	0.997365	1.393890	
520	0.999287	0.000117	-0.093323	-0.000117	0.999287	0.421082	
521	0.999589	0.000185	-0.094849	-0.000185	0.999589	0.485901	
522	0.999485	0.000193	-0.145386	-0.000193	0.999485	0.460663	
523	0.997571	0.000323	-0.044128	-0.000323	0.997571	1.356873	
524	0.999558	0.000213	-0.180176	-0.000213	0.999558	0.388763	
525	0.999506	0.000274	-0.181824	-0.000274	0.999506	0.460358	
526	0.999578	0.000248	-0.107910	-0.000248	0.999578	0.460480	
527	0.997572	0.000376	0.079834	-0.000376	0.997572	1.409149	
528	0.999537	0.000153	-0.056946	-0.000153	0.999537	0.399872	
529	0.999605	0.000094	-0.004333	-0.000094	0.999605	0.407471	
530	0.999554	0.000240	-0.138000	-0.000240	0.999554	0.451019	
531	0.997999	0.000216	0.200012	-0.000216	0.997999	1.237640	
532	0.999634	0.000196	-0.096008	-0.000196	0.999634	0.404083	
533	0.999650	0.000194	-0.126282	-0.000194	0.999650	0.404114	
534	0.999647	0.000128	-0.112244	-0.000128	0.999647	0.338806	
535	0.998492	0.000091	0.129272	-0.000091	0.998492	0.901672	
536	0.999719	0.000129	-0.072449	-0.000129	0.999719	0.307159	
537	0.999758	0.000134	-0.057678	-0.000134	0.999758	0.302094	
538	0.999733	0.000018	0.024353	-0.000018	0.999733	0.267761	
539	0.999626	0.000196	-0.105957	-0.000196	0.999626	0.477173	
540	0.999838	0.000014	-0.010986	-0.000014	0.999838	0.134796	
541	0.999896	0.000043	-0.004272	-0.000043	0.999896	0.139435	
542	0.999904	0.000017	0.007141	-0.000017	0.999904	0.157104	
543	0.999804	-0.000096	0.009583	0.000096	0.999804	0.113739	
544	1.000037	-0.000057	-0.063965	0.000057	1.000037	0.055145	
545	0.999977	-0.000090	0.017212	0.000090	0.999977	0.048645	
546	1.000067	-0.000086	-0.047424	0.000086	1.000067	-0.000214	
547	0.999990	0.000018	0.039551	-0.000018	0.999990	0.002655	
548	1.000005	-0.000128	0.053162	0.000128	1.000005	-0.073700	
549	1.000112	-0.000095	-0.051697	0.000095	1.000112	-0.009949	
550	1.000118	-0.000066	-0.061279	0.000066	1.000118	-0.067169	
551	1.000196	0.000054	-0.105408	-0.000054	1.000196	-0.206665	
552	1.000212	-0.000012	-0.086060	0.000012	1.000212	-0.056976	
553	1.000199	0.000074	-0.088562	-0.000074	1.000199	-0.007660	
554	1.000170	0.000040	-0.012512	-0.000040	1.000170	-0.088562	
555	1.000274	0.000027	-0.212891	-0.000027	1.000274	-0.474670	
556	0.999903	0.000057	0.128357	-0.000057	0.999903	-0.185577	
557	0.999972	0.000135	0.053711	-0.000135	0.999972	-0.165283	
558	0.999971	0.000024	0.053711	-0.000024	0.999971	-0.147064	
559	1.000317	0.000220	-0.231445	-0.000220	1.000317	-0.449738	
560	1.000022	0.000094	-0.014893	-0.000094	1.000022	-0.244690	
561	1.000052	0.000145	-0.083435	-0.000145	1.000052	-0.229675	
562	1.000000	0.000067	-0.120605	-0.000067	1.000000	-0.220825	
563	1.000388	0.000263	-0.450317	-0.000263	1.000388	-0.491028	
564	1.000024	0.000131	-0.125671	-0.000131	1.000024	-0.182678	
565	1.000096	0.000189	-0.238525	-0.000189	1.000096	-0.186554	
566	1.000093	0.000154	-0.189697	-0.000154	1.000093	-0.196381	
567	1.000653	0.000368	-0.839417	-0.000368	1.000653	-0.684113	
568	1.000291	0.000093	-0.307861	-0.000093	1.000291	-0.300781	
569	1.000295	0.000036	-0.299316	-0.000036	1.000295	-0.340363	
570	1.000319	0.000144	-0.378296	-0.000144	1.000319	-0.305206	
571	1.001239	-0.000269	-1.316345	0.000269	1.001239	-1.695465	
572	1.000124	0.000157	-0.407227	-0.000157	1.000124	-0.248840	
573	1.000061	0.000073	-0.183960	-0.000073	1.000061	-0.383240	
574	1.000166	0.000168	-0.349670	-0.000168	1.000166	-0.323151	
575	1.001707	-0.000595	-1.783386	0.000595	1.001707	-2.423859	
576	1.000314	0.000209	-0.458435	-0.000209	1.000314	-0.444183	
577	1.000224	0.000111	-0.399231	-0.000111	1.000224	-0.424316	
578	1.000262	0.000184	-0.423035	-0.000184	1.000262	-0.414734	
579	1.001095	-0.000066	-1.359192	0.000066	1.001095	-2.229431	
580	1.000293	0.000212	-0.466797	-0.000212	1.000293	-0.468018	
581	1.000271	0.000113	-0.319214	-0.000113	1.000271	-0.544342	
582	1.000278	0.000243	-0.447327	-0.000243	1.000278	-0.433044	
583	1.000637	0.001454	-1.230835	-0.001454	1.000637	-0.744476	
584	1.000187	0.000110	-0.278992	-0.000110	1.000187	-0.483643	
585	1.000120	0.000177	-0.280701	-0.000177	1.000120	-0.342072	
586	1.000269	0.000129	-0.369324	-0.000129	1.000269	-0.433441	
587	1.000511	0.001099	-0.849060	-0.001099	1.000511	-0.677277	
588	1.000172	0.000125	-0.158997	-0.000125	1.000172	-0.343201	
589	1.000118	0.000120	-0.150940	-0.000120	1.000118	-0.312500	
590	0.999940	0.000087	0.020508	-0.000087	0.999940	-0.156982	
591	1.000364	0.000115	-0.464844	-0.000115	1.000364	-0.782043	
592	0.999921	-0.000000	-0.024048	0.000000	0.999921	-0.083649	
593	0.999983	0.000040	-0.092285	-0.000040	0.999983	-0.059265	
594	0.999939	0.000134	-0.215027	-0.000134	0.999939	0.014404	
595	1.000270	0.000438	-0.749512	-0.000438	1.000270	-0.128906	
596	1.000166	0.000135	-0.305115	-0.000135	1.000166	0.001678	
597	1.000077	0.000214	-0.430298	-0.000214	1.000077	0.111115	
598	1.000268	0.000227	-0.533508	-0.000227	1.000268	0.009430	
599	1.002374	0.000488	-3.179565	-0.000488	1.002374	-0.631836	
600	1.000309	0.000164	-0.714844	-0.000164	1.000309	0.061890	
601	1.001112	0.000186	-1.392700	-0.000186	1.001112	-0.184753	
602	1.000811	0.000243	-1.215820	-0.000243	1.000811	-0.047699	
603	1.005331	-0.000226	-5.582092	0.000226	1.005331	-1.973846	
604	1.001779	0.000294	-2.093323	-0.000294	1.001779	-0.337585	
605	1.001874	0.000247	-2.128418	-0.000247	1.001874	-0.383240	
606	1.002143	0.000536	-2.397217	-0.000536	1.002143	-0.154358	
607	1.008994	-0.000053	-8.200317	0.000053	1.008994	-3.245392	
608	1.003399	0.000186	-3.169861	-0.000186	1.003399	-0.946289	
609	1.003644	0.000072	-3.315491	-0.000072	1.003644	-1.125977	
610	1.003718	0.000060	-3.363953	-0.000060	1.003718	-1.194550	
611	1.013960	0.000026	-12.762878	-0.000026	1.013960	-5.335510	
612	1.004250	-0.000050	-3.835999	0.000050	1.004250	-1.603699	
613	1.003805	0.000125	-3.492920	-0.000125	1.003805	-1.381073	
614	1.004290	0.000193	-3.920410	-0.000193	1.004290	-1.509369	
615	1.011883	0.000266	-10.557434	-0.000266	1.011883	-4.823120	
616	1.004486	0.000395	-4.174316	-0.000395	1.004486	-1.585815	
617	1.004370	-0.000186	-3.754150	0.000186	1.004370	-1.989471	
618	1.006698	-0.000311	-5.743652	0.000311	1.006698	-3.087738	
619	0.995980	0.000682	-0.028671	-0.000682	0.995980	2.633728	
620	1.005049	-0.000499	-4.232849	0.000499	1.005049	-2.323792	
621	1.004654	-0.000767	-4.051697	0.000767	1.004654	-2.461548	
622	1.000019	-0.000060	0.053101	0.000060	1.000019	0.026611	
623	1.000018	-0.000049	0.049377	0.000049	1.000018	-0.024170	
624	1.003779	0.000908	-5.168396	-0.000908	1.003779	-1.545532	
625	1.005946	-0.001290	-5.375305	0.001290	1.005946	-3.358490	
626	1.003987	0.000653	-5.241150	-0.000653	1.003987	-1.881165	
627	1.011091	-0.000886	-10.950256	0.000886	1.011091	-4.138702	
628	1.003304	0.000586	-4.502747	-0.000586	1.003304	-1.422302	
629	1.003605	0.001707	-5.609070	-0.001707	1.003605	-0.313904	
630	1.005081	-0.001268	-5.378784	0.001268	1.005081	-3.082184	
631	1.001473	0.008407	-7.623779	-0.008407	1.001473	9.113159	
632	1.002478	-0.000373	-2.986023	0.000373	1.002478	-0.907013	
633	1.002475	-0.000364	-2.946899	0.000364	1.002475	-0.939178	
634	1.001555	0.000687	-2.534729	-0.000687	1.001555	0.199097	
635	1.005558	0.000250	-6.541016	-0.000250	1.005558	-0.683319	
636	1.001650	0.000613	-2.586792	-0.000613	1.001650	-0.010651	
637	1.001667	0.000347	-2.305420	-0.000347	1.001667	-0.172638	
638	1.001055	0.000512	-1.836426	-0.000512	1.001055	0.253906	
639	1.003472	0.002449	-5.876831	-0.002449	1.003472	0.682190	
640	1.000913	0.000134	-1.468323	-0.000134	1.000913	0.061798	
641	1.000203	-0.000037	-0.747498	0.000037	1.000203	0.174774	
642	1.000100	-0.000030	-0.576294	0.000030	1.000100	0.201782	
643	1.002357	0.000032	-3.418030	-0.000032	1.002357	0.027863	
644	1.000040	0.000080	-0.464783	-0.000080	1.000040	0.250214	
645	1.000031	0.000341	-0.671326	-0.000341	1.000031	0.479370	
646	1.000143	0.000326	-0.718689	-0.000326	1.000143	0.347809	
647	1.002569	0.001970	-4.157471	-0.001970	1.002569	0.486633	
648	1.000145	0.000038	-0.580139	-0.000038	1.000145	0.070801	
649	1.000187	-0.000006	-0.555847	0.000006	1.000187	0.016998	
650	1.000217	-0.000055	-0.536743	0.000055	1.000217	-0.033905	
651	1.001503	0.000286	-2.109131	-0.000286	1.001503	-0.265442	
652	1.000189	0.000024	-0.416199	-0.000024	1.000189	-0.048431	
653	1.000061	-0.000005	-0.238098	0.000005	1.000061	0.011078	
654	1.000125	-0.000030	-0.232544	0.000030	1.000125	-0.027191	
655	1.002276	0.000103	-2.247009	-0.000103	1.002276	-0.388428	
656	1.000357	-0.000204	-0.111511	0.000204	1.000357	-0.139984	
657	1.000343	-0.000138	-0.103027	0.000138	1.000343	-0.066132	
658	1.000466	-0.000136	-0.190491	0.000136	1.000466	-0.104675	
659	0.999981	-0.000048	0.077332	0.000048	0.999981	0.008179	
660	1.001161	-0.000873	0.161621	0.000873	1.001161	-0.601776	
661	1.000880	-0.000722	0.274292	0.000722	1.000880	-0.288910	
662	1.001368	-0.000932	0.355896	0.000932	1.001368	-0.696014	
663	1.001829	-0.004202	2.432129	0.004202	1.001829	-1.565063	
664	1.000346	-0.000634	0.504028	0.000634	1.000346	-0.000244	
665	0.999777	0.000080	0.578186	-0.000080	0.999777	0.762421	
666	0.999944	-0.000005	0.128967	0.000005	0.999944	0.280640	
667	1.001083	-0.002293	1.343414	0.002293	1.001083	-0.874054	
668	1.000190	-0.000354	0.467163	0.000354	1.000190	0.062927	
669	1.001150	-0.001037	0.712402	0.001037	1.001150	-0.494690	
670	1.001090	-0.000882	0.552551	0.000882	1.001090	-0.441254	
671	1.003826	-0.003403	1.732422	0.003403	1.003826	-2.721924	
672	1.001169	-0.000740	0.450317	0.000740	1.001169	-0.375793	
673	1.001251	-0.000671	0.328003	0.000671	1.001251	-0.395935	
674	1.001191	-0.000569	0.255737	0.000569	1.001191	-0.430817	
675	1.004461	0.000224	-0.792114	-0.000224	1.004461	-0.003845	
676	1.001182	0.000213	0.048645	-0.000213	1.001182	0.286316	
677	0.999288	0.000402	0.824768	-0.000402	0.999288	1.202576	
678	1.001865	-0.002776	1.413788	0.002776	1.001865	-1.447571	
679	1.001511	-0.001334	2.346130	0.001334	1.001511	-1.139923	
680	1.000292	-0.000301	0.401672	0.000301	1.000292	-0.295410	
681	1.000878	-0.000579	0.318726	0.000579	1.000878	-0.513397	
682	1.000432	-0.000260	0.241577	0.000260	1.000432	-0.232361	
683	1.002054	-0.000054	-0.344849	0.000054	1.002054	-1.115601	
684	1.000470	0.000141	-0.383423	-0.000141	1.000470	-0.192627	
685	1.000295	0.000377	-0.586243	-0.000377	1.000295	0.061157	
686	1.001500	-0.000452	-1.410156	0.000452	1.001500	-1.561951	
687	1.000297	0.000331	-0.619690	-0.000331	1.000297	-0.336731	
688	0.998149	0.002837	-1.569489	-0.002837	0.998149	1.679321	
689	1.000592	-0.000276	-0.763123	0.000276	1.000592	-0.855591	
690	1.000017	0.000202	-0.462463	-0.000202	1.000017	-0.077026	
691	0.997084	0.001279	-0.572388	-0.001279	0.997084	1.948303	
692	1.000862	0.000011	-1.592529	-0.000011	1.000862	-0.704163	
693	0.999803	-0.000086	-1.085815	0.000086	0.999803	-0.290558	
694	0.999098	0.000440	-0.491455	-0.000440	0.999098	0.505615	
695	0.999098	0.000440	-0.491455	-0.000440	0.999098	0.505615	
696	0.998624	0.000579	-0.413208	-0.000579	0.998624	0.938232	
697	0.999044	0.000408	-0.515198	-0.000408	0.999044	0.555664	
698	0.997156	0.002003	-1.168335	-0.002003	0.997156	2.020844	
699	0.999967	0.000011	-0.008667	-0.000011	0.999967	0.027039	
700	0.997628	0.001259	-0.695618	-0.001259	0.997628	1.634613	
701	0.997600	0.000962	-0.374756	-0.000962	0.997600	1.649933	
702	1.000832	0.000185	-1.646729	-0.000185	1.000832	-0.355225	
703	1.001248	-0.000261	-4.780334	0.000261	1.001248	-0.849884	
704	0.997583	0.000734	-0.719421	-0.000734	0.997583	1.493805	
705	0.997413	0.000874	-0.664612	-0.000874	0.997413	1.659912	
706	0.999034	0.000371	-0.793854	-0.000371	0.999034	0.669342	
707	1.004069	0.001103	-5.793640	-0.001103	1.004069	-1.567261	
708	0.995799	0.000440	-0.022552	-0.000440	0.995799	2.401642	
709	1.000209	0.000301	-1.405243	-0.000301	1.000209	0.168884	
710	1.000245	0.000415	-1.092407	-0.000415	1.000245	0.160736	
711	1.000401	0.000516	-3.873352	-0.000516	1.000401	0.352295	
712	0.996513	0.001116	-0.496002	-0.001116	0.996513	2.296143	
713	1.000086	0.000403	-1.025635	-0.000403	1.000086	0.264465	
714	1.000083	0.000369	-0.989563	-0.000369	1.000083	0.238220	
715	0.991407	0.002721	-1.110779	-0.002721	0.991407	5.729980	
716	0.998698	0.000963	-0.804810	-0.000963	0.998698	1.331970	
717	1.000119	0.000419	-1.041992	-0.000419	1.000119	0.204529	
718	1.000340	0.000469	-1.268066	-0.000469	1.000340	0.114868	
719	1.000282	0.000223	-3.177338	-0.000223	1.000282	-0.023254	
720	1.000059	0.000182	-0.575256	-0.000182	1.000059	0.123108	
721	1.000126	0.000321	-0.920898	-0.000321	1.000126	0.167053	
722	1.000175	0.000358	-0.905182	-0.000358	1.000175	0.129333	
723	1.000314	0.000324	-2.904968	-0.000324	1.000314	0.071381	
724	1.000259	0.000288	-0.835388	-0.000288	1.000259	0.042236	
725	1.000793	0.000363	-1.340637	-0.000363	1.000793	-0.117584	
726	1.000887	0.000261	-1.277527	-0.000261	1.000887	-0.237122	
727	0.995701	0.000397	-0.110382	-0.000397	0.995701	2.761719	
728	1.000121	0.000262	-0.724060	-0.000262	1.000121	0.132019	
729	1.000605	0.000333	-1.154358	-0.000333	1.000605	-0.066010	
730	1.000163	0.000315	-0.708313	-0.000315	1.000163	0.123047	
731	1.001752	0.000755	-2.831360	-0.000755	1.001752	-0.328918	
732	0.999106	0.000301	-0.301514	-0.000301	0.999106	0.625885	
733	0.999507	0.000262	-0.390015	-0.000262	0.999507	0.464447	
734	0.999973	0.000228	-0.497772	-0.000228	0.999973	0.210999	
735	0.995850	0.001355	-0.355774	-0.001355	0.995850	2.706482	
736	0.998326	0.000224	0.136566	-0.000224	0.998326	1.010529	
737	0.998438	0.000100	0.235718	-0.000100	0.998438	0.876373	
738	0.998154	0.000226	0.311737	-0.000226	0.998154	1.041046	
739	0.995392	0.001439	-0.275726	-0.001439	0.995392	3.005371	
740	0.997902	0.000250	0.568542	-0.000250	0.997902	1.065002	
741	0.997000	0.000047	1.281708	-0.000047	0.997000	1.322388	
742	0.996659	0.000264	1.431702	-0.000264	0.996659	1.583923	
743	0.988815	0.000862	4.737274	-0.000862	0.988815	5.053741	
744	0.995798	0.000718	1.825806	-0.000718	0.995798	2.057831	
745	0.995506	0.000768	2.007751	-0.000768	0.995506	2.202393	
746	0.998399	0.001065	-0.473145	-0.001065	0.998399	1.016296	
747	0.993058	0.003034	-1.182648	-0.003034	0.993058	4.705566	
748	1.001556	-0.000212	0.033691	0.000212	1.001556	-1.068237	
749	0.994424	0.000050	3.143494	-0.000050	0.994424	2.087097	
750	0.999763	0.000284	-0.373474	-0.000284	0.999763	0.118713	
751	1.006768	-0.002245	0.729431	0.002245	1.006768	-4.521606	
752	0.993950	0.000233	3.847168	-0.000233	0.993950	2.381287	
753	0.997516	-0.003601	4.210754	0.003601	0.997516	-1.688934	
754	0.994471	0.000369	3.528259	-0.000369	0.994471	2.221893	
755	0.999980	0.000038	-0.028076	-0.000038	0.999980	0.023315	
756	0.998912	-0.001218	2.076965	0.001218	0.998912	-0.812744	
757	0.994102	0.000396	4.030701	-0.000396	0.994102	2.485992	
758	0.999947	-0.000185	0.163879	0.000185	0.999947	-0.000671	
759	0.999992	0.000026	-0.018005	-0.000026	0.999992	-0.005493	
760	0.993879	0.000393	4.351074	-0.000393	0.993879	2.600433	
761	0.993824	0.000245	4.385986	-0.000245	0.993824	2.486877	
762	0.997484	0.001087	2.199463	-0.001087	0.997484	2.870880	
763	0.981339	0.000969	13.322571	-0.000969	0.981339	7.672806	
764	0.993612	0.000443	4.645142	-0.000443	0.993612	2.814362	
765	0.993965	0.002739	4.380432	-0.002739	0.993965	4.114029	
766	0.993623	0.000158	4.731018	-0.000158	0.993623	2.584808	
767	0.988212	0.001804	8.808167	-0.001804	0.988212	5.957672	
768	0.992448	0.001173	6.010986	-0.001173	0.992448	5.320038	
769	0.993594	0.000309	4.801331	-0.000309	0.993594	2.588684	
770	0.993656	0.000470	4.754456	-0.000470	0.993656	2.746735	
771	0.986962	0.000189	9.695618	-0.000189	0.986962	4.702301	
772	0.995377	0.001654	4.284363	-0.001654	0.995377	5.063995	
773	0.994036	-0.000035	4.394592	0.000035	0.994036	2.092972	
774	0.993898	-0.000059	4.546021	0.000059	0.993898	2.093384	
775	0.987450	-0.000626	9.015137	0.000626	0.987450	3.699402	
776	0.987710	-0.000394	8.675476	0.000394	0.987710	3.600632	
777	0.994498	-0.000179	3.866211	0.000179	0.994498	1.748199	
778	0.994256	-0.000216	3.990662	0.000216	0.994256	1.668732	
779	0.988046	0.000041	7.904968	-0.000041	0.988046	3.595596	
780	0.986661	0.000941	8.372192	-0.000941	0.986661	4.011978	
781	0.994372	-0.000106	3.387268	0.000106	0.994372	1.557678	
782	0.994595	-0.000015	3.152893	0.000015	0.994595	1.559799	
783	0.988810	0.000186	6.236755	-0.000186	0.988810	3.252716	
784	0.989829	-0.000244	5.244873	0.000244	0.989829	2.813828	
785	0.995808	0.001347	1.849060	-0.001347	0.995808	2.270523	
786	0.994883	0.000189	2.333618	-0.000189	0.994883	1.582550	
787	0.989785	0.000024	4.287415	-0.000024	0.989785	2.874176	
788	0.991948	0.003675	2.268982	-0.003675	0.991948	5.063347	
789	0.995521	0.000469	1.411560	-0.000469	0.995521	1.630630	
790	0.997472	0.000555	0.021606	-0.000555	0.997472	1.520981	
791	0.993536	-0.001383	0.801758	0.001383	0.993536	1.834953	
792	0.994870	0.001291	-0.308380	-0.001291	0.994870	3.362671	
793	0.997804	0.001233	-0.339478	-0.001233	0.997804	1.635254	
794	0.997365	0.001118	-0.360291	-0.001118	0.997365	1.847656	
795	0.994220	0.007199	-1.121033	-0.007199	0.994220	6.976372	
796	0.993858	0.002144	-0.645935	-0.002144	0.993858	3.951721	
797	0.996801	0.000854	-0.362488	-0.000854	0.996801	1.913971	
798	0.996837	0.000910	-0.417908	-0.000910	0.996837	1.942047	
799	0.993778	0.002159	-0.804077	-0.002159	0.993778	3.942230	
800	0.991582	0.000118	0.869507	-0.000118	0.991582	3.037384	
801	0.996577	0.000761	-0.147461	-0.000761	0.996577	1.902588	
802	0.995811	-0.000028	0.537598	0.000028	0.995811	1.366211	
803	0.991645	-0.000287	1.046570	0.000287	0.991645	2.595688	
804	0.994501	0.001798	-0.541473	-0.001798	0.994501	3.508759	
805	0.997880	-0.001018	-0.272888	0.001018	0.997880	0.584457	
806	0.997163	0.000606	-0.130310	-0.000606	0.997163	1.581757	
807	0.996518	0.009479	-1.858887	-0.009479	0.996518	7.574448	
808	1.000886	0.003430	-3.504700	-0.003430	1.000886	3.467194	
809	0.997801	0.000360	0.005341	-0.000360	0.997801	1.233429	
810	0.997575	0.000540	0.178711	-0.000540	0.997575	1.279480	
811	0.996664	0.000745	-0.027283	-0.000745	0.996664	2.090179	
812	1.000005	0.001948	-1.424194	-0.001948	1.000005	2.314880	
813	0.999447	0.000335	-0.122559	-0.000335	0.999447	0.669495	
814	0.999573	0.000175	-0.037659	-0.000175	0.999573	0.443726	
815	0.998462	-0.000367	0.448517	0.000367	0.998462	0.861694	
816	0.999481	0.000026	0.260010	-0.000026	0.999481	0.554688	
817	0.999830	-0.000175	0.078918	0.000175	0.999830	-0.068054	
818	0.999746	-0.000182	0.318359	0.000182	0.999746	-0.065369	
819	0.999799	-0.000371	0.555847	0.000371	0.999799	-0.013580	
820	1.000637	-0.001065	0.662872	0.001065	1.000637	-0.559967	
821	0.999920	-0.000273	0.383606	0.000273	0.999920	-0.259033	
822	1.000335	-0.000191	0.363403	0.000191	1.000335	-0.384064	
823	1.001386	-0.000941	0.513397	0.000941	1.001386	-1.025421	
824	0.997371	-0.000585	2.745361	0.000585	0.997371	-0.479675	
825	1.000085	-0.000364	0.511536	0.000364	1.000085	-0.507385	
826	1.000092	-0.000375	0.409607	0.000375	1.000092	-0.535278	
827	1.001674	-0.000549	0.263153	0.000549	1.001674	-1.190674	
828	0.999548	-0.001444	1.513855	0.001444	0.999548	-1.545837	
829	1.000428	-0.000175	0.226166	0.000175	1.000428	-0.581757	
830	1.000246	-0.000287	0.253601	0.000287	1.000246	-0.570129	
831	0.999795	-0.001227	1.120605	0.001227	0.999795	-1.506378	
832	0.999779	-0.001024	0.999512	0.001024	0.999779	-1.309723	
833	1.000209	-0.000198	0.168152	0.000198	1.000209	-0.510651	
834	1.000169	-0.000160	0.165405	0.000160	1.000169	-0.409088	
835	1.000296	-0.000292	0.252441	0.000292	1.000296	-0.676636	
836	1.000238	-0.000140	0.089600	0.000140	1.000238	-0.515411	
837	1.000103	0.000005	-0.000671	-0.000005	1.000103	-0.199127	
838	1.000059	-0.000114	0.121399	0.000114	1.000059	-0.227905	
839	1.000036	-0.000045	0.082153	0.000045	1.000036	-0.100220	
840	0.999966	-0.000068	0.120911	0.000068	0.999966	-0.090698	
841	0.999939	-0.000023	0.114563	0.000023	0.999939	0.002686	
842	0.999849	0.000034	0.100220	-0.000034	0.999849	0.047241	
843	0.999808	-0.000036	0.150208	0.000036	0.999808	0.217529	
844	0.999696	-0.000081	0.314880	0.000081	0.999696	0.277344	
845	0.999772	0.000015	0.085510	-0.000015	0.999772	0.184723	
846	0.999737	-0.000059	0.093079	0.000059	0.999737	0.241058	
847	0.999695	-0.000029	0.201538	0.000029	0.999695	0.390503	
848	0.999644	-0.000093	0.313049	0.000093	0.999644	0.403595	
849	0.999802	0.000021	0.230774	-0.000021	0.999802	0.326630	
850	0.999740	0.000013	0.227478	-0.000013	0.999740	0.318573	
851	0.999624	-0.000054	0.225342	0.000054	0.999624	0.425323	
852	0.999690	-0.000073	0.243530	0.000073	0.999690	0.296906	
853	0.999746	-0.000090	0.187561	0.000090	0.999746	0.178528	
854	0.999817	-0.000091	0.087952	0.000091	0.999817	0.090729	
855	0.999756	-0.000035	0.221375	0.000035	0.999756	0.303040	
856	0.999834	-0.000037	0.138306	0.000037	0.999834	0.232727	
857	0.999144	-0.000391	0.168274	0.000391	0.999144	0.291046	
858	0.999915	-0.000021	-0.052917	0.000021	0.999915	0.132263	
859	0.999865	-0.000035	0.094360	0.000035	0.999865	0.099030	
860	0.999866	-0.000047	0.072571	0.000047	0.999866	0.062225	
861	0.999816	-0.000032	0.167114	0.000032	0.999816	0.058685	
862	0.999872	0.000058	0.112610	-0.000058	0.999872	0.061401	
863	0.999969	0.000056	0.137085	-0.000056	0.999969	0.066467	
864	1.000034	0.000009	0.053040	-0.000009	1.000034	0.027954	
865	0.999980	0.000018	0.041504	-0.000018	0.999980	0.046783	
866	0.999963	-0.000032	0.142456	0.000032	0.999963	0.004333	
867	0.999968	-0.000044	0.179932	0.000044	0.999968	-0.010803	
868	0.999989	-0.000033	0.073547	0.000033	0.999989	-0.039246	
869	0.999863	-0.000057	0.177490	0.000057	0.999863	-0.067200	
870	0.999875	-0.000043	0.155212	0.000043	0.999875	-0.021393	
871	0.999871	-0.000001	0.145264	0.000001	0.999871	0.009949	
872	0.999859	0.000012	0.048523	-0.000012	0.999859	0.058502	
873	0.999851	0.000002	0.039490	-0.000002	0.999851	0.052612	
874	0.999832	-0.000027	0.070862	0.000027	0.999832	0.070862	
875	0.999838	-0.000038	0.032959	0.000038	0.999838	0.118683	
876	0.999933	-0.000032	0.064941	0.000032	0.999933	0.045105	
877	0.999851	-0.000078	0.047913	0.000078	0.999851	0.093201	
878	0.999934	-0.000049	0.017029	0.000049	0.999934	0.049072	
879	0.999906	-0.000061	0.061768	0.000061	0.999906	0.084381	
880	0.999964	-0.000026	0.030640	0.000026	0.999964	-0.013641	
881	0.999894	-0.000024	0.052002	0.000024	0.999894	0.061157	
882	0.999918	-0.000039	0.029114	0.000039	0.999918	0.055542	
883	0.999955	-0.000062	0.088623	0.000062	0.999955	-0.009277	
884	0.999971	-0.000061	0.097412	0.000061	0.999971	-0.022736	
885	0.999933	-0.000073	0.105835	0.000073	0.999933	0.167114	
886	1.000016	-0.000077	0.108643	0.000077	1.000016	0.079437	
887	1.000003	-0.000153	0.164856	0.000153	1.000003	-0.049652	
888	0.999989	-0.000118	0.133667	0.000118	0.999989	-0.106049	
889	1.000046	-0.000040	0.103699	0.000040	1.000046	0.085785	
890	1.000029	-0.000061	0.186523	0.000061	1.000029	0.076111	
891	1.000230	-0.000184	0.108643	0.000184	1.000230	-0.214447	
892	1.000379	-0.000229	0.166382	0.000229	1.000379	-0.365692	
893	1.000008	-0.000170	0.256409	0.000170	1.000008	-0.136108	
894	1.000060	-0.000089	0.196228	0.000089	1.000060	-0.068115	
895	1.000245	-0.000199	0.203186	0.000199	1.000245	-0.315613	
896	1.000264	-0.000206	0.208923	0.000206	1.000264	-0.351074	
897	1.000106	-0.000109	0.145752	0.000109	1.000106	-0.260437	
898	1.000064	-0.000062	0.058838	0.000062	1.000064	-0.216705	
899	1.000273	-0.000160	0.087463	0.000160	1.000273	-0.407654	
900	0.999909	-0.000162	0.056824	0.000162	0.999909	-0.121399	
901	1.000303	-0.000203	0.038330	0.000203	1.000303	-0.537567	
902	1.000111	-0.000008	0.000305	0.000008	1.000111	-0.205048	
903	1.000269	-0.000012	-0.155334	0.000012	1.000269	-0.421112	
904	1.000069	-0.000005	-0.084473	0.000005	1.000069	-0.145782	
905	0.993763	-0.006711	4.142944	0.006711	0.993763	-3.519409	
906	1.000103	0.000088	-0.179871	-0.000088	1.000103	-0.158875	
907	1.000090	0.000221	-0.366699	-0.000221	1.000090	-0.155396	
908	0.999952	0.000145	-0.224792	-0.000145	0.999952	0.008759	
909	1.000078	0.000310	-0.509766	-0.000310	1.000078	0.002594	
910	0.999811	0.000136	-0.281311	-0.000136	0.999811	0.152374	
911	0.999804	0.000299	-0.499451	-0.000299	0.999804	0.211670	
912	0.999860	0.000297	-0.355774	-0.000297	0.999860	0.203705	
913	0.998850	0.000551	-0.348206	-0.000551	0.998850	0.554932	
914	0.999842	0.000274	-0.335144	-0.000274	0.999842	0.208099	
915	0.998681	0.000396	-0.144409	-0.000396	0.998681	0.590973	
916	0.999769	0.000303	-0.322876	-0.000303	0.999769	0.226654	
917	0.999648	0.000476	-0.552917	-0.000476	0.999648	0.327087	
918	0.999830	0.000238	-0.328613	-0.000238	0.999830	0.220734	
919	0.998932	0.000452	-0.193237	-0.000452	0.998932	0.604462	
920	0.999793	0.000328	-0.296692	-0.000328	0.999793	0.404297	
921	0.999647	0.000380	-0.383057	-0.000380	0.999647	0.412231	
922	0.999720	0.000238	-0.159302	-0.000238	0.999720	0.402893	
923	0.999728	0.000260	-0.285034	-0.000260	0.999728	0.333862	
924	0.999794	0.000149	-0.108826	-0.000149	0.999794	0.298157	
925	0.999745	0.000078	-0.066040	-0.000078	0.999745	0.257141	
926	0.999929	0.000057	-0.059937	-0.000057	0.999929	0.190338	
927	0.999850	0.000033	-0.039368	-0.000033	0.999850	0.145264	
928	0.999898	-0.000042	0.083191	0.000042	0.999898	0.135681	
929	0.999914	0.000009	-0.008423	-0.000009	0.999914	0.129181	
930	0.999977	0.000014	-0.039429	-0.000014	0.999977	0.156281	
931	0.999910	0.000021	-0.006592	-0.000021	0.999910	0.124298	
932	0.999901	0.000021	0.052246	-0.000021	0.999901	0.138580	
933	0.999944	-0.000021	-0.005493	0.000021	0.999944	0.067688	
934	0.999939	0.000009	0.013000	-0.000009	0.999939	0.113892	
935	0.999974	0.000001	-0.040527	-0.000001	0.999974	0.065369	
936	0.999958	-0.000058	0.005615	0.000058	0.999958	0.138306	
937	0.999988	-0.000007	-0.091797	0.000007	0.999988	0.003510	
938	1.000046	0.000023	-0.169189	-0.000023	1.000046	0.113342	
939	1.000013	0.000003	-0.061462	-0.000003	1.000013	-0.024536	
940	1.000000	-0.000033	-0.129150	0.000033	1.000000	0.101410	
941	1.000033	-0.000048	-0.083801	0.000048	1.000033	-0.073456	
942	1.000082	-0.000066	-0.146912	0.000066	1.000082	-0.052216	
943	0.999925	-0.000082	-0.040100	0.000082	0.999925	0.049622	
944	1.000069	-0.000066	-0.137024	0.000066	1.000069	-0.133240	
945	0.999973	0.000003	-0.072693	-0.000003	0.999973	-0.089081	
946	1.000018	-0.000004	-0.086792	0.000004	1.000018	-0.109802	
947	1.000080	0.000100	-0.223450	-0.000100	1.000080	-0.101685	
948	1.000011	-0.000043	-0.106934	0.000043	1.000011	-0.153900	
949	1.000119	0.000153	-0.253601	-0.000153	1.000119	-0.099518	
950	1.000075	0.000188	-0.177368	-0.000188	1.000075	-0.021454	
951	1.000195	0.000238	-0.383545	-0.000238	1.000195	-0.081757	
952	1.000065	0.000152	-0.131714	-0.000152	1.000065	-0.025391	
953	1.000197	0.000245	-0.429016	-0.000245	1.000197	0.005707	
954	1.000067	0.000094	-0.141479	-0.000094	1.000067	0.027557	
955	1.000328	0.000298	-0.550781	-0.000298	1.000328	-0.076324	
956	1.000121	0.000195	-0.283447	-0.000195	1.000121	0.011597	
957	1.000294	0.000325	-0.675110	-0.000325	1.000294	-0.027283	
958	0.998802	0.001727	0.209351	-0.001727	0.998802	0.876633	
959	1.000290	0.000388	-0.699280	-0.000388	1.000290	-0.029938	
960	1.000166	0.000184	-0.371521	-0.000184	1.000166	-0.049225	
961	1.000376	0.000429	-0.806213	-0.000429	1.000376	-0.143524	
962	1.000204	0.000181	-0.416138	-0.000181	1.000204	-0.071198	
963	1.001066	0.000052	-1.340271	-0.000052	1.001066	-0.669922	
964	1.000252	0.000219	-0.469910	-0.000219	1.000252	-0.102203	
965	1.001184	-0.000050	-1.385925	0.000050	1.001184	-0.907440	
966	1.000336	0.000223	-0.456909	-0.000223	1.000336	-0.278229	
967	1.000218	0.001387	-1.054230	-0.001387	1.000218	-0.094116	
968	1.000379	0.000252	-0.519775	-0.000252	1.000379	-0.269165	
969	1.000458	0.001888	-1.276215	-0.001888	1.000458	-0.125427	
970	1.000298	0.000974	-0.719116	-0.000974	1.000298	-0.128418	
971	1.000582	0.002094	-1.474884	-0.002094	1.000582	-0.152618	
972	1.000423	0.001083	-0.860352	-0.001083	1.000423	-0.202301	
973	1.000734	0.002573	-1.790070	-0.002573	1.000734	-0.206879	
974	1.000344	0.001209	-1.011658	-0.001209	1.000344	-0.153809	
975	1.000755	0.003211	-2.188416	-0.003211	1.000755	-0.165131	
976	0.999990	0.000079	-0.108948	-0.000079	0.999990	-0.027893	
977	1.003245	-0.000192	-3.755920	0.000192	1.003245	-2.546753	
978	1.001741	0.000057	-2.030151	-0.000057	1.001741	-1.179535	
979	1.003885	-0.000026	-4.611511	0.000026	1.003885	-2.758392	
980	1.002002	0.000125	-2.454407	-0.000125	1.002002	-1.259003	
981	1.005087	0.001768	-6.017212	-0.001768	1.005087	-2.063957	
982	1.002413	0.000282	-3.081421	-0.000282	1.002413	-1.302765	
983	1.005039	0.000504	-6.539734	-0.000504	1.005039	-2.846558	
984	1.002696	0.000498	-3.566162	-0.000498	1.002696	-1.239075	
985	1.007185	-0.008240	4.483353	0.008240	1.007185	-5.382996	
986	1.003062	0.000728	-4.108032	-0.000728	1.003062	-1.144272	
987	1.006266	0.001670	-8.618408	-0.001670	1.006266	-2.263992	
988	1.004554	0.001897	-5.236450	-0.001897	1.004554	-0.628265	
989	1.008186	0.000331	-10.207214	-0.000331	1.008186	-3.023819	
990	1.004863	-0.000050	-5.602783	0.000050	1.004863	-1.528702	
991	1.009338	-0.000018	-11.311951	0.000018	1.009338	-3.125961	
992	1.004617	-0.000684	-5.654846	0.000684	1.004617	-1.746811	
993	1.008322	-0.002128	-11.270142	0.002128	1.008322	-3.937805	
994	1.004602	-0.000564	-5.965698	0.000564	1.004602	-1.599365	
995	1.009861	-0.000815	-12.512146	0.000815	1.009861	-3.292908	
996	1.004960	-0.001067	-6.319153	0.001067	1.004960	-1.828339	
997	1.010567	-0.000265	-13.376526	0.000265	1.010567	-3.147705	
998	1.005168	-0.000883	-6.727173	0.000883	1.005168	-1.792175	
999	1.010124	-0.000206	-13.718750	0.000206	1.010124	-3.110931	
1000	1.005349	-0.000851	-7.046753	0.000851	1.005349	-1.846222	
1001	1.010700	-0.000576	-14.409119	0.000576	1.010700	-3.520981	
1002	1.005381	-0.000403	-7.310181	0.000403	1.005381	-1.738037	
1003	1.010614	-0.000678	-14.849792	0.000678	1.010614	-3.707703	
1004	1.005488	-0.000629	-7.551086	0.000629	1.005488	-1.942566	
1005	1.011228	-0.000513	-15.518311	0.000513	1.011228	-3.958725	
1006	1.005682	-0.000434	-7.880432	0.000434	1.005682	-2.028839	
1007	1.011579	-0.000416	-16.101013	0.000416	1.011579	-4.235168	
1008	1.005784	-0.000535	-8.071899	0.000535	1.005784	-2.251068	
1009	1.011840	-0.000064	-16.546082	0.000064	1.011840	-4.402252	
1010	1.006115	0.000174	-8.467346	-0.000174	1.006115	-2.155914	
1011	1.011933	0.000077	-16.717438	-0.000077	1.011933	-4.605682	
1012	1.006333	0.000054	-8.488159	-0.000054	1.006333	-2.487427	
1013	1.012119	0.000243	-16.921509	-0.000243	1.012119	-4.661835	
1014	1.005977	0.001816	-8.559265	-0.001816	1.005977	-1.867920	
1015	1.012179	0.000310	-17.075287	-0.000310	1.012179	-4.922287	
1016	1.006341	0.000324	-8.620911	-0.000324	1.006341	-2.365204	
1017	1.000001	0.000023	-0.023682	-0.000023	1.000001	0.038025	
1018	1.004887	-0.000386	-8.177216	0.000386	1.004887	-2.523727	
1019	1.012352	0.002978	-16.789673	-0.002978	1.012352	-5.007629	
1020	1.000239	0.010887	-6.943466	-0.010887	1.000239	1.004822	
1021	1.011744	-0.001002	-16.747986	0.001002	1.011744	-4.975342	
1022	1.007324	0.000074	-8.829224	-0.000074	1.007324	-2.552032	
1023	1.013645	0.000021	-17.260681	-0.000021	1.013645	-4.749725	
1024	1.005699	0.003489	-9.245850	-0.003489	1.005699	0.303406	
1025	1.000000	-0.000003	0.007202	0.000003	1.000000	0.001526	
1026	1.006016	0.001930	-8.528687	-0.001930	1.006016	-1.477936	
1027	0.989456	-0.000718	1.523819	0.000718	0.989456	6.588623	
1028	1.004802	0.004190	-8.646179	-0.004190	1.004802	1.747009	
1029	1.004802	0.004190	-8.646179	-0.004190	1.004802	1.747009	
1030	0.997100	0.001313	-0.532516	-0.001313	0.997100	1.962097	
1031	1.000005	-0.000023	0.011475	0.000023	1.000005	-0.001587	
1032	1.002335	0.001367	-3.711304	-0.001367	1.002335	0.111633	
1033	0.999993	0.000088	-0.061584	-0.000088	0.999993	0.010803	
1034	1.000065	-0.000093	0.052002	0.000093	1.000065	-0.062317	
1035	1.000065	-0.000093	0.052002	0.000093	1.000065	-0.062317	
1036	0.999198	-0.001948	1.297424	0.001948	0.999198	0.345215	
1037	0.997329	0.001305	2.311584	-0.001305	0.997329	3.514526	
1038	0.997329	0.001305	2.311584	-0.001305	0.997329	3.514526	
1039	1.000011	-0.000090	0.057068	0.000090	1.000011	-0.028931	
1040	1.004701	0.000937	-4.859314	-0.000937	1.004701	-0.366608	
1041	0.998124	-0.000938	0.740479	0.000938	0.998124	1.129486	
1042	0.998124	-0.000938	0.740479	0.000938	0.998124	1.129486	
1043	0.998124	-0.000938	0.740479	0.000938	0.998124	1.129486	
1044	1.000469	0.001194	-1.372131	-0.001194	1.000469	1.261780	
1045	1.001665	0.000343	-2.074524	-0.000343	1.001665	-0.450989	
1046	0.996423	0.005653	-3.228638	-0.005653	0.996423	2.861450	
1047	1.006951	-0.001387	0.170303	0.001387	1.006951	-4.548279	
1048	0.997447	-0.006765	7.697449	0.006765	0.997447	-6.222504	
1049	1.004114	0.000904	-5.535706	-0.000904	1.004114	-1.784180	
1050	1.004114	0.000904	-5.535706	-0.000904	1.004114	-1.784180	
1051	1.003832	-0.003318	1.664246	0.003318	1.003832	-2.804749	
1052	1.000194	-0.002837	1.694580	0.002837	1.000194	-0.483154	
1053	1.000051	-0.000130	0.067688	0.000130	1.000051	0.026031	
1054	1.000051	-0.000130	0.067688	0.000130	1.000051	0.026031	
1055	0.996430	0.003614	-1.830719	-0.003614	0.996430	3.984802	
1056	1.002352	-0.001749	-1.732330	0.001749	1.002352	-0.251495	
1057	0.998781	-0.002733	1.765045	0.002733	0.998781	0.380554	
1058	1.001112	-0.002031	-0.920166	0.002031	1.001112	2.295410	
1059	1.001786	-0.008037	4.949463	0.008037	1.001786	-2.000275	
1060	0.999765	0.004879	-1.357910	-0.004879	0.999765	5.372131	
1061	1.000095	0.000057	-0.122803	-0.000057	1.000095	-0.060059	
1062	0.998428	-0.002276	1.576508	0.002276	0.998428	0.675720	
1063	0.995012	0.008858	0.408813	-0.008858	0.995012	12.474365	
1064	0.999911	-0.000117	0.201111	0.000117	0.999911	0.075073	
1065	0.999314	-0.000891	0.698120	0.000891	0.999314	0.320770	
1066	0.999652	0.000054	0.102600	-0.000054	0.999652	0.280090	
1067	0.999856	0.000040	0.045166	-0.000040	0.999856	0.133606	
1068	0.999104	0.002524	-0.618958	-0.002524	0.999104	3.466400	
1069	0.998834	0.002447	-0.284546	-0.002447	0.998834	3.485107	
1070	0.999919	-0.000041	0.040710	0.000041	0.999919	0.099609	
1071	0.998663	-0.000714	0.666779	0.000714	0.998663	0.723877	
1072	0.999687	-0.000271	0.310669	0.000271	0.999687	0.251526	
1073	0.999420	-0.000838	0.638489	0.000838	0.999420	0.239349	
1074	0.998967	-0.000573	0.605011	0.000573	0.998967	0.501465	
1075	0.999912	-0.000026	0.109070	0.000026	0.999912	0.093567	
1076	0.998641	-0.002410	1.735352	0.002410	0.998641	0.604004	
1077	0.998723	-0.002316	1.704651	0.002316	0.998723	0.494324	
1078	0.999793	0.000103	0.101440	-0.000103	0.999793	0.325439	
1079	1.000246	-0.000182	-0.150696	0.000182	1.000246	-0.374451	
1080	0.999867	0.000127	-0.055267	-0.000127	0.999867	0.283997	
1081	0.998710	-0.002657	1.756500	0.002657	0.998710	0.512329	
1082	0.999817	0.000002	0.098450	-0.000002	0.999817	0.101562	
1083	0.999795	-0.000050	0.223328	0.000050	0.999795	0.094177	
1084	0.999555	-0.001511	1.122040	0.001511	0.999555	-0.015991	
1085	0.999811	-0.000237	0.399963	0.000237	0.999811	-0.006470	
1086	0.997901	-0.006329	4.241669	0.006329	0.997901	0.584290	
1087	0.999787	-0.000106	0.207397	0.000106	0.999787	-0.193726	
1088	0.999104	-0.004216	2.838318	0.004216	0.999104	0.006531	
1089	0.999754	-0.000226	0.421631	0.000226	0.999754	-0.206909	
1090	0.999076	-0.000937	1.601196	0.000937	0.999076	-0.650024	
1091	0.998620	-0.001025	2.197693	0.001025	0.998620	-0.326904	
1092	0.999536	-0.000147	0.521545	0.000147	0.999536	-0.017700	
1093	0.999543	-0.000325	0.741180	0.000325	0.999543	-0.010864	
1094	0.994814	-0.001021	3.452240	0.001021	0.994814	1.208313	
1095	1.000030	-0.000116	0.143616	0.000116	1.000030	-0.257080	
1096	0.997801	-0.000360	1.674286	0.000360	0.997801	0.435852	
1097	1.002023	-0.001767	1.039673	0.001767	1.002023	-1.730408	
1098	1.004857	-0.003467	1.819214	0.003467	1.004857	-3.512421	
1099	0.993426	0.009142	0.674835	-0.009142	0.993426	5.887451	
1100	0.998678	-0.000020	1.093170	0.000020	0.998678	0.186615	
1101	0.999479	-0.000188	0.770782	0.000188	0.999479	-0.123779	
1102	0.993788	0.000919	2.974091	-0.000919	0.993788	2.014465	
1103	0.999208	-0.001251	1.800903	0.001251	0.999208	-0.983917	
1104	0.999395	-0.001114	1.288757	0.001114	0.999395	-1.064392	
1105	0.999713	-0.000431	0.722809	0.000431	0.999713	-0.476044	
1106	0.999983	-0.000121	0.252136	0.000121	0.999983	-0.150696	
1107	0.999912	-0.004371	2.998657	0.004371	0.999912	-5.252075	
1108	0.999879	-0.000165	0.252625	0.000165	0.999879	-0.391479	
1109	0.999907	-0.000149	0.263184	0.000149	0.999907	-0.299011	
1110	1.000124	-0.000288	0.361389	0.000288	1.000124	-0.561646	
1111	0.999976	-0.001120	0.801208	0.001120	0.999976	-1.345886	
1112	1.000048	-0.000388	0.202881	0.000388	1.000048	-0.440552	
1113	1.000028	-0.000166	0.061096	0.000166	1.000028	-0.266907	
1114	1.000415	-0.004360	2.541504	0.004360	1.000415	-5.481750	
1115	1.000207	-0.000091	-0.030273	0.000091	1.000207	-0.370300	
1116	1.000134	-0.000340	0.089417	0.000340	1.000134	-0.468872	
1117	1.000057	-0.000466	0.241943	0.000466	1.000057	-0.558258	
1118	1.000177	-0.000200	0.141174	0.000200	1.000177	-0.453613	
1119	1.000787	0.000152	-0.096893	-0.000152	1.000787	-0.719910	
1120	1.000070	-0.000522	0.550476	0.000522	1.000070	-0.696503	
1121	1.000572	-0.000303	0.352325	0.000303	1.000572	-0.660767	
1122	0.998687	-0.000834	2.200745	0.000834	0.998687	-0.101532	
1123	0.998240	-0.001117	3.009399	0.001117	0.998240	-0.089111	
1124	0.999744	-0.000454	0.947693	0.000454	0.999744	-0.096832	
1125	0.998627	-0.000582	2.059692	0.000582	0.998627	0.109344	
1126	1.005237	-0.005075	2.747009	0.005075	1.005237	-3.935608	
1127	1.000061	-0.000042	0.083862	0.000042	1.000061	-0.083435	
1128	0.997275	-0.000548	3.730896	0.000548	0.997275	1.136749	
1129	1.000062	-0.000009	0.056152	0.000009	1.000062	-0.076050	
1130	1.000062	-0.000009	0.056152	0.000009	1.000062	-0.076050	
1131	1.012022	-0.000386	-0.950089	0.000386	1.012022	-7.643433	
1132	0.995478	-0.000420	5.702148	0.000420	0.995478	2.535706	
1133	0.995268	-0.000441	6.019592	0.000441	0.995268	2.628845	
1134	0.990267	-0.000823	12.836304	0.000823	0.990267	5.671265	
1135	0.988680	-0.001541	14.699646	0.001541	0.988680	5.981873	
1136	0.994372	-0.000445	7.224487	0.000445	0.994372	3.332611	
1137	0.994403	-0.000574	7.364563	0.000574	0.994403	3.230133	
1138	0.987489	-0.000860	15.809143	0.000860	0.987489	7.457764	
1139	0.988051	-0.000658	15.116943	0.000658	0.988051	7.255707	
1140	0.995238	-0.000475	7.106323	0.000475	0.995238	2.727325	
1141	0.994225	-0.004106	9.739868	0.004106	0.994225	-0.800385	
1142	0.988862	-0.006089	17.534790	0.006089	0.988862	0.331543	
1143	0.988518	-0.000843	14.577698	0.000843	0.988518	6.656860	
1144	0.996690	-0.000938	4.649963	0.000938	0.996690	1.183105	
1145	0.996634	0.002461	2.628845	-0.002461	0.996634	5.001099	
1146	0.989176	-0.000352	13.450439	0.000352	0.989176	6.005188	
1147	0.989988	-0.001271	12.873535	0.001271	0.989988	5.303986	
1148	0.994997	-0.000504	6.229980	0.000504	0.994997	2.627625	
1149	0.999948	0.000104	-0.093872	-0.000104	0.999948	0.024841	
1150	0.991597	-0.003831	11.341095	0.003831	0.991597	3.787048	
1151	0.991348	-0.002246	11.898315	0.002246	0.991348	3.205017	
1152	0.995730	-0.000778	5.404297	0.000778	0.995730	1.830170	
1153	0.995866	-0.000738	5.321838	0.000738	0.995866	1.752991	
1154	0.990155	-0.002200	10.986206	0.002200	0.990155	3.285248	
1155	0.990764	0.000188	10.484009	-0.000188	0.990764	3.768616	
1156	0.995071	-0.000267	5.264954	0.000267	0.995071	1.792267	
1157	0.995328	-0.000158	5.095703	0.000158	0.995328	1.673889	
1158	0.990416	-0.000285	10.479736	0.000285	0.990416	3.391388	
1159	0.991329	0.000186	10.026886	-0.000186	0.991329	3.320404	
1160	0.995509	-0.000161	5.025757	0.000161	0.995509	1.574677	
1161	0.995612	-0.000061	4.971375	0.000061	0.995612	1.548309	
1162	0.991307	-0.000028	9.943054	0.000028	0.991307	2.981812	
1163	0.993448	-0.001880	9.138000	0.001880	0.993448	2.212173	
1164	0.995897	-0.000018	4.749512	0.000018	0.995897	1.325348	
1165	0.995766	-0.000062	4.727356	0.000062	0.995766	1.357910	
1166	0.991602	-0.000405	9.281982	0.000405	0.991602	2.454010	
1167	0.992155	-0.000304	8.837830	0.000304	0.992155	2.249969	
1168	0.996857	-0.000763	4.175293	0.000763	0.996857	0.725372	
1169	0.996928	-0.000631	4.014954	0.000631	0.996928	0.758667	
1170	0.997026	-0.000657	3.955933	0.000657	0.997026	0.664581	
1171	0.990649	0.000017	11.146240	-0.000017	0.990649	2.800812	
1172	0.997058	0.000043	3.451111	-0.000043	0.997058	0.900238	
1173	0.997507	-0.000448	3.375183	0.000448	0.997507	0.543701	
1174	0.997266	0.000024	3.216553	-0.000024	0.997266	0.805389	
1175	0.991920	-0.000325	9.158875	0.000325	0.991920	2.144135	
1176	0.997593	-0.000288	2.798767	0.000288	0.997593	0.640808	
1177	0.997993	-0.000453	2.603882	0.000453	0.997993	0.486542	
1178	0.998085	-0.000436	2.436951	0.000436	0.998085	0.408936	
1179	0.993207	0.000088	7.486267	-0.000088	0.993207	2.085220	
1180	0.998035	-0.000300	2.235046	0.000300	0.998035	0.492065	
1181	0.998003	-0.000266	2.208984	0.000266	0.998003	0.481049	
1182	0.998152	-0.000239	2.128540	0.000239	0.998152	0.507355	
1183	0.993739	-0.000476	6.463562	0.000476	0.993739	1.754898	
1184	0.998436	-0.000136	1.820923	0.000136	0.998436	0.489441	
1185	0.998552	-0.000146	1.674927	0.000146	0.998552	0.425446	
1186	0.998557	-0.000118	1.632690	0.000118	0.998557	0.522949	
1187	0.995327	0.000091	5.140076	-0.000091	0.995327	1.636902	
1188	0.998428	0.000290	1.662659	-0.000290	0.998428	0.716980	
1189	0.998705	-0.000071	1.516602	0.000071	0.998705	0.410767	
1190	0.999887	-0.000124	0.465942	0.000124	0.999887	-0.124542	
1191	0.995533	-0.000414	4.646027	0.000414	0.995533	1.122849	
1192	0.999001	-0.000036	1.314209	0.000036	0.999001	0.366821	
1193	0.999324	-0.000274	1.088989	0.000274	0.999324	0.100189	
1194	0.999098	-0.000107	1.290588	0.000107	0.999098	0.242432	
1195	0.996731	-0.000580	4.026672	0.000580	0.996731	0.635071	
1196	0.999471	-0.000181	0.871521	0.000181	0.999471	0.059875	
1197	0.999449	-0.000209	0.809082	0.000209	0.999449	0.057068	
1198	0.998887	-0.000113	1.407104	0.000113	0.998887	0.268921	
1199	0.996001	-0.000034	4.441772	0.000034	0.996001	0.966721	
1200	0.999400	-0.000141	0.888245	0.000141	0.999400	0.132874	
1201	0.998886	-0.000192	1.433838	0.000192	0.998886	0.242065	
1202	0.992517	0.000181	8.306030	-0.000181	0.992517	2.045471	
