0	1.000000	0.000000	0.000000	0.000000	1.000000	0.000000	
1	1.000064	0.000031	0.577393	-0.000031	1.000064	-0.259064	
2	0.999991	-0.000063	-0.155518	0.000063	0.999991	0.005493	
3	0.999843	0.000043	-0.119751	-0.000043	0.999843	0.160904	
4	1.000246	0.000098	-0.044312	-0.000098	1.000246	-0.066711	
5	0.999916	-0.000043	0.729004	0.000043	0.999916	0.037842	
6	0.999936	0.000023	-0.158936	-0.000023	0.999936	-0.222366	
7	1.000128	-0.000057	-0.383301	0.000057	1.000128	-0.518082	
8	0.999921	0.000025	0.759644	-0.000025	0.999921	-0.621445	
9	1.000010	-0.000161	-0.216919	0.000161	1.000010	-0.531464	
10	0.999992	-0.000014	-0.017212	0.000014	0.999992	-0.394272	
11	0.999902	-0.000097	0.361694	0.000097	0.999902	-0.369537	
12	1.000049	-0.000101	0.133423	0.000101	1.000049	-0.381149	
13	0.999860	0.000008	-0.035156	-0.000008	0.999860	-0.220016	
14	0.998462	-0.000060	1.310303	0.000060	0.998462	0.545853	
15	0.998249	0.000076	1.715576	-0.000076	0.998249	1.040649	
16	0.995500	0.000015	4.263306	-0.000015	0.995500	2.150421	
17	0.996511	-0.000015	3.474243	0.000015	0.996511	1.406738	
18	0.993544	0.000147	6.386597	-0.000147	0.993544	3.054779	
19	0.995380	0.000053	4.895142	-0.000053	0.995380	2.098038	
20	0.994550	-0.000212	5.209961	0.000212	0.994550	2.819809	
21	0.996914	-0.000019	3.132446	0.000019	0.996914	1.901474	
22	0.996236	-0.000001	4.048950	0.000001	0.996236	1.575027	
23	0.996308	-0.000077	4.485474	0.000077	0.996308	1.632309	
24	0.992286	0.000000	10.249268	-0.000000	0.992286	3.675003	
25	0.992885	-0.000106	9.511108	0.000106	0.992885	3.182983	
26	0.986645	0.000013	17.008545	-0.000013	0.986645	5.560135	
27	0.990047	0.000058	13.392700	-0.000058	0.990047	2.659164	
28	0.985351	-0.000064	23.687134	0.000064	0.985351	1.300903	
29	0.990302	-0.000146	13.966675	0.000146	0.990302	-0.404541	
30	0.985487	-0.000023	21.098267	0.000023	0.985487	-0.037674	
31	0.990484	-0.000079	15.068726	0.000079	0.990484	0.574875	
32	0.985605	-0.000020	24.365112	0.000020	0.985605	2.626343	
33	0.990647	-0.000056	18.509888	0.000056	0.990647	3.386108	
34	0.985838	-0.000122	29.533569	0.000122	0.985838	7.049973	
35	0.990499	-0.000002	19.604858	0.000002	0.990499	5.041931	
36	0.985764	-0.000088	30.159546	0.000088	0.985764	7.487061	
37	0.990662	-0.000012	20.008911	0.000012	0.990662	4.920349	
38	0.986003	-0.000071	31.259521	0.000071	0.986003	7.390579	
39	0.990904	-0.000132	21.072998	0.000132	0.990904	4.809570	
40	0.986012	-0.000080	30.009644	0.000080	0.986012	7.434555	
41	0.990945	-0.000032	20.855591	0.000032	0.990945	4.814178	
42	0.986322	-0.000076	32.865112	0.000076	0.986322	7.042114	
43	0.990729	-0.000193	21.118652	0.000193	0.990729	4.644089	
44	0.986708	-0.000253	28.433960	0.000253	0.986708	6.754120	
45	0.992375	-0.000045	17.980957	0.000045	0.992375	3.862747	
46	0.991460	-0.000187	26.827026	0.000187	0.991460	4.233627	
47	0.996245	-0.000087	15.209717	0.000087	0.996245	1.755005	
48	0.996421	-0.000147	20.156006	0.000147	0.996421	1.731094	
49	0.999370	-0.000074	13.964233	0.000074	0.999370	0.165161	
50	1.000100	-0.000234	19.864868	0.000234	1.000100	-0.284592	
51	0.999863	-0.000017	14.186035	0.000017	0.999863	-0.120560	
52	1.000116	-0.000179	22.884155	0.000179	1.000116	-0.570419	
53	0.999979	-0.000108	14.230469	0.000108	0.999979	-0.223434	
54	0.999915	-0.000177	17.972046	0.000177	0.999915	-0.303268	
55	1.000142	-0.000100	11.255615	0.000100	1.000142	-0.349182	
56	0.999982	-0.000163	13.928101	0.000163	0.999982	0.057114	
57	1.000144	-0.000089	7.379578	0.000089	1.000144	-0.054260	
58	0.999965	-0.000124	9.864990	0.000124	0.999965	0.116287	
59	0.999906	-0.000041	5.748291	0.000041	0.999906	0.219116	
60	1.000071	-0.000031	6.720581	0.000031	1.000071	0.235779	
61	0.999886	-0.000008	3.591187	0.000008	0.999886	0.294174	
62	0.999968	-0.000056	5.802124	0.000056	0.999968	0.006805	
63	1.000066	-0.000114	3.199646	0.000114	1.000066	0.253174	
64	0.999896	-0.000130	2.681030	0.000130	0.999896	0.325287	
65	1.000036	-0.000070	0.336670	0.000070	1.000036	-0.016403	
66	0.999981	-0.000050	2.073303	0.000050	0.999981	-0.051620	
67	0.999935	-0.000062	0.140564	0.000062	0.999935	-0.099106	
68	1.000003	-0.000008	-0.227478	0.000008	1.000003	0.016769	
69	1.000000	-0.000055	-0.110718	0.000055	1.000000	-0.003418	
70	0.999956	-0.000008	-0.311829	0.000008	0.999956	-0.090286	
71	1.000056	0.000023	-0.041504	-0.000023	1.000056	0.025269	
72	0.999910	0.000051	-0.279236	-0.000051	0.999910	0.122116	
73	1.000031	0.000040	-0.343018	-0.000040	1.000031	0.255295	
74	0.999999	0.000019	0.069946	-0.000019	0.999999	0.057526	
75	0.999989	0.000013	-0.113831	-0.000013	0.999989	0.040329	
76	0.999944	-0.000027	-0.435425	0.000027	0.999944	0.194199	
77	0.999975	-0.000043	-0.149719	0.000043	0.999975	0.104736	
78	1.000004	0.000021	-0.043762	-0.000021	1.000004	0.088348	
79	1.000005	0.000020	-0.047913	-0.000020	1.000005	0.217575	
80	0.999955	0.000037	0.068481	-0.000037	0.999955	0.077667	
81	0.999974	0.000012	0.045288	-0.000012	0.999974	0.089706	
82	0.999946	-0.000025	0.161682	0.000025	0.999946	0.148987	
83	0.999968	0.000009	-0.026306	-0.000009	0.999968	0.041260	
84	1.000019	0.000037	0.012939	-0.000037	1.000019	0.129745	
85	0.999970	0.000017	0.020508	-0.000017	0.999970	0.148575	
86	0.999959	0.000037	0.026550	-0.000037	0.999959	0.103439	
87	1.000058	0.000024	-0.024292	-0.000024	1.000058	0.087143	
88	0.999920	0.000059	0.312439	-0.000059	0.999920	0.164993	
89	0.999990	-0.000025	0.064575	0.000025	0.999990	-0.052567	
90	1.000026	-0.000014	-0.010071	0.000014	1.000026	-0.004501	
91	0.999967	-0.000005	0.026001	0.000005	0.999967	-0.006195	
92	0.999978	-0.000016	0.001465	0.000016	0.999978	0.005829	
93	0.999962	-0.000050	-0.011597	0.000050	0.999962	0.014496	
94	0.999969	0.000024	0.009094	-0.000024	0.999969	0.049667	
95	1.000145	0.000019	0.030762	-0.000019	1.000145	-0.017075	
96	0.999836	0.000015	0.280273	-0.000015	0.999836	0.001984	
97	0.999990	0.000003	0.028503	-0.000003	0.999990	-0.058563	
98	1.000032	-0.000015	-0.011475	0.000015	1.000032	-0.042496	
99	0.999947	0.000042	-0.071533	-0.000042	0.999947	-0.039429	
100	1.000073	0.000011	-0.038025	-0.000011	1.000073	-0.008926	
101	1.000021	-0.000033	0.028015	0.000033	1.000021	-0.036057	
102	0.999995	-0.000021	-0.009644	0.000021	0.999995	-0.044464	
103	1.000077	-0.000022	-0.110596	0.000022	1.000077	-0.057739	
104	0.999999	-0.000005	-0.083923	0.000005	0.999999	-0.037354	
105	0.999992	-0.000003	-0.034973	0.000003	0.999992	-0.112396	
106	1.000009	-0.000009	0.045105	0.000009	1.000009	-0.026917	
107	0.999966	-0.000035	0.032043	0.000035	0.999966	-0.073608	
108	0.999956	-0.000056	0.062256	0.000056	0.999956	-0.070282	
109	0.999984	-0.000029	-0.116272	0.000029	0.999984	-0.010269	
110	0.999820	-0.000029	-0.463745	0.000029	0.999820	-0.030075	
111	1.000195	0.000031	-0.413574	-0.000031	1.000195	0.011444	
112	0.999886	-0.000141	-0.506409	0.000141	0.999886	0.164185	
113	1.000039	-0.000021	-4.971741	0.000021	1.000039	-0.476440	
114	1.000101	-0.000041	-9.688843	0.000041	1.000101	-0.714615	
115	0.999257	0.000130	-6.923950	-0.000130	0.999257	0.001770	
116	0.998054	0.000064	-7.923523	-0.000064	0.998054	0.911850	
117	0.997685	0.000060	-5.789368	-0.000060	0.997685	1.092224	
118	0.995794	0.000132	-6.059509	-0.000132	0.995794	2.159409	
119	0.996719	0.000048	-1.784851	-0.000048	0.996719	1.710251	
120	0.993631	0.000100	2.785767	-0.000100	0.993631	3.563919	
121	0.995169	0.000097	3.963196	-0.000097	0.995169	2.553284	
122	0.992961	0.000054	5.345825	-0.000054	0.992961	3.542542	
123	0.995853	0.000060	0.821045	-0.000060	0.995853	2.112335	
124	0.994933	-0.000076	2.958496	0.000076	0.994933	2.837555	
125	0.997192	-0.000142	-0.156494	0.000142	0.997192	1.639420	
126	0.996956	0.000042	-5.593506	-0.000042	0.996956	1.343460	
127	0.998183	0.000149	-2.069641	-0.000149	0.998183	0.956863	
128	0.995998	0.000115	2.606995	-0.000115	0.995998	1.743805	
129	0.996744	0.000034	3.238403	-0.000034	0.996744	1.361740	
130	0.995304	0.000014	4.154968	-0.000014	0.995304	1.638367	
131	0.997365	0.000008	1.940796	-0.000008	0.997365	0.219955	
132	0.997591	-0.000072	2.208496	0.000072	0.997591	-2.212845	
133	0.998983	-0.000066	0.957458	0.000066	0.998983	-2.563461	
134	0.999354	-0.000064	0.418274	0.000064	0.999354	-3.668991	
135	1.000125	0.000001	-0.564026	-0.000001	1.000125	-3.034439	
136	0.999947	-0.000038	-1.123901	0.000038	0.999947	-4.267899	
137	1.000138	-0.000009	0.002686	0.000009	1.000138	-1.259888	
138	0.999954	0.000092	0.094482	-0.000092	0.999954	-0.274216	
139	0.999861	0.000024	0.219727	-0.000024	0.999861	0.030197	
140	0.999944	0.000098	0.173218	-0.000098	0.999944	0.388947	
141	0.999870	0.000037	0.306885	-0.000037	0.999870	0.350525	
142	0.999994	0.000028	0.009888	-0.000028	0.999994	0.488037	
143	1.000014	0.000022	-0.044067	-0.000022	1.000014	0.126831	
144	0.999988	0.000054	-0.010864	-0.000054	0.999988	0.067856	
145	1.000029	0.000083	-0.055542	-0.000083	1.000029	0.164627	
146	0.999939	0.000035	0.097290	-0.000035	0.999939	0.344345	
147	0.999987	0.000010	-0.000854	-0.000010	0.999987	0.050476	
148	0.999993	0.000010	0.003418	-0.000010	0.999993	0.072937	
149	0.999960	0.000015	0.047363	-0.000015	0.999960	0.017532	
150	0.999954	0.000047	0.094971	-0.000047	0.999954	0.082642	
151	1.000054	0.000051	-0.051636	-0.000051	1.000054	0.155014	
152	0.999980	-0.000038	0.011475	0.000038	0.999980	0.024216	
153	1.000010	-0.000022	-0.072144	0.000022	1.000010	0.013336	
154	1.000062	0.000007	-0.165039	-0.000007	1.000062	0.013641	
155	1.000008	-0.000005	-0.062866	0.000005	1.000008	-0.007751	
156	0.999989	-0.000033	0.057861	0.000033	0.999989	-0.268219	
157	0.999943	-0.000069	0.279480	0.000069	0.999943	-0.224442	
158	0.999980	0.000003	1.100464	-0.000003	0.999980	-0.367493	
159	1.000172	0.000076	4.903992	-0.000076	1.000172	-0.399323	
160	0.999876	-0.000158	8.527954	0.000158	0.999876	-0.277313	
161	1.000122	-0.000126	4.106689	0.000126	1.000122	-0.163483	
162	0.999886	-0.000065	6.165833	0.000065	0.999886	-0.038391	
163	0.999588	-0.000059	2.704346	0.000059	0.999588	-0.027527	
164	0.998195	-0.000075	4.435486	0.000075	0.998195	0.573654	
165	0.998182	0.000082	6.096436	-0.000082	0.998182	0.912384	
166	0.996156	-0.000024	13.808411	0.000024	0.996156	1.216736	
167	0.997292	0.000097	11.375610	-0.000097	0.997292	-0.477737	
168	0.995713	-0.000149	24.078735	0.000149	0.995713	-4.396332	
169	0.997903	-0.000318	16.570679	0.000318	0.997903	-6.007263	
170	0.997984	-0.000289	22.774414	0.000289	0.997984	-11.327423	
171	0.999063	-0.000269	14.218872	0.000269	0.999063	-6.907578	
172	0.999937	-0.000271	19.914795	0.000271	0.999937	-8.801056	
173	0.999998	-0.000105	12.531494	0.000105	0.999998	-4.578476	
174	1.000079	-0.000195	19.170166	0.000195	1.000079	-5.114639	
175	1.000308	-0.000070	12.295776	0.000070	1.000308	-2.237640	
176	0.999830	-0.000129	18.621338	0.000129	0.999830	-2.666901	
177	1.000281	-0.000174	12.569336	0.000174	1.000281	-1.734573	
178	1.000208	-0.000142	14.242065	0.000142	1.000208	-0.826065	
179	0.999873	-0.000097	4.518127	0.000097	0.999873	0.494385	
180	1.000142	-0.000186	2.510742	0.000186	1.000142	-0.128845	
181	0.999942	-0.000147	0.436646	0.000147	0.999942	0.099625	
182	0.999967	0.000005	-0.457153	-0.000005	0.999967	0.143433	
183	1.000146	-0.000014	-0.518555	0.000014	1.000146	0.254120	
184	0.999723	0.000005	-0.128296	-0.000005	0.999723	0.756836	
185	0.999961	-0.000040	-0.303833	0.000040	0.999961	0.268692	
186	0.999949	0.000068	-0.092896	-0.000068	0.999949	0.448029	
187	0.999942	0.000049	0.046692	-0.000049	0.999942	0.337357	
188	1.000039	0.000011	-0.572266	-0.000011	1.000039	0.385208	
189	0.999990	-0.000029	-0.619690	0.000029	0.999990	0.503342	
190	0.999941	-0.000026	-2.089783	0.000026	0.999941	0.461899	
191	1.000119	-0.000040	-1.781311	0.000040	1.000119	0.211258	
192	0.999954	-0.000086	-2.602478	0.000086	0.999954	0.408493	
193	1.000090	0.000054	-1.214661	-0.000054	1.000090	0.087234	
194	1.000043	-0.000019	-1.140869	0.000019	1.000043	0.338455	
195	0.999959	0.000043	-0.521179	-0.000043	0.999959	0.561218	
196	1.000504	0.000068	-1.271179	-0.000068	1.000504	0.200562	
197	1.001409	0.000038	-1.665100	-0.000038	1.001409	-0.433563	
198	1.003492	0.000099	-3.984253	-0.000099	1.003492	-0.466553	
199	1.002733	0.000023	-3.198486	-0.000023	1.002733	-0.153107	
200	1.005273	0.000077	-5.793762	-0.000077	1.005273	0.853409	
201	1.004127	-0.000000	-4.105347	0.000000	1.004127	1.094070	
202	1.006712	-0.000032	-6.988342	0.000032	1.006712	2.418579	
203	1.004217	-0.000007	-4.826172	0.000007	1.004217	1.774582	
204	1.006505	0.000014	-8.286133	-0.000014	1.006505	2.000549	
205	1.004185	0.000055	-6.071289	-0.000055	1.004185	-0.207504	
206	1.006908	0.000025	-8.449707	-0.000025	1.006908	-1.001526	
207	1.004295	0.000034	-4.715393	-0.000034	1.004295	-0.570786	
208	1.006721	0.000079	-7.731445	-0.000079	1.006721	-1.238739	
209	1.004242	-0.000021	-4.276611	0.000021	1.004242	-0.685455	
210	1.006904	0.000017	-6.649597	-0.000017	1.006904	-1.488190	
211	1.004334	-0.000059	-4.771606	0.000059	1.004334	-1.073868	
212	1.006714	0.000000	-8.872070	-0.000000	1.006714	-1.114120	
213	1.004381	-0.000006	-6.585571	0.000006	1.004381	-0.630692	
214	1.007024	0.000036	-10.499695	-0.000036	1.007024	-1.097183	
215	1.004391	-0.000012	-6.162231	0.000012	1.004391	-0.663986	
216	1.006752	0.000096	-9.489624	-0.000096	1.006752	-1.765244	
217	1.004479	0.000049	-5.510803	-0.000049	1.004479	-1.015198	
218	1.006913	0.000012	-10.922302	-0.000012	1.006913	-1.480011	
219	1.004425	0.000067	-6.056641	-0.000067	1.004425	-1.295364	
220	1.006768	0.000024	-7.000366	-0.000024	1.006768	-2.139099	
221	1.004509	-0.000001	-4.659729	0.000001	1.004509	-1.568756	
222	1.006938	-0.000053	-6.955444	0.000053	1.006938	-3.150238	
223	1.004498	-0.000047	-4.408142	0.000047	1.004498	-1.841431	
224	1.006806	-0.000014	-7.571045	0.000014	1.006806	-3.098358	
225	1.004639	0.000010	-5.781067	-0.000010	1.004639	-2.129974	
226	1.007048	-0.000024	-7.796021	0.000024	1.007048	-3.047958	
227	1.004598	-0.000010	-5.622498	0.000010	1.004598	-2.035767	
228	1.006891	0.000077	-9.328674	-0.000077	1.006891	-3.011490	
229	1.004644	0.000019	-5.637268	-0.000019	1.004644	-1.871506	
230	1.007060	0.000061	-7.646240	-0.000061	1.007060	-2.960510	
231	1.004625	-0.000038	-4.638489	0.000038	1.004625	-2.048203	
232	1.006939	0.000044	-6.638550	-0.000044	1.006939	-2.884705	
233	1.004610	0.000002	-4.538696	-0.000002	1.004610	-1.733673	
234	1.007221	-0.000058	-6.870972	0.000058	1.007221	-3.101440	
235	1.004582	0.000011	-4.504028	-0.000011	1.004582	-1.623291	
236	1.007022	-0.000062	-6.725098	0.000062	1.007022	-2.603241	
237	1.004562	0.000055	-4.537109	-0.000055	1.004562	-1.620010	
238	1.007342	-0.000020	-6.997375	0.000020	1.007342	-2.804230	
239	1.004573	-0.000029	-4.436829	0.000029	1.004573	-1.719177	
240	1.007217	0.000027	-6.837524	-0.000027	1.007217	-3.012711	
241	1.004540	-0.000005	-4.287109	0.000005	1.004540	-1.745621	
242	1.007474	-0.000010	-7.582458	0.000010	1.007474	-2.889297	
243	1.004634	-0.000010	-5.014771	0.000010	1.004634	-1.718536	
244	1.007336	0.000012	-9.002075	-0.000012	1.007336	-2.354630	
245	1.004743	0.000014	-6.315247	-0.000014	1.004743	-1.372452	
246	1.007443	0.000015	-9.878296	-0.000015	1.007443	-1.624954	
247	1.004753	0.000008	-5.758545	-0.000008	1.004753	-0.757828	
248	1.007187	0.000035	-9.925476	-0.000035	1.007187	-1.015076	
249	1.004802	0.000032	-6.587280	-0.000032	1.004802	-0.148102	
250	1.007277	0.000017	-10.083740	-0.000017	1.007277	0.043716	
251	1.004220	0.000040	-5.683105	-0.000040	1.004220	0.519577	
252	1.004884	0.000034	-6.355103	-0.000034	1.004884	0.710281	
253	1.002770	0.000013	-2.980713	-0.000013	1.002770	0.037384	
254	1.002951	-0.000038	-2.947632	0.000038	1.002951	0.687042	
255	1.001261	-0.000016	-1.325928	0.000016	1.001261	-0.013931	
256	1.000640	-0.000015	-0.870117	0.000015	1.000640	0.700241	
257	1.000172	-0.000037	-0.505371	0.000037	1.000172	0.261917	
258	1.000019	0.000037	-0.476196	-0.000037	1.000019	0.544540	
259	0.999839	-0.000023	0.157898	0.000023	0.999839	0.476562	
260	1.000052	0.000022	0.031982	-0.000022	1.000052	0.124542	
261	1.000093	0.000011	0.261963	-0.000011	1.000093	-0.019638	
262	0.999944	-0.000017	0.138489	0.000017	0.999944	0.007706	
263	1.000042	-0.000030	0.125183	0.000030	1.000042	-0.074387	
264	0.999948	-0.000055	0.108704	0.000055	0.999948	-0.151093	
265	0.999978	-0.000003	0.046570	0.000003	0.999978	0.031158	
266	0.999990	-0.000018	-0.000793	0.000018	0.999990	0.017151	
267	0.999963	0.000032	-0.002075	-0.000032	0.999963	0.068268	
268	0.999940	0.000110	-0.323669	-0.000110	0.999940	0.165695	
269	0.999988	-0.000029	0.053467	0.000029	0.999988	0.027374	
270	1.000022	0.000004	-0.103271	-0.000004	1.000022	-0.005341	
271	0.999995	-0.000027	0.021362	0.000027	0.999995	0.012451	
272	0.999971	0.000009	0.078064	-0.000009	0.999971	-0.013016	
273	1.000019	-0.000002	-0.101685	0.000002	1.000019	-0.001297	
274	1.000038	0.000026	-0.124817	-0.000026	1.000038	-0.015442	
275	0.999992	-0.000022	0.003418	0.000022	0.999992	-0.010803	
276	1.000011	-0.000007	-0.013550	0.000007	1.000011	-0.050629	
277	0.999994	0.000001	0.013367	-0.000001	0.999994	-0.018951	
278	0.999978	-0.000011	0.028992	0.000011	0.999978	-0.013397	
279	1.000040	0.000021	0.005005	-0.000021	1.000040	-0.020615	
280	0.999947	-0.000005	0.168518	0.000005	0.999947	-0.039001	
281	0.999979	0.000013	0.020630	-0.000013	0.999979	-0.024231	
282	1.000015	0.000005	0.042786	-0.000005	1.000015	0.001129	
283	0.999980	0.000011	0.019409	-0.000011	0.999980	-0.015030	
284	1.000018	-0.000005	-0.007202	0.000005	1.000018	-0.052002	
285	1.000008	0.000005	0.001160	-0.000005	1.000008	-0.007034	
286	1.000004	-0.000008	-0.004150	0.000008	1.000004	-0.123184	
287	0.999986	0.000002	0.076904	-0.000002	0.999986	0.025681	
288	1.000004	-0.000013	-0.030701	0.000013	1.000004	-0.003632	
289	1.000002	0.000017	-0.024597	-0.000017	1.000002	0.070663	
290	1.000017	-0.000011	-0.052856	0.000011	1.000017	0.181183	
291	0.999977	0.000012	-0.027527	-0.000012	0.999977	0.043228	
292	0.999997	0.000001	0.002869	-0.000001	0.999997	0.068497	
293	0.999992	-0.000001	0.002441	0.000001	0.999992	0.058685	
294	0.999938	0.000036	-0.213806	-0.000036	0.999938	0.118027	
295	1.000038	-0.000010	-0.071899	0.000010	1.000038	-0.031403	
296	0.999994	0.000017	-0.050903	-0.000017	0.999994	0.035889	
297	0.999996	0.000019	-0.104065	-0.000019	0.999996	0.008850	
298	0.999982	0.000007	0.100403	-0.000007	0.999982	0.012878	
299	0.999994	0.000004	0.010132	-0.000004	0.999994	0.003769	
300	1.000015	0.000015	0.095764	-0.000015	1.000015	-0.021057	
301	1.000005	-0.000015	-0.005676	0.000015	1.000005	0.006882	
302	0.999965	-0.000006	0.095337	0.000006	0.999965	0.048676	
303	1.000037	0.000014	0.281860	-0.000014	1.000037	0.144638	
304	0.999970	-0.000030	0.079773	0.000030	0.999970	0.054932	
305	1.000003	-0.000014	-0.076233	0.000014	1.000003	0.040451	
306	0.999977	-0.000029	0.025635	0.000029	0.999977	0.057953	
307	0.999991	-0.000036	-0.007080	0.000036	0.999991	-0.040695	
308	0.999988	-0.000008	0.017212	0.000008	0.999988	0.011444	
309	1.000005	0.000034	0.002563	-0.000034	1.000005	0.081360	
310	0.999979	0.000005	0.001953	-0.000005	0.999979	0.041992	
311	1.000016	-0.000006	-0.019897	0.000006	1.000016	-0.007019	
312	0.999949	-0.000018	-0.021423	0.000018	0.999949	0.076599	
313	0.999994	-0.000005	-0.047485	0.000005	0.999994	0.003891	
314	1.000002	-0.000002	0.005615	0.000002	1.000002	0.024506	
315	0.999970	-0.000014	-0.010254	0.000014	0.999970	-0.044739	
316	0.999961	0.000028	-0.074707	-0.000028	0.999961	0.023270	
317	0.999982	0.000113	-0.191772	-0.000113	0.999982	-0.021088	
318	1.000038	-0.000004	-0.113770	0.000004	1.000038	-0.074173	
319	1.000026	-0.000050	-0.005737	0.000050	1.000026	0.131104	
320	0.999996	0.000040	-0.241211	-0.000040	0.999996	-0.082687	
321	1.000011	0.000019	-0.017334	-0.000019	1.000011	-0.002548	
322	1.000099	0.000069	-0.574829	-0.000069	1.000099	-0.091019	
323	0.999904	0.000070	-0.742981	-0.000070	0.999904	-0.086426	
324	1.000052	-0.000117	-5.504395	0.000117	1.000052	-0.082764	
325	0.999992	0.000026	-6.012695	-0.000026	0.999992	-0.132523	
326	0.999982	-0.000011	-9.198608	0.000011	0.999982	-0.260666	
327	0.999468	0.000062	-6.572388	-0.000062	0.999468	0.126068	
328	0.996988	0.000116	-9.022705	-0.000116	0.996988	1.376144	
329	0.997452	-0.000002	-6.397949	0.000002	0.997452	1.360855	
330	0.995138	0.000191	-10.229553	-0.000191	0.995138	2.614136	
331	0.995650	0.000113	-4.934692	-0.000113	0.995650	2.400833	
332	0.993095	0.000092	-7.260742	-0.000092	0.993095	3.884308	
333	0.995055	0.000103	-4.375305	-0.000103	0.995055	2.469818	
334	0.993230	0.000018	-7.829651	-0.000018	0.993230	3.507645	
335	0.996118	0.000074	-6.306458	-0.000074	0.996118	2.211914	
336	0.995276	0.000099	-11.156921	-0.000099	0.995276	2.542023	
337	0.997713	0.000012	-8.215698	-0.000012	0.997713	1.147339	
338	0.997651	0.000188	-11.868225	-0.000188	0.997651	1.295822	
339	0.998978	-0.000115	-9.118774	0.000115	0.998978	0.623520	
340	0.999707	0.000101	-15.303284	-0.000101	0.999707	-0.111603	
341	1.000014	0.000174	-7.658569	-0.000174	1.000014	0.049393	
342	0.999941	0.000054	-1.558716	-0.000054	0.999941	-0.287628	
343	1.000192	-0.000119	0.489746	0.000119	1.000192	-0.287201	
344	0.999901	-0.000061	0.351318	0.000061	0.999901	0.122757	
345	1.000045	0.000015	0.063477	-0.000015	1.000045	0.019623	
346	1.000068	0.000027	0.330811	-0.000027	1.000068	-0.034180	
347	0.999885	0.000148	2.525635	-0.000148	0.999885	-0.162781	
348	1.000136	-0.000142	9.390015	0.000142	1.000136	-0.893677	
349	0.999907	-0.000000	7.543579	0.000000	0.999907	-0.104675	
350	1.000076	-0.000042	15.614990	0.000042	1.000076	-0.875748	
351	1.000068	-0.000061	12.620850	0.000061	1.000068	-0.873825	
352	1.000184	-0.000178	19.792236	0.000178	1.000184	-0.725052	
353	1.001280	-0.000049	11.239502	0.000049	1.001280	-1.126328	
354	1.003183	-0.000207	13.817261	0.000207	1.003183	-2.194824	
355	1.002993	-0.000140	10.827759	0.000140	1.002993	-1.847229	
356	1.005304	-0.000078	17.541870	0.000078	1.005304	-3.759537	
357	1.004489	-0.000217	10.248901	0.000217	1.004489	-3.105042	
358	1.007313	-0.000178	9.326050	0.000178	1.007313	-4.191254	
359	1.005068	-0.000124	2.891235	0.000124	1.005068	-3.034851	
360	1.008439	-0.000104	1.060181	0.000104	1.008439	-4.761429	
361	1.006395	0.000005	-1.632751	-0.000005	1.006395	-3.770981	
362	1.010804	-0.000111	-4.299744	0.000111	1.010804	-6.550079	
363	1.007134	-0.000049	-3.711731	0.000049	1.007134	-4.692993	
364	1.010565	0.000057	-9.034241	-0.000057	1.010565	-7.637360	
365	1.006970	-0.000006	-6.968018	0.000006	1.006970	-6.323868	
366	1.009354	-0.000000	-9.076660	0.000000	1.009354	-10.923965	
367	1.004913	-0.000005	-4.691956	0.000005	1.004913	-5.311203	
368	1.005622	0.000084	-5.793213	-0.000084	1.005622	-6.858780	
369	1.002733	0.000038	-3.106934	-0.000038	1.002733	-3.649643	
370	1.002128	0.000000	-2.358154	-0.000000	1.002128	-3.652893	
371	1.000440	-0.000038	-0.459717	0.000038	1.000440	-0.535156	
372	0.999941	0.000066	-0.037720	-0.000066	0.999941	0.726715	
373	1.000009	-0.000030	-0.394409	0.000030	1.000009	0.469925	
374	1.000101	0.000149	-0.795410	-0.000149	1.000101	0.851883	
375	0.999802	-0.000074	-0.086182	0.000074	0.999802	0.786514	
376	1.000005	-0.000027	-0.106567	0.000027	1.000005	0.562317	
377	0.999907	0.000047	-0.228149	-0.000047	0.999907	0.323135	
378	0.999919	-0.000045	0.080200	0.000045	0.999919	0.142090	
379	1.000074	0.000006	-0.124084	-0.000006	1.000074	0.206879	
380	0.999946	0.000000	-0.097412	-0.000000	0.999946	0.417801	
381	1.000042	0.000015	-0.252197	-0.000015	1.000042	0.285385	
382	0.999921	0.000054	-0.123657	-0.000054	0.999921	0.151260	
383	0.999973	-0.000011	0.215820	0.000011	0.999973	0.023865	
384	1.000010	0.000004	-0.050171	-0.000004	1.000010	0.088806	
385	0.999989	0.000005	0.014404	-0.000005	0.999989	0.025925	
386	0.999998	-0.000041	0.071899	0.000041	0.999998	0.087921	
387	1.000037	0.000008	0.006104	-0.000008	1.000037	0.029968	
388	0.999946	-0.000007	0.019165	0.000007	0.999946	0.273712	
389	1.000057	0.000014	-0.051147	-0.000014	1.000057	0.068787	
390	1.000082	-0.000019	-0.153687	0.000019	1.000082	0.016617	
391	0.999957	-0.000035	-0.033203	0.000035	0.999957	0.069687	
392	0.999993	0.000011	-0.006104	-0.000011	0.999993	0.124512	
393	0.999964	0.000024	-0.151367	-0.000024	0.999964	0.011993	
394	0.999980	0.000004	-0.226501	-0.000004	0.999980	0.019333	
395	1.000134	0.000022	-0.662476	-0.000022	1.000134	0.035477	
396	0.999881	0.000015	-0.964539	-0.000015	0.999881	0.324646	
397	1.000130	-0.000009	-1.693970	0.000009	1.000130	0.048615	
398	1.000064	-0.000003	-4.425232	0.000003	1.000064	0.253983	
399	0.999893	0.000071	-3.635437	-0.000071	0.999893	0.164581	
400	1.000052	0.000075	-7.384949	-0.000075	1.000052	0.153870	
401	0.999996	0.000011	-5.036255	-0.000011	0.999996	0.354233	
402	0.999935	0.000097	-8.384277	-0.000097	0.999935	0.335236	
403	1.000129	-0.000005	-6.352478	0.000005	1.000129	0.140808	
404	0.999941	0.000127	-10.918701	-0.000127	0.999941	0.405502	
405	1.000076	0.000054	-6.812012	-0.000054	1.000076	0.020691	
406	1.000034	0.000064	-9.423584	-0.000064	1.000034	0.097305	
407	0.999964	0.000059	-6.734131	-0.000059	0.999964	0.248383	
408	0.999965	0.000096	-12.178711	-0.000096	0.999965	0.322388	
409	0.999928	0.000043	-8.885986	-0.000043	0.999928	0.343826	
410	0.999855	0.000084	-18.879150	-0.000084	0.999855	0.432625	
411	1.000119	0.000034	-16.059082	-0.000034	1.000119	0.121780	
412	0.999842	0.000164	-25.368042	-0.000164	0.999842	0.486580	
413	1.000022	0.000212	-13.881104	-0.000212	1.000022	0.076294	
414	1.000000	0.000071	-17.025391	-0.000071	1.000000	0.249023	
415	0.999451	0.000183	-10.516235	-0.000183	0.999451	0.166107	
416	0.997071	0.000083	-11.780273	-0.000083	0.997071	1.743111	
417	0.997319	0.000104	-6.756104	-0.000104	0.997319	1.621216	
418	0.994914	0.000095	-3.864624	-0.000095	0.994914	2.990372	
419	0.996037	0.000038	2.363892	-0.000038	0.996037	2.290009	
420	0.992394	0.000013	7.157715	-0.000013	0.992394	4.145203	
421	0.994474	0.000036	5.616333	-0.000036	0.994474	3.037369	
422	0.990314	-0.000061	9.744385	0.000061	0.990314	5.341400	
423	0.992845	0.000045	7.642578	-0.000045	0.992845	3.975601	
424	0.989691	-0.000002	11.134521	0.000002	0.989691	5.678802	
425	0.992960	0.000051	8.927856	-0.000051	0.992960	3.923531	
426	0.989533	-0.000016	15.449463	0.000016	0.989533	5.638847	
427	0.993093	-0.000061	9.163208	0.000061	0.993093	3.772385	
428	0.989554	-0.000036	13.953125	0.000036	0.989554	5.528015	
429	0.993102	-0.000056	7.833984	0.000056	0.993102	3.700836	
430	0.989810	0.000003	11.740479	-0.000003	0.989810	5.469818	
431	0.992994	0.000003	7.476807	-0.000003	0.992994	3.746849	
432	0.989815	-0.000070	11.427734	0.000070	0.989815	5.768188	
433	0.993086	-0.000018	6.400635	0.000018	0.993086	3.666367	
434	0.989865	0.000041	9.525879	-0.000041	0.989865	5.980072	
435	0.993311	-0.000078	6.345215	0.000078	0.993311	3.854065	
436	0.989808	0.000022	9.594299	-0.000022	0.989808	6.889076	
437	0.993236	-0.000061	6.238586	0.000061	0.993236	5.665222	
438	0.989978	-0.000001	8.654236	0.000001	0.989978	11.423721	
439	0.993142	0.000045	5.524170	-0.000045	0.993142	9.625839	
440	0.989918	0.000010	7.333130	-0.000010	0.989918	15.723618	
441	0.993178	0.000064	4.041687	-0.000064	0.993178	10.797989	
442	0.989717	0.000072	6.406982	-0.000072	0.989717	15.804016	
443	0.993389	0.000031	3.608215	-0.000031	0.993389	9.122086	
444	0.989789	0.000090	3.955505	-0.000090	0.989789	10.770386	
445	0.993424	0.000043	2.685791	-0.000043	0.993424	5.315720	
446	0.990214	0.000092	6.949890	-0.000092	0.990214	6.679443	
447	0.993368	-0.000035	5.673645	0.000035	0.993368	3.884766	
448	0.990301	-0.000016	9.169800	0.000016	0.990301	5.566589	
449	0.993527	0.000003	6.576965	-0.000003	0.993527	3.733932	
450	0.990153	-0.000021	9.391968	0.000021	0.990153	5.868744	
451	0.993724	0.000030	6.180298	-0.000030	0.993724	3.723114	
452	0.990278	-0.000029	9.313232	0.000029	0.990278	6.257858	
453	0.993665	-0.000036	5.963135	0.000036	0.993665	4.350510	
454	0.990432	0.000018	9.338806	-0.000018	0.990432	6.856598	
455	0.993574	0.000003	6.364685	-0.000003	0.993574	4.990555	
456	0.990476	0.000013	9.049072	-0.000013	0.990476	7.274811	
457	0.993699	0.000030	6.297485	-0.000030	0.993699	4.369171	
458	0.990335	-0.000005	9.286987	0.000005	0.990335	5.912888	
459	0.993847	-0.000061	5.972717	0.000061	0.993847	3.541138	
460	0.991213	-0.000033	8.581909	0.000033	0.991213	5.511978	
461	0.995246	0.000014	4.593201	-0.000014	0.995246	3.224442	
462	0.994585	0.000006	5.282898	-0.000006	0.994585	3.916595	
463	0.997230	0.000028	2.790588	-0.000028	0.997230	2.320663	
464	0.997534	0.000004	2.448486	-0.000004	0.997534	2.615585	
465	0.999183	-0.000022	0.911987	0.000022	0.999183	1.383377	
466	0.999769	0.000031	0.339050	-0.000031	0.999769	1.622116	
467	0.999980	0.000007	0.149414	-0.000007	0.999980	1.061691	
468	0.999920	-0.000033	0.303040	0.000033	0.999920	1.891937	
469	1.000003	0.000052	-0.047913	-0.000052	1.000003	1.148926	
470	1.000004	-0.000027	0.045410	0.000027	1.000004	1.381042	
471	0.999943	0.000021	0.130188	-0.000021	0.999943	0.937714	
472	1.000105	0.000067	-0.236450	-0.000067	1.000105	1.305023	
473	0.999963	-0.000015	0.078064	0.000015	0.999963	0.842255	
474	0.999936	0.000013	-0.038330	-0.000013	0.999936	1.164429	
475	1.000033	-0.000020	0.001892	0.000020	1.000033	0.664215	
476	1.000025	0.000034	-0.051453	-0.000034	1.000025	0.878983	
477	0.999994	-0.000028	-0.013916	0.000028	0.999994	0.432999	
478	1.000050	0.000018	-0.114197	-0.000018	1.000050	0.643051	
479	0.999947	0.000006	-0.018250	-0.000006	0.999947	0.450668	
480	1.000016	-0.000041	0.070190	0.000041	1.000016	0.682587	
481	0.999991	0.000063	0.006042	-0.000063	0.999991	0.437973	
482	0.999997	0.000012	0.023987	-0.000012	0.999997	0.682007	
483	1.000044	-0.000082	-0.029053	0.000082	1.000044	0.250626	
484	0.999978	0.000026	-0.065918	-0.000026	0.999978	0.690994	
485	1.000002	-0.000051	0.003357	0.000051	1.000002	0.260147	
486	0.999978	0.000026	0.056641	-0.000026	0.999978	0.475418	
487	0.999999	-0.000015	-0.036072	0.000015	0.999999	0.164368	
488	1.000036	0.000014	-0.257080	-0.000014	1.000036	0.320786	
489	0.999992	0.000003	-0.113220	-0.000003	0.999992	0.112305	
490	0.999936	0.000018	-0.335571	-0.000018	0.999936	0.151230	
491	1.000126	-0.000006	-0.257874	0.000006	1.000126	-0.027100	
492	0.999884	0.000013	-1.002747	-0.000013	0.999884	-0.025497	
493	1.000026	0.000024	-2.529419	-0.000024	1.000026	-0.375885	
494	1.000041	0.000084	-5.511047	-0.000084	1.000041	-0.231384	
495	0.999886	0.000016	-4.367310	-0.000016	0.999886	-0.153168	
496	1.000156	-0.000002	-7.371460	0.000002	1.000156	-0.372894	
497	1.000067	0.000054	-4.234192	-0.000054	1.000067	0.043289	
498	0.999966	0.000093	-5.094360	-0.000093	0.999966	-0.052399	
499	1.000116	0.000028	-3.756531	-0.000028	1.000116	-0.109390	
500	0.999992	0.000096	-5.085449	-0.000096	0.999992	-0.015564	
501	1.000054	0.000018	-3.101379	-0.000018	1.000054	-0.252625	
502	1.000036	0.000043	-4.048767	-0.000043	1.000036	0.006165	
503	0.999973	-0.000004	-2.721069	0.000004	0.999973	-0.041199	
504	1.000040	0.000024	-4.721436	-0.000024	1.000040	-0.019775	
505	0.999990	0.000028	-3.038452	-0.000028	0.999990	-0.010605	
506	1.000014	0.000050	-3.421082	-0.000050	1.000014	-0.035217	
507	1.000147	0.000011	-1.509033	-0.000011	1.000147	-0.109222	
508	0.999867	0.000072	-1.662842	-0.000072	0.999867	-0.057556	
509	1.000001	-0.000056	0.023376	0.000056	1.000001	-0.162399	
510	1.000123	0.000002	0.454529	-0.000002	1.000123	-0.677597	
511	0.999881	-0.000010	0.422791	0.000010	0.999881	-0.179001	
512	0.999924	-0.000009	0.238098	0.000009	0.999924	-0.198471	
513	1.000000	0.000001	0.319824	-0.000001	1.000000	-0.256866	
514	0.999943	0.000064	0.743103	-0.000064	0.999943	-0.305893	
515	1.000222	-0.000003	0.443115	0.000003	1.000222	-0.154816	
516	0.999866	-0.000043	0.619324	0.000043	0.999866	-0.131790	
517	1.000061	0.000053	0.483887	-0.000053	1.000061	-0.222610	
518	1.000082	-0.000033	0.948914	0.000033	1.000082	-0.132919	
519	0.999873	-0.000080	0.244263	0.000080	0.999873	-0.252533	
520	1.000027	-0.000036	-0.013428	0.000036	1.000027	-0.229340	
521	0.999983	-0.000016	0.035278	0.000016	0.999983	-0.078064	
522	1.000019	0.000007	-0.015320	-0.000007	1.000019	-0.127563	
523	1.000010	0.000018	-0.022522	-0.000018	1.000010	-0.134598	
524	0.999981	-0.000030	0.268982	0.000030	0.999981	-0.113876	
525	1.000028	0.000011	0.124878	-0.000011	1.000028	-0.010284	
526	1.000111	0.000070	1.032532	-0.000070	1.000111	0.043381	
527	0.999826	-0.000050	2.017578	0.000050	0.999826	0.167786	
528	1.000013	0.000036	1.824890	-0.000036	1.000013	0.405853	
529	0.999902	-0.000058	2.301147	0.000058	0.999902	0.435593	
530	1.000052	-0.000104	4.368408	0.000104	1.000052	0.327103	
531	0.999996	-0.000090	3.058960	0.000090	0.999996	0.145203	
532	0.999893	-0.000109	4.259277	0.000109	0.999893	0.029663	
533	1.000167	-0.000019	1.511841	0.000019	1.000167	-0.105347	
534	1.000158	-0.000005	2.036865	0.000005	1.000158	-0.150192	
535	0.999193	0.000046	3.043030	-0.000046	0.999193	0.043472	
536	0.998144	0.000014	5.680603	-0.000014	0.998144	0.655304	
537	0.997538	-0.000003	6.133545	0.000003	0.997538	1.093216	
538	0.995929	-0.000060	11.260681	0.000060	0.995929	1.741302	
539	0.997246	-0.000012	7.944580	0.000012	0.997246	1.366089	
540	0.995885	-0.000029	12.198792	0.000029	0.995885	2.051651	
541	0.997947	-0.000115	6.526917	0.000115	0.997947	0.822495	
542	0.996953	-0.000041	8.456299	0.000041	0.996953	1.495499	
543	0.998358	-0.000029	5.231628	0.000029	0.998358	0.811737	
544	0.998302	-0.000135	6.744934	0.000135	0.998302	0.893768	
545	0.998950	-0.000055	3.758118	0.000055	0.998950	0.738937	
546	0.999026	-0.000049	4.501587	0.000049	0.999026	0.555710	
547	0.999972	-0.000009	3.032654	0.000009	0.999972	0.322739	
548	0.999041	-0.000029	6.738159	0.000029	0.999041	0.976562	
549	0.999009	-0.000026	6.010376	0.000026	0.999009	0.959000	
550	0.996859	0.000042	11.227478	-0.000042	0.996859	2.412323	
551	0.997381	-0.000028	8.046631	0.000028	0.997381	1.747498	
552	0.995163	0.000046	12.409607	-0.000046	0.995163	2.890305	
553	0.996064	-0.000039	8.755554	0.000039	0.996064	2.319733	
554	0.995118	-0.000043	11.417480	0.000043	0.995118	2.999008	
555	0.997761	-0.000133	5.762146	0.000133	0.997761	1.499130	
556	0.995852	0.000104	9.302185	-0.000104	0.995852	2.227600	
557	0.996573	0.000023	8.946655	-0.000023	0.996573	1.798813	
558	0.993340	0.000084	16.770813	-0.000084	0.993340	3.463715	
559	0.995156	-0.000093	10.544617	0.000093	0.995156	2.609604	
560	0.994260	-0.000099	12.663391	0.000099	0.994260	3.626587	
561	0.996330	0.000035	8.058899	-0.000035	0.996330	2.191406	
562	0.993775	0.000040	13.436035	-0.000040	0.993775	3.197311	
563	0.994937	0.000059	10.446167	-0.000059	0.994937	2.873932	
564	0.992124	-0.000159	15.838318	0.000159	0.992124	4.714279	
565	0.996016	-0.000005	8.140320	0.000005	0.996016	2.998444	
566	0.994486	0.000001	10.394897	-0.000001	0.994486	3.920166	
567	0.995856	0.000036	7.812195	-0.000036	0.995856	2.896332	
568	0.993718	-0.000020	12.894775	0.000020	0.993718	4.779510	
569	0.996426	-0.000014	8.529480	0.000014	0.996426	3.545044	
570	0.995434	-0.000005	10.590393	0.000005	0.995434	4.915085	
571	0.997790	-0.000060	5.254028	0.000060	0.997790	2.770935	
572	0.997459	-0.000050	6.779175	0.000050	0.997459	5.445007	
573	0.998993	-0.000153	2.885498	0.000153	0.998993	3.223297	
574	0.999343	-0.000054	1.583069	0.000054	0.999343	5.852966	
575	0.999655	-0.000051	0.757019	0.000051	0.999655	4.091110	
576	0.999947	-0.000045	0.586914	0.000045	0.999947	5.775238	
577	0.999860	-0.000038	0.484070	0.000038	0.999860	4.557495	
578	0.999709	0.000038	0.693115	-0.000038	0.999709	6.781830	
579	1.000162	-0.000010	0.656799	0.000010	1.000162	4.310608	
580	0.999619	0.000050	0.444763	-0.000050	0.999619	6.396576	
581	0.999885	0.000047	-0.032349	-0.000047	0.999885	3.338715	
582	0.999961	0.000033	0.057861	-0.000033	0.999961	4.705139	
583	0.999804	0.000050	0.035461	-0.000050	0.999804	2.936798	
584	0.999941	-0.000049	-0.071594	0.000049	0.999941	2.582642	
585	0.999952	0.000018	-0.023132	-0.000018	0.999952	1.126678	
586	1.000021	-0.000034	-0.188782	0.000034	1.000021	0.540771	
587	1.000049	0.000001	-0.064880	-0.000001	1.000049	0.581635	
588	0.999937	-0.000003	0.010437	0.000003	0.999937	0.347900	
589	0.999980	0.000035	0.026733	-0.000035	0.999980	0.249237	
590	0.999994	-0.000018	-0.006775	0.000018	0.999994	0.258270	
591	0.999971	0.000003	-0.046936	-0.000003	0.999971	0.167236	
592	0.999962	0.000006	0.087341	-0.000006	0.999962	0.356964	
593	0.999960	0.000018	0.099915	-0.000018	0.999960	0.077606	
594	1.000006	0.000045	-0.005432	-0.000045	1.000006	0.020386	
595	1.000057	0.000025	-0.139343	-0.000025	1.000057	-0.024048	
596	0.999932	0.000066	-0.262390	-0.000066	0.999932	-0.002106	
597	0.999973	-0.000008	0.032654	0.000008	0.999973	-0.020233	
598	1.000006	0.000001	0.002991	-0.000001	1.000006	0.011932	
599	0.999948	-0.000006	0.047180	0.000006	0.999948	-0.010284	
600	1.000025	0.000000	0.163818	-0.000000	1.000025	0.016876	
601	1.000017	-0.000015	-0.038391	0.000015	1.000017	0.000122	
602	0.999968	-0.000028	-0.218384	0.000028	0.999968	-0.033478	
603	1.000084	-0.000014	-0.208618	0.000014	1.000084	-0.034332	
604	0.999951	-0.000008	-0.266663	0.000008	0.999951	-0.017456	
605	0.999957	-0.000018	-0.232056	0.000018	0.999957	0.002350	
606	1.000015	-0.000033	-0.100464	0.000033	1.000015	-0.056702	
607	0.999919	-0.000047	0.260559	0.000047	0.999919	-0.035889	
608	1.000076	-0.000044	0.043945	0.000044	1.000076	-0.112976	
609	1.000016	-0.000021	-0.151184	0.000021	1.000016	-0.059235	
610	1.000035	0.000001	-0.125793	-0.000001	1.000035	-0.030182	
611	1.000098	0.000003	-0.295776	-0.000003	1.000098	-0.039032	
612	0.999953	0.000001	-0.154297	-0.000001	0.999953	-0.042694	
613	0.999988	0.000013	0.037292	-0.000013	0.999988	-0.005524	
614	1.000021	0.000007	0.232666	-0.000007	1.000021	-0.005219	
615	0.999947	0.000011	0.017639	-0.000011	0.999947	0.016235	
616	1.000045	-0.000010	-0.137878	0.000010	1.000045	0.011475	
617	1.000000	-0.000030	-0.040710	0.000030	1.000000	0.030396	
618	0.999990	-0.000017	0.017212	0.000017	0.999990	0.021240	
619	1.000010	-0.000022	-0.006226	0.000022	1.000010	0.013916	
620	1.000010	-0.000004	-0.054993	0.000004	1.000010	0.005646	
621	1.000014	-0.000014	-0.029236	0.000014	1.000014	0.000061	
622	1.000097	-0.000017	-0.184753	0.000017	1.000097	-0.050049	
623	0.999832	-0.000037	-1.024170	0.000037	0.999832	-0.113586	
624	1.000160	-0.000053	-4.113342	0.000053	1.000160	-0.324463	
625	0.999959	0.000015	-2.175049	-0.000015	0.999959	0.039307	
626	0.999991	0.000012	-2.116516	-0.000012	0.999991	-0.093262	
627	1.000077	0.000019	-1.135315	-0.000019	1.000077	-0.079620	
628	1.000006	0.000018	-0.715088	-0.000018	1.000006	-0.042664	
629	0.999983	0.000023	-0.554749	-0.000023	0.999983	-0.009064	
630	0.999980	0.000015	0.014526	-0.000015	0.999980	0.021393	
631	0.999986	0.000013	0.009949	-0.000013	0.999986	0.023102	
632	1.000017	0.000014	-0.217346	-0.000014	1.000017	-0.007599	
633	0.999987	0.000029	0.020142	-0.000029	0.999987	0.025879	
634	0.999980	0.000090	-0.034729	-0.000090	0.999980	-0.139740	
635	1.000088	0.000034	-0.198914	-0.000034	1.000088	-0.581604	
636	0.999957	0.000051	-0.380859	-0.000051	0.999957	-0.569977	
637	1.000039	0.000023	-1.150635	-0.000023	1.000039	-0.492706	
638	1.000049	-0.000009	-1.070679	0.000009	1.000049	-0.124725	
639	0.999950	0.000023	-0.046570	-0.000023	0.999950	-0.039856	
640	1.000004	0.000004	-0.644592	-0.000004	1.000004	-0.493805	
641	0.999982	0.000094	-0.627991	-0.000094	0.999982	-0.366455	
642	0.999948	0.000015	0.020020	-0.000015	0.999948	-0.224915	
643	1.000026	0.000021	0.059143	-0.000021	1.000026	-0.192047	
644	0.999988	-0.000035	0.033813	0.000035	0.999988	-0.469147	
645	1.000021	-0.000024	0.006348	0.000024	1.000021	-0.362610	
646	1.000030	-0.000170	0.020569	0.000170	1.000030	-0.571106	
647	0.999936	-0.000134	0.119812	0.000134	0.999936	-0.630280	
648	1.000038	0.000017	0.033630	-0.000017	1.000038	-1.389954	
649	0.999986	-0.000038	-0.064331	0.000038	0.999986	-1.021088	
650	1.000034	-0.000073	-1.056335	0.000073	1.000034	-2.836334	
651	1.000130	0.000071	-0.656189	-0.000071	1.000130	-2.835144	
652	1.000063	-0.000042	-0.694580	0.000042	1.000063	-4.489624	
653	1.000075	-0.000057	-0.646423	0.000057	1.000075	-2.693848	
654	1.000088	0.000036	-0.804260	-0.000036	1.000088	-4.323700	
655	1.000135	-0.000004	-0.635376	0.000004	1.000135	-2.871521	
656	1.000091	-0.000022	-0.308899	0.000022	1.000091	-5.176285	
657	1.000802	-0.000001	-0.784851	0.000001	1.000802	-3.928406	
658	1.002485	-0.000057	-2.402588	0.000057	1.002485	-6.141327	
659	1.002363	-0.000048	-2.414307	0.000048	1.002363	-4.406860	
660	1.004369	0.000039	-4.589294	-0.000039	1.004369	-6.089661	
661	1.003489	0.000003	-3.558044	-0.000003	1.003489	-3.457825	
662	1.006355	-0.000048	-7.189087	0.000048	1.006355	-5.605865	
663	1.004280	-0.000008	-5.537231	0.000008	1.004280	-3.848328	
664	1.006250	0.000048	-8.571899	-0.000048	1.006250	-4.981812	
665	1.004252	-0.000018	-6.559753	0.000018	1.004252	-3.308929	
666	1.006462	0.000029	-10.718140	-0.000029	1.006462	-5.057953	
667	1.004319	0.000068	-7.140320	-0.000068	1.004319	-3.790375	
668	1.006224	0.000036	-10.907471	-0.000036	1.006224	-6.652451	
669	1.004148	-0.000009	-8.065979	0.000009	1.004148	-5.195389	
670	1.005435	0.000097	-13.489746	-0.000097	1.005435	-8.192902	
671	1.002916	0.000119	-9.096924	-0.000119	1.002916	-5.366501	
672	1.003387	0.000000	-12.719299	-0.000000	1.003387	-5.737808	
673	1.001596	-0.000092	-8.897522	0.000092	1.001596	-2.484192	
674	1.001636	0.000071	-11.753540	-0.000071	1.001636	-1.660522	
675	1.000097	0.000048	-4.699097	-0.000048	1.000097	-0.286377	
676	0.999919	0.000076	-3.835388	-0.000076	0.999919	-0.223419	
677	0.998815	0.000030	-0.788879	-0.000030	0.998815	0.742401	
678	0.997143	-0.000027	1.793152	0.000027	0.997143	1.677139	
679	0.997740	0.000001	2.707825	-0.000001	0.997740	1.551468	
680	0.994974	0.000129	5.040100	-0.000129	0.994974	3.050385	
681	0.996816	0.000085	3.368713	-0.000085	0.996816	1.952606	
682	0.996278	-0.000118	4.457458	0.000118	0.996278	2.570862	
683	0.997669	-0.000025	2.870972	0.000025	0.997669	1.763168	
684	0.998349	-0.000042	4.155151	0.000042	0.998349	1.335220	
685	0.998584	0.000027	3.290710	-0.000027	0.998584	1.054337	
686	0.997004	0.000079	7.863525	-0.000079	0.997004	1.699020	
687	0.997802	-0.000009	5.233887	0.000009	0.997802	1.196564	
688	0.996609	-0.000191	5.578247	0.000191	0.996609	2.367157	
689	0.998283	0.000063	1.779419	-0.000063	0.998283	1.208817	
690	0.996990	0.000013	3.961609	-0.000013	0.996990	1.723160	
691	0.996917	0.000011	4.461121	-0.000011	0.996917	1.797882	
692	0.995058	0.000185	9.411438	-0.000185	0.995058	2.776321	
693	0.996575	-0.000138	8.611755	0.000138	0.996575	2.184921	
694	0.995583	-0.000185	8.467773	0.000185	0.995583	3.885117	
695	0.997207	0.000108	3.000732	-0.000108	0.997207	2.393631	
696	0.994531	0.000141	5.896057	-0.000141	0.994531	3.046188	
697	0.995616	0.000039	4.437012	-0.000039	0.995616	2.398529	
698	0.993499	-0.000024	6.184509	0.000024	0.993499	3.659027	
699	0.995992	0.000027	3.592285	-0.000027	0.995992	2.460052	
700	0.995371	-0.000008	4.378540	0.000008	0.995371	3.244675	
701	0.996495	0.000035	3.457520	-0.000035	0.996495	2.342087	
702	0.993772	0.000191	5.943115	-0.000191	0.993772	3.715408	
703	0.996280	-0.000012	3.655334	0.000012	0.996280	2.291473	
704	0.994734	0.000011	5.140503	-0.000011	0.994734	3.657242	
705	0.997055	-0.000058	2.943726	0.000058	0.997055	2.284119	
706	0.996895	-0.000042	3.324158	0.000042	0.996895	3.143311	
707	0.998223	-0.000107	1.590759	0.000107	0.998223	2.153076	
708	0.998921	-0.000091	1.137146	0.000091	0.998921	2.817780	
709	0.999542	0.000045	0.582092	-0.000045	0.999542	1.952362	
710	0.999801	-0.000007	0.286804	0.000007	0.999801	2.522507	
711	1.000128	-0.000056	0.523315	0.000056	1.000128	1.748260	
712	0.999796	0.000020	1.099915	-0.000020	0.999796	3.445709	
713	1.000007	-0.000023	0.556885	0.000023	1.000007	2.054962	
714	1.000007	-0.000015	0.875732	0.000015	1.000007	3.428223	
715	0.999843	-0.000030	0.274902	0.000030	0.999843	2.100983	
716	0.999931	0.000004	0.431396	-0.000004	0.999931	3.189819	
717	0.999927	-0.000032	0.744507	0.000032	0.999927	2.130524	
718	0.999835	-0.000010	1.293274	0.000010	0.999835	2.971619	
719	1.000182	0.000025	0.233276	-0.000025	1.000182	1.965607	
720	0.999829	0.000010	1.213867	-0.000010	0.999829	3.102020	
721	1.000019	-0.000004	0.601013	0.000004	1.000019	2.002960	
722	1.000039	0.000026	1.151062	-0.000026	1.000039	3.197144	
723	0.999868	-0.000014	0.946960	0.000014	0.999868	2.204010	
724	0.999995	0.000041	2.387390	-0.000041	0.999995	2.741852	
725	0.999926	0.000012	3.029663	-0.000012	0.999926	2.347748	
726	0.999832	-0.000067	3.363892	0.000067	0.999832	3.247894	
727	1.000132	0.000017	0.974243	-0.000017	1.000132	1.407196	
728	0.999843	0.000017	0.869324	-0.000017	0.999843	1.970306	
729	1.000048	-0.000040	-0.054993	0.000040	1.000048	0.725952	
730	1.000010	0.000120	0.138489	-0.000120	1.000010	1.334961	
731	0.999917	-0.000061	0.325256	0.000061	0.999917	0.743713	
732	0.999973	0.000018	0.116333	-0.000018	0.999973	0.839752	
733	1.000013	0.000006	-0.012268	-0.000006	1.000013	0.570251	
734	0.999971	0.000019	0.006165	-0.000019	0.999971	0.229584	
735	1.000008	-0.000014	-0.125427	0.000014	1.000008	0.353119	
736	1.000016	0.000003	-0.147156	-0.000003	1.000016	0.100739	
737	1.000024	0.000020	-0.127380	-0.000020	1.000024	0.067902	
738	0.999988	-0.000003	-0.029053	0.000003	0.999988	0.003754	
739	0.999987	0.000001	-0.020996	-0.000001	0.999987	-0.020386	
740	1.000028	-0.000007	-0.076538	0.000007	1.000028	-0.039734	
741	1.000012	0.000006	-0.074951	-0.000006	1.000012	0.005463	
742	0.999990	-0.000004	-0.064087	0.000004	0.999990	0.009064	
743	1.000023	-0.000003	-0.062439	0.000003	1.000023	-0.005920	
744	0.999997	-0.000001	-0.009705	0.000001	0.999997	-0.000488	
745	1.000004	0.000003	-0.014893	-0.000003	1.000004	-0.005615	
746	1.000010	0.000006	-0.008240	-0.000006	1.000010	0.013947	
747	0.999953	0.000002	0.081543	-0.000002	0.999953	0.025909	
748	1.000000	-0.000040	-0.023193	0.000040	1.000000	-0.037048	
749	0.999994	-0.000017	-0.030151	0.000017	0.999994	0.000153	
750	0.999994	-0.000006	0.009583	0.000006	0.999994	0.008087	
751	1.000004	-0.000025	0.087280	0.000025	1.000004	0.017029	
752	1.000002	0.000019	0.104553	-0.000019	1.000002	0.010162	
753	1.000021	0.000033	0.037048	-0.000033	1.000021	0.002167	
754	1.000008	0.000054	0.001465	-0.000054	1.000008	0.066010	
755	1.000005	0.000020	-0.057556	-0.000020	1.000005	0.011414	
756	1.000012	0.000017	-0.064087	-0.000017	1.000012	0.037628	
757	1.000018	0.000006	-0.048584	-0.000006	1.000018	-0.000183	
758	1.000007	-0.000004	-0.046753	0.000004	1.000007	-0.020081	
759	1.000014	-0.000007	-0.015747	0.000007	1.000014	-0.024994	
760	1.000023	0.000017	-0.034058	-0.000017	1.000023	-0.049133	
761	1.000019	0.000012	-0.056152	-0.000012	1.000019	-0.032593	
762	1.000012	0.000003	-0.040222	-0.000003	1.000012	-0.008789	
763	1.000001	0.000007	-0.021301	-0.000007	1.000001	-0.003113	
764	1.000010	0.000010	0.004028	-0.000010	1.000010	-0.019226	
765	1.000009	0.000008	-0.017578	-0.000008	1.000009	-0.020752	
766	1.000008	-0.000004	-0.010254	0.000004	1.000008	-0.043030	
767	1.000029	0.000005	-0.062256	-0.000005	1.000029	-0.035156	
768	1.000006	-0.000006	-0.025635	0.000006	1.000006	-0.023590	
769	1.000006	0.000000	-0.014099	-0.000000	1.000006	-0.006897	
770	1.000010	0.000011	-0.070557	-0.000011	1.000010	0.009155	
771	0.999999	-0.000002	-0.001038	0.000002	0.999999	-0.018280	
772	1.000016	0.000009	0.002441	-0.000009	1.000016	-0.008148	
773	1.000022	-0.000006	0.001465	0.000006	1.000022	-0.013794	
774	1.000015	0.000007	0.028870	-0.000007	1.000015	0.008911	
775	1.000003	0.000007	0.005859	-0.000007	1.000003	0.006042	
776	0.999992	0.000012	-0.006042	-0.000012	0.999992	0.003143	
777	0.999954	-0.000000	0.043640	0.000000	0.999954	0.004913	
778	0.999929	-0.000005	0.061401	0.000005	0.999929	-0.000519	
779	0.999963	-0.000031	0.003174	0.000031	0.999963	-0.040833	
780	0.999963	-0.000011	0.014160	0.000011	0.999963	-0.103180	
781	0.999995	-0.000009	0.016846	0.000009	0.999995	-0.019897	
782	1.000005	0.000010	-0.003967	-0.000010	1.000005	0.001862	
783	0.999994	0.000011	0.036499	-0.000011	0.999994	0.024353	
784	0.999989	0.000008	0.041748	-0.000008	0.999989	0.016205	
785	0.999992	0.000004	0.053833	-0.000004	0.999992	0.005005	
786	0.999987	0.000014	0.067932	-0.000014	0.999987	0.016541	
787	1.000003	0.000005	0.015076	-0.000005	1.000003	0.002533	
788	1.000004	-0.000005	-0.013428	0.000005	1.000004	-0.005890	
789	1.000012	-0.000001	-0.045288	0.000001	1.000012	-0.008911	
790	1.000002	-0.000003	-0.037964	0.000003	1.000002	-0.007294	
791	0.999990	-0.000002	0.002197	0.000002	0.999990	-0.001251	
792	0.999956	0.000013	0.043213	-0.000013	0.999956	0.046143	
793	0.999964	0.000005	0.039551	-0.000005	0.999964	0.024811	
794	0.999912	0.000003	0.196716	-0.000003	0.999912	0.037750	
795	0.999997	0.000006	-0.007690	-0.000006	0.999997	0.018951	
796	1.000016	-0.000012	-0.047791	0.000012	1.000016	0.016876	
797	0.999991	-0.000003	-0.007202	0.000003	0.999991	0.012360	
798	0.999987	-0.000006	0.011047	0.000006	0.999987	0.018707	
799	0.999988	-0.000009	0.046631	0.000009	0.999988	0.048248	
800	0.999987	0.000003	0.008118	-0.000003	0.999987	-0.007629	
801	0.999979	0.000004	0.025818	-0.000004	0.999979	0.013275	
802	1.000003	-0.000012	-0.021851	0.000012	1.000003	-0.003601	
803	0.999983	-0.000005	-0.004944	0.000005	0.999983	0.004883	
804	0.999987	-0.000012	-0.008972	0.000012	0.999987	0.005890	
805	0.999970	-0.000001	0.008301	0.000001	0.999970	0.009674	
806	0.999973	-0.000005	-0.015076	0.000005	0.999973	0.007172	
807	0.999997	-0.000021	-0.030762	0.000021	0.999997	-0.010559	
808	0.999987	-0.000015	-0.127502	0.000015	0.999987	0.009552	
809	1.000009	-0.000002	-0.107727	0.000002	1.000009	0.017883	
810	0.999986	0.000004	-0.010376	-0.000004	0.999986	0.009277	
811	0.999982	-0.000001	0.013916	0.000001	0.999982	-0.000458	
812	0.999987	0.000002	0.032837	-0.000002	0.999987	0.003021	
813	0.999993	0.000000	0.014954	-0.000000	0.999993	-0.000275	
814	1.000001	0.000002	0.007141	-0.000002	1.000001	-0.017120	
815	1.000003	0.000012	0.007263	-0.000012	1.000003	0.003265	
816	1.000001	0.000005	0.014771	-0.000005	1.000001	-0.010040	
817	1.000003	-0.000001	0.005920	0.000001	1.000003	-0.000031	
818	1.000013	0.000010	0.017700	-0.000010	1.000013	-0.009338	
819	1.000002	0.000002	0.007874	-0.000002	1.000002	-0.023285	
820	1.000008	0.000001	0.010071	-0.000001	1.000008	-0.023376	
821	1.000004	0.000003	0.004150	-0.000003	1.000004	-0.014221	
822	1.000004	0.000000	0.000427	-0.000000	1.000004	-0.008728	
823	1.000017	0.000001	-0.026733	-0.000001	1.000017	0.003418	
824	1.000005	-0.000005	-0.029175	0.000005	1.000005	-0.011353	
825	1.000006	-0.000007	-0.018311	0.000007	1.000006	-0.015656	
826	1.000010	-0.000007	-0.018250	0.000007	1.000010	-0.019379	
827	1.000001	-0.000011	-0.006287	0.000011	1.000001	-0.048157	
828	1.000009	-0.000005	-0.012268	0.000005	1.000009	-0.009766	
829	1.000005	-0.000003	-0.012024	0.000003	1.000005	-0.013123	
830	0.999999	0.000006	-0.001526	-0.000006	0.999999	-0.007263	
831	1.000001	-0.000008	0.016296	0.000008	1.000001	-0.024078	
832	1.000032	0.000105	0.058960	-0.000105	1.000032	-0.073669	
833	1.000000	0.000054	0.118835	-0.000054	1.000000	-0.136292	
834	1.000024	0.000045	0.120361	-0.000045	1.000024	-0.107941	
835	0.999968	0.000031	0.034363	-0.000031	0.999968	-0.077240	
836	0.999997	-0.000061	0.025208	0.000061	0.999997	-0.037415	
837	0.999990	-0.000227	0.026978	0.000227	0.999990	-0.139801	
838	0.999996	0.000091	0.016846	-0.000091	0.999996	-0.068451	
839	0.999998	-0.000060	0.026611	0.000060	0.999998	-0.096252	
840	0.999972	0.000013	0.062561	-0.000013	0.999972	-0.217682	
841	0.999975	-0.000011	0.040771	0.000011	0.999975	-0.177704	
842	1.000012	0.000018	-0.021790	-0.000018	1.000012	-0.180084	
843	0.999965	0.000104	-0.034729	-0.000104	0.999965	-0.104797	
844	0.999991	0.000005	0.086975	-0.000005	0.999991	0.007385	
845	0.999983	0.000029	0.163513	-0.000029	0.999983	0.057526	
846	1.000040	-0.000023	-0.018188	0.000023	1.000040	-0.067749	
847	1.000013	-0.000027	0.058411	0.000027	1.000013	-0.003387	
848	1.000004	-0.000105	-0.016724	0.000105	1.000004	-0.198669	
849	1.000084	-0.000029	-0.294006	0.000029	1.000084	-0.173157	
850	0.999999	0.000037	-0.077454	-0.000037	0.999999	-0.036011	
851	0.999987	0.000093	-0.064087	-0.000093	0.999987	-0.210114	
852	1.000036	-0.000055	-0.120422	0.000055	1.000036	-0.380127	
853	0.999996	0.000038	-0.055969	-0.000038	0.999996	-0.114349	
854	1.000013	-0.000017	-0.136475	0.000017	1.000013	-0.340912	
855	1.000023	0.000009	0.005737	-0.000009	1.000023	-0.020905	
856	1.000009	0.000083	-0.343506	-0.000083	1.000009	-0.477478	
857	1.000062	-0.000017	-0.097229	0.000017	1.000062	-0.184784	
858	1.000043	0.000016	-0.046997	-0.000016	1.000043	-0.132477	
859	1.000559	-0.000023	-0.825317	0.000023	1.000559	-0.698914	
860	1.002472	-0.000033	-2.457764	0.000033	1.002472	-1.527985	
861	1.002207	-0.000036	-2.187927	0.000036	1.002207	-1.536896	
862	1.004239	-0.000055	-4.285645	0.000055	1.004239	-2.831848	
863	1.003413	0.000012	-3.433777	-0.000012	1.003413	-2.065796	
864	1.006436	-0.000008	-6.440979	0.000008	1.006436	-4.494507	
865	1.004788	-0.000005	-4.657471	0.000005	1.004788	-4.138428	
866	1.008183	-0.000020	-7.815247	0.000020	1.008183	-7.611237	
867	1.006146	0.000014	-5.955688	-0.000014	1.006146	-6.527496	
868	1.009025	-0.000032	-8.705322	0.000032	1.009025	-10.219666	
869	1.006127	-0.000064	-5.944092	0.000064	1.006127	-6.757263	
870	1.009003	-0.000007	-8.819519	0.000007	1.009003	-9.526001	
871	1.006109	-0.000081	-6.059265	0.000081	1.006109	-5.864288	
872	1.009192	-0.000072	-9.723267	0.000072	1.009192	-8.324020	
873	1.006165	-0.000034	-7.328918	0.000034	1.006165	-5.567719	
874	1.009130	0.000021	-10.761292	-0.000021	1.009130	-8.349365	
875	1.006194	-0.000007	-6.773376	0.000007	1.006194	-5.524704	
876	1.009457	0.000006	-10.874451	-0.000006	1.009457	-8.068253	
877	1.006248	-0.000028	-7.737122	0.000028	1.006248	-5.345535	
878	1.009153	0.000048	-10.764465	-0.000048	1.009153	-8.216507	
879	1.006289	-0.000031	-6.773804	0.000031	1.006289	-5.642593	
880	1.009522	-0.000026	-10.444092	0.000026	1.009522	-8.345154	
881	1.006222	-0.000014	-6.688110	0.000014	1.006222	-5.635590	
882	1.009346	0.000019	-9.203064	-0.000019	1.009346	-8.137146	
883	1.006318	-0.000035	-6.396057	0.000035	1.006318	-5.240936	
884	1.009545	-0.000030	-10.334473	0.000030	1.009545	-7.955292	
885	1.006312	0.000023	-6.734863	-0.000023	1.006312	-5.079346	
886	1.009439	-0.000005	-10.331970	0.000005	1.009439	-6.841049	
887	1.006306	0.000038	-7.201050	-0.000038	1.006306	-4.370087	
888	1.009739	0.000020	-11.096741	-0.000020	1.009739	-6.441238	
889	1.006301	0.000030	-7.813721	-0.000030	1.006301	-4.276489	
890	1.009599	0.000037	-12.991943	-0.000037	1.009599	-6.469696	
891	1.006341	0.000012	-8.232422	-0.000012	1.006341	-4.255646	
892	1.009761	0.000012	-13.019897	-0.000012	1.009761	-6.280838	
893	1.006432	0.000023	-8.948669	-0.000023	1.006432	-4.218582	
894	1.009650	-0.000030	-13.406616	0.000030	1.009650	-6.528671	
895	1.006412	0.000015	-8.485046	-0.000015	1.006412	-4.352615	
896	1.010084	-0.000020	-12.777527	0.000020	1.010084	-6.875412	
897	1.006438	-0.000017	-8.973022	0.000017	1.006438	-4.444366	
898	1.009758	0.000030	-14.684875	-0.000030	1.009758	-6.795898	
899	1.006523	-0.000030	-11.434998	0.000030	1.006523	-4.135742	
900	1.009087	0.000036	-20.884949	-0.000036	1.009087	-4.908920	
901	1.005111	0.000071	-15.620911	-0.000071	1.005111	-2.552963	
902	1.005823	0.000124	-23.933594	-0.000124	1.005823	-2.785736	
903	1.002906	0.000086	-16.942139	-0.000086	1.002906	-1.128281	
904	1.002951	0.000116	-22.926514	-0.000116	1.002951	-1.093155	
905	1.000944	0.000134	-12.795654	-0.000134	1.000944	-0.341217	
906	1.000280	0.000092	-15.810303	-0.000092	1.000280	0.163162	
907	0.999867	0.000176	-11.014343	-0.000176	0.999867	0.442627	
908	1.000050	0.000200	-15.613708	-0.000200	1.000050	0.274246	
909	0.998765	0.000056	-8.189575	-0.000056	0.998765	1.031586	
910	0.996989	0.000172	-9.587646	-0.000172	0.996989	1.964081	
911	0.997439	0.000069	-2.337891	-0.000069	0.997439	1.486511	
912	0.994941	0.000092	2.021973	-0.000092	0.994941	2.897003	
913	0.995861	0.000040	4.186951	-0.000040	0.995861	2.178406	
914	0.993099	-0.000058	7.278748	0.000058	0.993099	3.771362	
915	0.995452	0.000057	4.593872	-0.000057	0.995452	2.544464	
916	0.993090	0.000001	6.934875	-0.000001	0.993090	3.736328	
917	0.995611	0.000055	5.192078	-0.000055	0.995611	2.340561	
918	0.992989	0.000004	9.437988	-0.000004	0.992989	3.757401	
919	0.995754	0.000026	6.525818	-0.000026	0.995754	2.125320	
920	0.993084	-0.000021	11.047913	0.000021	0.993084	3.740448	
921	0.995686	-0.000014	6.430725	0.000014	0.995686	2.135376	
922	0.993254	-0.000000	10.213928	0.000000	0.993254	3.707626	
923	0.995486	-0.000049	7.040405	0.000049	0.995486	2.186737	
924	0.994000	-0.000018	7.383057	0.000018	0.994000	2.958435	
925	0.996858	-0.000008	3.770691	0.000008	0.996858	1.564438	
926	0.996054	-0.000079	4.774658	0.000079	0.996054	1.946075	
927	0.998127	-0.000052	2.545532	0.000052	0.998127	1.150299	
928	0.997384	-0.000029	3.529907	0.000029	0.997384	1.184875	
929	0.997874	0.000008	3.496460	-0.000008	0.997874	0.919907	
930	0.995625	0.000049	8.397949	-0.000049	0.995625	2.084061	
931	0.996124	0.000010	7.094604	-0.000010	0.996124	1.683182	
932	0.994899	-0.000113	9.173401	0.000113	0.994899	2.603592	
933	0.997337	-0.000106	4.499756	0.000106	0.997337	1.524551	
934	0.996535	0.000033	5.042480	-0.000033	0.996535	1.744446	
935	0.997864	-0.000003	4.277466	0.000003	0.997864	1.018417	
936	0.994470	0.000083	9.206970	-0.000083	0.994470	2.593628	
937	0.995745	-0.000177	5.362793	0.000177	0.995745	2.279510	
938	0.994552	0.000090	6.866211	-0.000090	0.994552	3.131546	
939	0.996179	-0.000001	5.014832	0.000001	0.996179	1.752151	
940	0.993710	0.000108	9.250916	-0.000108	0.993710	3.117386	
941	0.995218	0.000048	7.671265	-0.000048	0.995218	2.597946	
942	0.993751	0.000034	11.267151	-0.000034	0.993751	3.264572	
943	0.996674	-0.000116	6.188354	0.000116	0.996674	1.741211	
944	0.995634	-0.000064	7.771057	0.000064	0.995634	2.655563	
945	0.997434	0.000034	4.238647	-0.000034	0.997434	1.173691	
946	0.994862	0.000071	8.308289	-0.000071	0.994862	2.573654	
947	0.995694	0.000047	6.739868	-0.000047	0.995694	1.988861	
948	0.994004	-0.000040	8.651367	0.000040	0.994004	3.206116	
949	0.996381	0.000012	5.501526	-0.000012	0.996381	1.979477	
950	0.995772	-0.000041	6.601929	0.000041	0.995772	2.273453	
951	0.998019	0.000033	2.762146	-0.000033	0.998019	1.188034	
952	0.997833	0.000002	4.374329	-0.000002	0.997833	1.232910	
953	0.999101	-0.000012	2.539124	0.000012	0.999101	0.484955	
954	0.999673	0.000021	3.461060	-0.000021	0.999673	0.283569	
955	0.999736	-0.000031	2.456116	0.000031	0.999736	0.147934	
956	1.000070	-0.000058	2.033936	0.000058	1.000070	0.080276	
957	0.999955	-0.000010	0.493652	0.000010	0.999955	0.102570	
958	0.999850	0.000045	0.377075	-0.000045	0.999850	0.131042	
959	1.000385	0.000001	-0.363281	-0.000001	1.000385	-0.001801	
960	0.999880	-0.000005	-0.146729	0.000005	0.999880	0.056335	
961	0.999985	-0.000010	-0.166260	0.000010	0.999985	0.050552	
962	1.000036	0.000016	-0.346069	-0.000016	1.000036	0.207840	
963	0.999782	-0.000050	-0.201294	0.000050	0.999782	0.047806	
964	1.000136	-0.000073	-1.583496	0.000073	1.000136	0.005310	
965	0.999949	-0.000052	-2.557434	0.000052	0.999949	0.074707	
966	0.999908	-0.000017	-4.748718	0.000017	0.999908	0.178040	
967	1.000100	-0.000016	-3.232544	0.000016	1.000100	0.144302	
968	1.000024	0.000069	-4.179810	-0.000069	1.000024	0.020615	
969	0.999941	0.000048	-3.090027	-0.000048	0.999941	-0.003174	
970	0.998251	0.000069	-2.850708	-0.000069	0.998251	0.894775	
971	0.998066	0.000057	-0.855957	-0.000057	0.998066	1.100510	
972	0.996466	0.000001	-0.792969	-0.000001	0.996466	1.872314	
973	0.996968	0.000037	0.680664	-0.000037	0.996968	1.652832	
974	0.995899	-0.000004	0.880737	0.000004	0.995899	2.090942	
975	0.997749	0.000001	-0.586853	-0.000001	0.997749	1.240311	
976	0.996945	0.000047	-1.299744	-0.000047	0.996945	1.555206	
977	0.998334	0.000027	-0.977478	-0.000027	0.998334	0.961548	
978	0.998229	0.000028	-1.042480	-0.000028	0.998229	1.013977	
979	0.998728	0.000038	-1.331665	-0.000038	0.998728	0.809265	
980	0.998892	0.000016	-3.069397	-0.000016	0.998892	0.607864	
981	0.999513	0.000009	-1.487854	-0.000009	0.999513	0.445587	
982	0.999814	0.000013	-2.616516	-0.000013	0.999814	0.070206	
983	1.000088	0.000027	-1.894226	-0.000027	1.000088	0.062103	
984	0.999891	0.000040	-3.211182	-0.000040	0.999891	0.076569	
985	1.000156	0.000057	-2.486084	-0.000057	1.000156	0.033340	
986	1.000049	0.000024	-3.352173	-0.000024	1.000049	0.022110	
987	0.999806	0.000034	-2.218811	-0.000034	0.999806	0.116989	
988	1.000185	0.000016	-2.876404	-0.000016	1.000185	0.027161	
989	0.999916	-0.000003	-1.751099	0.000003	0.999916	0.021133	
990	1.000028	-0.000025	-2.720093	0.000025	1.000028	-0.045151	
991	1.000179	-0.000011	-1.834534	0.000011	1.000179	-0.046295	
992	0.999913	-0.000025	-1.425476	0.000025	0.999913	-0.113724	
993	1.000031	0.000071	-0.506653	-0.000071	1.000031	-0.028198	
994	1.000036	0.000087	-0.167725	-0.000087	1.000036	-0.073364	
995	0.999934	0.000148	-0.011902	-0.000148	0.999934	0.007629	
996	1.000001	-0.000080	0.053101	0.000080	1.000001	-0.092499	
997	1.000010	-0.000068	0.005188	0.000068	1.000010	-0.121017	
998	1.000031	-0.000109	-0.034546	0.000109	1.000031	-0.257965	
999	1.000010	0.000095	-0.002380	-0.000095	1.000010	-0.023727	
1000	0.999988	0.000003	0.187866	-0.000003	0.999988	-0.080460	
1001	0.999967	0.000008	0.086792	-0.000008	0.999967	-0.024673	
1002	1.000030	-0.000016	-0.203247	0.000016	1.000030	-0.099335	
1003	1.000005	-0.000056	-0.049805	0.000056	1.000005	-0.089371	
1004	1.000040	-0.000063	-0.246216	0.000063	1.000040	-0.169479	
1005	0.999945	-0.000016	0.085144	0.000016	0.999945	-0.019379	
1006	1.000011	-0.000007	0.112549	0.000007	1.000011	-0.006042	
1007	1.000000	0.000002	0.039795	-0.000002	1.000000	0.000061	
1008	1.000022	0.000063	-0.029480	-0.000063	1.000022	-0.143433	
1009	1.000202	-0.000006	-0.068604	0.000006	1.000202	-0.138474	
1010	1.001848	0.000108	-1.537720	-0.000108	1.001848	-1.236542	
1011	1.001814	0.000025	-1.602295	-0.000025	1.001814	-1.080307	
1012	1.002641	0.000033	-2.324951	-0.000033	1.002641	-1.371460	
1013	1.001249	0.000026	-1.123352	-0.000026	1.001249	-0.711792	
1014	1.001246	0.000043	-1.126282	-0.000043	1.001246	-0.649200	
1015	1.000714	0.000052	-0.503418	-0.000052	1.000714	-0.371033	
1016	1.000714	-0.000012	-0.205566	0.000012	1.000714	-0.258072	
1017	1.000070	-0.000066	0.006775	0.000066	1.000070	-0.035690	
1018	0.999950	-0.000138	0.156921	0.000138	0.999950	0.019196	
1019	1.000124	-0.000119	-0.074585	0.000119	1.000124	0.010147	
1020	1.000026	-0.000033	-0.024475	0.000033	1.000026	0.038559	
1021	0.999346	0.000109	0.592224	-0.000109	0.999346	0.424850	
1022	0.997806	0.000010	2.303467	-0.000010	0.997806	1.317108	
1023	0.997431	-0.000019	2.933960	0.000019	0.997431	1.229935	
1024	0.996762	0.000090	4.774902	-0.000090	0.996762	1.754227	
1025	0.997822	-0.000016	3.277527	0.000016	0.997822	1.356796	
1026	0.997675	-0.000024	2.395264	0.000024	0.997675	1.367065	
1027	0.998794	0.000036	1.303589	-0.000036	0.998794	0.730286	
1028	0.997431	0.000009	2.315552	-0.000009	0.997431	1.400314	
1029	0.997804	0.000061	2.107300	-0.000061	0.997804	1.079834	
1030	0.995605	0.000092	4.227722	-0.000092	0.995605	2.208725	
1031	0.996135	0.000044	3.683533	-0.000044	0.996135	1.818222	
1032	0.994974	-0.000010	4.934631	0.000010	0.994974	2.593796	
1033	0.997314	-0.000096	2.619629	0.000096	0.997314	1.610611	
1034	0.996768	-0.000025	3.062561	0.000025	0.996768	1.629944	
1035	0.998203	-0.000017	1.861755	0.000017	0.998203	1.026550	
1036	0.995985	-0.000042	4.024963	0.000042	0.995985	2.090057	
1037	0.996679	0.000049	3.228271	-0.000049	0.996679	1.661987	
1038	0.994098	0.000084	6.853943	-0.000084	0.994098	3.009857	
1039	0.995298	-0.000056	5.432678	0.000056	0.995298	2.339554	
1040	0.993545	0.000035	8.517700	-0.000035	0.993545	3.457428	
1041	0.996175	-0.000068	5.625732	0.000068	0.996175	2.083313	
1042	0.995125	0.000026	6.758484	-0.000026	0.995125	2.589188	
1043	0.997813	0.000008	3.904602	-0.000008	0.997813	1.245331	
1044	0.997177	0.000039	6.358887	-0.000039	0.997177	1.584641	
1045	0.999031	-0.000037	3.896729	0.000037	0.999031	0.605957	
1046	0.999141	-0.000014	5.186096	0.000014	0.999141	0.594681	
1047	0.999647	0.000034	3.615051	-0.000034	0.999647	0.212753	
1048	1.000232	-0.000091	4.002014	0.000091	1.000232	0.042938	
1049	0.999817	-0.000112	2.446045	0.000112	0.999817	0.040527	
1050	1.000068	-0.000066	2.657227	0.000066	1.000068	0.050995	
1051	1.000180	-0.000046	1.538330	0.000046	1.000180	0.015427	
1052	0.999825	0.000001	1.583801	-0.000001	0.999825	0.070053	
1053	1.000108	0.000007	0.643066	-0.000007	1.000108	0.034500	
1054	1.000084	0.000022	1.091980	-0.000022	1.000084	0.090057	
1055	0.999705	-0.000016	0.642395	0.000016	0.999705	0.084518	
1056	1.000168	0.000008	0.257629	-0.000008	1.000168	0.013748	
1057	0.999967	0.000017	0.184998	-0.000017	0.999967	0.085846	
1058	1.000071	0.000018	-0.084839	-0.000018	1.000071	0.064774	
1059	1.000006	-0.000015	-0.018188	0.000015	1.000006	0.006348	
1060	1.000018	0.000005	-0.027710	-0.000005	1.000018	0.010696	
1061	1.000031	0.000001	-0.051086	-0.000001	1.000031	-0.003647	
1062	1.000034	0.000002	-0.059570	-0.000002	1.000034	-0.005630	
1063	1.000026	-0.000016	-0.052795	0.000016	1.000026	-0.020172	
1064	1.000011	-0.000015	-0.025635	0.000015	1.000011	0.009613	
1065	1.000022	-0.000036	-0.043091	0.000036	1.000022	0.019333	
1066	1.000009	-0.000020	-0.014893	0.000020	1.000009	0.018631	
1067	1.000009	-0.000039	0.027222	0.000039	1.000009	0.025879	
1068	1.000002	-0.000032	-0.068909	0.000032	1.000002	0.024078	
1069	1.000004	-0.000010	-0.029419	0.000010	1.000004	-0.000107	
1070	1.000015	-0.000017	-0.062927	0.000017	1.000015	0.022690	
1071	1.000020	-0.000018	-0.060181	0.000018	1.000020	-0.001465	
1072	1.000002	-0.000036	-0.023804	0.000036	1.000002	0.037994	
1073	1.000013	-0.000066	-0.010742	0.000066	1.000013	0.027405	
1074	0.999986	-0.000027	0.049316	0.000027	0.999986	0.040253	
1075	0.999992	-0.000008	0.038330	0.000008	0.999992	0.013367	
1076	0.999926	-0.000008	0.306091	0.000008	0.999926	0.053543	
1077	1.000020	-0.000008	0.092896	0.000008	1.000020	-0.000763	
1078	1.000044	0.000027	0.745422	-0.000027	1.000044	0.098389	
1079	0.999942	-0.000003	0.811279	0.000003	0.999942	0.088394	
1080	1.000037	0.000035	1.907654	-0.000035	1.000037	0.142288	
1081	0.999997	0.000013	1.340271	-0.000013	0.999997	0.044891	
1082	1.000001	0.000011	1.354858	-0.000011	1.000001	-0.023300	
1083	1.000009	0.000001	0.951660	-0.000001	1.000009	-0.012070	
1084	0.999909	-0.000011	1.213928	0.000011	0.999909	-0.000519	
1085	1.000114	-0.000015	0.720398	0.000015	1.000114	-0.045853	
1086	1.000050	0.000003	0.645142	-0.000003	1.000050	-0.022232	
1087	0.999780	-0.000004	0.612305	0.000004	0.999780	0.031326	
1088	1.000145	-0.000030	0.566589	0.000030	1.000145	-0.046722	
1089	0.999941	-0.000009	0.189514	0.000009	0.999941	0.011688	
1090	0.999975	-0.000012	0.106567	0.000012	0.999975	-0.005585	
1091	1.000026	-0.000007	0.057983	0.000007	1.000026	0.002197	
1092	1.000023	0.000004	-0.036499	-0.000004	1.000023	-0.002777	
1093	1.000018	-0.000004	-0.050476	0.000004	1.000018	-0.000351	
1094	1.000003	-0.000011	-0.045898	0.000011	1.000003	0.023727	
1095	1.000004	0.000001	-0.013000	-0.000001	1.000004	0.009201	
1096	1.000095	-0.000150	-0.318359	0.000150	1.000095	-0.307922	
1097	0.999921	0.000027	0.047424	-0.000027	0.999921	0.047546	
1098	0.999993	-0.000000	0.073425	0.000000	0.999993	0.004074	
1099	1.000096	-0.000225	-0.096741	0.000225	1.000096	-0.377563	
1100	0.999954	-0.000107	-0.578979	0.000107	0.999954	-0.864655	
1101	1.000113	-0.000223	-0.322571	0.000223	1.000113	-0.583694	
1102	1.000120	0.000187	-0.957458	-0.000187	1.000120	-0.125427	
1103	0.999833	-0.000035	-0.062683	0.000035	0.999833	-0.024323	
1104	1.000096	-0.000070	-0.954895	0.000070	1.000096	-0.145325	
1105	1.000008	0.000003	-0.014648	-0.000003	1.000008	0.024673	
1106	1.000039	0.000032	-0.169128	-0.000032	1.000039	0.039993	
1107	1.000085	0.000102	-0.252747	-0.000102	1.000085	-0.035355	
1108	0.999926	0.000150	-2.177979	-0.000150	0.999926	-0.302582	
1109	1.000102	0.000104	-1.429626	-0.000104	1.000102	-0.129135	
1110	1.000096	-0.000052	-0.773376	0.000052	1.000096	0.032074	
1111	0.999924	0.000057	-0.233032	-0.000057	0.999924	0.106979	
1112	0.999998	-0.000035	-0.546326	0.000035	0.999998	0.050247	
1113	0.999952	-0.000034	-0.793396	0.000034	0.999952	-0.023148	
1114	0.999977	-0.000037	-2.526978	0.000037	0.999977	-0.077393	
1115	1.000003	-0.000089	-2.571655	0.000089	1.000003	-0.112289	
1116	1.000046	0.000089	-3.983704	-0.000089	1.000046	0.133926	
1117	1.000004	0.000081	-2.133484	-0.000081	1.000004	0.140533	
1118	1.000006	0.000095	-1.346680	-0.000095	1.000006	0.216415	
1119	0.999956	0.000031	-0.149414	-0.000031	0.999956	0.079697	
1120	0.999991	0.000125	0.017639	-0.000125	0.999991	0.249298	
1121	0.999999	0.000025	0.082703	-0.000025	0.999999	0.108673	
1122	1.000000	0.000029	0.030579	-0.000029	1.000000	0.044144	
1123	1.000002	0.000015	-0.009399	-0.000015	1.000002	0.011490	
1124	0.999991	0.000015	0.103760	-0.000015	0.999991	0.040680	
1125	1.000026	-0.000038	0.307373	0.000038	1.000026	0.148468	
1126	0.999946	0.000046	0.120728	-0.000046	0.999946	0.104172	
1127	0.999930	0.000008	0.256531	-0.000008	0.999930	0.133728	
1128	1.000028	-0.000042	0.184509	0.000042	1.000028	0.157913	
1129	0.999875	0.000083	0.278442	-0.000083	0.999875	0.233276	
1130	0.999921	-0.000018	-0.079346	0.000018	0.999921	-0.029068	
1131	1.000150	0.000132	-0.418518	-0.000132	1.000150	-0.117004	
1132	0.999982	0.000006	0.497498	-0.000006	0.999982	-0.085648	
1133	1.000058	0.000139	0.325073	-0.000139	1.000058	0.016953	
1134	1.000099	0.000010	2.361572	-0.000010	1.000099	-0.109406	
1135	0.999886	-0.000071	3.734619	0.000071	0.999886	-0.150330	
1136	0.999963	-0.000072	5.329529	0.000072	0.999963	-0.203598	
1137	0.999936	0.000048	2.703064	-0.000048	0.999936	0.079285	
1138	0.999835	-0.000089	2.492432	0.000089	0.999835	0.021805	
1139	1.000145	0.000054	0.545349	-0.000054	1.000145	-0.009537	
1140	0.999925	-0.000007	1.937744	0.000007	0.999925	0.069107	
1141	0.999984	-0.000044	0.559265	0.000044	0.999984	0.022278	
1142	0.999995	0.000080	1.083862	-0.000080	0.999995	0.193420	
1143	0.999830	-0.000021	0.849548	0.000021	0.999830	0.046982	
1144	1.000147	0.000004	0.624817	-0.000004	1.000147	0.301102	
1145	0.999912	-0.000100	0.930298	0.000100	0.999912	0.075821	
1146	1.000053	0.000061	-0.140869	-0.000061	1.000053	-0.012177	
1147	0.999994	-0.000007	0.014954	0.000007	0.999994	-0.003464	
1148	0.999991	-0.000007	0.022949	0.000007	0.999991	0.036652	
1149	1.000062	-0.000022	0.042847	0.000022	1.000062	0.035339	
1150	0.999934	0.000058	1.330505	-0.000058	0.999934	0.219818	
1151	0.999999	0.000009	1.005554	-0.000009	0.999999	0.029663	
1152	1.000040	-0.000038	1.097595	0.000038	1.000040	-0.032700	
1153	0.999956	-0.000105	1.007568	0.000105	0.999956	0.226685	
1154	0.999915	0.000056	4.861206	-0.000056	0.999915	0.200211	
1155	1.000194	-0.000107	1.701172	0.000107	1.000194	0.150253	
1156	0.999855	-0.000047	3.020996	0.000047	0.999855	-0.003235	
1157	1.000018	-0.000094	0.995056	0.000094	1.000018	-0.535263	
1158	1.000007	-0.000081	-0.055359	0.000081	1.000007	-0.079880	
1159	0.999997	-0.000003	-0.030273	0.000003	0.999997	0.004379	
1160	0.999993	0.000058	-0.210083	-0.000058	0.999993	-0.085022	
1161	1.000002	-0.000010	-0.031006	0.000010	1.000002	-0.031982	
1162	0.999997	0.000032	-0.016174	-0.000032	0.999997	-0.007324	
1163	0.999992	-0.000016	0.014771	0.000016	0.999992	-0.004517	
1164	0.999961	-0.000102	0.148193	0.000102	0.999961	0.252502	
1165	0.999990	0.000029	0.037354	-0.000029	0.999990	0.084778	
1166	0.999991	0.000067	0.047546	-0.000067	0.999991	0.073578	
1167	1.000008	0.000058	-0.022827	-0.000058	1.000008	0.018265	
1168	1.000002	0.000014	0.003113	-0.000014	1.000002	0.030807	
1169	1.000012	-0.000041	0.053650	0.000041	1.000012	0.100372	
1170	1.000009	0.000006	0.020996	-0.000006	1.000009	0.072067	
1171	0.999999	-0.000011	0.028381	0.000011	0.999999	0.006607	
1172	1.000017	0.000037	-0.008240	-0.000037	1.000017	-0.000671	
1173	1.000039	0.000044	-0.092834	-0.000044	1.000039	-0.170914	
1174	0.999998	0.000015	-0.025513	-0.000015	0.999998	-0.065460	
1175	0.999966	-0.000009	-0.080017	0.000009	0.999966	0.037125	
1176	1.000019	-0.000188	-0.419373	0.000188	1.000019	0.123184	
1177	0.999973	-0.000154	-0.124390	0.000154	0.999973	0.038391	
1178	1.000000	-0.000035	-0.420105	0.000035	1.000000	0.036621	
1179	1.000071	-0.000041	-0.167114	0.000041	1.000071	-0.107132	
1180	0.999992	-0.000071	-0.093689	0.000071	0.999992	-0.160110	
1181	0.999958	0.000013	0.112793	-0.000013	0.999958	-0.116165	
1182	1.000028	0.000179	0.264343	-0.000179	1.000028	-0.136368	
1183	1.000030	0.000054	0.080017	-0.000054	1.000030	-0.235565	
1184	1.000006	0.000194	0.061462	-0.000194	1.000006	-0.010757	
1185	0.999994	0.000033	0.024841	-0.000033	0.999994	-0.030869	
1186	1.000003	0.000050	0.010986	-0.000050	1.000003	-0.018524	
1187	0.999996	0.000006	0.031494	-0.000006	0.999996	0.024261	
1188	0.999966	0.000037	0.106445	-0.000037	0.999966	0.084106	
1189	0.999998	0.000019	0.030762	-0.000019	0.999998	0.045242	
1190	1.000014	0.000025	-0.037537	-0.000025	1.000014	0.129578	
1191	0.999963	-0.000161	-0.090820	0.000161	0.999963	0.050140	
1192	1.000063	0.000018	-0.275085	-0.000018	1.000063	0.163925	
1193	0.999955	-0.000191	-0.056763	0.000191	0.999955	0.015457	
1194	1.000040	-0.000069	-0.440063	0.000069	1.000040	0.048615	
1195	0.999999	-0.000048	-0.054565	0.000048	0.999999	0.081512	
1196	1.000001	-0.000015	-0.083496	0.000015	1.000001	-0.002945	
1197	0.999975	0.000014	0.103271	-0.000014	0.999975	-0.018295	
1198	1.000031	0.000049	0.269470	-0.000049	1.000031	-0.035233	
1199	0.999951	0.000001	0.167969	-0.000001	0.999951	0.008530	
1200	1.000019	0.000099	0.061523	-0.000099	1.000019	0.001724	
1201	1.000009	0.000056	-0.011292	-0.000056	1.000009	-0.013580	
1202	1.000021	0.000055	0.022522	-0.000055	1.000021	-0.133102	
1203	0.999965	0.000006	0.129944	-0.000006	0.999965	0.028915	
1204	0.999993	0.000079	0.591309	-0.000079	0.999993	0.001877	
1205	1.000059	0.000187	0.181030	-0.000187	1.000059	0.014481	
1206	0.999909	-0.000045	0.415527	0.000045	0.999909	-0.025894	
1207	1.000027	0.000063	-0.056213	-0.000063	1.000027	-0.038605	
1208	1.000040	-0.000009	-0.140259	0.000009	1.000040	0.004456	
1209	1.000003	-0.000099	-0.081543	0.000099	1.000003	0.026642	
1210	1.000005	-0.000011	-0.090149	0.000011	1.000005	0.154022	
1211	0.999990	-0.000027	-0.012390	0.000027	0.999990	0.216034	
1212	0.999978	-0.000045	-0.047791	0.000045	0.999978	0.124435	
1213	0.999967	-0.000002	0.118103	0.000002	0.999967	0.103363	
1214	1.000028	0.000148	0.374634	-0.000148	1.000028	0.334305	
1215	0.999297	-0.000003	0.912292	0.000003	0.999297	0.388901	
1216	0.998792	0.000010	1.686523	-0.000010	0.998792	0.647812	
1217	0.999468	0.000040	0.846924	-0.000040	0.999468	0.279175	
1218	0.999791	-0.000022	0.892944	0.000022	0.999791	0.103119	
1219	1.000099	-0.000034	0.778076	0.000034	1.000099	0.021790	
1220	0.999854	-0.000177	1.477722	0.000177	0.999854	0.174133	
1221	1.000078	0.000002	-0.001648	-0.000002	1.000078	0.121613	
1222	0.999991	0.000043	-0.019775	-0.000043	0.999991	0.106201	
1223	0.999984	0.000084	-0.116150	-0.000084	0.999984	0.016724	
1224	1.000005	-0.000020	0.023193	0.000020	1.000005	0.000854	
1225	1.000008	0.000019	-0.001648	-0.000019	1.000008	0.002808	
1226	1.000027	0.000068	-0.004578	-0.000068	1.000027	-0.000916	
1227	1.000024	0.000007	0.014160	-0.000007	1.000024	-0.007507	
1228	1.000059	0.000009	0.109924	-0.000009	1.000059	-0.025421	
1229	1.000028	-0.000000	0.250671	0.000000	1.000028	-0.033646	
1230	1.000143	-0.000001	0.428406	0.000001	1.000143	-0.048172	
1231	0.999537	-0.000040	0.584961	0.000040	0.999537	-0.076874	
1232	1.000314	-0.000003	-0.297363	0.000003	1.000314	-0.081253	
1233	0.999718	-0.000003	0.469421	0.000003	0.999718	0.194794	
1234	0.999853	-0.000035	0.115906	0.000035	0.999853	-0.006470	
1235	1.000400	-0.000044	-0.473511	0.000044	1.000400	-0.073364	
1236	0.999692	-0.000158	0.392761	0.000158	0.999692	0.160263	
1237	1.000226	0.000073	-0.355774	-0.000073	1.000226	-0.113174	
1238	1.000028	-0.000013	0.032043	0.000013	1.000028	0.013962	
1239	0.999742	0.000003	0.311401	-0.000003	0.999742	0.059082	
1240	1.000194	0.000018	-0.199463	-0.000018	1.000194	-0.043701	
1241	0.999982	-0.000002	0.035645	0.000002	0.999982	-0.015076	
1242	1.000020	-0.000004	-0.035767	0.000004	1.000020	-0.026398	
1243	1.000012	-0.000009	-0.027161	0.000009	1.000012	-0.022293	
1244	1.000038	-0.000010	-0.167114	0.000010	1.000038	-0.018814	
1245	1.000008	0.000001	0.000793	-0.000001	1.000008	-0.002289	
1246	0.999996	0.000001	0.002075	-0.000001	0.999996	-0.002914	
1247	0.999996	-0.000040	-0.044556	0.000040	0.999996	-0.118591	
1248	0.999997	-0.000005	0.005249	0.000005	0.999997	-0.005325	
1249	0.999994	-0.000005	0.006226	0.000005	0.999994	0.001236	
1250	0.999985	0.000006	-0.015137	-0.000006	0.999985	-0.078598	
1251	1.000016	0.000005	-0.005737	-0.000005	1.000016	0.011108	
1252	0.999967	0.000002	-0.022095	-0.000002	0.999967	-0.008972	
1253	1.000011	-0.000000	-0.044922	0.000000	1.000011	0.005905	
1254	1.000008	0.000000	-0.048096	-0.000000	1.000008	-0.002106	
1255	0.999982	-0.000002	-0.003357	0.000002	0.999982	-0.005829	
1256	0.999999	0.000011	0.007690	-0.000011	0.999999	0.010056	
1257	0.999990	0.000005	0.013123	-0.000005	0.999990	0.008041	
1258	0.999984	0.000005	0.020813	-0.000005	0.999984	0.007339	
1259	1.000000	0.000004	0.004272	-0.000004	1.000000	0.004990	
1260	0.999975	0.000018	0.022156	-0.000018	0.999975	-0.000610	
1261	0.999997	0.000002	0.008728	-0.000002	0.999997	0.005157	
1262	0.999997	0.000006	0.019653	-0.000006	0.999997	0.006516	
1263	0.999988	-0.000001	0.019592	0.000001	0.999988	0.008316	
1264	0.999989	-0.000001	0.033936	0.000001	0.999989	0.022644	
1265	0.999977	0.000002	0.041870	-0.000002	0.999977	0.023376	
1266	0.999988	-0.000002	0.029175	0.000002	0.999988	0.014801	
1267	1.000004	0.000002	0.007874	-0.000002	1.000004	0.015472	
1268	1.000005	-0.000004	-0.003418	0.000004	1.000005	-0.009140	
1269	1.000010	-0.000006	-0.009827	0.000006	1.000010	-0.012009	
1270	1.000013	-0.000011	0.001770	0.000011	1.000013	-0.004974	
1271	1.000000	-0.000002	-0.002869	0.000002	1.000000	-0.004761	
1272	1.000005	-0.000011	0.009277	0.000011	1.000005	0.011383	
1273	0.999993	-0.000019	0.020691	0.000019	0.999993	0.018066	
1274	0.999991	-0.000014	0.024170	0.000014	0.999991	0.015350	
1275	0.999995	-0.000032	0.049133	0.000032	0.999995	0.034943	
1276	0.999994	0.000004	0.007507	-0.000004	0.999994	0.007156	
1277	0.999997	0.000014	-0.004089	-0.000014	0.999997	-0.003830	
1278	1.000004	0.000007	-0.001160	-0.000007	1.000004	0.000137	
1279	1.000007	0.000022	0.006958	-0.000022	1.000007	0.018921	
1280	1.000015	0.000002	-0.023193	-0.000002	1.000015	-0.003693	
1281	1.000010	-0.000000	-0.018372	0.000000	1.000010	0.001114	
1282	1.000003	-0.000026	-0.023682	0.000026	1.000003	-0.010178	
1283	1.000014	-0.000012	-0.030823	0.000012	1.000014	-0.022064	
1284	0.999991	0.000006	0.028015	-0.000006	0.999991	0.017746	
1285	0.999995	-0.000081	0.012573	0.000081	0.999995	-0.014236	
1286	0.999963	-0.000196	-0.285583	0.000196	0.999963	0.029663	
1287	1.000001	-0.000222	-0.342957	0.000222	1.000001	0.014740	
1288	0.999984	-0.000039	-0.233887	0.000039	0.999984	0.465134	
1289	1.000011	0.000081	0.027466	-0.000081	1.000011	-0.083664	
1290	1.000033	0.000178	-0.013672	-0.000178	1.000033	-0.175308	
1291	1.000007	-0.000109	-0.158264	0.000109	1.000007	-0.104309	
1292	1.000065	-0.000090	-0.642151	0.000090	1.000065	-0.304443	
1293	1.000011	-0.000062	-0.395386	0.000062	1.000011	-0.430939	
1294	0.999991	0.000104	-1.167053	-0.000104	0.999991	-0.067856	
1295	1.000024	-0.000049	-1.048706	0.000049	1.000024	-0.415115	
1296	1.000009	0.000038	-0.953857	-0.000038	1.000009	0.045532	
1297	0.999995	0.000025	-0.322937	-0.000025	0.999995	-0.021301	
1298	1.000605	0.000155	-1.047485	-0.000155	1.000605	-0.403030	
1299	1.001473	-0.000046	-1.459106	0.000046	1.001473	-0.742371	
1300	1.003050	-0.000042	-3.546875	0.000042	1.003050	-1.565201	
1301	1.002897	0.000067	-3.518799	-0.000067	1.002897	-1.518906	
1302	1.005105	0.000107	-5.334351	-0.000107	1.005105	-2.667465	
1303	1.003992	-0.000014	-3.734009	0.000014	1.003992	-2.113876	
1304	1.006399	0.000070	-5.997314	-0.000070	1.006399	-3.300217	
1305	1.004331	0.000027	-4.121399	-0.000027	1.004331	-2.260330	
1306	1.007213	0.000003	-6.869934	-0.000003	1.007213	-3.807510	
1307	1.005570	0.000035	-5.219666	-0.000035	1.005570	-2.905670	
1308	1.008910	0.000034	-8.343872	-0.000034	1.008910	-4.753128	
1309	1.005139	0.000024	-4.745178	-0.000024	1.005139	-2.600586	
1310	1.006001	0.000085	-5.750244	-0.000085	1.006001	-3.215027	
1311	1.003147	-0.000003	-3.005615	0.000003	1.003147	-1.596619	
1312	1.003241	0.000010	-3.050293	-0.000010	1.003241	-1.574356	
1313	1.001192	-0.000002	-1.148132	0.000002	1.001192	-0.688171	
1314	1.000371	-0.000019	-0.273376	0.000019	1.000371	-0.119095	
1315	0.999974	-0.000015	0.014160	0.000015	0.999974	-0.023254	
1316	1.000074	-0.000030	-0.080322	0.000030	1.000074	-0.023285	
1317	1.000015	-0.000060	0.008789	0.000060	1.000015	0.004684	
1318	0.999957	-0.000024	0.071289	0.000024	0.999957	0.026352	
1319	1.000099	0.000008	-0.122009	-0.000008	1.000099	-0.014343	
1320	0.999961	0.000008	0.051941	-0.000008	0.999961	0.022583	
1321	0.999997	0.000008	0.007690	-0.000008	0.999997	0.017212	
1322	1.000014	0.000006	-0.013062	-0.000006	1.000014	0.054062	
1323	0.999898	-0.000006	0.148010	0.000006	0.999898	0.066360	
1324	1.000111	-0.000000	-0.122742	0.000000	1.000111	0.036850	
1325	1.000006	-0.000009	0.006836	0.000009	1.000006	-0.011917	
1326	1.000010	-0.000005	-0.011719	0.000005	1.000010	-0.007446	
1327	1.000045	-0.000022	-0.030090	0.000022	1.000045	-0.025482	
1328	1.000039	0.000008	-0.045166	-0.000008	1.000039	-0.029495	
1329	0.999945	0.000009	0.062683	-0.000009	0.999945	0.011490	
1330	1.000339	0.000038	-0.370850	-0.000038	1.000339	-0.067474	
1331	0.999657	-0.000014	0.436707	0.000014	0.999657	0.096527	
1332	1.000361	-0.000010	-0.444153	0.000010	1.000361	-0.089218	
1333	0.999699	-0.000013	0.394836	0.000013	0.999699	0.179672	
1334	1.000004	0.000029	-0.057434	-0.000029	1.000004	-0.027054	
1335	1.000311	0.000013	-0.354370	-0.000013	1.000311	-0.076126	
1336	0.999857	-0.000017	0.234253	0.000017	0.999857	0.110779	
1337	1.000086	-0.000019	-0.139648	0.000019	1.000086	-0.090424	
1338	1.000012	-0.000001	0.013000	0.000001	1.000012	0.025772	
1339	0.999809	0.000021	0.196472	-0.000021	0.999809	0.016846	
1340	1.000096	0.000019	-0.125305	-0.000019	1.000096	-0.040054	
1341	0.999952	0.000014	0.059326	-0.000014	0.999952	0.009186	
1342	0.999982	0.000009	0.019836	-0.000009	0.999982	-0.001663	
1343	1.000008	0.000017	0.001770	-0.000017	1.000008	0.008286	
1344	0.999988	0.000067	-0.003418	-0.000067	0.999988	0.004852	
1345	1.000000	0.000064	-0.019043	-0.000064	1.000000	-0.011902	
1346	0.999991	0.000027	0.003906	-0.000027	0.999991	-0.030792	
1347	0.999980	0.000005	0.014404	-0.000005	0.999980	0.006821	
1348	1.000038	-0.000072	-0.238953	0.000072	1.000038	-0.034180	
1349	0.999874	-0.000125	-0.048035	0.000125	0.999874	0.149170	
1350	0.999937	-0.000202	-0.516541	0.000202	0.999937	-0.092346	
1351	1.000262	-0.000227	-0.649841	0.000227	1.000262	-0.083954	
1352	0.999749	-0.000237	-1.648865	0.000237	0.999749	-0.225800	
1353	1.000088	0.000100	-3.505859	-0.000100	1.000088	-0.050873	
1354	1.000008	-0.000115	-5.138794	0.000115	1.000008	-0.011490	
1355	0.999876	0.000059	-4.532532	-0.000059	0.999876	-0.190689	
1356	1.000308	0.000086	-6.413330	-0.000086	1.000308	-0.087845	
1357	0.999987	0.000021	-3.932861	-0.000021	0.999987	0.018494	
1358	1.000003	0.000265	-4.545959	-0.000265	1.000003	-0.077301	
1359	1.000286	0.000148	-1.326904	-0.000148	1.000286	-0.127182	
1360	0.999816	0.000109	0.279602	-0.000109	0.999816	-0.052460	
1361	1.000026	0.000010	0.015259	-0.000010	1.000026	-0.043930	
1362	1.000095	0.000026	0.000000	-0.000026	1.000095	-0.004150	
1363	1.001167	0.000033	-1.033264	-0.000033	1.001167	-0.576447	
1364	1.002567	0.000041	-2.305298	-0.000041	1.002567	-1.298050	
1365	1.002261	0.000038	-2.089111	-0.000038	1.002261	-1.073654	
1366	1.004350	-0.000017	-4.216675	0.000017	1.004350	-2.439362	
1367	1.003558	0.000014	-3.368591	-0.000014	1.003558	-1.636169	
1368	1.006792	-0.000048	-6.549377	0.000048	1.006792	-3.549835	
1369	1.004404	0.000027	-4.237000	-0.000027	1.004404	-2.453735	
1370	1.006257	0.000149	-5.831848	-0.000149	1.006257	-3.203964	
1371	1.004233	0.000026	-3.979553	-0.000026	1.004233	-2.339249	
1372	1.005519	0.000025	-5.015625	-0.000025	1.005519	-2.693924	
1373	1.002873	0.000063	-2.716736	-0.000063	1.002873	-1.507950	
1374	1.003259	-0.000009	-3.076965	0.000009	1.003259	-1.666641	
1375	1.001423	0.000022	-1.333557	-0.000022	1.001423	-0.648651	
1376	1.001565	-0.000080	-1.374084	0.000080	1.001565	-0.793930	
1377	1.000359	-0.000011	-0.322571	0.000011	1.000359	-0.124680	
1378	0.999876	-0.000035	0.151855	0.000035	0.999876	0.066742	
1379	1.000137	-0.000010	-0.187805	0.000010	1.000137	-0.034622	
1380	0.999916	-0.000013	0.134949	0.000013	0.999916	0.061081	
1381	1.000010	-0.000004	0.004211	0.000004	1.000010	0.034348	
1382	1.000033	-0.000030	-0.010193	0.000030	1.000033	0.049179	
1383	0.999975	0.000014	0.039001	-0.000014	0.999975	0.029312	
1384	1.000017	-0.000027	0.009460	0.000027	1.000017	0.072556	
1385	1.000012	-0.000020	0.012207	0.000020	1.000012	0.057343	
1386	1.000010	-0.000001	-0.011536	0.000001	1.000010	0.019791	
1387	1.000042	-0.000001	-0.059631	0.000001	1.000042	-0.018982	
1388	0.999999	-0.000001	0.005432	0.000001	0.999999	0.003006	
1389	1.000004	-0.000007	-0.006165	0.000007	1.000004	0.005005	
1390	1.000001	0.000005	0.006287	-0.000005	1.000001	0.021835	
1391	1.000002	-0.000009	0.001831	0.000009	1.000002	0.006836	
1392	0.999995	0.000004	0.018066	-0.000004	0.999995	0.030258	
1393	1.000009	0.000005	0.013000	-0.000005	1.000009	0.036835	
1394	1.000006	-0.000016	-0.015503	0.000016	1.000006	-0.012939	
1395	1.000029	0.000012	-0.009949	-0.000012	1.000029	0.029205	
1396	1.000006	0.000001	-0.007324	-0.000001	1.000006	-0.017609	
1397	0.999999	0.000003	-0.002502	-0.000003	0.999999	-0.004791	
1398	1.000010	-0.000008	-0.015747	0.000008	1.000010	-0.043381	
1399	0.999989	0.000026	-0.005371	-0.000026	0.999989	-0.048950	
1400	1.000006	0.000021	-0.010925	-0.000021	1.000006	0.013031	
1401	1.000004	0.000006	-0.004761	-0.000006	1.000004	-0.010574	
1402	0.999995	0.000022	-0.008606	-0.000022	0.999995	-0.006531	
1403	1.000006	0.000016	-0.016174	-0.000016	1.000006	-0.017395	
1404	0.999995	0.000056	-0.029480	-0.000056	0.999995	-0.016953	
1405	0.999999	-0.000018	-0.004883	0.000018	0.999999	-0.005493	
1406	1.000068	-0.000108	-0.199707	0.000108	1.000068	-0.054016	
1407	0.999876	-0.000057	-0.247375	0.000057	0.999876	0.020538	
1408	1.000034	-0.000078	-0.574097	0.000078	1.000034	-0.176224	
1409	0.999970	-0.000011	-0.039246	0.000011	0.999970	-0.070374	
1410	1.000043	0.000155	-0.361511	-0.000155	1.000043	-0.324692	
1411	1.000016	-0.000021	-0.013611	0.000021	1.000016	-0.001068	
1412	0.999934	0.000154	0.384033	-0.000154	0.999934	-0.018555	
1413	1.000063	0.000011	0.385925	-0.000011	1.000063	-0.279266	
1414	0.999936	0.000191	1.190002	-0.000191	0.999936	0.027786	
1415	1.000008	0.000401	4.398254	-0.000401	1.000008	-0.095779	
1416	1.000112	0.000111	15.324036	-0.000111	1.000112	-0.067230	
1417	0.999881	-0.000071	13.333740	0.000071	0.999881	-0.093735	
1418	0.999818	-0.000131	18.073608	0.000131	0.999818	-0.096054	
1419	1.000086	-0.000139	9.582703	0.000139	1.000086	-0.119019	
1420	0.999748	-0.000035	14.612671	0.000035	0.999748	0.105347	
1421	1.000056	0.000017	8.215454	-0.000017	1.000056	-0.238876	
1422	0.999887	-0.000254	10.564514	0.000254	0.999887	0.195267	
1423	0.999825	-0.000053	4.922424	0.000053	0.999825	0.155884	
1424	1.000107	-0.000161	4.627808	0.000161	1.000107	-0.092773	
1425	0.999946	-0.000023	3.282776	0.000023	0.999946	0.174728	
1426	0.999979	-0.000082	4.487366	0.000082	0.999979	-0.039932	
1427	1.000115	-0.000066	2.177551	0.000066	1.000115	-0.041718	
1428	0.999898	-0.000111	3.037170	0.000111	0.999898	0.016678	
1429	1.000023	-0.000064	0.976807	0.000064	1.000023	-0.038757	
1430	0.999986	-0.000070	0.531616	0.000070	0.999986	0.039429	
1431	0.999975	-0.000091	-0.045837	0.000091	0.999975	-0.118835	
1432	0.999980	-0.000087	-0.004639	0.000087	0.999980	0.028290	
1433	1.000001	-0.000039	-0.028992	0.000039	1.000001	0.127609	
1434	0.999953	-0.000037	-0.040344	0.000037	0.999953	0.236877	
1435	1.000011	0.000010	-0.021179	-0.000010	1.000011	0.011856	
1436	0.999254	0.000114	0.682800	-0.000114	0.999254	0.081696	
1437	0.998625	0.000137	1.325684	-0.000137	0.998625	0.633286	
1438	0.997199	-0.000051	2.681030	0.000051	0.997199	1.556885	
1439	0.998272	-0.000104	1.476257	0.000104	0.998272	1.007370	
1440	0.998448	-0.000039	1.448425	0.000039	0.998448	1.056137	
1441	0.998850	0.000027	1.141785	-0.000027	0.998850	0.578308	
1442	0.998914	0.000052	1.141174	-0.000052	0.998914	0.405334	
1443	0.999843	0.000063	0.218567	-0.000063	0.999843	0.227966	
1444	0.999759	-0.000013	0.268860	0.000013	0.999759	0.101364	
1445	0.999883	-0.000014	0.153137	0.000014	0.999883	0.071564	
1446	0.999924	0.000036	0.095703	-0.000036	0.999924	0.238022	
1447	1.000051	-0.000106	-0.119568	0.000106	1.000051	-0.317413	
1448	1.000015	0.000071	0.002747	-0.000071	1.000015	0.206650	
1449	1.000006	-0.000026	-0.021790	0.000026	1.000006	-0.037491	
1450	1.000037	-0.000008	-0.043518	0.000008	1.000037	-0.002167	
1451	1.000002	-0.000002	-0.009277	0.000002	1.000002	-0.004669	
1452	1.000091	-0.000045	-0.119446	0.000045	1.000091	-0.018555	
1453	0.999989	-0.000006	0.009460	0.000006	0.999989	0.009048	
1454	1.000052	0.000006	-0.073120	-0.000006	1.000052	-0.001343	
1455	1.000029	0.000014	-0.083923	-0.000014	1.000029	-0.017715	
1456	1.000045	0.000012	-0.073730	-0.000012	1.000045	0.001190	
1457	1.000008	0.000002	-0.019897	-0.000002	1.000008	0.004776	
1458	0.999974	-0.000016	0.032288	0.000016	0.999974	0.010864	
1459	0.999965	-0.000136	0.103699	0.000136	0.999965	-0.022247	
1460	0.999989	0.000014	0.002625	-0.000014	0.999989	0.012070	
1461	0.999975	-0.000017	0.023987	0.000017	0.999975	0.015244	
1462	0.999957	-0.000009	0.041199	0.000009	0.999957	0.040894	
1463	0.999932	-0.000043	0.044556	0.000043	0.999932	0.029999	
1464	0.999921	-0.000155	0.157715	0.000155	0.999921	0.142059	
1465	0.999978	0.000000	0.028625	-0.000000	0.999978	0.023788	
1466	0.999985	-0.000004	0.001221	0.000004	0.999985	0.003815	
1467	0.999987	-0.000005	0.004089	0.000005	0.999987	-0.002075	
1468	1.000020	0.000029	-0.082092	-0.000029	1.000020	-0.043381	
1469	1.000073	0.000031	-0.209473	-0.000031	1.000073	-0.147217	
1470	1.000004	0.000057	-0.073303	-0.000057	1.000004	-0.010025	
1471	1.000025	0.000000	-0.098938	-0.000000	1.000025	-0.066238	
1472	1.000013	0.000275	-0.198486	-0.000275	1.000013	0.066544	
1473	1.000038	-0.000069	-0.035034	0.000069	1.000038	-0.046890	
1474	0.999973	0.000104	0.046875	-0.000104	0.999973	0.239334	
1475	1.000012	-0.000029	-0.025085	0.000029	1.000012	-0.015427	
1476	0.999988	-0.000018	0.025696	0.000018	0.999988	0.026123	
1477	0.999996	-0.000037	0.027283	0.000037	0.999996	0.016434	
1478	0.999996	-0.000057	0.136108	0.000057	0.999996	-0.117722	
1479	0.999886	0.000011	0.295288	-0.000011	0.999886	0.024368	
1480	1.000171	-0.000132	-0.163635	0.000132	1.000171	-0.266068	
1481	0.999990	-0.000006	-0.018982	0.000006	0.999990	-0.025223	
1482	0.999991	-0.000012	-0.080688	0.000012	0.999991	-0.034729	
1483	1.000070	-0.000005	-0.133972	0.000005	1.000070	-0.015182	
1484	1.000009	-0.000013	-0.145203	0.000013	1.000009	-0.031982	
1485	1.000029	0.000012	-0.052979	-0.000012	1.000029	0.001678	
1486	1.000032	0.000016	-0.056213	-0.000016	1.000032	-0.004456	
1487	1.000030	0.000005	-0.048035	-0.000005	1.000030	-0.034348	
1488	1.000037	0.000028	-0.060303	-0.000028	1.000037	-0.107193	
1489	1.000006	-0.000011	0.001831	0.000011	1.000006	-0.045380	
1490	1.000000	-0.000002	0.030701	0.000002	1.000000	-0.107895	
1491	0.999978	0.000019	0.075867	-0.000019	0.999978	-0.028656	
1492	0.999963	0.000109	0.227966	-0.000109	0.999963	-0.005157	
1493	0.999980	0.000007	0.076050	-0.000007	0.999980	-0.002960	
1494	1.000027	0.000131	-0.136108	-0.000131	1.000027	-0.006073	
1495	1.000027	-0.000027	-0.061646	0.000027	1.000027	-0.064621	
1496	1.000273	0.000013	-0.276428	-0.000013	1.000273	-0.206924	
1497	1.001302	0.000079	-1.157166	-0.000079	1.001302	-0.951187	
1498	1.002612	0.000239	-2.495667	-0.000239	1.002612	-1.652237	
1499	1.002828	-0.000144	-2.742493	0.000144	1.002828	-1.914124	
1500	1.005027	0.000305	-4.664001	-0.000305	1.005027	-3.023956	
1501	1.004011	0.000195	-2.545532	-0.000195	1.004011	-2.497864	
