0	1.000000	0.000000	0.000000	0.000000	1.000000	0.000000	
1	1.000040	0.000086	-0.940186	-0.000086	1.000040	0.111252	
2	1.000042	-0.000051	-0.031616	0.000051	1.000042	-0.154526	
3	1.000020	-0.000008	-0.504272	0.000008	1.000020	-0.068710	
4	0.999994	0.000045	-0.741333	-0.000045	0.999994	0.153198	
5	1.000051	0.000023	-0.210693	-0.000023	1.000051	-0.143875	
6	1.000009	0.000010	-0.374512	-0.000010	1.000009	0.035782	
7	0.999999	0.000020	-0.436035	-0.000020	0.999999	0.046356	
8	1.000011	-0.000066	-0.092529	0.000066	1.000011	-0.100784	
9	1.000059	-0.000009	-0.546265	0.000009	1.000059	-0.183960	
10	0.999972	0.000029	-0.231934	-0.000029	0.999972	0.309067	
11	1.000010	-0.000044	0.270996	0.000044	1.000010	0.027527	
12	1.000028	0.000017	-0.093384	-0.000017	1.000028	-0.058350	
13	1.000042	0.000029	-0.195923	-0.000029	1.000042	-0.007645	
14	1.000010	0.000071	-0.574951	-0.000071	1.000010	0.000229	
15	1.000083	0.000036	0.436279	-0.000036	1.000083	-0.018234	
16	0.999974	0.000011	-0.054565	-0.000011	0.999974	-0.037842	
17	1.000033	0.000064	-0.168457	-0.000064	1.000033	0.035858	
18	0.999983	0.000085	-0.120605	-0.000085	0.999983	0.047089	
19	1.000053	0.000051	-0.882568	-0.000051	1.000053	0.013977	
20	0.999997	0.000136	-0.684937	-0.000136	0.999997	-0.039978	
21	1.000002	-0.000032	-0.572144	0.000032	1.000002	-0.034363	
22	0.999978	-0.000008	-1.335571	0.000008	0.999978	-0.026520	
23	1.000028	-0.000031	-0.216431	0.000031	1.000028	0.144073	
24	0.999945	0.000031	-0.915771	-0.000031	0.999945	0.174774	
25	0.999975	0.000006	-0.866089	-0.000006	0.999975	0.008743	
26	0.999994	0.000043	-1.198364	-0.000043	0.999994	0.204102	
27	0.999910	0.000035	-2.106689	-0.000035	0.999910	0.488861	
28	0.999954	-0.000025	-0.264526	0.000025	0.999954	-0.103973	
29	1.000039	-0.000006	-0.059937	0.000006	1.000039	0.174927	
30	0.999949	-0.000013	-0.454590	0.000013	0.999949	0.087296	
31	1.000003	-0.000008	-0.934814	0.000008	1.000003	-0.043396	
32	0.999982	0.000015	-0.444336	-0.000015	0.999982	0.099854	
33	1.000005	0.000009	-0.272095	-0.000009	1.000005	-0.055298	
34	1.000021	-0.000061	0.070557	0.000061	1.000021	-0.043884	
35	0.999998	-0.000053	0.379883	0.000053	0.999998	0.022690	
36	1.000096	-0.000017	0.062012	0.000017	1.000096	-0.032242	
37	0.999874	-0.000097	-0.327759	0.000097	0.999874	0.155411	
38	0.999947	0.000024	-0.545776	-0.000024	0.999947	-0.039200	
39	0.999949	0.000021	-0.058960	-0.000021	0.999949	-0.010696	
40	0.999994	0.000005	-0.026367	-0.000005	0.999994	-0.001785	
41	1.000020	0.000052	0.459839	-0.000052	1.000020	0.094666	
42	1.000001	-0.000064	0.449463	0.000064	1.000001	-0.076599	
43	0.999954	0.000027	-0.533936	-0.000027	0.999954	0.009048	
44	1.000018	-0.000003	0.387085	0.000003	1.000018	-0.150635	
45	1.000012	-0.000053	-0.017212	0.000053	1.000012	0.026917	
46	1.000017	-0.000056	-0.631348	0.000056	1.000017	-0.168915	
47	0.999978	0.000029	-0.387573	-0.000029	0.999978	-0.266647	
48	1.000024	-0.000049	-0.026855	0.000049	1.000024	0.020233	
49	0.999967	-0.000008	-0.606567	0.000008	0.999967	-0.220306	
50	1.000030	0.000012	0.248779	-0.000012	1.000030	-0.107178	
51	0.999988	-0.000038	-0.504272	0.000038	0.999988	-0.219696	
52	1.000025	0.000009	-0.707520	-0.000009	1.000025	0.006836	
53	0.999955	0.000069	-0.426392	-0.000069	0.999955	0.171829	
54	0.999998	-0.000017	-0.210815	0.000017	0.999998	0.016251	
55	0.999991	-0.000034	-0.528687	0.000034	0.999991	-0.215073	
56	0.999955	-0.000004	-0.739563	0.000004	0.999955	0.096527	
57	0.999965	0.000056	-0.211975	-0.000056	0.999965	0.096802	
58	1.000040	0.000012	0.270752	-0.000012	1.000040	0.003265	
59	0.999981	-0.000001	0.193970	0.000001	0.999981	0.010208	
60	1.000016	0.000016	-0.392944	-0.000016	1.000016	-0.007874	
61	1.000013	0.000001	-0.165405	-0.000001	1.000013	0.007431	
62	0.999988	-0.000023	-0.610962	0.000023	0.999988	-0.058380	
63	0.999954	-0.000010	0.057983	0.000010	0.999954	-0.014084	
64	1.000008	-0.000018	-0.188232	0.000018	1.000008	-0.037903	
65	0.999963	0.000011	-0.139893	-0.000011	0.999963	-0.000244	
66	0.999980	0.000051	-0.198853	-0.000051	0.999980	0.089630	
67	0.999969	0.000004	-0.644531	-0.000004	0.999969	-0.007736	
68	1.000025	0.000008	0.286865	-0.000008	1.000025	0.031845	
69	0.999958	0.000021	-0.250732	-0.000021	0.999958	0.174561	
70	1.000066	-0.000035	-1.694092	0.000035	1.000066	-0.167496	
71	0.999953	0.000113	-2.472778	-0.000113	0.999953	0.072113	
72	1.000038	0.000037	-1.228516	-0.000037	1.000038	-0.071655	
73	1.000006	0.000001	-1.946899	-0.000001	1.000006	-0.025757	
74	0.999922	0.000048	-2.599609	-0.000048	0.999922	0.260010	
75	0.999947	0.000122	-5.618286	-0.000122	0.999947	0.010391	
76	1.000016	-0.000025	-2.018311	0.000025	1.000016	-0.027496	
77	0.999958	-0.000030	-2.024292	0.000030	0.999958	-0.019791	
78	0.999952	0.000009	-2.186157	-0.000009	0.999952	0.032104	
79	0.999936	0.000017	-6.500000	-0.000017	0.999936	0.244949	
80	1.000013	0.000025	-3.489868	-0.000025	1.000013	0.019806	
81	0.999937	0.000023	-2.416016	-0.000023	0.999937	0.009033	
82	0.999950	-0.000010	-2.253418	0.000010	0.999950	0.038834	
83	0.999905	0.000043	-5.603882	-0.000043	0.999905	0.263840	
84	0.999980	0.000120	-2.115967	-0.000120	0.999980	0.097702	
85	0.999927	-0.000021	-2.565430	0.000021	0.999927	0.163025	
86	1.000050	0.000012	-3.728638	-0.000012	1.000050	-0.058456	
87	0.999896	0.000047	-6.440552	-0.000047	0.999896	0.223404	
88	0.999995	-0.000004	-3.329712	0.000004	0.999995	0.022186	
89	1.000006	-0.000000	-3.142944	0.000000	1.000006	0.058838	
90	1.000031	0.000016	-3.902710	-0.000016	1.000031	0.022842	
91	0.999925	0.000020	-6.790955	-0.000020	0.999925	0.212631	
92	0.999951	-0.000013	-4.003418	0.000013	0.999951	0.008835	
93	0.999964	0.000040	-3.090698	-0.000040	0.999964	0.040115	
94	0.999988	0.000015	-2.941223	-0.000015	0.999988	-0.008163	
95	0.999944	-0.000002	-7.731567	0.000002	0.999944	0.048126	
96	0.999980	0.000048	-3.308838	-0.000048	0.999980	0.251205	
97	0.999969	0.000033	-2.815430	-0.000033	0.999969	0.014145	
98	0.999991	-0.000036	-2.824097	0.000036	0.999991	-0.129333	
99	0.999940	0.000114	-6.168457	-0.000114	0.999940	0.121857	
100	1.000008	0.000072	-2.070679	-0.000072	1.000008	0.077728	
101	0.999988	0.000020	-1.443481	-0.000020	0.999988	0.052277	
102	0.999958	0.000026	-0.738647	-0.000026	0.999958	0.107819	
103	0.999951	-0.000040	-1.057556	0.000040	0.999951	-0.033218	
104	0.999994	0.000052	-0.759155	-0.000052	0.999994	0.071762	
105	0.999974	-0.000010	0.053040	0.000010	0.999974	-0.061646	
106	1.000024	0.000001	0.206909	-0.000001	1.000024	-0.072128	
107	1.000002	-0.000048	-0.663086	0.000048	1.000002	-0.053162	
108	0.999920	0.000061	-0.352539	-0.000061	0.999920	0.038559	
109	1.000015	-0.000026	0.026733	0.000026	1.000015	-0.011597	
110	0.999927	-0.000009	-0.787292	0.000009	0.999927	0.021103	
111	0.999990	0.000013	-0.897705	-0.000013	0.999990	0.060623	
112	0.999997	0.000033	0.059082	-0.000033	0.999997	0.045212	
113	1.000039	-0.000054	0.097534	0.000054	1.000039	-0.114944	
114	1.000027	0.000016	-0.328369	-0.000016	1.000027	0.023285	
115	0.999985	0.000044	-0.453613	-0.000044	0.999985	0.035370	
116	1.000064	0.000002	0.051270	-0.000002	1.000064	-0.078705	
117	1.000052	-0.000010	-0.000183	0.000010	1.000052	-0.144745	
118	1.000009	-0.000005	-0.183228	0.000005	1.000009	0.016724	
119	0.999981	-0.000045	-0.256348	0.000045	0.999981	0.035614	
120	0.999972	0.000024	0.094604	-0.000024	0.999972	0.015976	
121	1.000049	-0.000030	-0.151001	0.000030	1.000049	-0.028946	
122	0.999948	0.000019	-0.106873	-0.000019	0.999948	0.017365	
123	1.000071	-0.000001	0.361633	0.000001	1.000071	-0.159134	
124	1.000011	0.000033	-0.320923	-0.000033	1.000011	0.059570	
125	0.999985	0.000010	-0.432861	-0.000010	0.999985	0.121735	
126	1.000011	0.000008	-0.313843	-0.000008	1.000011	-0.019226	
127	1.000008	-0.000030	0.532349	0.000030	1.000008	-0.131516	
128	0.999956	0.000048	-0.552551	-0.000048	0.999956	0.230133	
129	0.999986	0.000017	0.072021	-0.000017	0.999986	0.182678	
130	0.999969	0.000051	-0.226868	-0.000051	0.999969	-0.003098	
131	1.000030	-0.000008	-0.436523	0.000008	1.000030	-0.059647	
132	0.999987	-0.000035	-0.489502	0.000035	0.999987	-0.275543	
133	1.000047	0.000133	-0.149353	-0.000133	1.000047	0.086105	
134	0.999997	0.000029	-0.534485	-0.000029	0.999997	-0.012253	
135	0.999999	0.000052	-0.933167	-0.000052	0.999999	0.107468	
136	0.999992	-0.000015	-0.237915	0.000015	0.999992	0.121155	
137	0.999991	-0.000022	-0.746094	0.000022	0.999991	0.047760	
138	0.999983	0.000013	-0.721619	-0.000013	0.999983	0.105484	
139	0.999948	-0.000005	-1.385620	0.000005	0.999948	0.007874	
140	0.999994	-0.000002	-0.780090	0.000002	0.999994	-0.003845	
141	1.000027	0.000017	-0.035950	-0.000017	1.000027	0.023346	
142	0.999952	0.000006	0.228210	-0.000006	0.999952	0.102509	
143	0.999967	0.000021	-0.422729	-0.000021	0.999967	0.024521	
144	1.000037	-0.000032	0.429260	0.000032	1.000037	0.109253	
145	0.999957	-0.000019	0.091553	0.000019	0.999957	0.036041	
146	0.999980	-0.000005	-0.659180	0.000005	0.999980	0.094177	
147	0.999964	0.000080	-2.039612	-0.000080	0.999964	0.190308	
148	0.999974	-0.000028	0.774353	0.000028	0.999974	0.172195	
149	1.000025	-0.000108	0.304443	0.000108	1.000025	-0.166672	
150	0.999998	-0.000031	-0.468201	0.000031	0.999998	-0.020645	
151	1.000006	-0.000008	0.552795	0.000008	1.000006	0.156601	
152	1.000019	-0.000016	0.542358	0.000016	1.000019	0.030121	
153	1.000016	-0.000032	0.520508	0.000032	1.000016	-0.012314	
154	1.000005	0.000022	0.064209	-0.000022	1.000005	0.277588	
155	1.000011	0.000004	0.324951	-0.000004	1.000011	-0.097839	
156	0.999989	-0.000070	-0.278442	0.000070	0.999989	-0.056229	
157	0.999911	0.000077	-0.050232	-0.000077	0.999911	-0.073792	
158	1.000015	-0.000016	0.021729	0.000016	1.000015	-0.046204	
159	0.999983	0.000028	-0.532837	-0.000028	0.999983	-0.032684	
160	0.999976	0.000003	0.009033	-0.000003	0.999976	0.046051	
161	0.999967	0.000017	0.409302	-0.000017	0.999967	0.244949	
162	0.999962	-0.000028	-0.325195	0.000028	0.999962	-0.190109	
163	1.000006	0.000060	-0.996033	-0.000060	1.000006	0.027328	
164	0.999977	0.000012	0.069458	-0.000012	0.999977	-0.083267	
165	1.000008	-0.000014	0.089661	0.000014	1.000008	-0.127182	
166	1.000001	-0.000023	0.037231	0.000023	1.000001	-0.091599	
167	1.000021	0.000076	0.688965	-0.000076	1.000021	0.190567	
168	0.999984	-0.000146	0.345154	0.000146	0.999984	-0.061600	
169	0.999910	0.000028	-0.269714	-0.000028	0.999910	-0.033630	
170	1.000008	0.000035	0.296814	-0.000035	1.000008	0.088715	
171	1.000013	-0.000019	0.284302	0.000019	1.000013	-0.076920	
172	1.000010	-0.000012	0.480652	0.000012	1.000010	-0.065796	
173	0.999971	-0.000121	0.673035	0.000121	0.999971	-0.091675	
174	1.000059	0.000080	0.230103	-0.000080	1.000059	-0.099472	
175	1.000014	0.000004	1.470398	-0.000004	1.000014	0.047531	
176	0.999959	0.000004	1.158569	-0.000004	0.999959	0.035675	
177	0.999988	-0.000011	1.311646	0.000011	0.999988	-0.001617	
178	0.999962	0.000026	1.778198	-0.000026	0.999962	0.068161	
179	1.000003	-0.000056	6.151794	0.000056	1.000003	-0.102768	
180	1.000097	-0.000052	3.464172	0.000052	1.000097	-0.363968	
181	1.000037	-0.000039	3.094360	0.000039	1.000037	-0.061646	
182	1.000099	-0.000111	3.516113	0.000111	1.000099	-0.100693	
183	1.000026	-0.000033	6.761169	0.000033	1.000026	-0.025803	
184	1.000007	-0.000022	3.429382	0.000022	1.000007	-0.131302	
185	1.000037	0.000006	3.157837	-0.000006	1.000037	-0.092896	
186	0.999980	-0.000007	3.574097	0.000007	0.999980	0.008469	
187	1.000108	-0.000042	6.165894	0.000042	1.000108	-0.081268	
188	1.000012	-0.000006	2.512329	0.000006	1.000012	-0.030136	
189	1.000012	0.000034	3.000366	-0.000034	1.000012	0.022568	
190	1.000022	-0.000069	3.093506	0.000069	1.000022	-0.062042	
191	1.000102	0.000005	3.593872	-0.000005	1.000102	-0.067322	
192	0.999994	-0.000029	2.315063	0.000029	0.999994	-0.075485	
193	1.000052	-0.000028	2.148560	0.000028	1.000052	-0.013153	
194	1.000000	0.000011	3.053345	-0.000011	1.000000	0.022720	
195	1.000041	-0.000043	6.892822	0.000043	1.000041	0.156647	
196	1.000058	0.000005	1.988647	-0.000005	1.000058	-0.151215	
197	1.000064	-0.000013	2.144775	0.000013	1.000064	0.015366	
198	1.000003	0.000023	1.442627	-0.000023	1.000003	0.099945	
199	1.000031	-0.000022	4.425293	0.000022	1.000031	-0.067596	
200	1.000052	-0.000001	3.278687	0.000001	1.000052	-0.024963	
201	1.000048	0.000008	2.922607	-0.000008	1.000048	-0.020569	
202	1.000036	0.000034	4.387329	-0.000034	1.000036	0.032303	
203	1.000151	-0.000136	8.768555	0.000136	1.000151	-0.474380	
204	1.000043	-0.000053	2.683838	0.000053	1.000043	-0.057449	
205	1.000033	-0.000063	2.276367	0.000063	1.000033	-0.066986	
206	1.000028	-0.000004	1.241333	0.000004	1.000028	-0.188446	
207	1.000074	0.000001	2.344727	-0.000001	1.000074	-0.199661	
208	1.000043	0.000036	1.244629	-0.000036	1.000043	-0.100357	
209	0.999998	-0.000031	1.030151	0.000031	0.999998	-0.073746	
210	0.999992	-0.000013	0.917358	0.000013	0.999992	0.018524	
211	1.000042	-0.000013	2.717163	0.000013	1.000042	-0.153809	
212	1.000039	-0.000006	1.370483	0.000006	1.000039	-0.075211	
213	1.000026	-0.000010	1.108887	0.000010	1.000026	-0.017456	
214	1.000038	0.000036	1.493774	-0.000036	1.000038	-0.114120	
215	0.999995	-0.000065	1.833252	0.000065	0.999995	0.062698	
216	1.000012	0.000016	0.989258	-0.000016	1.000012	0.203125	
217	1.000011	-0.000041	0.907837	0.000041	1.000011	-0.043716	
218	1.000031	-0.000019	1.067505	0.000019	1.000031	-0.225830	
219	1.000004	-0.000042	2.663818	0.000042	1.000004	-0.150299	
220	1.000055	0.000029	1.238770	-0.000029	1.000055	-0.131943	
221	0.999963	0.000006	1.479004	-0.000006	0.999963	0.198212	
222	1.000044	0.000006	1.901855	-0.000006	1.000044	-0.224564	
223	1.000057	-0.000027	4.855957	0.000027	1.000057	-0.025085	
224	1.000004	0.000003	2.801758	-0.000003	1.000004	-0.054169	
225	1.000084	0.000001	2.840454	-0.000001	1.000084	-0.130768	
226	1.000072	-0.000043	2.253052	0.000043	1.000072	-0.022400	
227	1.000021	-0.000037	4.078491	0.000037	1.000021	0.100540	
228	1.000042	-0.000002	1.992676	0.000002	1.000042	-0.168594	
229	1.000041	-0.000003	1.876831	0.000003	1.000041	-0.077103	
230	1.000022	0.000004	1.566895	-0.000004	1.000022	-0.035736	
231	1.000097	0.000020	1.812134	-0.000020	1.000097	-0.064667	
232	1.000025	0.000027	1.278442	-0.000027	1.000025	-0.001602	
233	1.000025	-0.000016	1.865723	0.000016	1.000025	-0.211090	
234	1.000124	-0.000026	2.272461	0.000026	1.000124	-0.242126	
235	1.000064	-0.000042	4.839478	0.000042	1.000064	-0.221405	
236	1.000039	-0.000038	2.352295	0.000038	1.000039	-0.057831	
237	1.000046	0.000054	2.209106	-0.000054	1.000046	-0.101212	
238	1.000055	-0.000023	2.019043	0.000023	1.000055	-0.054962	
239	1.000079	-0.000019	5.330566	0.000019	1.000079	-0.155777	
240	1.000079	-0.000038	2.578247	0.000038	1.000079	-0.215515	
241	1.000054	0.000022	2.171387	-0.000022	1.000054	0.079666	
242	0.999948	0.000005	3.310425	-0.000005	0.999948	0.264481	
243	1.000121	-0.000050	7.305542	0.000050	1.000121	-0.376907	
244	1.000068	-0.000071	4.396362	0.000071	1.000068	-0.121841	
245	1.000088	-0.000026	4.217773	0.000026	1.000088	-0.027374	
246	1.000079	0.000007	4.684937	-0.000007	1.000079	-0.027451	
247	1.000194	-0.000137	8.155396	0.000137	1.000194	-0.393204	
248	0.999997	0.000070	4.386963	-0.000070	0.999997	0.274628	
249	1.000006	-0.000066	5.334595	0.000066	1.000006	0.026642	
250	1.000054	-0.000100	4.487549	0.000100	1.000054	-0.323975	
251	1.000079	-0.000102	6.188232	0.000102	1.000079	-0.091965	
252	1.000048	-0.000024	1.214478	0.000024	1.000048	-0.233459	
253	1.000011	0.000015	1.635498	-0.000015	1.000011	0.102478	
254	0.999981	-0.000013	1.827393	0.000013	0.999981	-0.002151	
255	1.000047	-0.000028	6.025269	0.000028	1.000047	-0.026093	
256	0.999976	-0.000009	3.357666	0.000009	0.999976	0.006866	
257	1.000095	-0.000023	3.392700	0.000023	1.000095	-0.242569	
258	1.000003	-0.000001	2.809448	0.000001	1.000003	-0.017868	
259	1.000036	-0.000091	8.474365	0.000091	1.000036	-0.232513	
260	1.000018	0.000002	4.692505	-0.000002	1.000018	-0.180145	
261	1.000047	-0.000052	4.678589	0.000052	1.000047	-0.091339	
262	1.000051	-0.000127	3.548340	0.000127	1.000051	-0.338669	
263	1.000009	0.000009	8.274414	-0.000009	1.000009	-0.025833	
264	0.999989	0.000018	4.988831	-0.000018	0.999989	0.106491	
265	1.000062	-0.000079	5.559998	0.000079	1.000062	-0.163895	
266	0.999927	-0.000083	6.098450	0.000083	0.999927	-0.168182	
267	0.999937	-0.000012	10.679199	0.000012	0.999937	0.420395	
268	0.999984	0.000020	6.367676	-0.000020	0.999984	-0.202179	
269	0.999982	-0.000088	6.920654	0.000088	0.999982	-0.029556	
270	1.000018	-0.000025	5.765930	0.000025	1.000018	-0.120758	
271	0.999860	-0.000057	12.536438	0.000057	0.999860	-0.269501	
272	0.999947	-0.000063	7.031372	0.000063	0.999947	0.233429	
273	1.000025	-0.000079	6.409851	0.000079	1.000025	-0.272369	
274	0.999921	-0.000050	6.829346	0.000050	0.999921	-0.189865	
275	0.999915	-0.000110	12.742554	0.000110	0.999915	-0.166214	
276	1.000036	-0.000032	5.137268	0.000032	1.000036	-0.087494	
277	0.999940	-0.000022	6.135620	0.000022	0.999940	-0.022964	
278	0.999974	-0.000014	5.814331	0.000014	0.999974	0.143509	
279	0.999897	-0.000176	12.935608	0.000176	0.999897	-0.295578	
280	0.999968	0.000013	4.746338	-0.000013	0.999968	0.166504	
281	1.000003	-0.000050	4.957886	0.000050	1.000003	-0.240219	
282	0.999948	-0.000072	5.756714	0.000072	0.999948	-0.005264	
283	0.999833	-0.000064	10.559570	0.000064	0.999833	-0.050491	
284	1.000028	-0.000139	5.225708	0.000139	1.000028	-0.226364	
285	1.000006	-0.000037	4.555908	0.000037	1.000006	-0.194656	
286	0.999963	0.000005	5.079712	-0.000005	0.999963	0.090485	
287	0.999930	-0.000063	9.361023	0.000063	0.999930	0.120895	
288	0.999904	-0.000066	5.554688	0.000066	0.999904	0.125290	
289	0.999979	-0.000045	4.468994	0.000045	0.999979	-0.074753	
290	1.000007	-0.000052	4.959717	0.000052	1.000007	0.006561	
291	0.999925	-0.000049	10.743164	0.000049	0.999925	0.062180	
292	0.999971	-0.000137	5.084106	0.000137	0.999971	0.145416	
293	0.999935	-0.000005	4.907288	0.000005	0.999935	0.450104	
294	0.999974	-0.000037	4.981506	0.000037	0.999974	-0.016052	
295	0.999973	-0.000147	10.445190	0.000147	0.999973	-0.060638	
296	0.999896	-0.000027	5.010681	0.000027	0.999896	0.531372	
297	0.999953	-0.000082	5.373962	0.000082	0.999953	0.497131	
298	0.999918	-0.000021	5.402893	0.000021	0.999918	0.449936	
299	0.999926	-0.000106	13.213867	0.000106	0.999926	0.235184	
300	1.000037	-0.000125	5.608704	0.000125	1.000037	0.071609	
301	1.000015	-0.000017	5.982422	0.000017	1.000015	0.396210	
302	0.999990	-0.000080	6.856323	0.000080	0.999990	0.192474	
303	0.999893	-0.000138	12.860657	0.000138	0.999893	0.475647	
304	0.999920	-0.000045	5.512878	0.000045	0.999920	0.040100	
305	1.000008	-0.000072	3.478149	0.000072	1.000008	-0.110840	
306	0.999998	-0.000086	3.415833	0.000086	0.999998	0.151657	
307	1.000050	-0.000041	3.879395	0.000041	1.000050	0.200317	
308	0.999956	0.000010	1.859253	-0.000010	0.999956	0.199127	
309	1.000069	-0.000035	0.974060	0.000035	1.000069	0.041443	
310	1.000036	-0.000005	0.153137	0.000005	1.000036	-0.096405	
311	0.999979	-0.000028	0.845276	0.000028	0.999979	0.281631	
312	0.999985	0.000045	-0.294189	-0.000045	0.999985	0.158951	
313	0.999991	0.000040	0.028687	-0.000040	0.999991	0.319260	
314	0.999983	-0.000071	-0.022827	0.000071	0.999983	0.660187	
315	0.999986	0.000125	-0.550903	-0.000125	0.999986	0.522079	
316	1.000022	-0.000042	-0.198608	0.000042	1.000022	1.034332	
317	0.999927	-0.000017	-1.073730	0.000017	0.999927	0.179596	
318	1.000006	0.000076	-0.009033	-0.000076	1.000006	0.483414	
319	1.000001	-0.000013	-1.300476	0.000013	1.000001	1.226944	
320	1.000033	0.000078	-0.168762	-0.000078	1.000033	0.976959	
321	0.999929	-0.000025	-0.398010	0.000025	0.999929	0.623291	
322	1.000008	0.000001	-0.321960	-0.000001	1.000008	0.716202	
323	0.999964	0.000003	0.777039	-0.000003	0.999964	1.082764	
324	1.000037	0.000007	-0.292236	-0.000007	1.000037	0.300552	
325	0.999965	0.000032	-0.130432	-0.000032	0.999965	0.735580	
326	0.999953	-0.000004	-0.190491	0.000004	0.999953	0.078445	
327	1.000011	-0.000009	0.541809	0.000009	1.000011	0.527985	
328	0.999977	-0.000073	-0.729797	0.000073	0.999977	-0.175858	
329	1.000034	0.000062	-0.366272	-0.000062	1.000034	0.414261	
330	1.000016	-0.000015	-0.002014	0.000015	1.000016	0.536911	
331	1.000050	-0.000046	-2.346436	0.000046	1.000050	0.203171	
332	0.999975	0.000055	-1.475891	-0.000055	0.999975	0.825653	
333	0.999970	-0.000063	-0.745850	0.000063	0.999970	0.127075	
334	1.000019	0.000072	-0.807312	-0.000072	1.000019	0.219589	
335	0.999998	-0.000027	-2.851746	0.000027	0.999998	0.506210	
336	0.999996	0.000026	-1.685364	-0.000026	0.999996	0.383102	
337	0.999985	0.000036	-1.219238	-0.000036	0.999985	0.342026	
338	0.999957	-0.000018	-0.456177	0.000018	0.999957	0.130341	
339	1.000038	-0.000011	-4.670654	0.000011	1.000038	0.612274	
340	0.999999	0.000104	-1.608582	-0.000104	0.999999	0.261276	
341	1.000041	0.000018	-0.663330	-0.000018	1.000041	-0.003357	
342	0.999994	0.000014	-0.972839	-0.000014	0.999994	0.322510	
343	1.000020	-0.000041	-1.767700	0.000041	1.000020	0.319931	
344	1.000086	0.000078	-2.585266	-0.000078	1.000086	0.529160	
345	0.999965	0.000004	-2.625183	-0.000004	0.999965	0.289917	
346	0.999999	0.000064	-1.062439	-0.000064	0.999999	0.593246	
347	0.999968	-0.000041	-4.958191	0.000041	0.999968	0.379547	
348	0.999939	0.000034	-1.753235	-0.000034	0.999939	0.531097	
349	0.999989	-0.000041	-2.025757	0.000041	0.999989	0.099335	
350	1.000079	-0.000018	-2.899109	0.000018	1.000079	0.060806	
351	0.999977	0.000132	-5.964294	-0.000132	0.999977	1.424316	
352	0.999998	-0.000064	-2.530334	0.000064	0.999998	0.018661	
353	1.000019	0.000023	-3.573853	-0.000023	1.000019	0.234497	
354	1.000003	0.000038	-2.956360	-0.000038	1.000003	0.364655	
355	1.000001	0.000035	-5.049500	-0.000035	1.000001	0.470398	
356	0.999997	0.000007	-3.029358	-0.000007	0.999997	-0.053253	
357	1.000014	0.000037	-3.057739	-0.000037	1.000014	0.305023	
358	1.000019	-0.000018	-3.405212	0.000018	1.000019	0.493881	
359	1.000033	0.000126	-5.783813	-0.000126	1.000033	0.090332	
360	1.000028	-0.000032	-3.117554	0.000032	1.000028	0.432404	
361	0.999991	0.000064	-2.635559	-0.000064	0.999991	0.162354	
362	1.000073	0.000005	-2.220886	-0.000005	1.000073	0.104050	
363	1.000006	0.000064	-4.913452	-0.000064	1.000006	0.447784	
364	1.000027	-0.000012	-1.695496	0.000012	1.000027	0.024475	
365	1.000010	-0.000007	-2.199158	0.000007	1.000010	0.112579	
366	1.000025	0.000012	-2.644836	-0.000012	1.000025	0.307556	
367	0.999993	0.000094	-4.466736	-0.000094	0.999993	0.490005	
368	0.999979	-0.000047	-1.436584	0.000047	0.999979	0.373505	
369	1.000022	0.000015	-1.791565	-0.000015	1.000022	0.462936	
370	1.000012	0.000006	-2.298096	-0.000006	1.000012	0.019043	
371	0.999953	0.000021	-1.597656	-0.000021	0.999953	0.085449	
372	1.000028	-0.000049	-0.833008	0.000049	1.000028	-0.180191	
373	0.999996	0.000037	-0.068237	-0.000037	0.999996	0.204590	
374	1.000004	-0.000063	-0.191406	0.000063	1.000004	-0.395172	
375	0.999987	0.000043	0.426514	-0.000043	0.999987	0.160004	
376	1.000005	-0.000060	0.023254	0.000060	1.000005	-0.391785	
377	0.999978	0.000039	0.252869	-0.000039	0.999978	0.288727	
378	0.999986	-0.000010	0.090881	0.000010	0.999986	0.050186	
379	0.999971	0.000061	1.183289	-0.000061	0.999971	-0.104126	
380	1.000024	-0.000106	0.814880	0.000106	1.000024	-0.324966	
381	1.000008	0.000006	-0.240173	-0.000006	1.000008	-0.077698	
382	0.999959	-0.000016	0.069397	0.000016	0.999959	-0.095383	
383	1.000039	-0.000018	-0.268433	0.000018	1.000039	-0.117676	
384	0.999972	0.000018	-0.618652	-0.000018	0.999972	-0.030457	
385	0.999976	0.000065	-0.403076	-0.000065	0.999976	0.060623	
386	1.000001	0.000013	-0.190857	-0.000013	1.000001	-0.062973	
387	1.000006	-0.000049	0.234741	0.000049	1.000006	-0.004990	
388	0.999952	-0.000000	0.052307	0.000000	0.999952	0.034180	
389	0.999965	0.000013	0.482727	-0.000013	0.999965	0.381470	
390	0.999992	-0.000034	-0.597046	0.000034	0.999992	-0.106888	
391	0.999994	0.000009	0.017090	-0.000009	0.999994	-0.073593	
392	1.000014	-0.000032	0.157532	0.000032	1.000014	-0.024460	
393	1.000021	-0.000049	0.042297	0.000049	1.000021	-0.109177	
394	0.999973	0.000075	0.012512	-0.000075	0.999973	0.156540	
395	0.999986	-0.000034	0.033508	0.000034	0.999986	-0.078049	
396	0.999974	0.000015	0.034790	-0.000015	0.999974	0.014252	
397	1.000006	-0.000019	0.429199	0.000019	1.000006	-0.032379	
398	0.999930	0.000040	0.766479	-0.000040	0.999930	0.048737	
399	0.999991	-0.000053	1.616455	0.000053	0.999991	0.069077	
400	0.999999	-0.000031	-0.074036	0.000031	0.999999	0.015991	
401	0.999995	0.000021	0.069458	-0.000021	0.999995	0.021362	
402	1.000058	-0.000030	0.234009	0.000030	1.000058	-0.021637	
403	0.999959	-0.000100	2.034851	0.000100	0.999959	-0.290253	
404	1.000046	-0.000063	-0.329041	0.000063	1.000046	-0.278061	
405	0.999950	-0.000009	0.442932	0.000009	0.999950	-0.039780	
406	1.000048	-0.000107	-0.734802	0.000107	1.000048	-0.223297	
407	0.999951	0.000138	-0.635498	-0.000138	0.999951	-0.003494	
408	1.000047	-0.000107	-0.602722	0.000107	1.000047	-0.164780	
409	0.999910	-0.000118	0.743530	0.000118	0.999910	-0.546768	
410	1.000056	-0.000020	1.399902	0.000020	1.000056	0.182907	
411	0.999953	-0.000003	1.244263	0.000003	0.999953	0.049026	
412	1.000019	0.000058	1.235107	-0.000058	1.000019	0.101761	
413	0.999936	0.000012	-0.231628	-0.000012	0.999936	0.400482	
414	0.999954	0.000003	1.229187	-0.000003	0.999954	-0.383957	
415	1.000009	-0.000149	4.566772	0.000149	1.000009	0.180954	
416	1.000084	0.000008	-0.676025	-0.000008	1.000084	-0.115631	
417	0.999995	0.000089	-1.098206	-0.000089	0.999995	0.451309	
418	0.999998	0.000089	-1.214783	-0.000089	0.999998	0.186417	
419	0.999993	0.000120	-0.574280	-0.000120	0.999993	0.387375	
420	0.999980	0.000035	0.256531	-0.000035	0.999980	0.056519	
421	0.999997	0.000030	1.316345	-0.000030	0.999997	0.072678	
422	1.000046	-0.000032	0.640320	0.000032	1.000046	0.023941	
423	1.000041	-0.000050	-2.091003	0.000050	1.000041	-0.156784	
424	0.999996	0.000039	-0.641968	-0.000039	0.999996	0.191040	
425	1.000040	0.000003	-0.744934	-0.000003	1.000040	-0.323990	
426	1.000009	-0.000026	0.293762	0.000026	1.000009	0.076416	
427	0.999950	0.000070	0.644836	-0.000070	0.999950	0.399033	
428	0.999998	-0.000056	0.232483	0.000056	0.999998	-0.102509	
429	1.000006	-0.000041	0.815674	0.000041	1.000006	-0.099701	
430	1.000011	0.000021	0.781799	-0.000021	1.000011	0.063766	
431	0.999960	-0.000025	0.699402	0.000025	0.999960	0.116104	
432	1.000019	0.000009	1.068726	-0.000009	1.000019	0.811523	
433	0.999935	-0.000030	-0.690186	0.000030	0.999935	-0.159576	
434	0.999982	0.000053	0.155823	-0.000053	0.999982	0.103760	
435	1.000010	0.000014	1.140137	-0.000014	1.000010	0.356812	
436	0.999967	0.000025	1.347534	-0.000025	0.999967	0.214584	
437	0.999977	-0.000025	1.134338	0.000025	0.999977	0.055496	
438	1.000015	-0.000008	0.624023	0.000008	1.000015	0.059357	
439	0.999958	0.000019	3.192566	-0.000019	0.999958	0.507645	
440	0.999972	-0.000011	1.569824	0.000011	0.999972	0.088623	
441	0.999930	0.000012	2.605652	-0.000012	0.999930	0.225601	
442	1.000007	-0.000018	2.723572	0.000018	1.000007	0.021851	
443	0.999900	-0.000008	7.055725	0.000008	0.999900	0.149506	
444	1.000052	-0.000085	3.320496	0.000085	1.000052	-0.228851	
445	0.999972	-0.000039	2.972290	0.000039	0.999972	0.248917	
446	0.999982	0.000020	2.529785	-0.000020	0.999982	0.127289	
447	0.999926	-0.000056	4.406982	0.000056	0.999926	0.013657	
448	1.000027	-0.000044	2.294128	0.000044	1.000027	0.023346	
449	0.999995	-0.000015	1.429749	0.000015	0.999995	0.052185	
450	0.999984	0.000022	1.211243	-0.000022	0.999984	0.044510	
451	0.999964	-0.000095	3.651062	0.000095	0.999964	0.111206	
452	0.999968	0.000038	0.942078	-0.000038	0.999968	-0.007812	
453	1.000037	0.000007	1.266235	-0.000007	1.000037	0.064301	
454	1.000018	-0.000030	0.365967	0.000030	1.000018	0.307449	
455	0.999988	-0.000001	0.896362	0.000001	0.999988	0.261765	
456	1.000019	-0.000040	0.519409	0.000040	1.000019	-0.051727	
457	0.999981	0.000041	0.631104	-0.000041	0.999981	0.198334	
458	1.000027	-0.000036	0.752380	0.000036	1.000027	0.277298	
459	0.999944	-0.000009	1.620361	0.000009	0.999944	0.361328	
460	1.000038	-0.000025	0.750366	0.000025	1.000038	-0.040405	
461	0.999978	0.000010	0.532410	-0.000010	0.999978	0.019928	
462	1.000002	-0.000032	0.854004	0.000032	1.000002	-0.033813	
463	1.000027	-0.000012	0.474915	0.000012	1.000027	0.291595	
464	0.999958	0.000026	0.015686	-0.000026	0.999958	0.460495	
465	1.000018	-0.000046	-0.259216	0.000046	1.000018	-0.146225	
466	1.000019	0.000020	-0.084534	-0.000020	1.000019	0.270691	
467	0.999990	0.000007	-0.369995	-0.000007	0.999990	0.181885	
468	1.000033	-0.000010	0.305664	0.000010	1.000033	0.154541	
469	0.999978	0.000005	-0.541626	-0.000005	0.999978	0.287292	
470	1.000019	0.000007	-0.590759	-0.000007	1.000019	0.127731	
471	0.999965	0.000029	0.136963	-0.000029	0.999965	0.809937	
472	1.000033	-0.000083	0.149658	0.000083	1.000033	0.165756	
473	0.999980	0.000016	-0.775574	-0.000016	0.999980	0.235703	
474	1.000012	0.000054	-0.094910	-0.000054	1.000012	0.375473	
475	0.999999	-0.000021	0.317810	0.000021	0.999999	-0.147675	
476	1.000064	-0.000004	0.463196	0.000004	1.000064	-0.112259	
477	1.000031	-0.000019	-0.864624	0.000019	1.000031	0.195206	
478	1.000008	0.000059	-0.691589	-0.000059	1.000008	-0.099960	
479	1.000035	-0.000054	-0.063538	0.000054	1.000035	-0.240036	
480	0.999992	0.000019	-0.008118	-0.000019	0.999992	-0.000778	
481	1.000074	-0.000014	0.060852	0.000014	1.000074	-0.183151	
482	1.000014	0.000003	-0.702332	-0.000003	1.000014	-0.007904	
483	1.000019	-0.000002	-0.044739	0.000002	1.000019	-0.126923	
484	1.000031	-0.000018	-0.049866	0.000018	1.000031	-0.110489	
485	1.000011	0.000028	-0.354187	-0.000028	1.000011	0.005142	
486	1.000053	0.000008	-0.936829	-0.000008	1.000053	-0.139084	
487	1.000047	-0.000001	-1.789612	0.000001	1.000047	0.030502	
488	0.999983	-0.000002	-0.998474	0.000002	0.999983	0.016617	
489	1.000038	-0.000014	-1.524109	0.000014	1.000038	-0.026917	
490	1.000017	0.000039	-1.663757	-0.000039	1.000017	-0.187943	
491	1.000078	0.000010	-3.223145	-0.000010	1.000078	-0.060516	
492	1.000049	-0.000067	-1.730591	0.000067	1.000049	-0.196640	
493	1.000069	0.000033	-3.054932	-0.000033	1.000069	-0.248581	
494	1.000110	-0.000013	-2.993469	0.000013	1.000110	-0.192795	
495	1.000004	0.000057	-4.613586	-0.000057	1.000004	0.205566	
496	1.000042	-0.000020	-2.779114	0.000020	1.000042	-0.039932	
497	1.000004	-0.000014	-3.285950	0.000014	1.000004	-0.021790	
498	1.000065	-0.000066	-4.194763	0.000066	1.000065	-0.038956	
499	1.000072	0.000126	-8.264648	-0.000126	1.000072	-0.063126	
500	1.000113	-0.000055	-5.065430	0.000055	1.000113	-0.215561	
501	1.000106	0.000075	-6.261414	-0.000075	1.000106	-0.152451	
502	1.000076	-0.000005	-6.411255	0.000005	1.000076	0.017517	
503	1.000112	0.000088	-10.560974	-0.000088	1.000112	-0.337219	
504	1.000064	-0.000013	-6.353516	0.000013	1.000064	-0.113907	
505	1.000142	-0.000029	-7.929260	0.000029	1.000142	-0.101456	
506	1.000003	0.000131	-7.358887	-0.000131	1.000003	0.186234	
507	1.000312	0.000026	-15.569763	-0.000026	1.000312	-0.057312	
508	1.000107	-0.000020	-9.232727	0.000020	1.000107	-0.149658	
509	1.000039	0.000122	-9.211975	-0.000122	1.000039	0.136734	
510	1.000086	-0.000058	-8.946960	0.000058	1.000086	-0.188065	
511	1.000371	0.000217	-18.922913	-0.000217	1.000371	-0.761719	
512	1.000043	0.000002	-7.695923	-0.000002	1.000043	-0.261795	
513	1.000084	0.000020	-9.077698	-0.000020	1.000084	-0.972214	
514	1.000063	0.000091	-7.914246	-0.000091	1.000063	-0.506042	
515	1.000494	0.000019	-15.927002	-0.000019	1.000494	-1.342178	
516	1.000053	0.000159	-5.618042	-0.000159	1.000053	-0.654739	
517	1.000095	-0.000070	-5.604492	0.000070	1.000095	-1.111389	
518	1.000241	-0.000075	-7.803223	0.000075	1.000241	-1.722931	
519	1.000154	0.000133	-13.306030	-0.000133	1.000154	-1.229843	
520	1.000025	0.000038	-6.165222	-0.000038	1.000025	-0.533508	
521	1.000088	0.000030	-5.244141	-0.000030	1.000088	-0.709976	
522	1.000042	-0.000052	-5.335327	0.000052	1.000042	-1.207596	
523	1.000131	0.000075	-11.290039	-0.000075	1.000131	-2.206711	
524	1.000102	-0.000045	-7.778564	0.000045	1.000102	-0.919434	
525	0.999929	0.000085	-7.651367	-0.000085	0.999929	-0.311615	
526	1.000030	0.000125	-5.951538	-0.000125	1.000030	-0.295364	
527	1.000018	0.000011	-11.426636	-0.000011	1.000018	-1.825897	
528	0.999972	0.000095	-4.421692	-0.000095	0.999972	-0.177460	
529	0.999977	-0.000002	-4.464294	0.000002	0.999977	-0.439163	
530	1.000034	0.000058	-3.724121	-0.000058	1.000034	-1.231277	
531	1.000017	0.000064	-7.113586	-0.000064	1.000017	-0.447067	
532	1.000035	0.000035	-3.577698	-0.000035	1.000035	-0.548340	
533	1.000000	-0.000035	-4.265747	0.000035	1.000000	-0.395340	
534	1.000049	-0.000027	-5.863647	0.000027	1.000049	-0.862564	
535	0.999940	0.000195	-6.734009	-0.000195	0.999940	-0.085373	
536	0.999988	-0.000031	-2.567505	0.000031	0.999988	-0.675674	
537	1.000031	0.000122	-1.584473	-0.000122	1.000031	-0.270889	
538	0.999974	0.000053	-0.113647	-0.000053	0.999974	0.236450	
539	1.000035	-0.000013	0.118530	0.000013	1.000035	-0.997025	
540	1.000002	0.000054	1.103516	-0.000054	1.000002	0.366684	
541	1.000003	-0.000043	0.544800	0.000043	1.000003	-0.109451	
542	1.000041	-0.000017	0.685059	0.000017	1.000041	-0.274551	
543	0.999994	0.000039	0.238892	-0.000039	0.999994	0.395706	
544	0.999998	0.000041	0.070923	-0.000041	0.999998	0.102661	
545	0.999996	0.000014	0.004028	-0.000014	0.999996	0.019623	
546	1.000030	0.000042	0.273193	-0.000042	1.000030	0.081161	
547	1.000026	0.000034	0.562866	-0.000034	1.000026	0.029831	
548	1.000024	0.000024	1.153198	-0.000024	1.000024	0.011536	
549	1.000016	0.000017	-0.596924	-0.000017	1.000016	0.187469	
550	0.999929	0.000065	0.353638	-0.000065	0.999929	-0.028885	
551	1.000061	-0.000029	0.466248	0.000029	1.000061	-0.038498	
552	1.000028	0.000036	1.049011	-0.000036	1.000028	-0.017471	
553	0.999997	-0.000050	-0.080566	0.000050	0.999997	0.046036	
554	1.000006	0.000030	-0.507996	-0.000030	1.000006	-0.205521	
555	1.000035	-0.000031	-0.172485	0.000031	1.000035	0.033630	
556	0.999981	0.000068	-0.381714	-0.000068	0.999981	0.042786	
557	1.000019	0.000039	0.449097	-0.000039	1.000019	0.181503	
558	1.000014	-0.000007	0.837219	0.000007	1.000014	0.038712	
559	1.000033	-0.000003	0.909363	0.000003	1.000033	-0.022324	
560	0.999949	-0.000007	-0.114014	0.000007	0.999949	0.213867	
561	1.000003	0.000047	0.797729	-0.000047	1.000003	0.066742	
562	1.000002	-0.000039	1.282898	0.000039	1.000002	-0.120712	
563	1.000003	-0.000064	0.378601	0.000064	1.000003	-0.158585	
564	1.000007	0.000025	-0.074463	-0.000025	1.000007	0.064011	
565	1.000009	-0.000040	-0.282227	0.000040	1.000009	-0.077499	
566	1.000015	0.000057	0.209656	-0.000057	1.000015	0.128098	
567	0.999992	0.000002	1.238342	-0.000002	0.999992	-0.042267	
568	1.000011	0.000061	0.782898	-0.000061	1.000011	0.136154	
569	1.000010	-0.000082	-0.000244	0.000082	1.000010	-0.161438	
570	0.999945	0.000053	0.130249	-0.000053	0.999945	0.168991	
571	0.999950	0.000055	-0.222412	-0.000055	0.999950	0.079987	
572	0.999987	-0.000023	0.146790	0.000023	0.999987	-0.098434	
573	1.000029	-0.000022	0.097229	0.000022	1.000029	-0.029892	
574	0.999965	0.000034	-0.060242	-0.000034	0.999965	-0.055344	
575	1.000005	0.000002	-0.995056	-0.000002	1.000005	0.103806	
576	0.999911	0.000075	-0.301758	-0.000075	0.999911	0.125809	
577	1.000045	0.000055	0.520325	-0.000055	1.000045	0.067444	
578	0.999950	-0.000030	-0.459045	0.000030	0.999950	0.025467	
579	1.000015	-0.000019	-2.441223	0.000019	1.000015	0.206497	
580	0.999987	0.000029	-1.851257	-0.000029	0.999987	0.153519	
581	0.999951	-0.000014	-1.255615	0.000014	0.999951	0.383331	
582	0.999991	-0.000104	-2.009399	0.000104	0.999991	-0.297348	
583	0.999925	-0.000087	-5.974121	0.000087	0.999925	0.150146	
584	0.999931	-0.000024	-3.492920	0.000024	0.999931	-0.346649	
585	0.999956	-0.000019	-1.539185	0.000019	0.999956	0.018951	
586	1.000014	-0.000024	-3.015381	0.000024	1.000014	-0.081955	
587	0.999932	-0.000007	-4.972168	0.000007	0.999932	0.189301	
588	1.000032	-0.000022	-3.309082	0.000022	1.000032	-0.401794	
589	0.999885	0.000037	-2.107910	-0.000037	0.999885	0.151230	
590	1.000053	-0.000154	-0.908325	0.000154	1.000053	-0.054779	
591	0.999985	0.000011	-2.043945	-0.000011	0.999985	-0.067780	
592	0.999302	0.000061	-0.717896	-0.000061	0.999302	0.659912	
593	0.996614	0.000074	1.648315	-0.000074	0.996614	1.986404	
594	0.998381	-0.000181	0.325928	0.000181	0.998381	0.427597	
595	0.993111	0.000128	3.619934	-0.000128	0.993111	3.804962	
596	0.998252	-0.000122	0.552490	0.000122	0.998252	0.855606	
597	0.996576	0.000092	1.939636	-0.000092	0.996576	1.553711	
598	0.996743	0.000122	2.673340	-0.000122	0.996743	2.226776	
599	0.993292	0.000006	3.680603	-0.000006	0.993292	3.687927	
600	0.997674	0.000086	1.383484	-0.000086	0.997674	1.089661	
601	0.996217	-0.000146	2.830750	0.000146	0.996217	1.924362	
602	0.996446	0.000278	0.696289	-0.000278	0.996446	2.225739	
603	0.994394	-0.000129	2.125671	0.000129	0.994394	2.917572	
604	0.996697	0.000126	0.974487	-0.000126	0.996697	1.990479	
605	0.996351	-0.000112	2.474060	0.000112	0.996351	1.635635	
606	0.996619	0.000041	1.061157	-0.000041	0.996619	2.224411	
607	0.994113	0.000180	-0.155029	-0.000180	0.994113	4.066025	
608	0.996917	0.000023	1.644897	-0.000023	0.996917	1.828156	
609	0.997167	0.000059	-1.051880	-0.000059	0.997167	2.370209	
610	0.997878	0.000138	-2.305298	-0.000138	0.997878	1.465805	
611	0.999888	-0.000007	-4.545776	0.000007	0.999888	1.307098	
612	1.000069	-0.000009	-1.567993	0.000009	1.000069	0.247574	
613	0.999905	0.000066	-1.546448	-0.000066	0.999905	1.048401	
614	1.000031	-0.000081	-2.440613	0.000081	1.000031	1.128723	
615	0.999873	0.000053	-3.442993	-0.000053	0.999873	2.453644	
616	0.999898	0.000038	-1.064880	-0.000038	0.999898	1.531570	
617	0.999973	-0.000017	-1.634033	0.000017	0.999973	1.652328	
618	0.999853	-0.000002	-1.039307	0.000002	0.999853	1.271881	
619	0.999940	0.000059	-2.193237	-0.000059	0.999940	2.525955	
620	0.999991	0.000008	-0.460449	-0.000008	0.999991	0.083694	
621	1.000020	-0.000030	-0.230103	0.000030	1.000020	0.061691	
622	0.999972	0.000017	-1.045410	-0.000017	0.999972	0.344482	
623	0.999871	-0.000062	-0.897095	0.000062	0.999871	0.297195	
624	0.999870	0.000056	-0.407715	-0.000056	0.999870	0.181671	
625	1.000072	0.000073	0.451050	-0.000073	1.000072	0.326569	
626	0.999902	-0.000014	0.229797	0.000014	0.999902	1.080338	
627	0.999955	0.000043	0.585510	-0.000043	0.999955	0.667343	
628	0.999983	-0.000014	-0.075623	0.000014	0.999983	0.888824	
629	0.999945	-0.000048	-0.421082	0.000048	0.999945	-0.076874	
630	1.000089	0.000102	-0.094971	-0.000102	1.000089	0.540863	
631	0.999954	-0.000081	-1.099670	0.000081	0.999954	0.265518	
632	0.999945	0.000052	-0.085022	-0.000052	0.999945	0.547852	
633	0.999987	-0.000005	0.173767	0.000005	0.999987	0.781250	
634	0.999925	-0.000043	-0.913513	0.000043	0.999925	0.206787	
635	1.000104	0.000093	-0.714661	-0.000093	1.000104	0.225693	
636	0.999995	-0.000016	0.260620	0.000016	0.999995	0.228546	
637	0.999899	0.000004	0.039062	-0.000004	0.999899	0.625916	
638	1.000020	0.000026	-3.032593	-0.000026	1.000020	-0.212036	
639	1.000066	0.000029	-0.428467	-0.000029	1.000066	1.145218	
640	0.999963	-0.000011	-1.298035	0.000011	0.999963	-0.187103	
641	1.000033	0.000089	1.098877	-0.000089	1.000033	0.293488	
642	0.999909	-0.000176	-0.508057	0.000176	0.999909	-0.023514	
643	1.000050	0.000031	-2.741516	-0.000031	1.000050	0.100067	
644	1.000090	0.000038	-1.653992	-0.000038	1.000090	0.259857	
645	0.999977	0.000020	-0.840027	-0.000020	0.999977	0.370255	
646	1.000064	-0.000027	-1.598267	0.000027	1.000064	-0.164597	
647	0.999876	0.000027	-1.644775	-0.000027	0.999876	0.080856	
648	0.999991	0.000067	-0.823730	-0.000067	0.999991	0.072388	
649	0.999980	0.000019	0.061401	-0.000019	0.999980	-0.055923	
650	0.999935	-0.000014	-1.252686	0.000014	0.999935	0.048935	
651	1.000015	0.000017	-3.144958	-0.000017	1.000015	-0.050888	
652	1.000076	0.000081	-3.205627	-0.000081	1.000076	0.097702	
653	0.999918	-0.000020	-1.717163	0.000020	0.999918	0.175415	
654	1.000034	-0.000045	-0.747620	0.000045	1.000034	-0.081741	
655	1.000076	0.000145	-1.510071	-0.000145	1.000076	0.136185	
656	0.999880	-0.000017	-0.699097	0.000017	0.999880	0.062836	
657	1.000001	-0.000001	-1.331970	0.000001	1.000001	0.094055	
658	0.999956	-0.000034	-1.687378	0.000034	0.999956	0.123596	
659	0.999870	0.000119	-2.916809	-0.000119	0.999870	0.768646	
660	0.999980	-0.000099	-0.794312	0.000099	0.999980	-0.049011	
661	0.999888	-0.000070	-0.722290	0.000070	0.999888	-0.137085	
662	1.000000	0.000015	-1.419495	-0.000015	1.000000	0.184677	
663	0.999993	0.000156	-4.267700	-0.000156	0.999993	0.326828	
664	0.999978	-0.000048	-1.497498	0.000048	0.999978	0.047897	
665	1.000056	0.000021	-2.439941	-0.000021	1.000056	-0.082657	
666	0.999829	-0.000028	-1.578552	0.000028	0.999829	0.324112	
667	0.999979	0.000083	-2.885742	-0.000083	0.999979	0.981277	
668	1.000032	-0.000047	-2.446289	0.000047	1.000032	-0.364929	
669	0.999962	0.000065	-0.816162	-0.000065	0.999962	0.579178	
670	1.000014	-0.000102	-1.871643	0.000102	1.000014	0.176834	
671	0.999974	0.000069	-3.593628	-0.000069	0.999974	0.220932	
672	1.000020	-0.000019	-2.429565	0.000019	1.000020	0.268402	
673	1.000022	-0.000047	-2.513550	0.000047	1.000022	-0.400742	
674	1.000011	-0.000028	-2.846924	0.000028	1.000011	0.193909	
675	0.999879	0.000010	-6.408081	-0.000010	0.999879	0.074707	
676	0.999963	-0.000073	-2.649780	0.000073	0.999963	-0.141769	
677	0.999901	-0.000077	-3.218872	0.000077	0.999901	-0.066177	
678	1.000052	0.000049	-3.171631	-0.000049	1.000052	-0.290802	
679	0.999975	-0.000055	-4.200806	0.000055	0.999975	-0.505035	
680	0.999886	0.000053	-2.217529	-0.000053	0.999886	0.001816	
681	1.000072	-0.000024	-2.323608	0.000024	1.000072	-0.215393	
682	0.999798	0.000052	-2.247070	-0.000052	0.999798	0.296082	
683	1.000025	-0.000032	-6.849487	0.000032	1.000025	-0.328186	
684	0.999972	0.000069	-4.694641	-0.000069	0.999972	-0.257126	
685	0.999814	-0.000032	-4.257690	0.000032	0.999814	0.105408	
686	0.999950	-0.000034	-4.311646	0.000034	0.999950	-0.570541	
687	0.999860	0.000036	-8.800049	-0.000036	0.999860	-0.281097	
688	1.000023	0.000004	-3.251221	-0.000004	1.000023	-0.659988	
689	1.000052	0.000073	-3.403320	-0.000073	1.000052	-0.264496	
690	0.999956	-0.000004	-2.322998	0.000004	0.999956	-0.395599	
691	1.000064	-0.000084	-4.813843	0.000084	1.000064	-0.694550	
692	0.999928	-0.000058	-2.782104	0.000058	0.999928	-0.643616	
693	0.999966	-0.000011	-2.802002	0.000011	0.999966	-0.673996	
694	1.000044	0.000072	-3.130249	-0.000072	1.000044	-0.704590	
695	0.999992	0.000023	-6.261047	-0.000023	0.999992	-0.981735	
696	0.999993	-0.000037	-1.965576	0.000037	0.999993	-0.393509	
697	1.000008	0.000044	-2.339844	-0.000044	1.000008	-0.410004	
698	0.999923	0.000024	-1.930054	-0.000024	0.999923	-0.451355	
699	1.000040	-0.000024	-3.052795	0.000024	1.000040	-0.906250	
700	1.000022	0.000026	-0.632385	-0.000026	1.000022	-0.314621	
701	0.999921	0.000001	-0.436462	-0.000001	0.999921	-0.298996	
702	1.000115	0.000046	-1.371033	-0.000046	1.000115	-0.434830	
703	1.000054	-0.000007	-0.697632	0.000007	1.000054	-0.538956	
704	0.999921	0.000030	0.548218	-0.000030	0.999921	-0.138870	
705	1.000089	-0.000089	0.575623	0.000089	1.000089	-0.668427	
706	0.999917	-0.000060	-0.021790	0.000060	0.999917	-1.080627	
707	0.999946	-0.000024	0.110229	0.000024	0.999946	-1.210358	
708	1.000069	0.000078	-0.385254	-0.000078	1.000069	-0.654556	
709	0.999857	-0.000021	0.231812	0.000021	0.999857	-0.026276	
710	1.000044	-0.000012	0.365723	0.000012	1.000044	-0.621597	
711	1.000083	0.000092	0.426392	-0.000092	1.000083	-0.207245	
712	1.000033	-0.000015	0.413879	0.000015	1.000033	-0.176498	
713	1.000007	-0.000023	0.217285	0.000023	1.000007	-0.520615	
714	0.999929	0.000031	-0.056641	-0.000031	0.999929	0.251740	
715	1.000024	0.000030	-1.221497	-0.000030	1.000024	-0.397079	
716	1.000115	-0.000017	0.214355	0.000017	1.000115	-0.129959	
717	0.999903	0.000082	-0.936035	-0.000082	0.999903	0.333450	
718	1.000004	0.000035	0.617188	-0.000035	1.000004	0.038605	
719	0.999990	-0.000094	0.896240	0.000094	0.999990	-0.093903	
720	0.999945	0.000045	-0.133423	-0.000045	0.999945	0.037079	
721	1.000040	0.000042	0.142212	-0.000042	1.000040	-0.060944	
722	0.999884	-0.000006	-0.386475	0.000006	0.999884	0.057022	
723	0.999994	0.000090	-0.323486	-0.000090	0.999994	-0.351898	
724	1.000099	-0.000046	-0.187866	0.000046	1.000099	-0.385391	
725	1.000014	0.000048	-0.799683	-0.000048	1.000014	0.174713	
726	1.000064	-0.000019	0.011353	0.000019	1.000064	-0.340454	
727	1.000075	0.000003	0.044556	-0.000003	1.000075	-0.235794	
728	1.000005	-0.000080	0.171814	0.000080	1.000005	-0.272156	
729	1.000071	0.000067	-0.912109	-0.000067	1.000071	0.105667	
730	0.999951	0.000035	-0.669250	-0.000035	0.999951	0.261978	
731	1.000006	0.000092	-1.350464	-0.000092	1.000006	0.323059	
732	0.999978	-0.000016	-0.349182	0.000016	0.999978	-0.227631	
733	0.999941	-0.000036	-0.471436	0.000036	0.999941	0.263992	
734	1.000041	0.000013	-1.746704	-0.000013	1.000041	-0.052124	
735	1.000037	0.000019	-0.530090	-0.000019	1.000037	0.099258	
736	0.999953	-0.000053	-0.712891	0.000053	0.999953	-0.184708	
737	1.000009	0.000056	-0.359619	-0.000056	1.000009	-0.032730	
738	1.000006	-0.000050	0.433411	0.000050	1.000006	-0.031128	
739	0.999933	-0.000001	-0.674255	0.000001	0.999933	0.211105	
740	1.000099	0.000047	0.254333	-0.000047	1.000099	0.010422	
741	1.000009	-0.000010	0.544067	0.000010	1.000009	0.101562	
742	1.000108	-0.000039	0.646423	0.000039	1.000108	-0.325409	
743	0.999885	0.000098	-1.110596	-0.000098	0.999885	0.417450	
744	1.000005	0.000029	-0.459229	-0.000029	1.000005	-0.037003	
745	1.000139	-0.000002	0.058044	0.000002	1.000139	-0.004547	
746	0.999877	-0.000020	-0.027100	0.000020	0.999877	0.145264	
747	0.999979	0.000104	-1.148743	-0.000104	0.999979	0.160721	
748	1.000096	0.000013	-1.207458	-0.000013	1.000096	-0.208130	
749	0.999887	0.000028	-0.539978	-0.000028	0.999887	0.163055	
750	0.999990	-0.000025	-0.960144	0.000025	0.999990	0.108444	
751	0.999938	0.000065	-2.870728	-0.000065	0.999938	-0.025360	
752	0.999902	0.000013	-0.842407	-0.000013	0.999902	0.023712	
753	1.000011	0.000054	-2.285217	-0.000054	1.000011	0.109161	
754	1.000010	-0.000004	-1.387695	0.000004	1.000010	-0.050507	
755	1.000012	0.000033	-3.392090	-0.000033	1.000012	-0.044159	
756	1.000080	0.000030	-1.402222	-0.000030	1.000080	-0.070084	
757	1.000029	0.000010	-1.121460	-0.000010	1.000029	-0.023621	
758	1.000028	-0.000079	-1.114258	0.000079	1.000028	-0.166702	
759	0.999961	0.000029	-3.045532	-0.000029	0.999961	0.136017	
760	0.999908	0.000034	-1.353394	-0.000034	0.999908	0.112839	
761	0.999996	-0.000040	-0.388794	0.000040	0.999996	0.055176	
762	0.999939	-0.000054	-1.108521	0.000054	0.999939	0.009354	
763	0.999911	-0.000004	-2.843018	0.000004	0.999911	0.282669	
764	1.000059	0.000019	-2.609009	-0.000019	1.000059	-0.019592	
765	0.999999	0.000104	-1.059326	-0.000104	0.999999	0.290771	
766	0.999956	-0.000130	-1.523926	0.000130	0.999956	-0.425034	
767	1.000081	0.000083	-3.329895	-0.000083	1.000081	0.206284	
768	1.000011	-0.000067	-1.623657	0.000067	1.000011	-0.270599	
769	1.000042	-0.000071	-2.054321	0.000071	1.000042	-0.195984	
770	0.999972	0.000021	-1.968384	-0.000021	0.999972	0.064514	
771	0.999948	0.000001	-3.388184	-0.000001	0.999948	-0.080872	
772	1.000079	0.000055	-2.485107	-0.000055	1.000079	0.149551	
773	0.999900	-0.000023	-2.511719	0.000023	0.999900	-0.039795	
774	0.999979	-0.000027	-1.594482	0.000027	0.999979	-0.014816	
775	0.999957	-0.000021	-4.858398	0.000021	0.999957	-0.277832	
776	0.999981	0.000005	-1.931030	-0.000005	0.999981	0.051712	
777	0.999971	0.000009	-2.388062	-0.000009	0.999971	0.053207	
778	0.999978	0.000019	-1.899902	-0.000019	0.999978	-0.057022	
779	0.999939	-0.000014	-3.975098	0.000014	0.999939	0.124771	
780	0.999988	0.000003	-1.759644	-0.000003	0.999988	-0.105774	
781	0.999999	-0.000055	-1.115479	0.000055	0.999999	-0.345291	
782	0.999978	-0.000020	-0.792969	0.000020	0.999978	0.112961	
783	0.999906	-0.000011	-2.020264	0.000011	0.999906	-0.039856	
784	0.999959	0.000036	-0.211548	-0.000036	0.999959	0.225296	
785	1.000057	0.000009	-1.183228	-0.000009	1.000057	-0.307007	
786	1.000017	0.000002	-0.609741	-0.000002	1.000017	-0.037796	
787	1.000023	-0.000027	-0.165527	0.000027	1.000023	-0.056854	
788	1.000025	-0.000038	-0.264160	0.000038	1.000025	-0.032944	
789	0.999828	0.000067	-0.536377	-0.000067	0.999828	0.239243	
790	1.000011	0.000005	-1.117676	-0.000005	1.000011	-0.146057	
791	1.000020	-0.000082	0.473389	0.000082	1.000020	-0.182785	
792	1.000005	0.000011	-0.713745	-0.000011	1.000005	-0.296005	
793	1.000047	-0.000001	0.063354	0.000001	1.000047	-0.084076	
794	1.000006	-0.000004	0.057861	0.000004	1.000006	-0.049088	
795	1.000036	-0.000011	0.604492	0.000011	1.000036	-0.111572	
796	1.000063	-0.000081	-0.035645	0.000081	1.000063	-0.517059	
797	1.000088	0.000007	0.366089	-0.000007	1.000088	-0.275558	
798	0.999995	-0.000003	0.343628	0.000003	0.999995	-0.015762	
799	0.999940	0.000040	0.683228	-0.000040	0.999940	-0.189590	
800	0.999967	-0.000055	0.729858	0.000055	0.999967	-0.388290	
801	1.000117	0.000019	0.548584	-0.000019	1.000117	-0.336548	
802	1.000016	-0.000026	1.042236	0.000026	1.000016	-0.277176	
803	1.000061	-0.000052	2.514343	0.000052	1.000061	-0.556549	
804	1.000059	0.000082	1.728394	-0.000082	1.000059	-0.105408	
805	1.000020	-0.000008	1.745483	0.000008	1.000020	-0.380142	
806	1.000039	-0.000011	2.358765	0.000011	1.000039	-0.426208	
807	1.000065	-0.000020	7.751587	0.000020	1.000065	-0.541718	
808	0.999975	-0.000044	3.282349	0.000044	0.999975	-0.497726	
809	1.000190	0.000003	1.738647	-0.000003	1.000190	-0.774506	
810	0.999990	0.000050	2.273926	-0.000050	0.999990	-0.351746	
811	1.000219	-0.000081	3.652344	0.000081	1.000219	-2.533691	
812	1.000211	0.000075	3.010864	-0.000075	1.000211	-1.474167	
813	0.999927	-0.000023	3.366211	0.000023	0.999927	-0.795639	
814	1.000205	-0.000045	2.667358	0.000045	1.000205	-1.501556	
815	1.000106	0.000005	3.036499	-0.000005	1.000106	-1.201797	
816	0.999961	0.000008	1.013672	-0.000008	0.999961	-0.500473	
817	1.000052	-0.000013	1.148926	0.000013	1.000052	-0.811356	
818	1.000069	0.000060	1.698853	-0.000060	1.000069	-0.810730	
819	1.000092	-0.000057	4.048584	0.000057	1.000092	-0.821167	
820	1.000033	-0.000050	1.800171	0.000050	1.000033	-0.497223	
821	0.999934	-0.000020	1.476074	0.000020	0.999934	-0.320709	
822	1.000002	-0.000026	1.189453	0.000026	1.000002	-0.459549	
823	1.000063	0.000050	2.723022	-0.000050	1.000063	-0.452103	
824	1.000077	0.000045	2.734375	-0.000045	1.000077	-0.317795	
825	1.000116	-0.000078	2.729675	0.000078	1.000116	-0.526978	
826	1.000075	0.000027	2.431396	-0.000027	1.000075	-0.453857	
827	1.000171	-0.000009	5.686890	0.000009	1.000171	-0.179916	
828	1.000166	0.000026	3.040283	-0.000026	1.000166	-0.473450	
829	0.999988	-0.000038	3.493958	0.000038	0.999988	-0.064285	
830	1.000092	-0.000020	1.981628	0.000020	1.000092	-0.060516	
831	0.999960	-0.000031	5.244202	0.000031	0.999960	-0.109207	
832	1.000056	0.000108	2.389832	-0.000108	1.000056	-0.005173	
833	1.000054	-0.000038	3.049744	0.000038	1.000054	-0.238037	
834	0.999971	0.000028	3.079285	-0.000028	0.999971	0.117706	
835	1.000043	-0.000105	6.588501	0.000105	1.000043	-0.186340	
836	1.000069	0.000043	3.249634	-0.000043	1.000069	0.128830	
837	0.999954	-0.000013	3.410400	0.000013	0.999954	0.087692	
838	1.000123	-0.000064	3.018921	0.000064	1.000123	-0.413574	
839	1.000062	0.000035	6.442688	-0.000035	1.000062	0.286575	
840	1.000041	0.000016	3.167480	-0.000016	1.000041	-0.170120	
841	1.000171	0.000033	3.723938	-0.000033	1.000171	0.028030	
842	0.999925	-0.000042	3.257446	0.000042	0.999925	0.418549	
843	1.000179	-0.000064	6.606567	0.000064	1.000179	-0.309921	
844	1.000039	0.000004	3.342163	-0.000004	1.000039	0.041245	
845	0.999971	0.000007	2.898193	-0.000007	0.999971	0.086700	
846	1.000002	-0.000029	2.791626	0.000029	1.000002	0.036362	
847	1.000041	-0.000077	3.932007	0.000077	1.000041	-0.101227	
848	1.000045	0.000110	2.064087	-0.000110	1.000045	0.138565	
849	1.000082	-0.000018	2.747437	0.000018	1.000082	-0.148926	
850	1.000028	-0.000113	2.905518	0.000113	1.000028	-0.404388	
851	1.000112	0.000025	4.569824	-0.000025	1.000112	-0.029465	
852	1.000144	0.000023	1.915344	-0.000023	1.000144	-0.245529	
853	0.999941	0.000005	3.346558	-0.000005	0.999941	0.303391	
854	1.000111	-0.000010	2.836121	0.000010	1.000111	-0.276291	
855	1.000146	-0.000073	2.846802	0.000073	1.000146	-0.330475	
856	0.999929	-0.000028	0.913696	0.000028	0.999929	0.044067	
857	1.000158	0.000097	0.685608	-0.000097	1.000158	0.026657	
858	0.999992	-0.000038	-0.074768	0.000038	0.999992	-0.005295	
859	0.999938	0.000127	-0.428772	-0.000127	0.999938	0.364380	
860	1.000002	0.000039	0.236816	-0.000039	1.000002	0.209778	
861	1.000015	0.000063	-0.008667	-0.000063	1.000015	0.252975	
862	1.000040	-0.000007	-0.075256	0.000007	1.000040	-0.022247	
863	1.000077	0.000029	-0.150757	-0.000029	1.000077	-0.090424	
864	1.000041	0.000028	0.849854	-0.000028	1.000041	-0.019745	
865	1.000014	-0.000073	0.564697	0.000073	1.000014	-0.003372	
866	0.999922	-0.000017	0.070984	0.000017	0.999922	0.312027	
867	0.999963	-0.000004	-0.129456	0.000004	0.999963	0.330597	
868	1.000100	0.000099	-0.271606	-0.000099	1.000100	0.240891	
869	1.000010	-0.000025	0.200195	0.000025	1.000010	0.177994	
870	1.000114	0.000134	-1.151245	-0.000134	1.000114	0.323074	
871	0.999898	0.000087	0.234619	-0.000087	0.999898	0.205048	
872	0.999955	-0.000024	-0.301758	0.000024	0.999955	0.166656	
873	1.000012	0.000013	-0.182251	-0.000013	1.000012	-0.241577	
874	0.999967	0.000052	0.306396	-0.000052	0.999967	0.293365	
875	0.999925	-0.000014	0.190735	0.000014	0.999925	-0.005066	
876	1.000071	0.000029	0.725037	-0.000029	1.000071	-0.025055	
877	0.999898	-0.000077	0.357300	0.000077	0.999898	0.101120	
878	1.000082	0.000000	-0.632935	-0.000000	1.000082	-0.189743	
879	0.999967	0.000062	0.374023	-0.000062	0.999967	0.176453	
880	1.000019	-0.000081	0.113342	0.000081	1.000019	-0.207321	
881	1.000011	0.000011	0.131042	-0.000011	1.000011	0.194534	
882	0.999987	0.000079	0.782837	-0.000079	0.999987	0.079819	
883	0.999863	-0.000004	2.179688	0.000004	0.999863	0.260132	
884	1.000014	-0.000083	0.180786	0.000083	1.000014	-0.049469	
885	0.999877	0.000074	1.192383	-0.000074	0.999877	0.189957	
886	1.000055	-0.000033	1.483643	0.000033	1.000055	-0.118103	
887	1.000131	0.000087	2.720337	-0.000087	1.000131	0.073822	
888	0.999887	0.000047	3.717102	-0.000047	0.999887	0.519989	
889	1.000102	-0.000059	4.804443	0.000059	1.000102	-0.186676	
890	1.000070	-0.000036	4.053955	0.000036	1.000070	-0.136673	
891	1.000042	-0.000045	7.246399	0.000045	1.000042	0.373169	
892	1.000039	-0.000022	4.639099	0.000022	1.000039	0.055588	
893	0.999934	-0.000002	5.524048	0.000002	0.999934	0.305527	
894	1.000059	-0.000036	5.209290	0.000036	1.000059	0.463196	
895	1.000096	-0.000094	10.643799	0.000094	1.000096	0.406540	
896	0.999998	-0.000078	2.626099	0.000078	0.999998	0.217484	
897	1.000080	-0.000075	2.513123	0.000075	1.000080	-0.118622	
898	0.999971	0.000067	2.834839	-0.000067	0.999971	0.651566	
899	1.000059	-0.000032	8.236023	0.000032	1.000059	0.437363	
900	1.000041	-0.000093	3.121460	0.000093	1.000041	0.208923	
901	0.999964	-0.000032	2.549316	0.000032	0.999964	0.318710	
902	1.000082	-0.000109	1.736816	0.000109	1.000082	0.053787	
903	1.000038	0.000037	2.896606	-0.000037	1.000038	0.418884	
904	1.000003	-0.000007	2.738342	0.000007	1.000003	0.130905	
905	1.000032	-0.000013	2.699280	0.000013	1.000032	0.130753	
906	0.999843	-0.000017	3.975098	0.000017	0.999843	0.494125	
907	1.000079	-0.000082	5.673950	0.000082	1.000079	0.280579	
908	1.000053	-0.000014	2.849121	0.000014	1.000053	0.173431	
909	0.999936	-0.000085	2.794006	0.000085	0.999936	0.065231	
910	1.000112	-0.000007	2.102112	0.000007	1.000112	0.184769	
911	0.999967	0.000013	5.801453	-0.000013	0.999967	0.512589	
912	0.999938	-0.000077	2.863159	0.000077	0.999938	0.326248	
913	1.000060	0.000022	3.352478	-0.000022	1.000060	0.132019	
914	0.999885	-0.000063	3.554138	0.000063	0.999885	0.347321	
915	1.000013	-0.000044	6.912720	0.000044	1.000013	0.758698	
916	1.000167	0.000005	2.567139	-0.000005	1.000167	-0.027359	
917	1.000040	-0.000004	2.568787	0.000004	1.000040	0.487595	
918	1.000038	0.000026	2.277405	-0.000026	1.000038	0.090347	
919	1.000144	-0.000029	3.740601	0.000029	1.000144	0.215027	
920	0.999934	0.000018	2.729614	-0.000018	0.999934	0.535553	
921	1.000111	0.000013	2.261597	-0.000013	1.000111	0.118546	
922	0.999921	-0.000051	2.799194	0.000051	0.999921	0.337769	
923	0.999998	-0.000021	3.534546	0.000021	0.999998	0.864471	
924	1.000135	-0.000027	1.691772	0.000027	1.000135	-0.071289	
925	0.999924	-0.000049	1.470764	0.000049	0.999924	0.080597	
926	1.000030	0.000012	1.170105	-0.000012	1.000030	0.122772	
927	1.000017	-0.000040	2.338989	0.000040	1.000017	0.196976	
928	1.000033	-0.000008	0.438416	0.000008	1.000033	0.004715	
929	1.000005	0.000004	0.433228	-0.000004	1.000005	0.041977	
930	0.999976	0.000002	0.647400	-0.000002	0.999976	0.296707	
931	1.000010	-0.000021	0.993225	0.000021	1.000010	0.128265	
932	1.000027	-0.000011	1.257507	0.000011	1.000027	0.112122	
933	1.000027	0.000001	0.582581	-0.000001	1.000027	0.040588	
934	1.000042	-0.000012	0.244934	0.000012	1.000042	-0.158798	
935	0.999956	-0.000023	0.614624	0.000023	0.999956	0.253448	
936	0.999908	0.000059	1.249390	-0.000059	0.999908	0.255798	
937	1.000086	-0.000017	2.643188	0.000017	1.000086	0.047791	
938	1.000003	-0.000028	1.224548	0.000028	1.000003	-0.081863	
939	0.999974	0.000038	3.103088	-0.000038	0.999974	0.696640	
940	0.999985	-0.000079	1.791016	0.000079	0.999985	0.018723	
941	0.999911	-0.000021	2.139526	0.000021	0.999911	0.356216	
942	0.999975	0.000014	1.125977	-0.000014	0.999975	0.542480	
943	0.999962	-0.000046	2.405579	0.000046	0.999962	0.473633	
944	0.999999	0.000024	2.071899	-0.000024	0.999999	0.502228	
945	1.000072	0.000008	1.261475	-0.000008	1.000072	0.492004	
946	0.999866	0.000006	2.653870	-0.000006	0.999866	0.928513	
947	0.999792	-0.000012	7.808411	0.000012	0.999792	1.922104	
948	1.000131	-0.000009	4.244263	0.000009	1.000131	0.027359	
949	1.000004	-0.000007	3.187805	0.000007	1.000004	0.962921	
950	1.000078	-0.000007	3.387146	0.000007	1.000078	0.552261	
951	0.999991	-0.000068	3.398682	0.000068	0.999991	0.127213	
952	0.999918	0.000025	0.679871	-0.000025	0.999918	0.607742	
953	0.999975	-0.000069	1.193359	0.000069	0.999975	0.143387	
954	0.999945	-0.000025	0.804138	0.000025	0.999945	0.347443	
955	0.999993	-0.000005	2.712463	0.000005	0.999993	0.566437	
956	1.000066	-0.000028	-0.302979	0.000028	1.000066	-0.350555	
957	0.999968	0.000050	0.652588	-0.000050	0.999968	0.337128	
958	1.000033	0.000021	0.804443	-0.000021	1.000033	0.377411	
959	1.000006	-0.000016	1.632385	0.000016	1.000006	-0.094299	
960	0.999975	-0.000003	0.841614	0.000003	0.999975	0.363678	
961	1.000006	-0.000056	0.146606	0.000056	1.000006	-0.404526	
962	0.999967	0.000046	1.015076	-0.000046	0.999967	0.160507	
963	0.999971	-0.000049	1.238098	0.000049	0.999971	0.005829	
964	1.000184	0.000058	-0.478638	-0.000058	1.000184	0.072433	
965	0.999955	-0.000002	1.009644	0.000002	0.999955	0.914673	
966	1.000010	-0.000087	-0.221130	0.000087	1.000010	-0.906769	
967	0.999985	0.000021	1.079163	-0.000021	0.999985	0.770477	
968	1.000057	-0.000115	0.602356	0.000115	1.000057	-0.719208	
969	1.000093	0.000163	-0.650269	-0.000163	1.000093	0.542679	
970	0.999246	-0.000397	1.776489	0.000397	0.999246	0.311340	
971	0.994108	0.000254	4.864685	-0.000254	0.994108	3.310074	
972	0.996908	-0.000502	3.372986	0.000502	0.996908	0.657837	
973	0.997010	0.000465	0.170715	-0.000465	0.997010	2.512131	
974	0.997070	-0.000112	0.841614	0.000112	0.997070	1.184402	
975	0.994485	-0.000011	3.524780	0.000011	0.994485	3.423767	
976	0.996625	0.000137	1.551025	-0.000137	0.996625	2.128220	
977	0.996673	0.000055	0.483337	-0.000055	0.996673	2.500031	
978	0.997396	-0.000102	1.767639	0.000102	0.997396	1.827560	
979	0.993222	0.000253	5.106323	-0.000253	0.993222	5.129623	
980	0.996542	-0.000218	3.514221	0.000218	0.996542	1.662399	
981	0.996482	0.000155	1.619141	-0.000155	0.996482	2.916763	
982	0.997922	-0.000014	0.965271	0.000014	0.997922	1.466614	
983	0.992491	0.000239	4.802856	-0.000239	0.992491	6.737183	
984	0.997419	0.000217	-0.441711	-0.000217	0.997419	3.901703	
985	0.996697	-0.000260	1.471313	0.000260	0.996697	3.281601	
986	0.997054	-0.000038	0.460266	0.000038	0.997054	3.110565	
987	0.999653	0.000102	-3.317932	-0.000102	0.999653	2.302719	
988	1.000099	0.000067	-1.752502	-0.000067	1.000099	1.142731	
989	0.999838	-0.000049	-0.897217	0.000049	0.999838	0.574615	
990	1.000172	0.000026	-1.348999	-0.000026	1.000172	0.508942	
991	0.999835	-0.000045	-2.707092	0.000045	0.999835	0.933487	
992	0.999884	0.000034	-1.223022	-0.000034	0.999884	0.595413	
993	0.999943	0.000080	-0.271118	-0.000080	0.999943	0.546448	
994	0.999890	-0.000030	0.861572	0.000030	0.999890	0.518555	
995	0.999956	-0.000012	0.014832	0.000012	0.999956	1.056564	
996	1.000002	0.000014	0.208130	-0.000014	1.000002	0.752380	
997	0.999967	-0.000059	0.130432	0.000059	0.999967	0.528137	
998	1.000075	0.000003	-0.141235	-0.000003	1.000075	0.048721	
999	1.000039	-0.000007	-0.723206	0.000007	1.000039	0.924820	
1000	0.999981	0.000026	0.019897	-0.000026	0.999981	0.232285	
1001	1.000003	0.000004	0.047546	-0.000004	1.000003	0.208984	
1002	0.999943	0.000019	-0.290955	-0.000019	0.999943	0.327652	
1003	0.999924	0.000031	-0.067261	-0.000031	0.999924	0.722351	
1004	1.000147	0.000018	-0.060425	-0.000018	1.000147	-0.074509	
1005	1.000042	-0.000025	-0.208435	0.000025	1.000042	0.331787	
1006	0.999996	0.000033	-0.080505	-0.000033	0.999996	0.668152	
1007	0.999928	-0.000006	0.070007	0.000006	0.999928	0.855286	
1008	0.999994	-0.000019	-0.144348	0.000019	0.999994	0.365082	
1009	1.000003	0.000009	-0.231934	-0.000009	1.000003	0.677704	
1010	0.999832	0.000024	-0.246704	-0.000024	0.999832	0.826736	
1011	0.999930	-0.000041	0.044678	0.000041	0.999930	0.867584	
1012	1.000164	-0.000035	-1.335327	0.000035	1.000164	0.215881	
1013	0.999925	0.000060	-0.453186	-0.000060	0.999925	1.390610	
1014	0.999982	-0.000066	-0.759338	0.000066	0.999982	0.332245	
1015	1.000000	0.000053	-1.039856	-0.000053	1.000000	1.178070	
1016	0.999987	-0.000073	-0.028992	0.000073	0.999987	0.100403	
1017	1.000162	-0.000025	-1.017883	0.000025	1.000162	0.285156	
1018	0.999825	0.000010	-0.539734	-0.000010	0.999825	0.693604	
1019	0.999874	-0.000037	-0.670776	0.000037	0.999874	0.895828	
1020	1.000140	0.000063	-0.536133	-0.000063	1.000140	0.152069	
1021	0.999975	-0.000012	-0.491943	0.000012	0.999975	0.365616	
1022	1.000134	-0.000016	-1.294128	0.000016	1.000134	0.012833	
1023	0.999830	0.000033	-0.396484	-0.000033	0.999830	0.984222	
1024	0.999850	-0.000056	-0.729919	0.000056	0.999850	0.544586	
1025	0.999980	0.000121	0.057312	-0.000121	0.999980	0.822449	
1026	0.999849	-0.000068	1.044678	0.000068	0.999849	0.498260	
1027	0.999938	0.000042	0.054443	-0.000042	0.999938	0.917343	
1028	1.000017	-0.000001	-0.423523	0.000001	1.000017	0.664032	
1029	0.999968	0.000002	-0.053467	-0.000002	0.999968	0.344940	
1030	1.000036	0.000006	0.730652	-0.000006	1.000036	0.485397	
1031	1.000080	-0.000028	-0.997314	0.000028	1.000080	0.665390	
1032	0.999819	0.000057	0.434937	-0.000057	0.999819	1.329742	
1033	0.999921	-0.000043	-0.193054	0.000043	0.999921	0.699997	
1034	1.000003	0.000039	0.778137	-0.000039	1.000003	0.348602	
1035	0.999988	-0.000043	-0.463379	0.000043	0.999988	1.766586	
1036	1.000026	0.000028	0.333191	-0.000028	1.000026	0.335632	
1037	1.000006	0.000009	-0.273743	-0.000009	1.000006	0.795837	
1038	1.000012	-0.000008	-0.377747	0.000008	1.000012	0.349808	
1039	1.000003	-0.000019	-0.372009	0.000019	1.000003	0.703735	
1040	1.000003	-0.000005	-0.562561	0.000005	1.000003	0.389648	
1041	0.999994	0.000010	-0.634644	-0.000010	0.999994	0.529587	
1042	0.999984	-0.000017	0.591248	0.000017	0.999984	0.525803	
1043	0.999955	-0.000036	-1.147888	0.000036	0.999955	0.600677	
1044	1.000000	0.000025	-0.398926	-0.000025	1.000000	0.351868	
1045	0.999990	-0.000045	-0.527649	0.000045	0.999990	0.072495	
1046	1.000173	0.000051	-0.050659	-0.000051	1.000173	0.203308	
1047	0.999996	-0.000084	-1.260071	0.000084	0.999996	0.014420	
1048	0.999980	0.000031	-0.674866	-0.000031	0.999980	0.258682	
1049	1.000008	0.000021	-0.081665	-0.000021	1.000008	0.069397	
1050	0.999844	-0.000033	-0.086853	0.000033	0.999844	0.378723	
1051	0.999996	0.000028	0.484863	-0.000028	0.999996	0.499725	
1052	1.000130	-0.000038	-0.101868	0.000038	1.000130	0.087982	
1053	0.999997	-0.000049	-0.707581	0.000049	0.999997	0.211975	
1054	1.000157	0.000065	0.127319	-0.000065	1.000157	0.326691	
1055	1.000100	-0.000056	0.216553	0.000056	1.000100	0.149384	
1056	0.999779	0.000041	0.165588	-0.000041	0.999779	0.687286	
1057	1.000027	-0.000039	-0.074280	0.000039	1.000027	0.340912	
1058	0.999864	0.000004	-0.539673	-0.000004	0.999864	0.305923	
1059	1.000029	-0.000018	-1.447449	0.000018	1.000029	0.287094	
1060	0.999997	-0.000022	-1.008850	0.000022	0.999997	-0.052902	
1061	1.000004	0.000024	-0.672363	-0.000024	1.000004	0.089981	
1062	1.000123	-0.000015	-1.293762	0.000015	1.000123	0.021912	
1063	1.000012	0.000034	-1.885071	-0.000034	1.000012	-0.005524	
1064	0.999882	-0.000037	-0.586670	0.000037	0.999882	0.078476	
1065	1.000002	0.000029	-0.691162	-0.000029	1.000002	0.016235	
1066	1.000011	0.000037	0.552124	-0.000037	1.000011	-0.111282	
1067	0.999988	-0.000069	-0.110718	0.000069	0.999988	-0.217056	
1068	1.000146	-0.000006	-0.574524	0.000006	1.000146	-0.292664	
1069	0.999894	0.000025	0.108337	-0.000025	0.999894	0.122757	
1070	1.000133	-0.000030	-0.301453	0.000030	1.000133	-0.259201	
1071	1.000153	-0.000036	-0.093323	0.000036	1.000153	-0.413574	
1072	0.999874	0.000056	0.792358	-0.000056	0.999874	0.144531	
1073	0.999994	-0.000036	0.186157	0.000036	0.999994	-0.027542	
1074	0.999906	0.000016	0.286987	-0.000016	0.999906	0.038223	
1075	0.999843	-0.000066	0.163818	0.000066	0.999843	0.100037	
1076	1.000097	0.000025	-0.247620	-0.000025	1.000097	-0.145767	
1077	0.999871	0.000019	-0.004211	-0.000019	0.999871	0.038681	
1078	1.000037	-0.000032	-0.164734	0.000032	1.000037	-0.102554	
1079	1.000123	0.000031	0.239563	-0.000031	1.000123	-0.265930	
1080	0.999978	-0.000019	0.122314	0.000019	0.999978	-0.067215	
1081	1.000018	-0.000016	0.013245	0.000016	1.000018	-0.311325	
1082	0.999992	-0.000006	0.132141	0.000006	0.999992	-0.007980	
1083	1.000006	0.000004	0.206116	-0.000004	1.000006	0.001999	
1084	1.000015	-0.000020	-0.290405	0.000020	1.000015	-0.232071	
1085	0.999853	-0.000022	-0.125427	0.000022	0.999853	-0.118866	
1086	1.000159	0.000059	-0.255554	-0.000059	1.000159	-0.230850	
1087	1.000183	-0.000039	-0.237061	0.000039	1.000183	-0.560532	
1088	0.999994	0.000050	-0.034485	-0.000050	0.999994	-0.024414	
1089	1.000034	-0.000008	0.066223	0.000008	1.000034	-0.112015	
1090	0.999850	-0.000042	0.513916	0.000042	0.999850	-0.225006	
1091	1.000147	0.000029	-0.531860	-0.000029	1.000147	-0.609421	
1092	1.000028	-0.000015	0.316101	0.000015	1.000028	-0.395721	
1093	1.000024	-0.000027	-0.304626	0.000027	1.000024	-0.430328	
1094	1.000157	0.000011	-0.451355	-0.000011	1.000157	-0.745865	
1095	0.999965	-0.000008	0.157715	0.000008	0.999965	-0.838593	
1096	0.999912	-0.000021	0.105469	0.000021	0.999912	-0.669754	
1097	0.999931	-0.000000	0.030762	0.000000	0.999931	-0.684845	
1098	1.000007	0.000019	-0.107239	-0.000019	1.000007	-0.576981	
1099	1.000064	-0.000003	0.298584	0.000003	1.000064	-0.871323	
1100	0.999978	-0.000034	-0.034607	0.000034	0.999978	-0.661407	
1101	1.000019	0.000034	0.114929	-0.000034	1.000019	-0.688217	
1102	1.000054	-0.000039	-0.057129	0.000039	1.000054	-0.694107	
1103	1.000026	-0.000019	0.107483	0.000019	1.000026	-0.721344	
1104	1.000017	0.000054	-0.041443	-0.000054	1.000017	-0.281570	
1105	1.000009	0.000011	-0.035095	-0.000011	1.000009	-0.338104	
1106	1.000026	-0.000013	0.009460	0.000013	1.000026	-0.452759	
1107	0.999995	0.000006	0.111694	-0.000006	0.999995	-0.596268	
1108	1.000057	0.000009	0.514465	-0.000009	1.000057	-0.448547	
1109	1.000164	-0.000003	-0.118164	0.000003	1.000164	-0.389053	
1110	0.999965	0.000038	0.028015	-0.000038	0.999965	0.017975	
1111	0.999988	-0.000032	0.552246	0.000032	0.999988	-0.395370	
1112	1.000054	-0.000027	-0.035217	0.000027	1.000054	-0.107819	
1113	0.999841	0.000054	0.299133	-0.000054	0.999841	0.084213	
1114	1.000186	-0.000024	-0.345276	0.000024	1.000186	-0.394897	
1115	0.999884	0.000007	0.074402	-0.000007	0.999884	-0.333603	
1116	0.999848	0.000002	-0.014343	-0.000002	0.999848	-0.116684	
1117	1.000185	0.000049	0.047546	-0.000049	1.000185	-0.169159	
1118	1.000014	0.000015	0.018127	-0.000015	1.000014	-0.241806	
1119	1.000161	-0.000045	0.187378	0.000045	1.000161	-0.453659	
1120	1.000176	-0.000037	-0.560913	0.000037	1.000176	-0.389191	
1121	0.999826	0.000030	0.181885	-0.000030	0.999826	0.134750	
1122	1.000039	-0.000037	-0.385010	0.000037	1.000039	-0.063858	
1123	0.999895	0.000041	0.171326	-0.000041	0.999895	0.226578	
1124	0.999902	-0.000030	0.087830	0.000030	0.999902	0.082199	
1125	1.000006	-0.000040	-0.241394	0.000040	1.000006	-0.047928	
1126	0.999974	0.000043	0.146057	-0.000043	0.999974	0.114960	
1127	0.999889	0.000006	0.244934	-0.000006	0.999889	0.129089	
1128	1.000073	0.000006	0.070374	-0.000006	1.000073	-0.010269	
1129	0.999943	0.000014	-0.062256	-0.000014	0.999943	0.039642	
1130	1.000012	0.000023	-0.057007	-0.000023	1.000012	0.043442	
1131	1.000163	-0.000010	-0.346497	0.000010	1.000163	-0.007172	
1132	0.999959	0.000062	-0.002197	-0.000062	0.999959	0.418015	
1133	1.000010	0.000035	0.028137	-0.000035	1.000010	0.244949	
1134	0.999823	-0.000052	-0.207336	0.000052	0.999823	0.115906	
1135	0.999995	-0.000013	-0.312317	0.000013	0.999995	0.508331	
1136	1.000145	-0.000038	-0.357300	0.000038	1.000145	0.059616	
1137	0.999819	0.000025	0.289673	-0.000025	0.999819	0.313385	
1138	1.000045	-0.000010	0.117065	0.000010	1.000045	0.188431	
1139	0.999991	-0.000010	0.437805	0.000010	0.999991	0.392090	
1140	0.999997	0.000013	-0.162781	-0.000013	0.999997	0.236328	
1141	0.999974	0.000045	-0.317139	-0.000045	0.999974	-0.066116	
1142	1.000026	-0.000001	0.530823	0.000001	1.000026	-0.077316	
1143	0.999999	-0.000011	0.794800	0.000011	0.999999	0.184784	
1144	1.000003	0.000027	-0.453918	-0.000027	1.000003	0.187561	
1145	0.999984	0.000012	-0.008179	-0.000012	0.999984	0.050064	
1146	1.000003	0.000010	-0.135742	-0.000010	1.000003	0.066757	
1147	1.000014	0.000014	0.315063	-0.000014	1.000014	0.160202	
1148	1.000003	0.000000	0.078308	-0.000000	1.000003	0.197617	
1149	0.999998	-0.000041	0.092773	0.000041	0.999998	0.025330	
1150	1.000044	-0.000020	-0.180908	0.000020	1.000044	-0.012085	
1151	0.999957	0.000030	-1.033264	-0.000030	0.999957	0.306503	
1152	0.999994	-0.000014	0.543640	0.000014	0.999994	-0.036362	
1153	0.999960	0.000006	-0.297791	-0.000006	0.999960	0.081894	
1154	0.999924	-0.000013	-0.491821	0.000013	0.999924	0.038788	
1155	0.999811	-0.000013	0.616943	0.000013	0.999811	0.436935	
1156	1.000147	-0.000016	-0.610657	0.000016	1.000147	-0.195908	
1157	0.999847	0.000053	0.034729	-0.000053	0.999847	0.196045	
1158	1.000162	-0.000048	-0.207642	0.000048	1.000162	-0.092468	
1159	0.999952	0.000015	-0.364380	-0.000015	0.999952	0.064346	
1160	1.000029	0.000029	-0.256409	-0.000029	1.000029	0.050674	
1161	1.000126	0.000009	-0.731384	-0.000009	1.000126	-0.055893	
1162	0.999906	0.000030	-0.238098	-0.000030	0.999906	0.274033	
1163	1.000000	-0.000045	-3.175415	0.000045	1.000000	0.029633	
1164	1.000152	0.000049	-2.131104	-0.000049	1.000152	0.023788	
1165	1.000036	0.000028	-1.474060	-0.000028	1.000036	0.127151	
1166	1.000000	-0.000021	-2.165833	0.000021	1.000000	0.023285	
1167	0.999900	0.000016	-5.183777	-0.000016	0.999900	0.503143	
1168	0.999857	-0.000035	-3.556458	0.000035	0.999857	0.264343	
1169	1.000155	0.000023	-4.527100	-0.000023	1.000155	-0.063889	
1170	0.999927	0.000012	-4.116272	-0.000012	0.999927	0.331924	
1171	0.999945	-0.000004	-11.505310	0.000004	0.999945	0.483444	
1172	1.000212	0.000010	-6.160889	-0.000010	1.000212	0.077438	
1173	0.999986	-0.000038	-6.419006	0.000038	0.999986	0.131348	
1174	1.000139	0.000087	-6.842285	-0.000087	1.000139	0.126007	
1175	0.999914	0.000042	-9.767212	-0.000042	0.999914	0.540939	
1176	0.999853	-0.000002	-5.403198	0.000002	0.999853	0.270767	
1177	1.000033	-0.000003	-5.048096	0.000003	1.000033	0.336777	
1178	0.999976	0.000002	-6.424805	-0.000002	0.999976	0.190247	
1179	1.000004	0.000085	-12.054443	-0.000085	1.000004	0.516479	
1180	1.000144	-0.000017	-6.598206	0.000017	1.000144	-0.048645	
1181	0.999805	0.000050	-6.134216	-0.000050	0.999805	0.401245	
1182	1.000163	0.000032	-6.032227	-0.000032	1.000163	-0.002686	
1183	0.999874	-0.000047	-13.348083	0.000047	0.999874	0.228867	
1184	0.999900	0.000086	-6.918274	-0.000086	0.999900	0.357712	
1185	1.000062	0.000010	-5.620605	-0.000010	1.000062	0.036057	
1186	0.999903	-0.000037	-7.200134	0.000037	0.999903	0.080490	
1187	0.999835	0.000019	-12.721375	-0.000019	0.999835	0.445847	
1188	0.999952	0.000046	-7.017029	-0.000046	0.999952	0.230255	
1189	0.999816	0.000031	-5.451050	-0.000031	0.999816	0.520279	
1190	1.000091	-0.000077	-7.404175	0.000077	1.000091	-0.091049	
1191	0.999741	0.000100	-12.588196	-0.000100	0.999741	0.507965	
1192	0.999941	-0.000036	-6.399170	0.000036	0.999941	0.009964	
1193	0.999934	0.000040	-7.420166	-0.000040	0.999934	0.265030	
1194	0.999924	0.000063	-6.029663	-0.000063	0.999924	0.098450	
1195	0.999824	0.000052	-12.102173	-0.000052	0.999824	0.171890	
1196	1.000084	-0.000021	-6.582275	0.000021	1.000084	-0.273438	
1197	0.999794	0.000039	-6.107910	-0.000039	0.999794	0.251663	
1198	0.999927	0.000021	-6.671997	-0.000021	0.999927	0.067444	
1199	0.999618	0.000099	-11.443237	-0.000099	0.999618	0.218597	
1200	0.999915	0.000033	-5.278198	-0.000033	0.999915	0.040909	
1201	1.000120	-0.000008	-6.477417	0.000008	1.000120	-0.192413	
1202	0.999956	0.000082	-12.191406	-0.000082	0.999956	0.201035	
