0	1.000000	0.000000	0.000000	0.000000	1.000000	0.000000	
1	1.000000	0.000000	0.000000	0.000000	1.000000	0.000000	
2	1.000000	0.000000	0.000000	0.000000	1.000000	0.000000	
3	1.006061	0.003285	1.892090	-0.003285	1.006061	1.042419	
4	1.006061	0.003285	1.892090	-0.003285	1.006061	1.042419	
5	1.006061	0.003285	1.892090	-0.003285	1.006061	1.042419	
6	1.006061	0.003285	1.892090	-0.003285	1.006061	1.042419	
7	1.006061	0.003285	1.892090	-0.003285	1.006061	1.042419	
8	1.006061	0.003285	1.892090	-0.003285	1.006061	1.042419	
9	1.006061	0.003285	1.892090	-0.003285	1.006061	1.042419	
10	1.003449	0.000209	2.084106	-0.000209	1.003449	-2.746674	
11	1.003449	0.000209	2.084106	-0.000209	1.003449	-2.746674	
12	1.003449	0.000209	2.084106	-0.000209	1.003449	-2.746674	
13	1.003449	0.000209	2.084106	-0.000209	1.003449	-2.746674	
14	1.003449	0.000209	2.084106	-0.000209	1.003449	-2.746674	
15	1.003449	0.000209	2.084106	-0.000209	1.003449	-2.746674	
16	0.999949	0.000060	-0.142090	-0.000060	0.999949	0.160065	
17	0.999949	0.000060	-0.142090	-0.000060	0.999949	0.160065	
18	0.999949	0.000060	-0.142090	-0.000060	0.999949	0.160065	
19	0.999949	0.000060	-0.142090	-0.000060	0.999949	0.160065	
20	0.999756	0.000073	0.026733	-0.000073	0.999756	0.237305	
21	0.999756	0.000073	0.026733	-0.000073	0.999756	0.237305	
22	0.999882	0.000064	-0.321655	-0.000064	0.999882	0.149902	
23	0.999882	0.000064	-0.321655	-0.000064	0.999882	0.149902	
24	0.999840	-0.000019	-0.115723	0.000019	0.999840	0.105469	
25	0.999667	-0.000220	-0.181763	0.000220	0.999667	-0.155457	
26	0.999793	-0.000078	-0.385376	0.000078	0.999793	-0.073547	
27	1.000558	0.001677	-2.764282	-0.001677	1.000558	1.116943	
28	1.000558	0.001677	-2.764282	-0.001677	1.000558	1.116943	
29	1.000558	0.001677	-2.764282	-0.001677	1.000558	1.116943	
30	1.000558	0.001677	-2.764282	-0.001677	1.000558	1.116943	
31	1.000558	0.001677	-2.764282	-0.001677	1.000558	1.116943	
32	1.000558	0.001677	-2.764282	-0.001677	1.000558	1.116943	
33	1.000558	0.001677	-2.764282	-0.001677	1.000558	1.116943	
34	1.000121	-0.000432	-1.089355	0.000432	1.000121	-0.982300	
35	1.006371	-0.005602	-3.882202	0.005602	1.006371	-12.211365	
36	0.999823	0.000047	-0.651245	-0.000047	0.999823	-0.209167	
37	1.000741	0.000071	-2.190063	-0.000071	1.000741	-0.524841	
38	1.000741	0.000071	-2.190063	-0.000071	1.000741	-0.524841	
39	0.999465	-0.001350	0.326538	0.001350	0.999465	-3.111328	
40	0.999465	-0.001350	0.326538	0.001350	0.999465	-3.111328	
41	0.999465	-0.001350	0.326538	0.001350	0.999465	-3.111328	
42	0.999620	-0.000346	-0.140625	0.000346	0.999620	-1.622620	
43	0.999620	-0.000346	-0.140625	0.000346	0.999620	-1.622620	
44	0.999730	0.000046	-0.479736	-0.000046	0.999730	-0.072327	
45	0.999531	-0.000173	-0.212769	0.000173	0.999531	0.020874	
46	0.999589	-0.000939	-0.096680	0.000939	0.999589	-1.448425	
47	0.999589	-0.000939	-0.096680	0.000939	0.999589	-1.448425	
48	0.999589	-0.000939	-0.096680	0.000939	0.999589	-1.448425	
49	0.999589	-0.000939	-0.096680	0.000939	0.999589	-1.448425	
50	0.999589	-0.000939	-0.096680	0.000939	0.999589	-1.448425	
51	0.999589	-0.000939	-0.096680	0.000939	0.999589	-1.448425	
52	0.999589	-0.000939	-0.096680	0.000939	0.999589	-1.448425	
53	0.999589	-0.000939	-0.096680	0.000939	0.999589	-1.448425	
54	0.999589	-0.000939	-0.096680	0.000939	0.999589	-1.448425	
55	0.999589	-0.000939	-0.096680	0.000939	0.999589	-1.448425	
56	0.999589	-0.000939	-0.096680	0.000939	0.999589	-1.448425	
57	0.999992	0.000019	-0.410889	-0.000019	0.999992	-0.003662	
58	1.000021	0.000798	-1.229004	-0.000798	1.000021	1.310944	
59	0.999381	-0.000372	-0.531250	0.000372	0.999381	-0.164154	
60	0.999381	-0.000372	-0.531250	0.000372	0.999381	-0.164154	
61	0.999381	-0.000372	-0.531250	0.000372	0.999381	-0.164154	
62	0.998377	0.000224	-0.268433	-0.000224	0.998377	1.437225	
63	0.998377	0.000224	-0.268433	-0.000224	0.998377	1.437225	
64	0.999035	-0.001011	-0.974609	0.001011	0.999035	-0.751251	
65	0.999035	-0.001011	-0.974609	0.001011	0.999035	-0.751251	
66	0.999035	-0.001011	-0.974609	0.001011	0.999035	-0.751251	
67	0.999035	-0.001011	-0.974609	0.001011	0.999035	-0.751251	
68	0.999035	-0.001011	-0.974609	0.001011	0.999035	-0.751251	
69	0.999035	-0.001011	-0.974609	0.001011	0.999035	-0.751251	
70	0.999035	-0.001011	-0.974609	0.001011	0.999035	-0.751251	
71	0.999035	-0.001011	-0.974609	0.001011	0.999035	-0.751251	
72	0.999035	-0.001011	-0.974609	0.001011	0.999035	-0.751251	
73	0.999035	-0.001011	-0.974609	0.001011	0.999035	-0.751251	
74	0.999035	-0.001011	-0.974609	0.001011	0.999035	-0.751251	
75	0.999035	-0.001011	-0.974609	0.001011	0.999035	-0.751251	
76	0.999035	-0.001011	-0.974609	0.001011	0.999035	-0.751251	
77	0.999035	-0.001011	-0.974609	0.001011	0.999035	-0.751251	
78	0.999035	-0.001011	-0.974609	0.001011	0.999035	-0.751251	
79	0.999035	-0.001011	-0.974609	0.001011	0.999035	-0.751251	
80	0.999035	-0.001011	-0.974609	0.001011	0.999035	-0.751251	
81	0.999035	-0.001011	-0.974609	0.001011	0.999035	-0.751251	
82	0.999035	-0.001011	-0.974609	0.001011	0.999035	-0.751251	
83	0.999035	-0.001011	-0.974609	0.001011	0.999035	-0.751251	
84	0.999035	-0.001011	-0.974609	0.001011	0.999035	-0.751251	
85	0.999035	-0.001011	-0.974609	0.001011	0.999035	-0.751251	
86	0.999035	-0.001011	-0.974609	0.001011	0.999035	-0.751251	
87	0.999035	-0.001011	-0.974609	0.001011	0.999035	-0.751251	
88	0.999035	-0.001011	-0.974609	0.001011	0.999035	-0.751251	
89	0.999035	-0.001011	-0.974609	0.001011	0.999035	-0.751251	
90	0.999035	-0.001011	-0.974609	0.001011	0.999035	-0.751251	
91	0.999035	-0.001011	-0.974609	0.001011	0.999035	-0.751251	
92	0.999035	-0.001011	-0.974609	0.001011	0.999035	-0.751251	
93	0.999035	-0.001011	-0.974609	0.001011	0.999035	-0.751251	
94	0.999035	-0.001011	-0.974609	0.001011	0.999035	-0.751251	
95	0.999035	-0.001011	-0.974609	0.001011	0.999035	-0.751251	
96	0.999035	-0.001011	-0.974609	0.001011	0.999035	-0.751251	
97	0.999035	-0.001011	-0.974609	0.001011	0.999035	-0.751251	
98	0.999035	-0.001011	-0.974609	0.001011	0.999035	-0.751251	
99	0.999035	-0.001011	-0.974609	0.001011	0.999035	-0.751251	
100	0.999035	-0.001011	-0.974609	0.001011	0.999035	-0.751251	
101	0.999035	-0.001011	-0.974609	0.001011	0.999035	-0.751251	
102	0.999532	-0.000074	-2.755005	0.000074	0.999532	0.430206	
103	0.999532	-0.000074	-2.755005	0.000074	0.999532	0.430206	
104	0.999414	0.000381	-0.782593	-0.000381	0.999414	0.562592	
105	1.000256	-0.000212	-1.275208	0.000212	1.000256	-0.370422	
106	1.000256	-0.000212	-1.275208	0.000212	1.000256	-0.370422	
107	1.000627	-0.003733	-0.621704	0.003733	1.000627	-3.981506	
108	1.000627	-0.003733	-0.621704	0.003733	1.000627	-3.981506	
109	1.000627	-0.003733	-0.621704	0.003733	1.000627	-3.981506	
110	1.000116	0.000137	-0.957458	-0.000137	1.000116	0.118622	
111	1.000116	0.000137	-0.957458	-0.000137	1.000116	0.118622	
112	1.000116	0.000137	-0.957458	-0.000137	1.000116	0.118622	
113	1.000261	-0.000045	-1.086060	0.000045	1.000261	-0.203583	
114	1.000261	-0.000045	-1.086060	0.000045	1.000261	-0.203583	
115	1.000261	-0.000045	-1.086060	0.000045	1.000261	-0.203583	
116	0.999961	0.000032	-0.650391	-0.000032	0.999961	0.272919	
117	1.000020	0.000091	-0.586670	-0.000091	1.000020	-0.011566	
118	1.000020	0.000091	-0.586670	-0.000091	1.000020	-0.011566	
119	0.999925	-0.000758	-0.993286	0.000758	0.999925	-1.002808	
120	0.999725	-0.000067	-0.476929	0.000067	0.999725	0.142456	
121	1.000070	0.000041	-0.524719	-0.000041	1.000070	-0.174774	
122	1.000148	0.000051	-0.539124	-0.000051	1.000148	-0.269836	
123	1.000090	0.000206	-0.676880	-0.000206	1.000090	0.486786	
124	1.000090	0.000206	-0.676880	-0.000206	1.000090	0.486786	
125	1.000090	0.000206	-0.676880	-0.000206	1.000090	0.486786	
126	1.000196	-0.000040	-0.710999	0.000040	1.000196	-0.555237	
127	1.000196	-0.000040	-0.710999	0.000040	1.000196	-0.555237	
128	0.999611	-0.000441	-0.028442	0.000441	0.999611	-0.632538	
129	0.999611	-0.000441	-0.028442	0.000441	0.999611	-0.632538	
130	1.000160	0.000003	-0.638489	-0.000003	1.000160	-0.033722	
131	1.000085	0.000067	-0.515686	-0.000067	1.000085	-0.185089	
132	0.999924	-0.000214	-0.305786	0.000214	0.999924	-0.110626	
133	0.999924	-0.000214	-0.305786	0.000214	0.999924	-0.110626	
134	0.999924	-0.000214	-0.305786	0.000214	0.999924	-0.110626	
135	1.000040	-0.000013	-0.310669	0.000013	1.000040	-0.179199	
136	0.999992	0.000027	0.032104	-0.000027	0.999992	0.092468	
137	0.999992	0.000027	0.032104	-0.000027	0.999992	0.092468	
138	0.999995	-0.000039	0.097229	0.000039	0.999995	-0.027985	
139	0.999995	-0.000039	0.097229	0.000039	0.999995	-0.027985	
140	1.000480	-0.000714	-0.060669	0.000714	1.000480	-0.256897	
141	1.000480	-0.000714	-0.060669	0.000714	1.000480	-0.256897	
142	0.999974	-0.000045	0.497742	0.000045	0.999974	-0.013947	
143	0.999885	-0.000119	0.692078	0.000119	0.999885	0.078857	
144	0.999986	0.000085	1.031128	-0.000085	0.999986	0.145416	
145	1.000133	0.000064	0.444275	-0.000064	1.000133	0.340790	
146	0.999601	0.000451	1.004700	-0.000451	0.999601	0.675995	
147	1.003722	0.002663	-3.634583	-0.002663	1.003722	0.999207	
148	0.999952	-0.000141	0.636353	0.000141	0.999952	-0.148315	
149	0.999952	-0.000141	0.636353	0.000141	0.999952	-0.148315	
150	1.000547	0.000452	0.308350	-0.000452	1.000547	-0.128296	
151	0.999618	0.000214	1.140076	-0.000214	0.999618	0.422546	
152	0.999865	0.000132	0.835876	-0.000132	0.999865	0.180664	
153	1.000898	0.000228	0.326172	-0.000228	1.000898	-0.435791	
154	1.000005	-0.000072	0.865234	0.000072	1.000005	-0.118347	
155	1.000484	0.000243	0.339478	-0.000243	1.000484	0.271423	
156	1.000925	0.000490	-0.099243	-0.000490	1.000925	0.242554	
157	1.000374	0.000030	0.781067	-0.000030	1.000374	-0.307617	
158	0.999734	-0.000043	1.322571	0.000043	0.999734	-0.145142	
159	1.000156	-0.000626	3.018799	0.000626	1.000156	-0.603271	
160	1.000228	0.000178	0.751343	-0.000178	1.000228	0.110291	
161	1.000167	0.000219	0.591370	-0.000219	1.000167	-0.083862	
162	0.999946	0.000593	0.608887	-0.000593	0.999946	0.508179	
163	1.000076	0.000079	0.409180	-0.000079	1.000076	0.084290	
164	1.000076	0.000079	0.409180	-0.000079	1.000076	0.084290	
165	0.999997	0.000027	0.363159	-0.000027	0.999997	0.030212	
166	0.999969	-0.000023	0.379395	0.000023	0.999969	-0.018860	
167	0.999969	-0.000023	0.379395	0.000023	0.999969	-0.018860	
168	1.000278	-0.000286	-1.203979	0.000286	1.000278	-0.585388	
169	1.000278	-0.000286	-1.203979	0.000286	1.000278	-0.585388	
170	1.000105	-0.001268	-2.395752	0.001268	1.000105	-1.165894	
171	1.000901	-0.001453	-3.442139	0.001453	1.000901	-1.762573	
172	0.998533	0.001121	-1.285950	-0.001121	0.998533	1.611694	
173	0.998533	0.001121	-1.285950	-0.001121	0.998533	1.611694	
174	0.999935	-0.000540	-2.848999	0.000540	0.999935	-0.533295	
175	0.999935	-0.000540	-2.848999	0.000540	0.999935	-0.533295	
176	0.999935	-0.000540	-2.848999	0.000540	0.999935	-0.533295	
177	0.999935	-0.000540	-2.848999	0.000540	0.999935	-0.533295	
178	0.999456	0.000571	0.812988	-0.000571	0.999456	0.903748	
179	0.999456	0.000571	0.812988	-0.000571	0.999456	0.903748	
180	0.998000	0.000201	2.328613	-0.000201	0.998000	0.582092	
181	0.999901	-0.000014	0.439819	0.000014	0.999901	0.040161	
182	0.999901	-0.000014	0.439819	0.000014	0.999901	0.040161	
183	0.999919	-0.000007	0.266113	0.000007	0.999919	-0.070557	
184	0.999953	-0.000048	0.356873	0.000048	0.999953	0.045410	
185	1.000017	0.000027	-0.024353	-0.000027	1.000017	0.206116	
186	1.000017	0.000027	-0.024353	-0.000027	1.000017	0.206116	
187	0.999911	-0.000070	0.090637	0.000070	0.999911	0.121521	
188	1.000395	-0.000358	-0.325134	0.000358	1.000395	-0.549194	
189	1.000395	-0.000358	-0.325134	0.000358	1.000395	-0.549194	
190	1.000395	-0.000358	-0.325134	0.000358	1.000395	-0.549194	
191	1.000395	-0.000358	-0.325134	0.000358	1.000395	-0.549194	
192	1.000404	-0.000251	-0.920715	0.000251	1.000404	-0.496185	
193	0.999792	-0.000170	-0.411499	0.000170	0.999792	-0.087982	
194	0.999792	-0.000170	-0.411499	0.000170	0.999792	-0.087982	
195	0.999792	-0.000170	-0.411499	0.000170	0.999792	-0.087982	
196	1.000093	-0.000029	-0.743347	0.000029	1.000093	0.089325	
197	1.000510	0.000475	-1.456055	-0.000475	1.000510	0.367279	
198	1.000331	0.000001	-1.249817	-0.000001	1.000331	-0.078461	
199	1.000331	0.000001	-1.249817	-0.000001	1.000331	-0.078461	
200	0.999976	0.000071	-0.859619	-0.000071	0.999976	0.087921	
201	0.999174	0.000217	0.078125	-0.000217	0.999174	0.548187	
202	0.999174	0.000217	0.078125	-0.000217	0.999174	0.548187	
203	0.999174	0.000217	0.078125	-0.000217	0.999174	0.548187	
204	0.999174	0.000217	0.078125	-0.000217	0.999174	0.548187	
205	0.999791	0.000139	-0.617126	-0.000139	0.999791	0.083527	
206	0.999791	0.000139	-0.617126	-0.000139	0.999791	0.083527	
207	1.000332	0.000169	-1.158936	-0.000169	1.000332	-0.053406	
208	1.000332	0.000169	-1.158936	-0.000169	1.000332	-0.053406	
209	0.999426	0.000257	-0.833801	-0.000257	0.999426	0.488617	
210	1.000352	-0.000040	-1.074341	0.000040	1.000352	-0.278137	
211	1.000352	-0.000040	-1.074341	0.000040	1.000352	-0.278137	
212	1.000352	-0.000040	-1.074341	0.000040	1.000352	-0.278137	
213	1.000322	-0.000384	-0.949768	0.000384	1.000322	-0.737305	
214	0.999556	0.000238	-0.663879	-0.000238	0.999556	0.406036	
215	1.000600	0.000623	-1.454712	-0.000623	1.000600	0.381073	
216	1.000894	0.000184	-1.937256	-0.000184	1.000894	-0.493042	
217	1.000108	-0.000014	-0.883240	0.000014	1.000108	-0.494385	
218	1.000108	-0.000014	-0.883240	0.000014	1.000108	-0.494385	
219	1.000108	-0.000014	-0.883240	0.000014	1.000108	-0.494385	
220	1.000108	-0.000014	-0.883240	0.000014	1.000108	-0.494385	
221	1.000108	-0.000014	-0.883240	0.000014	1.000108	-0.494385	
222	1.000172	0.000095	-0.604614	-0.000095	1.000172	-0.186920	
223	1.000004	-0.000071	-0.414307	0.000071	1.000004	0.196960	
224	0.999253	-0.000524	-0.409302	0.000524	0.999253	-0.409851	
225	1.000036	-0.000329	-0.215149	0.000329	1.000036	-0.946411	
226	0.999868	-0.000556	-0.030396	0.000556	0.999868	-1.032349	
227	0.999678	-0.000106	-0.300781	0.000106	0.999678	0.168396	
228	1.000077	0.000064	-0.629883	-0.000064	1.000077	0.457703	
229	1.000344	-0.000151	-1.208191	0.000151	1.000344	-0.634399	
230	1.000389	-0.000057	-0.818970	0.000057	1.000389	-0.294922	
231	1.000324	-0.000007	-0.869873	0.000007	1.000324	-0.061584	
232	1.000133	-0.000264	-0.413635	0.000264	1.000133	-0.179871	
233	1.000049	-0.000317	-0.332214	0.000317	1.000049	-0.261658	
234	1.000180	-0.000903	-0.451172	0.000903	1.000180	-0.948792	
235	1.000086	-0.000154	-0.449097	0.000154	1.000086	-0.322327	
236	1.000045	0.000032	-0.479309	-0.000032	1.000045	-0.110657	
237	1.000024	0.000039	-0.385620	-0.000039	1.000024	-0.059753	
238	1.000015	0.000011	-0.265442	-0.000011	1.000015	0.303345	
239	0.999966	-0.000054	-0.213989	0.000054	0.999966	0.094360	
240	0.999937	-0.000066	0.166504	0.000066	0.999937	-0.008484	
241	0.999945	0.000025	0.272705	-0.000025	0.999945	0.221497	
242	0.999910	-0.000088	0.485046	0.000088	0.999910	-0.128479	
243	0.999920	0.000153	0.548401	-0.000153	0.999920	-0.068237	
244	0.999959	0.000031	0.758789	-0.000031	0.999959	0.298645	
245	0.999794	0.000080	2.373657	-0.000080	0.999794	-0.162415	
246	0.999845	0.000301	1.089661	-0.000301	0.999845	0.580200	
247	0.999817	0.000248	1.344666	-0.000248	0.999817	0.307007	
248	0.999110	0.000236	2.034668	-0.000236	0.999110	0.571350	
249	1.000288	0.000512	0.482422	-0.000512	1.000288	0.533020	
250	1.000162	-0.000974	5.303894	0.000974	1.000162	-0.848694	
251	0.998903	0.000910	2.252930	-0.000910	0.998903	1.626465	
252	1.000742	0.000120	0.189819	-0.000120	1.000742	-0.137451	
253	1.000285	0.000855	0.102051	-0.000855	1.000285	0.973022	
254	0.999963	0.000068	0.713013	-0.000068	0.999963	0.449768	
255	0.999963	0.000068	0.713013	-0.000068	0.999963	0.449768	
256	0.999852	0.000318	0.706177	-0.000318	0.999852	0.651825	
257	0.999961	-0.000083	0.627380	0.000083	0.999961	-0.083679	
258	0.999961	-0.000083	0.627380	0.000083	0.999961	-0.083679	
259	0.999961	-0.000083	0.627380	0.000083	0.999961	-0.083679	
260	0.999876	-0.000234	0.927979	0.000234	0.999876	-0.029633	
261	0.999963	0.000022	0.581238	-0.000022	0.999963	0.137207	
262	1.000271	0.000838	0.160034	-0.000838	1.000271	0.928864	
263	1.000271	0.000838	0.160034	-0.000838	1.000271	0.928864	
264	1.001555	0.001570	-1.370850	-0.001570	1.001555	1.037842	
265	1.000319	0.000002	0.706726	-0.000002	1.000319	-0.372711	
266	0.999924	0.000074	0.665222	-0.000074	0.999924	0.069824	
267	0.999924	0.000074	0.665222	-0.000074	0.999924	0.069824	
268	0.999769	-0.001611	1.316956	0.001611	0.999769	-1.657562	
269	0.999946	-0.000007	0.598572	0.000007	0.999946	0.024261	
270	0.999946	-0.000007	0.598572	0.000007	0.999946	0.024261	
271	0.999946	-0.000007	0.598572	0.000007	0.999946	0.024261	
272	0.999990	-0.000191	0.595032	0.000191	0.999990	-0.224274	
273	0.999990	-0.000191	0.595032	0.000191	0.999990	-0.224274	
274	0.999827	0.000027	0.786255	-0.000027	0.999827	0.159363	
275	0.999433	-0.000295	1.822876	0.000295	0.999433	0.047089	
276	0.999526	0.000163	1.158936	-0.000163	0.999526	0.729767	
277	0.999526	0.000163	1.158936	-0.000163	0.999526	0.729767	
278	0.999796	-0.000027	0.969788	0.000027	0.999796	0.179749	
279	0.999796	-0.000027	0.969788	0.000027	0.999796	0.179749	
280	0.999502	-0.000365	1.920532	0.000365	0.999502	-0.394989	
281	0.999502	-0.000365	1.920532	0.000365	0.999502	-0.394989	
282	0.999916	-0.000186	0.833618	0.000186	0.999916	-0.114014	
283	0.999916	-0.000186	0.833618	0.000186	0.999916	-0.114014	
284	0.999916	-0.000186	0.833618	0.000186	0.999916	-0.114014	
285	0.999916	-0.000186	0.833618	0.000186	0.999916	-0.114014	
286	0.999916	-0.000186	0.833618	0.000186	0.999916	-0.114014	
287	1.000217	0.000244	0.664917	-0.000244	1.000217	0.126221	
288	1.000217	0.000244	0.664917	-0.000244	1.000217	0.126221	
289	1.000071	-0.000136	0.554077	0.000136	1.000071	-0.213501	
290	1.000071	-0.000136	0.554077	0.000136	1.000071	-0.213501	
291	1.000251	-0.000264	0.540283	0.000264	1.000251	-0.251251	
292	0.999906	-0.000045	0.827698	0.000045	0.999906	0.037415	
293	0.999847	0.000280	0.902222	-0.000280	0.999847	0.290985	
294	0.998199	-0.001167	2.688110	0.001167	0.998199	-0.674957	
295	0.998199	-0.001167	2.688110	0.001167	0.998199	-0.674957	
296	0.999959	-0.000169	0.686035	0.000169	0.999959	-0.135284	
297	1.000318	-0.000470	0.230469	0.000470	1.000318	-0.515045	
298	1.000002	-0.000053	0.538208	0.000053	1.000002	-0.014404	
299	1.000002	-0.000053	0.538208	0.000053	1.000002	-0.014404	
300	0.999818	-0.000243	1.252808	0.000243	0.999818	-0.059814	
301	0.999879	0.000266	0.848694	-0.000266	0.999879	0.230347	
302	0.999266	0.000953	1.283325	-0.000953	0.999266	1.210846	
303	1.000152	0.000254	0.452026	-0.000254	1.000152	-0.029388	
304	1.000504	0.000658	-0.192871	-0.000658	1.000504	0.569855	
305	1.000504	0.000658	-0.192871	-0.000658	1.000504	0.569855	
306	0.999959	0.000081	0.376526	-0.000081	0.999959	0.196167	
307	0.999387	-0.001071	1.168091	0.001071	0.999387	-0.944916	
308	0.999387	-0.001071	1.168091	0.001071	0.999387	-0.944916	
309	0.999805	0.000220	0.528137	-0.000220	0.999805	0.296265	
310	0.999805	0.000220	0.528137	-0.000220	0.999805	0.296265	
311	0.999805	0.000220	0.528137	-0.000220	0.999805	0.296265	
312	1.000412	0.001162	0.139709	-0.001162	1.000412	0.105957	
313	1.000274	0.000387	0.346130	-0.000387	1.000274	-0.221558	
314	1.000039	-0.000455	0.333374	0.000455	1.000039	-0.474945	
315	1.000039	-0.000455	0.333374	0.000455	1.000039	-0.474945	
316	1.000039	-0.000455	0.333374	0.000455	1.000039	-0.474945	
317	1.000274	-0.000182	-0.015869	0.000182	1.000274	-0.573151	
318	0.999961	-0.000004	0.496094	0.000004	0.999961	-0.464294	
319	0.999958	-0.000247	0.582642	0.000247	0.999958	-1.033264	
320	1.000581	0.000013	0.126587	-0.000013	1.000581	-3.622894	
321	1.000581	0.000013	0.126587	-0.000013	1.000581	-3.622894	
322	1.000386	-0.000495	-0.063232	0.000495	1.000386	-1.474792	
323	1.000040	0.000022	0.011780	-0.000022	1.000040	-0.013885	
324	1.000046	0.000026	0.037170	-0.000026	1.000046	0.039429	
325	1.000046	0.000026	0.037170	-0.000026	1.000046	0.039429	
326	1.000391	0.000689	0.820801	-0.000689	1.000391	0.483582	
327	1.000391	0.000689	0.820801	-0.000689	1.000391	0.483582	
328	0.998319	0.001596	4.653381	-0.001596	0.998319	1.970642	
329	0.998319	0.001596	4.653381	-0.001596	0.998319	1.970642	
330	0.998319	0.001596	4.653381	-0.001596	0.998319	1.970642	
331	0.999263	0.000575	3.046936	-0.000575	0.999263	0.886993	
332	0.999625	0.000109	0.451782	-0.000109	0.999625	0.335327	
333	1.000267	-0.000097	-0.948914	0.000097	1.000267	-0.351929	
334	1.000267	-0.000097	-0.948914	0.000097	1.000267	-0.351929	
335	1.000179	-0.000052	-1.301270	0.000052	1.000179	-0.346771	
336	0.999614	-0.000155	-0.753235	0.000155	0.999614	-0.179810	
337	1.000152	-0.000233	-0.938721	0.000233	1.000152	-0.696045	
338	1.001537	-0.000870	-2.821045	0.000870	1.001537	-2.065002	
339	1.000249	-0.000096	-0.968750	0.000096	1.000249	-0.403442	
340	1.000319	-0.000425	-1.576843	0.000425	1.000319	-0.472656	
341	0.998894	0.000266	-1.190430	-0.000266	0.998894	0.713806	
342	0.998894	0.000266	-1.190430	-0.000266	0.998894	0.713806	
343	0.998894	0.000266	-1.190430	-0.000266	0.998894	0.713806	
344	0.998894	0.000266	-1.190430	-0.000266	0.998894	0.713806	
345	0.999941	-0.000563	-1.303589	0.000563	0.999941	-1.238159	
346	0.999941	-0.000563	-1.303589	0.000563	0.999941	-1.238159	
347	0.999941	-0.000563	-1.303589	0.000563	0.999941	-1.238159	
348	0.999941	-0.000563	-1.303589	0.000563	0.999941	-1.238159	
349	0.999941	-0.000563	-1.303589	0.000563	0.999941	-1.238159	
350	0.999941	-0.000563	-1.303589	0.000563	0.999941	-1.238159	
351	0.999941	-0.000563	-1.303589	0.000563	0.999941	-1.238159	
352	0.999941	-0.000563	-1.303589	0.000563	0.999941	-1.238159	
353	0.999941	-0.000563	-1.303589	0.000563	0.999941	-1.238159	
354	0.999941	-0.000563	-1.303589	0.000563	0.999941	-1.238159	
355	0.999941	-0.000563	-1.303589	0.000563	0.999941	-1.238159	
356	0.999941	-0.000563	-1.303589	0.000563	0.999941	-1.238159	
357	1.000304	-0.000209	-0.985901	0.000209	1.000304	-0.285248	
358	1.000304	-0.000209	-0.985901	0.000209	1.000304	-0.285248	
359	1.000204	0.000077	-0.869751	-0.000077	1.000204	-0.319427	
360	1.000204	0.000077	-0.869751	-0.000077	1.000204	-0.319427	
361	1.000204	0.000077	-0.869751	-0.000077	1.000204	-0.319427	
362	1.001800	-0.000774	-2.611572	0.000774	1.001800	-2.237549	
363	1.004316	-0.000225	-5.096619	0.000225	1.004316	-3.675995	
364	1.006375	-0.000267	-6.962524	0.000267	1.006375	-5.883484	
365	1.006375	-0.000267	-6.962524	0.000267	1.006375	-5.883484	
366	1.009142	-0.000210	-9.709534	0.000210	1.009142	-7.701996	
367	1.009142	-0.000210	-9.709534	0.000210	1.009142	-7.701996	
368	1.011556	0.000178	-12.150024	-0.000178	1.011556	-9.466980	
369	1.011556	0.000178	-12.150024	-0.000178	1.011556	-9.466980	
370	1.027313	-0.000294	-28.064148	0.000294	1.027313	-20.229309	
371	1.027313	-0.000294	-28.064148	0.000294	1.027313	-20.229309	
372	1.027313	-0.000294	-28.064148	0.000294	1.027313	-20.229309	
373	1.027313	-0.000294	-28.064148	0.000294	1.027313	-20.229309	
374	1.019490	-0.000106	-19.728760	0.000106	1.019490	-10.431061	
375	1.037284	-0.000442	-37.509338	0.000442	1.037284	-19.722931	
376	1.016929	0.000005	-17.331543	-0.000005	1.016929	-8.567200	
377	1.016093	-0.000198	-16.348145	0.000198	1.016093	-8.718353	
378	1.015422	-0.000117	-15.760376	0.000117	1.015422	-7.633453	
379	1.015422	-0.000117	-15.760376	0.000117	1.015422	-7.633453	
380	1.023133	-0.002681	-23.220459	0.002681	1.023133	-15.094147	
381	1.011293	-0.000236	-11.714783	0.000236	1.011293	-6.082916	
382	1.010803	-0.000183	-11.262512	0.000183	1.010803	-6.063812	
383	1.009767	-0.000254	-10.178467	0.000254	1.009767	-5.361511	
384	1.008415	-0.000010	-8.934021	0.000010	1.008415	-4.350037	
385	1.015723	-0.000068	-16.660706	0.000068	1.015723	-8.367615	
386	1.006098	-0.000182	-6.660950	0.000182	1.006098	-3.656677	
387	1.000028	0.000319	-0.850586	-0.000319	1.000028	-0.833954	
388	1.000229	0.000011	-0.769592	-0.000011	1.000229	-0.289795	
389	0.999838	0.000109	-0.378540	-0.000109	0.999838	0.629089	
390	0.999866	-0.000083	-0.280762	0.000083	0.999866	-0.026337	
391	0.999931	-0.000259	0.172119	0.000259	0.999931	0.219116	
392	0.999840	-0.000599	-0.387573	0.000599	0.999840	-0.219086	
393	0.999579	-0.001149	-2.114014	0.001149	0.999579	-0.744965	
394	0.999790	-0.001245	-4.650879	0.001245	0.999790	-0.864471	
395	0.999578	-0.001280	-10.358643	0.001280	0.999578	-0.697388	
396	0.999570	-0.000023	-4.115723	0.000023	0.999570	0.743713	
397	0.999809	0.000586	-1.013794	-0.000586	0.999809	0.612854	
398	1.000101	0.000003	0.169739	-0.000003	1.000101	0.145477	
399	1.000216	-0.000004	0.601807	0.000004	1.000216	-0.180084	
400	1.000216	-0.000004	0.601807	0.000004	1.000216	-0.180084	
401	1.000047	-0.000177	0.848511	0.000177	1.000047	-0.191620	
402	0.999872	0.000332	1.066162	-0.000332	0.999872	0.785339	
403	0.999840	0.000223	0.985596	-0.000223	0.999840	-0.256073	
404	1.000742	0.000016	0.525818	-0.000016	1.000742	-0.235931	
405	0.999898	0.000410	1.155701	-0.000410	0.999898	0.307251	
406	1.000034	0.000178	2.568298	-0.000178	1.000034	-0.240143	
407	1.000299	0.000262	1.003052	-0.000262	1.000299	0.220306	
408	1.000184	-0.000001	1.082520	0.000001	1.000184	0.345093	
409	0.998925	-0.000337	2.410034	0.000337	0.998925	0.740112	
410	1.000056	0.000073	1.507935	-0.000073	1.000056	0.071533	
411	1.000033	0.000454	3.104370	-0.000454	1.000033	0.610413	
412	1.000033	0.000454	3.104370	-0.000454	1.000033	0.610413	
413	0.999823	0.000287	1.885315	-0.000287	0.999823	0.802338	
414	1.000077	0.000533	1.773926	-0.000533	1.000077	0.598511	
415	0.999997	0.000332	1.543701	-0.000332	0.999997	0.142395	
416	0.999997	0.000332	1.543701	-0.000332	0.999997	0.142395	
417	0.999450	-0.000968	2.640869	0.000968	0.999450	-1.315247	
418	0.998101	0.001303	3.225891	-0.001303	0.998101	1.982330	
419	0.998101	0.001303	3.225891	-0.001303	0.998101	1.982330	
420	0.998101	0.001303	3.225891	-0.001303	0.998101	1.982330	
421	0.998101	0.001303	3.225891	-0.001303	0.998101	1.982330	
422	0.998101	0.001303	3.225891	-0.001303	0.998101	1.982330	
423	0.998101	0.001303	3.225891	-0.001303	0.998101	1.982330	
424	0.999854	-0.000015	1.681885	0.000015	0.999854	0.249756	
425	0.999598	-0.000256	1.854248	0.000256	0.999598	0.025238	
426	0.999598	-0.000256	1.854248	0.000256	0.999598	0.025238	
427	0.999598	-0.000256	1.854248	0.000256	0.999598	0.025238	
428	1.000247	0.000708	1.033936	-0.000708	1.000247	0.365295	
429	1.000247	0.000708	1.033936	-0.000708	1.000247	0.365295	
430	1.000247	0.000708	1.033936	-0.000708	1.000247	0.365295	
431	1.000247	0.000708	1.033936	-0.000708	1.000247	0.365295	
432	1.000711	0.000219	0.291687	-0.000219	1.000711	-0.833008	
433	0.999947	-0.000160	1.165283	0.000160	0.999947	-0.377197	
434	0.999744	-0.000069	1.146362	0.000069	0.999744	-0.074921	
435	1.000147	-0.000033	0.784058	0.000033	1.000147	-0.328979	
436	1.000147	-0.000033	0.784058	0.000033	1.000147	-0.328979	
437	1.000147	-0.000033	0.784058	0.000033	1.000147	-0.328979	
438	0.999920	-0.000132	0.512573	0.000132	0.999920	-0.065857	
439	0.999832	0.000383	0.220581	-0.000383	0.999832	0.987122	
440	0.999892	0.000030	0.023315	-0.000030	0.999892	0.531311	
441	1.000000	-0.000001	-0.515259	0.000001	1.000000	-0.123810	
442	1.000036	-0.000003	-0.619263	0.000003	1.000036	0.371521	
443	1.000036	-0.000003	-0.619263	0.000003	1.000036	0.371521	
444	1.000036	-0.000003	-0.619263	0.000003	1.000036	0.371521	
445	0.999898	-0.000016	-0.986450	0.000016	0.999898	0.452667	
446	0.999889	-0.000095	-2.133301	0.000095	0.999889	-0.674072	
447	0.999987	-0.000089	-1.221313	0.000089	0.999987	-0.681091	
448	1.000397	-0.000319	-1.537537	0.000319	1.000397	-0.938171	
449	1.000397	-0.000319	-1.537537	0.000319	1.000397	-0.938171	
450	1.000145	-0.000166	-1.415710	0.000166	1.000145	0.209442	
451	1.000145	-0.000166	-1.415710	0.000166	1.000145	0.209442	
452	1.000053	0.000093	-1.093567	-0.000093	1.000053	0.235321	
453	1.000936	-0.001142	-2.143921	0.001142	1.000936	-1.310486	
454	0.999849	-0.000380	-1.413330	0.000380	0.999849	-0.272797	
455	1.001094	-0.000045	-2.535034	0.000045	1.001094	-1.297241	
456	1.001094	-0.000045	-2.535034	0.000045	1.001094	-1.297241	
457	0.999923	-0.001772	-0.454346	0.001772	0.999923	-2.639862	
458	0.999961	-0.000236	-0.872681	0.000236	0.999961	-0.736847	
459	1.000229	0.000018	-1.159668	-0.000018	1.000229	-0.642365	
460	0.999742	0.000216	-1.161560	-0.000216	0.999742	-0.213043	
461	1.000210	-0.000376	-3.582581	0.000376	1.000210	-0.959900	
462	1.000210	-0.000376	-3.582581	0.000376	1.000210	-0.959900	
463	1.000166	-0.000831	-1.739258	0.000831	1.000166	-0.801056	
464	1.000465	-0.000083	-1.955383	0.000083	1.000465	-0.528412	
465	0.999291	-0.000077	-0.499878	0.000077	0.999291	0.029907	
466	0.999291	-0.000077	-0.499878	0.000077	0.999291	0.029907	
467	1.000056	-0.000287	-1.479248	0.000287	1.000056	-0.909058	
468	1.000290	-0.000288	-1.560242	0.000288	1.000290	-1.207062	
469	1.000068	-0.000987	-1.361511	0.000987	1.000068	-1.384430	
470	1.000068	-0.000987	-1.361511	0.000987	1.000068	-1.384430	
471	1.000068	-0.000987	-1.361511	0.000987	1.000068	-1.384430	
472	1.000139	-0.000550	-1.262695	0.000550	1.000139	-2.898804	
473	1.000136	-0.000238	-1.155884	0.000238	1.000136	-2.575226	
474	1.000447	-0.000327	-1.476807	0.000327	1.000447	-2.403595	
475	1.000939	-0.000507	-1.835327	0.000507	1.000939	-2.036560	
476	1.000219	-0.000510	-2.020325	0.000510	1.000219	-3.080444	
477	1.000219	-0.000510	-2.020325	0.000510	1.000219	-3.080444	
478	0.999912	-0.000222	-0.985474	0.000222	0.999912	-0.761749	
479	0.999817	0.000023	-0.822388	-0.000023	0.999817	-0.220764	
480	0.999817	0.000023	-0.822388	-0.000023	0.999817	-0.220764	
481	0.999817	0.000023	-0.822388	-0.000023	0.999817	-0.220764	
482	1.000384	0.000083	-1.397705	-0.000083	1.000384	-0.382446	
483	1.000623	-0.000388	-1.480225	0.000388	1.000623	-0.952759	
484	1.000623	-0.000388	-1.480225	0.000388	1.000623	-0.952759	
485	0.999735	0.000128	-0.752380	-0.000128	0.999735	0.146515	
486	1.000168	-0.000449	-1.990051	0.000449	1.000168	-0.666870	
487	1.000168	-0.000449	-1.990051	0.000449	1.000168	-0.666870	
488	1.000308	-0.000265	-1.082031	0.000265	1.000308	-0.089691	
489	0.999589	0.000233	-0.318115	-0.000233	0.999589	0.663483	
490	0.999741	-0.000112	-0.544678	0.000112	0.999741	-0.003662	
491	0.999732	0.000183	-0.635742	-0.000183	0.999732	0.170288	
492	1.000111	0.000098	-0.612610	-0.000098	1.000111	-0.034485	
493	1.000111	0.000098	-0.612610	-0.000098	1.000111	-0.034485	
494	1.000001	0.000012	-0.056152	-0.000012	1.000001	-0.051331	
495	0.999759	0.000113	0.114990	-0.000113	0.999759	-0.015198	
496	1.000047	0.000325	0.006226	-0.000325	1.000047	0.822144	
497	0.999869	-0.000038	0.324280	0.000038	0.999869	0.307800	
498	0.999941	0.000014	0.523193	-0.000014	0.999941	0.066650	
499	0.999964	-0.000805	0.875671	0.000805	0.999964	-0.921600	
500	0.999964	-0.000805	0.875671	0.000805	0.999964	-0.921600	
501	0.999964	-0.000805	0.875671	0.000805	0.999964	-0.921600	
502	0.999162	0.000204	1.929199	-0.000204	0.999162	1.025269	
503	1.000021	0.000186	0.959229	-0.000186	1.000021	0.340546	
504	0.999747	0.000209	1.375122	-0.000209	0.999747	0.961151	
505	1.000479	-0.000137	0.539062	0.000137	1.000479	-0.331177	
506	1.000479	-0.000137	0.539062	0.000137	1.000479	-0.331177	
507	0.998926	-0.000315	2.685303	0.000315	0.998926	0.410950	
508	0.998926	-0.000315	2.685303	0.000315	0.998926	0.410950	
509	0.998926	-0.000315	2.685303	0.000315	0.998926	0.410950	
510	1.000172	0.000564	1.061707	-0.000564	1.000172	0.543365	
511	0.999789	0.000366	2.686279	-0.000366	0.999789	1.269958	
512	0.999789	0.000366	2.686279	-0.000366	0.999789	1.269958	
513	0.999789	0.000366	2.686279	-0.000366	0.999789	1.269958	
514	0.999789	0.000366	2.686279	-0.000366	0.999789	1.269958	
515	0.999789	0.000366	2.686279	-0.000366	0.999789	1.269958	
516	0.999789	0.000366	2.686279	-0.000366	0.999789	1.269958	
517	1.000422	0.000330	0.859375	-0.000330	1.000422	0.412994	
518	1.000422	0.000330	0.859375	-0.000330	1.000422	0.412994	
519	0.999579	-0.000278	0.791809	0.000278	0.999579	-0.243805	
520	0.999147	-0.002299	-0.998779	0.002299	0.999147	-2.327148	
521	0.999147	-0.002299	-0.998779	0.002299	0.999147	-2.327148	
522	1.001085	0.000258	-7.070496	-0.000258	1.001085	0.006409	
523	1.001085	0.000258	-7.070496	-0.000258	1.001085	0.006409	
524	1.001085	0.000258	-7.070496	-0.000258	1.001085	0.006409	
525	0.999758	-0.000156	-1.820557	0.000156	0.999758	0.303864	
526	1.000290	-0.000262	-2.598511	0.000262	1.000290	-0.162262	
527	1.000779	-0.000771	-0.875732	0.000771	1.000779	-1.152466	
528	1.000779	-0.000771	-0.875732	0.000771	1.000779	-1.152466	
529	1.000035	0.000459	1.072388	-0.000459	1.000035	0.635498	
530	1.000035	0.000459	1.072388	-0.000459	1.000035	0.635498	
531	1.000035	0.000459	1.072388	-0.000459	1.000035	0.635498	
532	1.000212	0.000895	0.242188	-0.000895	1.000212	1.462280	
533	1.000212	0.000895	0.242188	-0.000895	1.000212	1.462280	
534	0.999900	0.000245	0.839966	-0.000245	0.999900	0.305847	
535	0.999900	0.000245	0.839966	-0.000245	0.999900	0.305847	
536	0.999900	0.000245	0.839966	-0.000245	0.999900	0.305847	
537	0.999857	0.000139	0.696777	-0.000139	0.999857	0.485809	
538	0.999807	-0.000115	0.664429	0.000115	0.999807	-0.052490	
539	1.000304	0.000131	0.380615	-0.000131	1.000304	-0.176819	
540	0.999874	0.000032	0.689026	-0.000032	0.999874	0.138489	
541	0.999954	0.000307	0.931030	-0.000307	0.999954	0.424042	
542	0.999586	0.000077	1.094116	-0.000077	0.999586	0.561646	
543	1.000132	-0.000060	0.529724	0.000060	1.000132	0.147278	
544	0.999781	-0.000076	0.837891	0.000076	0.999781	0.429321	
545	0.999640	-0.000014	0.851318	0.000014	0.999640	0.677734	
546	0.999793	0.000602	0.312073	-0.000602	0.999793	1.061157	
547	1.000112	0.000192	-0.450134	-0.000192	1.000112	0.739807	
548	1.000191	0.000175	-0.491943	-0.000175	1.000191	1.616455	
549	0.999031	0.000564	0.752991	-0.000564	0.999031	5.502014	
550	0.994135	0.000280	5.504181	-0.000280	0.994135	12.822388	
551	0.971097	0.000231	26.225098	-0.000231	0.971097	37.152161	
552	0.980340	-0.000080	17.735413	0.000080	0.980340	18.767517	
553	0.977958	0.000074	20.710693	-0.000074	0.977958	17.531982	
554	0.978347	-0.000192	20.614136	0.000192	0.978347	14.790955	
555	0.979515	-0.000233	19.406372	0.000233	0.979515	13.474182	
556	0.964177	0.001658	30.695740	-0.001658	0.964177	23.114380	
557	0.983773	0.001936	12.851807	-0.001936	0.983773	9.307068	
558	0.984983	-0.000425	13.747437	0.000425	0.984983	7.823669	
559	0.983113	-0.000299	15.595459	0.000299	0.983113	8.680298	
560	0.984450	-0.000485	14.376770	0.000485	0.984450	7.348877	
561	0.984450	-0.000485	14.376770	0.000485	0.984450	7.348877	
562	0.977078	-0.000315	21.331360	0.000315	0.977078	11.088013	
563	0.977078	-0.000315	21.331360	0.000315	0.977078	11.088013	
564	0.977078	-0.000315	21.331360	0.000315	0.977078	11.088013	
565	0.977078	-0.000315	21.331360	0.000315	0.977078	11.088013	
566	0.977078	-0.000315	21.331360	0.000315	0.977078	11.088013	
567	0.977078	-0.000315	21.331360	0.000315	0.977078	11.088013	
568	0.977078	-0.000315	21.331360	0.000315	0.977078	11.088013	
569	0.977078	-0.000315	21.331360	0.000315	0.977078	11.088013	
570	0.977078	-0.000315	21.331360	0.000315	0.977078	11.088013	
571	1.000006	0.000027	-0.161438	-0.000027	1.000006	0.019348	
572	0.999806	0.000125	-0.657043	-0.000125	0.999806	0.103638	
573	0.999806	0.000125	-0.657043	-0.000125	0.999806	0.103638	
574	0.999738	-0.000191	-0.119934	0.000191	0.999738	0.057739	
575	0.999738	-0.000191	-0.119934	0.000191	0.999738	0.057739	
576	0.999738	-0.000191	-0.119934	0.000191	0.999738	0.057739	
577	1.000651	0.000315	-2.144531	-0.000315	1.000651	-0.015076	
578	1.000651	0.000315	-2.144531	-0.000315	1.000651	-0.015076	
579	0.999867	0.000151	-0.853271	-0.000151	0.999867	-0.131714	
580	0.999867	0.000151	-0.853271	-0.000151	0.999867	-0.131714	
581	0.999867	0.000151	-0.853271	-0.000151	0.999867	-0.131714	
582	0.999867	0.000151	-0.853271	-0.000151	0.999867	-0.131714	
583	0.999920	-0.000103	-0.849976	0.000103	0.999920	-0.157501	
584	0.999920	-0.000103	-0.849976	0.000103	0.999920	-0.157501	
585	1.000129	0.000118	-0.821716	-0.000118	1.000129	-0.398926	
586	1.000249	0.000254	-1.125732	-0.000254	1.000249	0.202301	
587	1.000249	0.000254	-1.125732	-0.000254	1.000249	0.202301	
588	1.000249	0.000254	-1.125732	-0.000254	1.000249	0.202301	
589	1.000249	0.000254	-1.125732	-0.000254	1.000249	0.202301	
590	1.000249	0.000254	-1.125732	-0.000254	1.000249	0.202301	
591	1.000249	0.000254	-1.125732	-0.000254	1.000249	0.202301	
592	0.999994	0.000271	-0.972046	-0.000271	0.999994	0.213440	
593	1.001995	-0.001325	-2.193604	0.001325	1.001995	-1.926575	
594	1.000013	0.000128	-0.420715	-0.000128	1.000013	0.091309	
595	1.000085	-0.000021	-0.393860	0.000021	1.000085	-0.074432	
596	1.000037	0.000068	-0.310059	-0.000068	1.000037	0.031403	
597	1.000017	0.000002	-0.401489	-0.000002	1.000017	-0.034576	
598	1.000050	-0.000075	-0.127014	0.000075	1.000050	-0.244537	
599	1.000050	-0.000075	-0.127014	0.000075	1.000050	-0.244537	
600	0.999843	-0.001184	0.342896	0.001184	0.999843	-1.636536	
601	0.999843	-0.001184	0.342896	0.001184	0.999843	-1.636536	
602	0.999843	-0.001184	0.342896	0.001184	0.999843	-1.636536	
