0	1.000000	0.000000	0.000000	0.000000	1.000000	0.000000	
1	1.000058	-0.000020	-0.104126	0.000020	1.000058	-0.029053	
2	1.000060	-0.000041	-0.092224	0.000041	1.000060	-0.051208	
3	1.000046	0.000000	-0.069519	-0.000000	1.000046	0.001953	
4	1.000032	0.000003	-0.051514	-0.000003	1.000032	0.002411	
5	1.000069	-0.000008	-0.113953	0.000008	1.000069	0.001251	
6	1.000038	-0.000028	-0.073425	0.000028	1.000038	-0.033722	
7	1.000037	-0.000044	-0.089661	0.000044	1.000037	-0.042908	
8	1.000053	-0.000008	-0.080444	0.000008	1.000053	0.019806	
9	1.000006	-0.000023	-0.034058	0.000023	1.000006	-0.007629	
10	1.000028	-0.000004	-0.039429	0.000004	1.000028	0.027069	
11	0.999996	-0.000025	-0.032959	0.000025	0.999996	0.002930	
12	1.000005	-0.000003	-0.011841	0.000003	1.000005	0.039520	
13	0.999982	-0.000035	-0.025818	0.000035	0.999982	0.016022	
14	1.000017	-0.000016	-0.036621	0.000016	1.000017	0.047241	
15	1.000037	0.000016	-0.017517	-0.000016	1.000037	0.064789	
16	1.000015	-0.000017	-0.004639	0.000017	1.000015	0.034363	
17	1.000045	-0.000025	-0.050354	0.000025	1.000045	0.013885	
18	0.999988	0.000001	0.024414	-0.000001	0.999988	-0.001984	
19	0.999996	0.000009	0.015320	-0.000009	0.999996	-0.000580	
20	1.000002	0.000007	0.017334	-0.000007	1.000002	-0.013824	
21	0.999984	-0.000041	-0.012756	0.000041	0.999984	-0.064880	
22	0.999970	-0.000027	0.036499	0.000027	0.999970	-0.044983	
23	0.999981	-0.000007	0.009766	0.000007	0.999981	-0.017578	
24	0.999999	0.000015	0.005859	-0.000015	0.999999	0.016663	
25	1.000001	-0.000021	-0.011169	0.000021	1.000001	-0.031281	
26	1.000054	-0.000003	-0.005371	0.000003	1.000054	0.004211	
27	1.000030	-0.000025	-0.026123	0.000025	1.000030	-0.039307	
28	1.000092	-0.000001	-0.103027	0.000001	1.000092	-0.029388	
29	1.000048	0.000012	-0.050537	-0.000012	1.000048	-0.001709	
30	1.000089	0.000027	-0.050293	-0.000027	1.000089	-0.022003	
31	1.000048	0.000027	-0.006226	-0.000027	1.000048	0.013123	
32	1.000053	0.000024	-0.022461	-0.000024	1.000053	-0.002014	
33	1.000055	0.000037	0.002380	-0.000037	1.000055	0.009491	
34	1.000050	0.000021	-0.056396	-0.000021	1.000050	0.015411	
35	1.000073	0.000023	-0.058044	-0.000023	1.000073	-0.014404	
36	1.000037	0.000001	-0.028015	-0.000001	1.000037	-0.006073	
37	1.000058	-0.000005	-0.018188	0.000005	1.000058	-0.031769	
38	1.000057	-0.000024	-0.058105	0.000024	1.000057	-0.045868	
39	1.000050	-0.000014	0.003235	0.000014	1.000050	-0.036774	
40	1.000035	-0.000006	-0.033569	0.000006	1.000035	-0.010620	
41	1.000059	0.000017	-0.025391	-0.000017	1.000059	0.021912	
42	1.000042	0.000016	-0.037354	-0.000016	1.000042	0.027863	
43	1.000065	0.000027	-0.008484	-0.000027	1.000065	0.037231	
44	1.000027	0.000017	-0.000854	-0.000017	1.000027	0.030670	
45	1.000053	0.000006	-0.002563	-0.000006	1.000053	0.003052	
46	1.000008	-0.000001	0.043213	0.000001	1.000008	0.000549	
47	1.000039	0.000008	0.006836	-0.000008	1.000039	0.019623	
48	1.000021	0.000009	0.007446	-0.000009	1.000021	0.017944	
49	1.000023	0.000020	0.013367	-0.000020	1.000023	0.036835	
50	1.000015	0.000019	-0.004089	-0.000019	1.000015	0.030151	
51	1.000039	0.000020	-0.011658	-0.000020	1.000039	0.040680	
52	1.000026	-0.000000	-0.009399	0.000000	1.000026	0.008820	
53	1.000036	0.000009	-0.012329	-0.000009	1.000036	0.028137	
54	1.000010	0.000009	0.010925	-0.000009	1.000010	0.031158	
55	1.000016	0.000014	0.008728	-0.000014	1.000016	0.027344	
56	1.000013	0.000002	-0.000122	-0.000002	1.000013	0.008392	
57	1.000027	0.000012	-0.009644	-0.000012	1.000027	0.016083	
58	1.000022	0.000008	-0.012329	-0.000008	1.000022	0.018860	
59	1.000026	0.000016	0.003540	-0.000016	1.000026	0.020844	
60	1.000024	0.000010	-0.014343	-0.000010	1.000024	0.018280	
61	1.000041	0.000013	-0.007446	-0.000013	1.000041	0.011902	
62	1.000040	0.000013	-0.039551	-0.000013	1.000040	0.025299	
63	1.000044	0.000011	-0.010376	-0.000011	1.000044	0.016693	
64	1.000035	0.000012	-0.040039	-0.000012	1.000035	0.029022	
65	1.000034	0.000009	-0.015869	-0.000009	1.000034	0.018127	
66	1.000024	0.000014	-0.033508	-0.000014	1.000024	0.031281	
67	1.000022	0.000007	-0.017761	-0.000007	1.000022	0.004517	
68	1.000014	0.000013	-0.019287	-0.000013	1.000014	0.026031	
69	1.000013	0.000019	-0.013123	-0.000019	1.000013	0.016327	
70	1.000009	0.000023	-0.019653	-0.000023	1.000009	0.034485	
71	0.999994	0.000024	-0.009949	-0.000024	0.999994	0.011505	
72	0.999991	0.000018	-0.017700	-0.000018	0.999991	0.023468	
73	0.999975	0.000022	-0.010315	-0.000022	0.999975	0.018311	
74	0.999987	0.000010	-0.020569	-0.000010	0.999987	0.020721	
75	0.999968	0.000007	0.010498	-0.000007	0.999968	-0.027985	
76	0.999961	0.000000	0.012573	-0.000000	0.999961	-0.003754	
77	0.999984	0.000024	0.019409	-0.000024	0.999984	0.013519	
78	0.999985	0.000005	0.025635	-0.000005	0.999985	-0.022186	
79	0.999995	0.000009	0.027100	-0.000009	0.999995	0.017853	
80	0.999995	-0.000007	0.023987	0.000007	0.999995	-0.004517	
81	1.000020	-0.000010	-0.004578	0.000010	1.000020	-0.005096	
82	1.000009	0.000004	-0.003357	-0.000004	1.000009	-0.006744	
83	1.000003	0.000006	0.008057	-0.000006	1.000003	0.014740	
84	1.000021	0.000015	0.026306	-0.000015	1.000021	0.025299	
85	1.000019	0.000015	0.000000	-0.000015	1.000019	0.019501	
86	1.000016	0.000005	0.003601	-0.000005	1.000016	0.029572	
87	1.000000	-0.000014	-0.002808	0.000014	1.000000	-0.011719	
88	1.000023	-0.000026	-0.033508	0.000026	1.000023	-0.007141	
89	0.999992	-0.000014	-0.007751	0.000014	0.999992	-0.008942	
90	0.999989	0.000017	0.002686	-0.000017	0.999989	0.006989	
91	0.999989	-0.000004	-0.004456	0.000004	0.999989	-0.014923	
92	0.999983	0.000036	0.039001	-0.000036	0.999983	-0.019226	
93	1.000010	0.000030	-0.000793	-0.000030	1.000010	0.046051	
94	1.000018	0.000011	0.015869	-0.000011	1.000018	0.026154	
95	0.999988	0.000008	0.019409	-0.000008	0.999988	0.005035	
96	0.999995	0.000025	0.016113	-0.000025	0.999995	0.031494	
97	0.999997	-0.000000	0.000366	0.000000	0.999997	-0.003510	
98	1.000015	0.000025	-0.004028	-0.000025	1.000015	0.018433	
99	1.000003	0.000004	-0.000305	-0.000004	1.000003	-0.006439	
100	1.000012	0.000040	0.018860	-0.000040	1.000012	0.009094	
101	0.999984	0.000004	0.020813	-0.000004	0.999984	-0.015045	
102	1.000026	-0.000006	-0.077942	0.000006	1.000026	-0.019592	
103	0.999992	0.000002	0.009094	-0.000002	0.999992	-0.000214	
104	0.999997	-0.000054	-0.032532	0.000054	0.999997	-0.044373	
105	0.999993	-0.000008	0.003723	0.000008	0.999993	-0.012146	
106	1.000004	0.000005	-0.008057	-0.000005	1.000004	0.016388	
107	1.000014	0.000006	-0.006592	-0.000006	1.000014	0.007019	
108	1.000041	0.000001	-0.012634	-0.000001	1.000041	0.031128	
109	1.000008	0.000016	0.005188	-0.000016	1.000008	0.018036	
110	1.000029	0.000030	0.003113	-0.000030	1.000029	0.035004	
111	1.000007	-0.000006	-0.008240	0.000006	1.000007	-0.006409	
112	0.999997	-0.000012	-0.001343	0.000012	0.999997	0.000458	
113	1.000005	0.000004	-0.000366	-0.000004	1.000005	0.009155	
114	1.000024	0.000019	-0.002869	-0.000019	1.000024	0.026459	
115	0.999999	0.000005	0.007141	-0.000005	0.999999	0.004547	
116	1.000003	0.000012	-0.000549	-0.000012	1.000003	0.016052	
117	0.999994	-0.000004	0.008301	0.000004	0.999994	-0.008759	
118	0.999987	-0.000005	0.016296	0.000005	0.999987	0.003143	
119	0.999999	-0.000015	-0.002930	0.000015	0.999999	-0.015594	
120	0.999983	0.000014	0.037659	-0.000014	0.999983	-0.030243	
121	0.999992	0.000003	0.015442	-0.000003	0.999992	-0.002625	
122	1.000006	0.000024	0.013123	-0.000024	1.000006	0.010742	
123	1.000013	0.000006	-0.003906	-0.000006	1.000013	0.021820	
124	1.000020	0.000015	0.025208	-0.000015	1.000020	0.012207	
125	1.000004	0.000008	0.010071	-0.000008	1.000004	0.011749	
126	0.999992	-0.000007	0.017883	0.000007	0.999992	-0.011627	
127	1.000001	0.000003	0.002930	-0.000003	1.000001	0.002441	
128	0.999999	0.000002	0.005981	-0.000002	0.999999	0.003418	
129	1.000005	0.000008	-0.001831	-0.000008	1.000005	0.011047	
130	1.000002	0.000009	-0.000183	-0.000009	1.000002	0.008331	
131	0.999971	-0.000011	0.029419	0.000011	0.999971	-0.022034	
132	0.999989	-0.000003	0.011353	0.000003	0.999989	-0.005646	
133	0.999991	-0.000009	0.005676	0.000009	0.999991	-0.012939	
134	1.000016	0.000010	-0.010559	-0.000010	1.000016	0.014740	
135	1.000003	0.000017	0.004211	-0.000017	1.000003	0.010468	
136	1.000017	0.000013	-0.005737	-0.000013	1.000017	0.014221	
137	1.000025	0.000011	-0.009888	-0.000011	1.000025	0.007111	
138	0.999998	0.000012	0.006897	-0.000012	0.999998	0.008789	
139	1.000002	-0.000005	-0.003174	0.000005	1.000002	-0.006470	
140	1.000019	-0.000007	-0.016968	0.000007	1.000019	-0.009521	
141	1.000002	-0.000001	-0.001526	0.000001	1.000002	-0.007446	
142	0.999998	0.000025	-0.003052	-0.000025	0.999998	0.024506	
143	1.000009	-0.000004	-0.009094	0.000004	1.000009	-0.009766	
144	0.999994	0.000008	0.014893	-0.000008	0.999994	0.015259	
145	1.000004	0.000007	0.004822	-0.000007	1.000004	0.002228	
146	1.000020	-0.000019	-0.015015	0.000019	1.000020	-0.010071	
147	1.000007	-0.000017	-0.003052	0.000017	1.000007	-0.014008	
148	1.000035	0.000002	-0.027466	-0.000002	1.000035	0.011414	
149	1.000003	0.000002	-0.002808	-0.000002	1.000003	-0.002655	
150	0.999996	-0.000004	0.010681	0.000004	0.999996	-0.032074	
151	1.000018	-0.000008	-0.022156	0.000008	1.000018	-0.003662	
152	0.999997	-0.000003	0.001709	0.000003	0.999997	-0.025726	
153	1.000015	0.000016	-0.009766	-0.000016	1.000015	0.026184	
154	0.999952	0.000048	0.094666	-0.000048	0.999952	-0.038208	
155	1.000004	0.000017	0.012695	-0.000017	1.000004	0.013794	
156	0.999969	0.000025	0.081116	-0.000025	0.999969	-0.019684	
157	1.000021	0.000023	0.031494	-0.000023	1.000021	0.040039	
158	1.000426	0.000090	-0.381287	-0.000090	1.000426	0.135208	
159	1.000000	-0.000029	-0.008728	0.000029	1.000000	-0.022308	
160	1.000008	0.000001	0.002869	-0.000001	1.000008	0.010559	
161	1.000006	0.000010	-0.003540	-0.000010	1.000006	0.006073	
162	1.000024	-0.000002	-0.021301	0.000002	1.000024	0.007294	
163	1.000000	-0.000006	0.000427	0.000006	1.000000	-0.019806	
164	0.999980	-0.000013	0.042969	0.000013	0.999980	-0.031799	
165	1.000004	0.000012	0.017456	-0.000012	1.000004	0.010468	
166	0.999989	0.000052	0.049255	-0.000052	0.999989	0.068329	
167	0.999984	-0.000008	0.016846	0.000008	0.999984	0.003052	
168	0.999931	-0.000045	0.048157	0.000045	0.999931	-0.082092	
169	0.999970	-0.000017	0.028198	0.000017	0.999970	-0.015076	
170	0.999972	-0.000038	-0.002319	0.000038	0.999972	-0.039948	
171	1.000001	-0.000019	-0.015930	0.000019	1.000001	-0.014099	
172	0.999976	0.000025	0.014343	-0.000025	0.999976	0.056458	
173	0.999956	0.000005	0.027161	-0.000005	0.999956	-0.015625	
174	1.000000	0.000010	-0.002869	-0.000010	1.000000	0.013092	
175	1.000005	-0.000001	-0.000122	0.000001	1.000005	-0.005219	
176	1.000014	0.000023	0.023132	-0.000023	1.000014	-0.022369	
177	1.000018	0.000009	0.016541	-0.000009	1.000018	0.005737	
178	0.999997	0.000024	0.037476	-0.000024	0.999997	0.033813	
179	0.999994	0.000011	0.012207	-0.000011	0.999994	0.003784	
180	0.999989	0.000032	0.020935	-0.000032	0.999989	0.003510	
181	0.999980	0.000006	0.027832	-0.000006	0.999980	-0.000305	
182	1.000021	0.000039	0.006104	-0.000039	1.000021	0.035675	
183	1.000016	0.000034	-0.000977	-0.000034	1.000016	0.040741	
184	1.000014	0.000020	-0.030945	-0.000020	1.000014	0.038879	
185	0.999999	0.000011	-0.008789	-0.000011	0.999999	0.021393	
186	1.000067	-0.000026	-0.078247	0.000026	1.000067	0.065247	
187	1.000005	0.000004	-0.008179	-0.000004	1.000005	0.004913	
188	1.000074	0.000004	0.010742	-0.000004	1.000074	0.029572	
189	0.999994	0.000009	0.012512	-0.000009	0.999994	0.008575	
190	1.000082	-0.000023	-0.097351	0.000023	1.000082	0.027985	
191	1.000006	-0.000015	-0.001221	0.000015	1.000006	-0.021301	
192	1.000029	-0.000016	-0.002136	0.000016	1.000029	0.001923	
193	1.000009	-0.000015	-0.001282	0.000015	1.000009	-0.004944	
194	1.000002	0.000001	-0.025085	-0.000001	1.000002	-0.008911	
195	0.999979	-0.000030	-0.016663	0.000030	0.999979	-0.035187	
196	0.999997	-0.000003	-0.028381	0.000003	0.999997	-0.023285	
197	1.000000	0.000002	-0.018188	-0.000002	1.000000	-0.001312	
198	1.000051	0.000020	-0.038147	-0.000020	1.000051	0.022736	
199	1.000058	-0.000001	-0.015625	0.000001	1.000058	0.011383	
200	1.000061	-0.000029	-0.009399	0.000029	1.000061	0.026093	
201	1.000017	-0.000066	-0.009888	0.000066	1.000017	-0.041321	
202	0.999965	-0.000033	0.076416	0.000033	0.999965	-0.030670	
203	0.999971	-0.000007	0.030273	0.000007	0.999971	-0.008209	
204	0.999858	-0.000061	0.115723	0.000061	0.999858	-0.100983	
205	0.999991	-0.000027	-0.025146	0.000027	0.999991	-0.040375	
206	0.999953	-0.000040	0.014465	0.000040	0.999953	-0.042389	
207	0.999997	-0.000024	-0.004089	0.000024	0.999997	-0.033417	
208	0.999908	-0.000017	0.012634	0.000017	0.999908	-0.036041	
209	1.000028	0.000012	-0.041504	-0.000012	1.000028	0.017914	
210	1.000028	0.000046	-0.039368	-0.000046	1.000028	0.070618	
211	1.000026	-0.000012	-0.035400	0.000012	1.000026	-0.002228	
212	0.999985	0.000016	0.003052	-0.000016	0.999985	0.028717	
213	1.000005	0.000025	0.010132	-0.000025	1.000005	0.034149	
214	0.999991	0.000035	0.028137	-0.000035	0.999991	0.034515	
215	0.999988	0.000038	0.034912	-0.000038	0.999988	0.032898	
216	0.999989	0.000045	0.002930	-0.000045	0.999989	0.051819	
217	1.000012	0.000034	-0.001953	-0.000034	1.000012	0.033966	
218	1.000014	0.000033	-0.009155	-0.000033	1.000014	0.088470	
219	1.000008	-0.000067	-0.024231	0.000067	1.000008	-0.057007	
220	0.999983	-0.000049	-0.018860	0.000049	0.999983	-0.039886	
221	0.999974	-0.000009	0.029846	0.000009	0.999974	-0.015015	
222	0.999997	0.000005	0.004272	-0.000005	0.999997	-0.011444	
223	0.999993	-0.000070	-0.017883	0.000070	0.999993	-0.079620	
224	1.000024	-0.000047	-0.045349	0.000047	1.000024	0.020142	
225	0.999994	-0.000001	-0.036987	0.000001	0.999994	0.026367	
226	0.999999	0.000055	0.004272	-0.000055	0.999999	0.083557	
227	1.000029	0.000026	-0.045471	-0.000026	1.000029	0.046143	
228	1.000016	0.000022	-0.025574	-0.000022	1.000016	0.037689	
229	0.999980	0.000003	-0.006226	-0.000003	0.999980	0.004608	
230	0.999951	-0.000010	0.021973	0.000010	0.999951	-0.004272	
231	0.999986	-0.000013	0.010986	0.000013	0.999986	-0.011292	
232	0.999953	0.000005	0.048584	-0.000005	0.999953	-0.009399	
233	1.000003	0.000012	0.004395	-0.000012	1.000003	0.010162	
234	0.999975	0.000020	0.038086	-0.000020	0.999975	0.009766	
235	0.999996	0.000014	0.006531	-0.000014	0.999996	0.009338	
236	0.999995	0.000030	0.005798	-0.000030	0.999995	0.031616	
237	1.000029	0.000045	-0.022766	-0.000045	1.000029	0.063965	
238	0.999998	0.000040	0.004211	-0.000040	0.999998	0.055756	
239	0.999975	0.000045	0.058350	-0.000045	0.999975	0.094147	
240	0.999979	0.000044	0.032593	-0.000044	0.999979	0.052979	
241	0.999973	0.000000	0.034729	-0.000000	0.999973	0.052521	
242	0.999985	-0.000004	0.014160	0.000004	0.999985	0.002869	
243	1.000005	0.000002	0.059387	-0.000002	1.000005	-0.000153	
244	1.000005	0.000002	0.039612	-0.000002	1.000005	0.017365	
245	1.000029	0.000024	0.023682	-0.000024	1.000029	0.032532	
246	0.999983	0.000010	0.012756	-0.000010	0.999983	0.053192	
247	1.000000	0.000003	0.040344	-0.000003	1.000000	0.053528	
248	1.000000	-0.000014	-0.024902	0.000014	1.000000	0.016693	
249	0.999936	0.000006	0.142151	-0.000006	0.999936	0.019836	
250	0.999975	0.000002	0.005127	-0.000002	0.999975	0.009338	
251	0.999990	0.000011	0.033142	-0.000011	0.999990	0.051239	
252	0.999973	-0.000021	0.026794	0.000021	0.999973	0.022461	
253	0.999958	-0.000003	0.084595	0.000003	0.999958	0.030609	
254	0.999973	-0.000023	0.018433	0.000023	0.999973	-0.009003	
255	1.000085	-0.000036	0.092163	0.000036	1.000085	-0.025299	
256	0.999988	-0.000027	0.012817	0.000027	0.999988	-0.041138	
257	1.000048	-0.000016	0.088257	0.000016	1.000048	-0.001007	
258	0.999975	-0.000017	0.025024	0.000017	0.999975	-0.001526	
259	1.000045	0.000034	0.062439	-0.000034	1.000045	0.032501	
260	0.999991	0.000000	0.018433	-0.000000	0.999991	0.027069	
261	1.000057	-0.000001	0.051941	0.000001	1.000057	0.071655	
262	0.999980	-0.000008	0.034546	0.000008	0.999980	0.011871	
263	1.000018	0.000006	0.038391	-0.000006	1.000018	0.062805	
264	0.999965	0.000008	0.044067	-0.000008	0.999965	-0.004028	
265	1.000003	-0.000033	0.054810	0.000033	1.000003	0.013580	
266	0.999982	0.000024	0.048157	-0.000024	0.999982	0.006195	
267	0.999969	-0.000026	0.032043	0.000026	0.999969	-0.002411	
268	0.999956	0.000014	0.097351	-0.000014	0.999956	0.010925	
269	0.999970	-0.000010	0.032349	0.000010	0.999970	0.026367	
270	1.000020	0.000000	-0.000793	-0.000000	1.000020	0.023712	
271	1.000013	0.000010	0.029907	-0.000010	1.000013	0.057007	
272	1.000001	0.000031	0.026672	-0.000031	1.000001	0.032440	
273	0.999994	0.000013	0.028259	-0.000013	0.999994	0.034241	
274	0.999978	0.000018	0.039185	-0.000018	0.999978	0.008667	
275	1.000003	0.000001	0.002808	-0.000001	1.000003	0.006500	
276	1.000009	0.000023	0.021973	-0.000023	1.000009	0.026367	
277	1.000027	0.000024	-0.011292	-0.000024	1.000027	0.027618	
278	1.000040	0.000032	-0.003479	-0.000032	1.000040	-0.002045	
279	1.000050	0.000038	-0.021362	-0.000038	1.000050	0.045776	
280	1.000060	0.000064	0.003967	-0.000064	1.000060	0.048492	
281	1.000042	0.000032	-0.013245	-0.000032	1.000042	0.029816	
282	1.000026	0.000052	0.016479	-0.000052	1.000026	0.035858	
283	0.999964	-0.000003	0.009277	0.000003	0.999964	-0.012848	
284	1.000032	0.000052	0.021484	-0.000052	1.000032	0.025787	
285	0.999997	0.000004	-0.016174	-0.000004	0.999997	-0.001892	
286	1.000030	0.000037	-0.004333	-0.000037	1.000030	0.011475	
287	0.999971	-0.000005	-0.049133	0.000005	0.999971	-0.063354	
288	1.000033	0.000027	-0.029236	-0.000027	1.000033	-0.016510	
289	0.999959	0.000008	-0.015259	-0.000008	0.999959	-0.041290	
290	0.999961	0.000010	-0.013062	-0.000010	0.999961	-0.061218	
291	0.999962	-0.000022	0.003418	0.000022	0.999962	-0.063690	
292	1.000008	-0.000030	-0.019348	0.000030	1.000008	-0.044128	
293	0.999940	-0.000041	0.032837	0.000041	0.999940	-0.074493	
294	0.999992	-0.000078	-0.046265	0.000078	0.999992	-0.068878	
295	0.999950	-0.000026	-0.014343	0.000026	0.999950	-0.041626	
296	0.999980	-0.000050	-0.021057	0.000050	0.999980	-0.049988	
297	0.999967	-0.000017	0.004028	0.000017	0.999967	-0.037140	
298	0.999983	-0.000050	-0.043335	0.000050	0.999983	-0.034607	
299	0.999935	0.000006	0.080322	-0.000006	0.999935	-0.042969	
300	0.999975	-0.000037	0.005554	0.000037	0.999975	-0.027374	
301	0.999989	-0.000050	0.005005	0.000050	0.999989	-0.059753	
302	0.999992	-0.000048	-0.007385	0.000048	0.999992	-0.013489	
303	1.000003	-0.000011	-0.006348	0.000011	1.000003	-0.022125	
304	1.000045	-0.000004	-0.048523	0.000004	1.000045	0.005615	
305	1.000043	0.000020	0.004150	-0.000020	1.000043	0.033112	
306	1.000046	0.000017	-0.032654	-0.000017	1.000046	0.006683	
307	0.999982	0.000010	0.101868	-0.000010	0.999982	-0.003998	
308	1.000030	-0.000022	-0.001953	0.000022	1.000030	-0.025421	
309	0.999987	-0.000026	0.033508	0.000026	0.999987	-0.045227	
310	0.999993	-0.000007	0.019348	0.000007	0.999993	-0.016235	
311	1.000002	0.000004	0.008423	-0.000004	1.000002	0.014496	
312	1.000004	0.000007	-0.019043	-0.000007	1.000004	0.024689	
313	1.000856	-0.001677	-0.561035	0.001677	1.000856	-1.279221	
314	1.000021	0.000009	-0.022156	-0.000009	1.000021	0.026642	
315	1.000022	-0.000018	-0.027954	0.000018	1.000022	0.020325	
316	1.000020	0.000020	-0.017456	-0.000020	1.000020	0.024139	
317	1.000006	0.000008	-0.012512	-0.000008	1.000006	0.023285	
318	0.999982	0.000041	0.026062	-0.000041	0.999982	0.026642	
319	1.000000	0.000005	-0.012939	-0.000005	1.000000	0.001495	
320	0.999982	-0.000005	0.014648	0.000005	0.999982	-0.004791	
321	0.999969	0.000009	0.055420	-0.000009	0.999969	-0.006805	
322	1.000014	-0.000030	-0.043274	0.000030	1.000014	-0.032288	
323	0.999975	-0.000008	0.010376	0.000008	0.999975	-0.027039	
324	0.999974	-0.000011	0.026001	0.000011	0.999974	-0.018097	
325	0.999968	0.000016	0.038452	-0.000016	0.999968	-0.000610	
326	0.999993	0.000006	0.007935	-0.000006	0.999993	0.003662	
327	0.999998	0.000009	0.010132	-0.000009	0.999998	0.006958	
328	1.000001	-0.000005	-0.001221	0.000005	1.000001	-0.000793	
329	0.999993	0.000013	0.011719	-0.000013	0.999993	0.002655	
330	0.999990	-0.000011	0.004211	0.000011	0.999990	-0.007019	
331	0.999986	0.000010	0.015259	-0.000010	0.999986	0.018158	
332	1.000000	-0.000035	-0.021484	0.000035	1.000000	-0.016388	
333	0.999990	-0.000012	-0.009460	0.000012	0.999990	-0.000824	
334	0.999996	-0.000009	-0.005615	0.000009	0.999996	-0.006683	
335	0.999974	-0.000014	0.025879	0.000014	0.999974	-0.006470	
336	0.999991	-0.000028	0.008545	0.000028	0.999991	-0.017029	
337	0.999973	-0.000035	0.012512	0.000035	0.999973	-0.032410	
338	0.999996	-0.000018	0.011475	0.000018	0.999996	-0.017334	
339	0.999994	-0.000006	0.007996	0.000006	0.999994	-0.017395	
340	1.000002	-0.000012	-0.012146	0.000012	1.000002	-0.018768	
341	0.999982	-0.000020	0.001099	0.000020	0.999982	-0.039520	
342	0.999994	-0.000008	0.006287	0.000008	0.999994	-0.014954	
343	1.000003	-0.000030	-0.021973	0.000030	1.000003	-0.023926	
344	0.999997	0.000003	0.004395	-0.000003	0.999997	0.015778	
345	1.000027	0.000008	-0.021606	-0.000008	1.000027	0.059631	
346	1.000011	0.000014	-0.008362	-0.000014	1.000011	0.014374	
347	1.000027	0.000028	-0.014160	-0.000028	1.000027	0.063934	
348	0.999996	0.000021	0.007446	-0.000021	0.999996	0.017914	
349	0.999992	0.000038	0.015625	-0.000038	0.999992	0.044403	
350	0.999979	0.000034	0.029541	-0.000034	0.999979	0.019623	
351	0.999988	0.000028	0.024963	-0.000028	0.999988	0.043854	
352	0.999991	0.000041	0.037231	-0.000041	0.999991	0.034485	
353	1.000027	0.000028	0.024719	-0.000028	1.000027	0.063599	
354	0.999972	0.000011	0.031555	-0.000011	0.999972	-0.001587	
355	0.999984	0.000025	0.030212	-0.000025	0.999984	0.013763	
356	0.999988	0.000006	0.015503	-0.000006	0.999988	0.000671	
357	1.000000	0.000012	0.017456	-0.000012	1.000000	0.012115	
358	0.999985	-0.000005	0.011536	0.000005	0.999985	-0.015778	
359	0.999972	0.000014	0.027344	-0.000014	0.999972	-0.011719	
360	0.999992	0.000002	0.009338	-0.000002	0.999992	-0.001495	
361	0.999990	0.000028	0.024170	-0.000028	0.999990	0.022552	
362	0.999994	0.000007	0.010498	-0.000007	0.999994	0.001587	
363	0.999991	0.000021	0.022156	-0.000021	0.999991	0.008087	
364	0.999999	0.000001	0.000122	-0.000001	0.999999	0.003937	
365	1.000006	0.000006	-0.001282	-0.000006	1.000006	0.007477	
366	0.999994	0.000007	0.013367	-0.000007	0.999994	0.005463	
367	1.000003	0.000014	0.007629	-0.000014	1.000003	0.011414	
368	0.999999	0.000005	0.004517	-0.000005	0.999999	0.004181	
369	1.000012	0.000014	0.001099	-0.000014	1.000012	0.018890	
370	1.000001	0.000007	0.004395	-0.000007	1.000001	0.012421	
371	1.000006	0.000008	-0.003052	-0.000008	1.000006	0.004425	
372	1.000011	-0.000000	-0.010010	0.000000	1.000011	0.001678	
373	1.000014	-0.000000	-0.012817	0.000000	1.000014	-0.003265	
374	0.999997	0.000041	0.013123	-0.000041	0.999997	0.024048	
375	1.000002	-0.000005	-0.004456	0.000005	1.000002	-0.005890	
376	1.000006	0.000004	-0.003296	-0.000004	1.000006	0.004639	
377	1.000012	0.000008	-0.007812	-0.000008	1.000012	0.019043	
378	1.000002	-0.000012	-0.009094	0.000012	1.000002	-0.009796	
379	0.999981	-0.000011	0.019043	0.000011	0.999981	-0.030304	
380	0.999983	0.000005	0.016052	-0.000005	0.999983	-0.005554	
381	0.999995	-0.000001	0.011597	0.000001	0.999995	-0.010834	
382	1.000014	0.000021	-0.018555	-0.000021	1.000014	0.019562	
383	1.000016	-0.000009	-0.021240	0.000009	1.000016	0.004303	
384	1.000023	-0.000012	-0.024658	0.000012	1.000023	0.002594	
385	1.000018	-0.000016	-0.017944	0.000016	1.000018	0.013092	
386	0.999983	-0.000044	-0.017395	0.000044	0.999983	-0.020844	
387	1.000017	-0.000046	-0.042603	0.000046	1.000017	-0.016235	
388	1.000010	-0.000025	-0.011902	0.000025	1.000010	0.002594	
389	0.999992	-0.000086	-0.028870	0.000086	0.999992	-0.042725	
390	0.999989	-0.000055	-0.011597	0.000055	0.999989	-0.026764	
391	1.000015	-0.000064	-0.050720	0.000064	1.000015	-0.020111	
392	1.000005	-0.000078	-0.040527	0.000078	1.000005	-0.015198	
393	0.999990	-0.000025	-0.013489	0.000025	0.999990	0.006531	
394	1.000025	-0.000001	-0.016785	0.000001	1.000025	0.029388	
395	1.000036	-0.000019	-0.029724	0.000019	1.000036	0.042572	
396	1.000039	0.000000	-0.046936	-0.000000	1.000039	0.042511	
397	0.999992	0.000015	-0.005493	-0.000015	0.999992	-0.001190	
398	1.000000	0.000031	0.015869	-0.000031	1.000000	0.030945	
399	0.999997	-0.000002	-0.007751	0.000002	0.999997	0.004913	
400	0.999980	-0.000028	-0.000671	0.000028	0.999980	-0.028168	
401	0.999994	-0.000060	-0.026550	0.000060	0.999994	-0.028320	
402	0.999989	-0.000022	0.007446	0.000022	0.999989	-0.039551	
403	0.999984	-0.000011	-0.002197	0.000011	0.999984	-0.013367	
404	0.999997	0.000014	0.005615	-0.000014	0.999997	0.007202	
405	1.000004	0.000015	0.006409	-0.000015	1.000004	0.035736	
406	0.999994	0.000013	0.014038	-0.000013	0.999994	0.001587	
407	0.999956	-0.000007	0.056885	0.000007	0.999956	0.002747	
408	0.999977	0.000006	0.026062	-0.000006	0.999977	0.003479	
409	0.999994	0.000050	0.042236	-0.000050	0.999994	0.045441	
410	0.999995	0.000039	0.024475	-0.000039	0.999995	0.025726	
411	0.999972	0.000033	0.030090	-0.000033	0.999972	0.021576	
412	0.999987	0.000009	0.025452	-0.000009	0.999987	0.008240	
413	0.999992	-0.000014	0.000061	0.000014	0.999992	-0.005615	
414	0.999996	-0.000011	0.008301	0.000011	0.999996	0.003662	
415	0.999992	-0.000009	0.011108	0.000009	0.999992	-0.008850	
416	0.999987	-0.000008	0.006775	0.000008	0.999987	-0.003204	
417	0.999995	-0.000035	-0.005249	0.000035	0.999995	-0.018219	
418	0.999979	-0.000006	0.009155	0.000006	0.999979	-0.011292	
419	1.000006	-0.000009	-0.011292	0.000009	1.000006	-0.002014	
420	1.000008	0.000003	-0.002075	-0.000003	1.000008	0.008667	
421	0.999999	0.000000	0.003540	-0.000000	0.999999	-0.003967	
422	0.999999	0.000010	0.006958	-0.000010	0.999999	0.010406	
423	1.000016	0.000025	0.015564	-0.000025	1.000016	0.022644	
424	0.999995	0.000012	0.006958	-0.000012	0.999995	0.003906	
425	1.000006	0.000003	-0.002075	-0.000003	1.000006	0.008026	
426	1.000010	-0.000002	-0.007263	0.000002	1.000010	0.004822	
427	1.000035	-0.000012	-0.030396	0.000012	1.000035	0.006897	
428	1.000012	-0.000067	-0.055725	0.000067	1.000012	-0.037933	
429	0.999985	-0.000024	0.006409	0.000024	0.999985	-0.020172	
430	0.999947	-0.000055	-0.003357	0.000055	0.999947	-0.073120	
431	0.999995	-0.000047	-0.028931	0.000047	0.999995	-0.015625	
432	1.000041	-0.000062	-0.073425	0.000062	1.000041	-0.005127	
433	1.000026	-0.000043	-0.059082	0.000043	1.000026	0.006195	
434	1.000007	0.000034	0.011902	-0.000034	1.000007	0.038696	
435	1.000003	0.000010	0.008240	-0.000010	1.000003	0.049866	
436	1.000014	0.000024	0.001404	-0.000024	1.000014	0.036346	
437	1.000026	0.000022	-0.016602	-0.000022	1.000026	0.046356	
438	1.000019	0.000010	-0.003967	-0.000010	1.000019	0.006744	
439	0.999923	0.000023	0.047485	-0.000023	0.999923	-0.051208	
440	1.000005	-0.000007	-0.006165	0.000007	1.000005	-0.003815	
441	0.999997	-0.000023	-0.006897	0.000023	0.999997	-0.021240	
442	0.999998	-0.000010	-0.002808	0.000010	0.999998	-0.010986	
443	0.999990	-0.000013	-0.001038	0.000013	0.999990	-0.012665	
444	0.999992	-0.000002	0.004272	0.000002	0.999992	-0.004822	
445	0.999986	-0.000014	-0.000122	0.000014	0.999986	-0.011230	
446	1.000005	0.000008	0.006409	-0.000008	1.000005	0.008545	
447	1.000003	0.000006	-0.008301	-0.000006	1.000003	0.009583	
448	1.000001	-0.000007	-0.002869	0.000007	1.000001	0.001953	
449	0.999975	-0.000007	0.015137	0.000007	0.999975	-0.005432	
450	0.999992	-0.000001	0.006287	0.000001	0.999992	-0.002991	
451	0.999982	0.000011	0.016418	-0.000011	0.999982	0.005829	
452	0.999990	-0.000009	0.000610	0.000009	0.999990	-0.005859	
453	1.000002	-0.000007	-0.000122	0.000007	1.000002	-0.001251	
454	0.999999	-0.000006	-0.000793	0.000006	0.999999	-0.004059	
455	1.000008	-0.000007	-0.015198	0.000007	1.000008	0.005219	
456	1.000005	-0.000013	-0.015259	0.000013	1.000005	-0.013062	
457	1.000012	-0.000012	-0.013550	0.000012	1.000012	-0.010010	
458	0.999999	-0.000020	-0.010193	0.000020	0.999999	-0.028748	
459	1.000013	-0.000027	-0.031006	0.000027	1.000013	-0.043091	
460	1.000017	-0.000009	-0.030273	0.000009	1.000017	-0.022186	
461	1.000001	-0.000003	-0.002197	0.000003	1.000001	-0.025146	
462	1.000020	0.000029	-0.007507	-0.000029	1.000020	-0.008820	
463	0.999996	0.000041	0.003296	-0.000041	0.999996	-0.004822	
464	0.999993	0.000012	0.002686	-0.000012	0.999993	0.020569	
465	0.999999	-0.000006	-0.004944	0.000006	0.999999	0.027802	
466	0.999956	0.000010	0.045959	-0.000010	0.999956	0.030182	
467	0.999951	0.000020	0.061523	-0.000020	0.999951	0.028320	
468	0.999993	0.000063	0.031982	-0.000063	0.999993	0.057434	
469	0.999944	-0.000003	0.017212	0.000003	0.999944	0.023529	
470	1.000022	0.000019	-0.001160	-0.000019	1.000022	0.013489	
471	0.999999	-0.000018	-0.014038	0.000018	0.999999	-0.002838	
472	0.999994	-0.000000	-0.015259	0.000000	0.999994	0.004578	
473	0.999997	0.000037	-0.000916	-0.000037	0.999997	0.008911	
474	1.000014	0.000013	-0.012756	-0.000013	1.000014	0.016815	
475	1.000010	0.000005	0.004272	-0.000005	1.000010	0.008881	
476	1.000002	0.000009	0.005859	-0.000009	1.000002	0.008331	
477	1.000001	-0.000009	-0.004272	0.000009	1.000001	-0.000214	
478	0.999977	-0.000002	0.017700	0.000002	0.999977	-0.002441	
479	1.000004	-0.000009	-0.006409	0.000009	1.000004	0.003204	
480	1.000010	-0.000009	-0.011169	0.000009	1.000010	-0.000305	
481	1.000011	-0.000001	-0.003906	0.000001	1.000011	-0.001984	
482	1.000002	0.000016	0.011353	-0.000016	1.000002	0.011902	
483	0.999996	0.000042	0.024658	-0.000042	0.999996	0.035095	
484	0.999981	-0.000013	0.018005	0.000013	0.999981	-0.010712	
485	0.999990	0.000010	0.012878	-0.000010	0.999990	0.019958	
486	1.000005	0.000009	-0.001038	-0.000009	1.000005	0.011444	
487	0.999999	-0.000011	-0.001770	0.000011	0.999999	-0.003540	
488	1.000005	-0.000022	-0.017029	0.000022	1.000005	-0.020325	
489	1.000028	-0.000032	-0.032349	0.000032	1.000028	-0.025360	
490	1.000024	-0.000022	-0.029541	0.000022	1.000024	-0.015198	
491	0.999999	-0.000013	-0.004211	0.000013	0.999999	-0.021240	
492	0.999999	-0.000021	-0.007812	0.000021	0.999999	-0.022247	
493	0.999990	-0.000011	0.003906	0.000011	0.999990	-0.017365	
494	0.999983	-0.000015	0.005798	0.000015	0.999983	-0.009735	
495	0.999993	-0.000034	-0.012573	0.000034	0.999993	-0.012634	
496	0.999998	-0.000032	-0.009460	0.000032	0.999998	-0.024078	
497	1.000037	-0.000036	-0.039124	0.000036	1.000037	-0.001984	
498	1.000030	-0.000033	-0.037964	0.000033	1.000030	0.003143	
499	1.000025	-0.000052	-0.047974	0.000052	1.000025	-0.004425	
500	1.000025	-0.000032	-0.030701	0.000032	1.000025	-0.015198	
501	1.000004	-0.000025	-0.022156	0.000025	1.000004	0.008667	
502	0.999996	-0.000008	-0.005188	0.000008	0.999996	0.019501	
503	0.999987	-0.000084	-0.020447	0.000084	0.999987	-0.007355	
504	0.999998	-0.000025	-0.008606	0.000025	0.999998	-0.025513	
505	1.000015	-0.000002	-0.011230	0.000002	1.000015	0.012909	
506	0.999995	-0.000009	-0.005615	0.000009	0.999995	-0.002350	
507	1.000020	-0.000012	-0.021423	0.000012	1.000020	0.016937	
508	1.000010	0.000006	-0.003845	-0.000006	1.000010	0.008331	
509	1.000022	-0.000023	-0.019775	0.000023	1.000022	0.007263	
510	0.999990	-0.000007	0.005066	0.000007	0.999990	-0.012817	
511	0.999999	-0.000013	-0.007202	0.000013	0.999999	-0.018280	
512	1.000010	0.000008	-0.010559	-0.000008	1.000010	0.001556	
513	1.000006	0.000004	-0.007324	-0.000004	1.000006	-0.004272	
514	1.000001	-0.000015	-0.010681	0.000015	1.000001	-0.015747	
515	0.999995	-0.000003	-0.001465	0.000003	0.999995	-0.006897	
516	1.000003	0.000000	-0.006775	-0.000000	1.000003	-0.004944	
517	1.000005	0.000000	-0.005554	-0.000000	1.000005	-0.004547	
518	1.000006	0.000006	-0.007141	-0.000006	1.000006	0.000000	
519	1.000025	0.000031	0.001404	-0.000031	1.000025	0.014069	
520	1.000012	0.000001	-0.006226	-0.000001	1.000012	-0.000763	
521	1.000037	0.000009	-0.008301	-0.000009	1.000037	0.017151	
522	1.000005	-0.000004	-0.001282	0.000004	1.000005	0.005127	
523	1.000005	-0.000004	-0.001282	0.000004	1.000005	0.005127	
524	1.000005	0.000003	-0.009155	-0.000003	1.000005	0.001587	
525	1.000005	-0.000007	-0.010864	0.000007	1.000005	-0.009918	
526	1.000002	-0.000012	-0.010132	0.000012	1.000002	-0.013214	
527	1.000013	-0.000004	-0.009338	0.000004	1.000013	-0.002930	
528	0.999991	-0.000003	0.008911	0.000003	0.999991	-0.004547	
529	0.999999	-0.000013	-0.008362	0.000013	0.999999	-0.000580	
530	0.999984	0.000022	0.021301	-0.000022	0.999984	0.011841	
531	1.000001	-0.000010	-0.013184	0.000010	1.000001	-0.027618	
532	0.999978	0.000010	0.023010	-0.000010	0.999978	-0.001434	
533	0.999981	-0.000008	-0.004089	0.000008	0.999981	-0.013855	
534	0.999991	-0.000011	-0.019470	0.000011	0.999991	-0.018890	
535	0.999923	-0.000016	-0.002075	0.000016	0.999923	-0.006714	
536	1.000021	-0.000010	-0.018066	0.000010	1.000021	0.016205	
537	1.000050	-0.000019	-0.091797	0.000019	1.000050	0.012207	
538	1.000020	-0.000018	-0.039124	0.000018	1.000020	0.009979	
539	1.000066	0.000002	-0.083374	-0.000002	1.000066	0.013702	
540	1.000042	0.000007	-0.066040	-0.000007	1.000042	0.012543	
541	1.000033	0.000005	-0.033447	-0.000005	1.000033	-0.002350	
542	1.000023	0.000056	-0.027649	-0.000056	1.000023	0.062958	
543	0.999988	0.000049	-0.006958	-0.000049	0.999988	0.049713	
544	0.999990	0.000004	-0.008179	-0.000004	0.999990	0.037659	
545	1.000013	-0.000028	-0.011169	0.000028	1.000013	0.007477	
546	1.000032	-0.000018	-0.067566	0.000018	1.000032	0.001373	
547	1.000047	0.000009	-0.060486	-0.000009	1.000047	0.000000	
548	1.000047	0.000022	-0.068298	-0.000022	1.000047	-0.001831	
549	1.000042	0.000032	-0.059021	-0.000032	1.000042	-0.008270	
550	1.000031	0.000017	-0.059875	-0.000017	1.000031	-0.000305	
551	0.999994	-0.000041	-0.043518	0.000041	0.999994	-0.015350	
552	0.999996	0.000006	-0.024048	-0.000006	0.999996	0.005157	
553	0.999973	0.000002	0.000244	-0.000002	0.999973	-0.000031	
554	0.999985	0.000017	0.015320	-0.000017	0.999985	0.010376	
555	0.999960	0.000039	0.028381	-0.000039	0.999960	0.020294	
556	0.999939	0.000061	0.052490	-0.000061	0.999939	0.025116	
557	0.999985	0.000016	0.037354	-0.000016	0.999985	0.015594	
558	0.999973	0.000043	0.080139	-0.000043	0.999973	0.028564	
559	0.999983	0.000034	0.046448	-0.000034	0.999983	0.026520	
560	0.999975	0.000025	0.062073	-0.000025	0.999975	0.032410	
561	0.999948	-0.000003	0.036804	0.000003	0.999948	0.007141	
562	0.999966	-0.000006	0.041687	0.000006	0.999966	-0.003052	
563	0.999995	-0.000047	0.020813	0.000047	0.999995	-0.027344	
564	1.000010	-0.000044	-0.002075	0.000044	1.000010	-0.065948	
565	1.000009	-0.000010	0.000061	0.000010	1.000009	-0.042755	
566	0.999993	0.000008	0.022278	-0.000008	0.999993	-0.012756	
567	0.999957	0.000023	0.046021	-0.000023	0.999957	-0.022003	
568	0.999936	-0.000038	0.010925	0.000038	0.999936	0.004181	
569	0.999973	-0.000039	0.006042	0.000039	0.999973	-0.006927	
570	0.999970	-0.000076	-0.002502	0.000076	0.999970	-0.017303	
571	1.000002	-0.000073	-0.044922	0.000073	1.000002	-0.048828	
572	1.000003	0.000017	-0.007019	-0.000017	1.000003	0.019073	
573	0.999956	0.000010	0.033630	-0.000010	0.999956	0.001678	
574	0.999971	0.000022	0.038452	-0.000022	0.999971	0.012054	
575	0.999990	-0.000000	0.003235	0.000000	0.999990	0.016602	
576	0.999972	0.000014	0.033508	-0.000014	0.999972	0.013428	
577	0.999967	0.000048	0.054504	-0.000048	0.999967	0.042328	
578	1.000002	0.000016	0.004089	-0.000016	1.000002	0.016754	
579	1.000003	0.000021	0.001587	-0.000021	1.000003	0.024048	
580	0.999969	0.000031	0.032410	-0.000031	0.999969	0.050415	
581	0.999999	0.000048	0.060059	-0.000048	0.999999	0.040619	
582	0.999970	-0.000004	0.012146	0.000004	0.999970	0.012634	
583	0.999951	-0.000009	0.029053	0.000009	0.999951	0.004395	
584	0.999995	0.000024	0.036316	-0.000024	0.999995	0.066986	
585	1.000033	0.000031	-0.036743	-0.000031	1.000033	0.045471	
586	1.000016	0.000018	0.009888	-0.000018	1.000016	0.028076	
587	1.000001	0.000017	0.008789	-0.000017	1.000001	0.016998	
588	0.999994	0.000015	0.033142	-0.000015	0.999994	0.011993	
589	0.999992	0.000033	0.029724	-0.000033	0.999992	0.025269	
590	0.999964	0.000017	0.022888	-0.000017	0.999964	0.012939	
591	0.999977	-0.000009	0.014526	0.000009	0.999977	-0.009979	
592	0.999896	-0.000037	0.042603	0.000037	0.999896	-0.054260	
593	0.999983	-0.000006	-0.009521	0.000006	0.999983	-0.010406	
594	0.999984	-0.000013	-0.004150	0.000013	0.999984	-0.005402	
595	0.999982	-0.000004	0.011902	0.000004	0.999982	-0.001770	
596	0.999992	0.000010	0.009766	-0.000010	0.999992	0.026306	
597	1.000002	0.000024	0.018738	-0.000024	1.000002	0.036316	
598	0.999992	-0.000008	0.001709	0.000008	0.999992	0.020966	
599	0.999998	0.000001	0.005981	-0.000001	0.999998	0.031769	
600	0.999967	0.000008	0.032471	-0.000008	0.999967	0.034851	
601	1.000015	0.000023	0.010864	-0.000023	1.000015	0.027893	
602	1.000015	-0.000026	-0.024597	0.000026	1.000015	0.009308	
603	0.999971	-0.000030	0.022278	0.000030	0.999971	-0.007263	
604	0.999990	-0.000051	-0.023987	0.000051	0.999990	-0.002258	
605	1.000010	-0.000011	-0.020752	0.000011	1.000010	-0.002167	
606	1.000008	0.000015	0.003113	-0.000015	1.000008	0.007935	
607	1.000009	0.000022	0.013489	-0.000022	1.000009	0.024597	
608	0.999993	0.000019	0.025146	-0.000019	0.999993	0.020294	
609	0.999983	0.000020	0.028625	-0.000020	0.999983	0.016724	
610	0.999997	0.000018	0.014832	-0.000018	0.999997	0.009979	
611	0.999970	0.000014	0.038025	-0.000014	0.999970	0.001221	
612	1.000000	0.000016	0.011169	-0.000016	1.000000	0.018616	
613	0.999964	0.000021	0.032227	-0.000021	0.999964	0.011139	
614	0.999960	0.000008	0.034668	-0.000008	0.999960	0.009460	
615	0.999964	-0.000052	-0.001831	0.000052	0.999964	-0.042114	
616	0.999997	-0.000043	-0.034363	0.000043	0.999997	-0.044373	
617	1.000019	-0.000020	-0.034241	0.000020	1.000019	-0.025421	
618	0.999983	-0.000056	-0.017212	0.000056	0.999983	-0.048462	
619	0.999991	-0.000053	-0.022522	0.000053	0.999991	-0.045654	
620	1.000008	-0.000029	-0.015747	0.000029	1.000008	-0.003662	
621	0.999974	-0.000051	-0.020508	0.000051	0.999974	-0.044830	
622	0.999995	-0.000040	-0.037476	0.000040	0.999995	-0.029968	
623	1.000008	-0.000013	-0.010559	0.000013	1.000008	0.006348	
624	1.000031	0.000020	0.008240	-0.000020	1.000031	0.024994	
625	1.000001	0.000042	0.034119	-0.000042	1.000001	0.050323	
626	0.999999	0.000023	0.024597	-0.000023	0.999999	0.016510	
627	0.999983	0.000028	0.032410	-0.000028	0.999983	0.010437	
628	1.000004	0.000037	0.028748	-0.000037	1.000004	0.016724	
629	1.000009	0.000001	-0.003540	-0.000001	1.000009	0.015289	
630	1.000010	0.000025	-0.034180	-0.000025	1.000010	0.008484	
631	1.000004	0.000013	-0.007385	-0.000013	1.000004	0.017487	
632	1.000024	0.000007	-0.026489	-0.000007	1.000024	0.011230	
633	1.000031	0.000013	-0.034424	-0.000013	1.000031	0.027161	
634	1.000010	-0.000022	-0.023254	0.000022	1.000010	0.002960	
635	1.000054	0.000007	-0.043884	-0.000007	1.000054	0.040985	
636	0.999984	-0.000040	-0.003479	0.000040	0.999984	-0.026215	
637	1.000010	-0.000001	-0.001282	0.000001	1.000010	-0.013092	
638	0.999969	-0.000003	0.030701	0.000003	0.999969	-0.011902	
639	0.999996	0.000007	0.005920	-0.000007	0.999996	0.005920	
640	0.999981	-0.000010	0.004089	0.000010	0.999981	-0.007599	
641	1.000003	-0.000002	-0.005066	0.000002	1.000003	0.000946	
642	1.000003	0.000000	0.000244	-0.000000	1.000003	-0.001312	
643	1.000006	-0.000003	-0.006226	0.000003	1.000006	-0.005249	
644	0.999996	-0.000001	0.002808	0.000001	0.999996	0.000305	
645	1.000001	0.000000	-0.000305	-0.000000	1.000001	0.006073	
646	0.999995	0.000009	0.011353	-0.000009	0.999995	0.005615	
647	1.000007	0.000014	-0.001770	-0.000014	1.000007	0.008698	
648	0.999982	-0.000003	0.015015	0.000003	0.999982	-0.010925	
649	0.999994	0.000010	0.008118	-0.000010	0.999994	0.002533	
650	0.999986	0.000007	0.011536	-0.000007	0.999986	-0.000946	
651	0.999993	0.000008	0.011597	-0.000008	0.999993	-0.001862	
652	0.999985	0.000003	0.018127	-0.000003	0.999985	-0.006531	
653	0.999986	0.000007	0.016113	-0.000007	0.999986	0.000427	
654	1.000000	0.000005	0.013428	-0.000005	1.000000	0.000763	
655	0.999994	0.000007	0.016602	-0.000007	0.999994	0.007446	
656	1.000005	-0.000015	0.000122	0.000015	1.000005	-0.012238	
657	0.999988	0.000008	0.008728	-0.000008	0.999988	0.007904	
658	1.000006	0.000007	-0.000305	-0.000007	1.000006	0.021606	
659	0.999995	-0.000016	0.002625	0.000016	0.999995	-0.011017	
660	1.000009	-0.000010	-0.012695	0.000010	1.000009	-0.011200	
661	1.000004	0.000018	0.008606	-0.000018	1.000004	0.016357	
662	1.000020	-0.000005	-0.008789	0.000005	1.000020	-0.005371	
663	1.000020	-0.000020	-0.023315	0.000020	1.000020	-0.019012	
664	1.000039	-0.000045	-0.019836	0.000045	1.000039	-0.034943	
665	1.000022	-0.000015	-0.029907	0.000015	1.000022	-0.004517	
666	0.999987	0.000034	0.032776	-0.000034	0.999987	0.007935	
667	0.999969	0.000026	0.029602	-0.000026	0.999969	0.014832	
668	0.999975	0.000036	0.046692	-0.000036	0.999975	0.033630	
669	0.999968	0.000043	0.026367	-0.000043	0.999968	0.020416	
670	0.999974	0.000052	-0.002563	-0.000052	0.999974	0.014435	
671	0.999984	-0.000027	-0.001648	0.000027	0.999984	-0.032806	
672	0.999974	-0.000001	-0.013245	0.000001	0.999974	-0.002472	
673	1.000028	0.000018	-0.033875	-0.000018	1.000028	0.014404	
674	1.000066	-0.000003	-0.030762	0.000003	1.000066	0.042084	
675	1.000040	0.000001	-0.017822	-0.000001	1.000040	0.016296	
676	1.000049	0.000002	-0.033997	-0.000002	1.000049	0.022491	
677	1.000046	-0.000007	-0.046875	0.000007	1.000046	0.022491	
678	1.000056	-0.000018	-0.052307	0.000018	1.000056	0.022705	
679	1.000021	-0.000038	-0.021362	0.000038	1.000021	-0.023315	
680	0.999965	-0.000057	0.027344	0.000057	0.999965	-0.067932	
681	0.999981	-0.000009	0.007080	0.000009	0.999981	-0.015717	
682	0.999975	-0.000007	0.004883	0.000007	0.999975	-0.017303	
683	0.999989	-0.000010	0.001953	0.000010	0.999989	-0.011993	
684	1.000006	0.000008	-0.011475	-0.000008	1.000006	0.013306	
685	0.999998	0.000013	0.005249	-0.000013	0.999998	0.012848	
686	1.000003	0.000029	0.001221	-0.000029	1.000003	0.032379	
687	1.000000	0.000004	0.004089	-0.000004	1.000000	0.005096	
688	1.000017	0.000048	0.007629	-0.000048	1.000017	0.085480	
689	1.000000	0.000019	0.001404	-0.000019	1.000000	0.048950	
690	0.999954	0.000019	0.050354	-0.000019	0.999954	0.038818	
691	0.999991	0.000000	0.009888	-0.000000	0.999991	0.009033	
692	1.000001	0.000015	0.019287	-0.000015	1.000001	0.048950	
693	1.000002	0.000011	-0.007385	-0.000011	1.000002	0.003937	
694	0.999986	0.000009	0.014465	-0.000009	0.999986	0.021027	
695	1.000000	-0.000001	-0.020508	0.000001	1.000000	-0.002014	
696	1.000002	0.000009	0.013123	-0.000009	1.000002	0.054871	
697	1.000051	0.000003	-0.008545	-0.000003	1.000051	0.008179	
698	1.000062	-0.000005	0.002258	0.000005	1.000062	0.055908	
699	1.000043	-0.000057	-0.047180	0.000057	1.000043	-0.038422	
700	1.000031	-0.000044	-0.033569	0.000044	1.000031	0.030731	
701	1.000032	-0.000042	-0.041199	0.000042	1.000032	-0.022400	
702	1.000035	-0.000027	-0.039001	0.000027	1.000035	0.019409	
703	1.000028	-0.000050	-0.038513	0.000050	1.000028	-0.032379	
704	1.000019	-0.000025	-0.058105	0.000025	1.000019	0.048370	
705	1.000002	-0.000043	-0.024719	0.000043	1.000002	-0.024841	
706	1.000035	-0.000006	-0.050171	0.000006	1.000035	0.048431	
707	1.000026	-0.000025	-0.043579	0.000025	1.000026	-0.004639	
708	1.000043	-0.000037	-0.075867	0.000037	1.000043	-0.000061	
709	1.000016	-0.000049	-0.049805	0.000049	1.000016	-0.022552	
710	1.000019	-0.000043	-0.033081	0.000043	1.000019	-0.014465	
711	1.000003	-0.000040	-0.012939	0.000040	1.000003	-0.020599	
712	1.000010	0.000006	-0.000183	-0.000006	1.000010	0.037659	
713	0.999984	0.000006	0.026062	-0.000006	0.999984	-0.004120	
714	0.999954	0.000029	0.042236	-0.000029	0.999954	0.017151	
715	0.999977	0.000013	0.029663	-0.000013	0.999977	-0.005890	
716	0.999966	0.000052	0.048706	-0.000052	0.999966	0.013062	
717	0.999981	0.000048	0.027405	-0.000048	0.999981	0.021179	
718	1.000009	0.000039	0.012390	-0.000039	1.000009	0.023529	
719	0.999998	0.000012	-0.007080	-0.000012	0.999998	0.000244	
720	1.000014	-0.000050	-0.097778	0.000050	1.000014	-0.074066	
721	1.000001	0.000023	0.007568	-0.000023	1.000001	0.013275	
722	0.999985	-0.000007	0.002014	0.000007	0.999985	-0.014496	
723	0.999989	-0.000020	-0.003235	0.000020	0.999989	-0.017944	
724	1.000006	-0.000017	-0.004822	0.000017	1.000006	0.001770	
725	0.999999	0.000002	0.002136	-0.000002	0.999999	0.001129	
726	0.999992	-0.000003	0.014954	0.000003	0.999992	0.001526	
727	1.000015	0.000160	-0.016418	-0.000160	1.000015	0.142395	
728	1.000008	-0.000019	-0.017273	0.000019	1.000008	-0.010895	
729	0.999987	-0.000032	-0.006409	0.000032	0.999987	-0.018341	
730	1.000000	-0.000043	-0.024231	0.000043	1.000000	-0.030273	
731	1.000016	-0.000012	-0.026367	0.000012	1.000016	0.002136	
732	1.000019	-0.000008	-0.025696	0.000008	1.000019	0.005188	
733	0.999990	-0.000024	-0.000854	0.000024	0.999990	-0.014496	
734	0.999984	-0.000002	0.022461	0.000002	0.999984	-0.006104	
735	0.999995	0.000001	-0.002075	-0.000001	0.999995	-0.007812	
736	0.999986	0.000026	0.023926	-0.000026	0.999986	0.012695	
737	0.999983	0.000004	0.011841	-0.000004	0.999983	-0.006592	
738	0.999971	-0.000014	0.006836	0.000014	0.999971	-0.019196	
739	0.999992	0.000014	0.004578	-0.000014	0.999992	0.001373	
740	0.999981	0.000016	0.015015	-0.000016	0.999981	0.007751	
741	0.999995	0.000008	0.009399	-0.000008	0.999995	0.016968	
742	1.000008	0.000026	-0.000610	-0.000026	1.000008	0.030609	
743	0.999998	0.000010	0.004883	-0.000010	0.999998	0.012390	
744	1.000032	0.000018	-0.017578	-0.000018	1.000032	0.028351	
745	1.000012	0.000030	0.006714	-0.000030	1.000012	0.039001	
746	0.999995	0.000002	0.015747	-0.000002	0.999995	-0.000854	
747	0.999988	-0.000005	0.015320	0.000005	0.999988	-0.011444	
748	0.999970	0.000015	0.025146	-0.000015	0.999970	-0.003052	
749	1.000002	-0.000002	-0.001343	0.000002	1.000002	-0.003815	
750	1.000010	-0.000003	-0.007141	0.000003	1.000010	-0.001770	
751	1.000004	-0.000008	-0.002930	0.000008	1.000004	0.001099	
752	0.999997	-0.000004	-0.000977	0.000004	0.999997	0.002319	
753	0.999992	0.000024	0.017273	-0.000024	0.999992	0.019714	
754	1.000002	0.000018	-0.002258	-0.000018	1.000002	0.019867	
755	0.999983	0.000015	0.005066	-0.000015	0.999983	0.002472	
756	1.000005	0.000035	-0.011841	-0.000035	1.000005	0.063629	
757	1.000014	-0.000008	-0.001648	0.000008	1.000014	0.028931	
758	1.000016	-0.000069	-0.024170	0.000069	1.000016	0.032898	
759	1.000002	0.000147	0.008850	-0.000147	1.000002	0.058014	
760	0.999980	-0.000074	0.024719	0.000074	0.999980	-0.005646	
761	1.000014	0.000004	-0.006531	-0.000004	1.000014	-0.004944	
762	1.000004	-0.000041	-0.027344	0.000041	1.000004	0.023743	
763	1.000001	-0.000058	-0.027283	0.000058	1.000001	-0.045898	
764	1.000007	-0.000059	-0.050781	0.000059	1.000007	-0.002441	
765	0.999986	-0.000042	-0.014221	0.000042	0.999986	-0.026184	
766	0.999912	-0.000128	-0.050720	0.000128	0.999912	-0.082336	
767	0.999970	-0.000037	0.001404	0.000037	0.999970	-0.027771	
768	1.000005	-0.000013	-0.059448	0.000013	1.000005	0.055267	
769	1.000024	0.000035	-0.040649	-0.000035	1.000024	0.058899	
770	1.000032	0.000070	-0.027771	-0.000070	1.000032	0.171753	
771	1.000034	0.000141	0.015503	-0.000141	1.000034	0.205719	
772	0.999972	0.000060	0.002502	-0.000060	0.999972	0.099884	
773	1.000017	0.000028	-0.005981	-0.000028	1.000017	0.055725	
774	1.000037	0.000009	-0.073547	-0.000009	1.000037	0.043060	
775	1.000021	0.000012	-0.009094	-0.000012	1.000021	0.028198	
776	1.000025	0.000004	-0.020020	-0.000004	1.000025	0.026489	
777	1.000024	0.000005	-0.019226	-0.000005	1.000024	0.013977	
778	1.000008	0.000018	-0.009033	-0.000018	1.000008	0.026672	
779	0.999992	-0.000003	0.008850	0.000003	0.999992	-0.012299	
780	0.999993	0.000025	0.013245	-0.000025	0.999993	0.013763	
781	0.999990	0.000008	0.012146	-0.000008	0.999990	0.003448	
782	0.999991	-0.000004	0.005127	0.000004	0.999991	-0.010071	
783	1.000005	0.000001	-0.004028	-0.000001	1.000005	-0.000092	
784	1.000005	0.000002	-0.004211	-0.000002	1.000005	0.003601	
785	1.000005	0.000002	-0.004211	-0.000002	1.000005	0.003601	
786	1.000003	0.000021	0.010925	-0.000021	1.000003	0.017578	
787	1.000002	-0.000002	-0.000488	0.000002	1.000002	-0.004089	
788	1.000008	-0.000029	-0.025452	0.000029	1.000008	-0.010376	
789	0.999986	0.000027	0.030151	-0.000027	0.999986	0.009888	
790	1.000020	-0.000003	-0.021729	0.000003	1.000020	-0.016998	
791	1.000005	0.000022	-0.006897	-0.000022	1.000005	0.010925	
792	0.999993	0.000014	0.004272	-0.000014	0.999993	0.004700	
793	1.000034	0.000001	-0.028748	-0.000001	1.000034	0.004242	
794	1.000017	-0.000009	-0.014221	0.000009	1.000017	-0.021790	
795	1.000009	0.000016	0.008789	-0.000016	1.000009	0.020935	
796	1.000005	0.000031	-0.005798	-0.000031	1.000005	0.020599	
797	1.000002	0.000047	0.023560	-0.000047	1.000002	0.041229	
798	0.999978	0.000051	0.015503	-0.000051	0.999978	0.044922	
799	1.000013	-0.000006	-0.009583	0.000006	1.000013	-0.011963	
800	1.000007	-0.000040	-0.013367	0.000040	1.000007	-0.041534	
801	1.000000	0.000006	0.004089	-0.000006	1.000000	0.000763	
802	0.999983	0.000033	0.004028	-0.000033	0.999983	0.012115	
803	0.999968	0.000022	-0.010071	-0.000022	0.999968	0.000275	
804	0.999964	-0.000023	0.010315	0.000023	0.999964	-0.007141	
805	0.999986	-0.000001	0.016113	0.000001	0.999986	0.005249	
806	1.000055	-0.000075	-0.087585	0.000075	1.000055	-0.017578	
807	1.000012	-0.000013	-0.021973	0.000013	1.000012	-0.006592	
808	1.000047	-0.000024	-0.024902	0.000024	1.000047	0.019165	
809	1.000025	0.000018	-0.017883	-0.000018	1.000025	0.016724	
810	1.000052	0.000023	-0.017334	-0.000023	1.000052	0.068390	
811	1.000010	0.000020	-0.005005	-0.000020	1.000010	0.046509	
812	1.000004	0.000001	0.006165	-0.000001	1.000004	0.053223	
813	1.000010	0.000002	-0.001221	-0.000002	1.000010	0.005432	
814	0.999992	-0.000005	0.003296	0.000005	0.999992	0.013153	
815	0.999988	-0.000005	0.018799	0.000005	0.999988	-0.006653	
816	0.999962	-0.000046	0.008301	0.000046	0.999962	-0.056732	
817	1.000004	-0.000004	-0.014221	0.000004	1.000004	0.002350	
818	1.000030	0.000006	-0.024841	-0.000006	1.000030	0.028748	
819	0.999997	-0.000012	-0.003418	0.000012	0.999997	-0.007782	
820	0.999987	-0.000011	-0.002136	0.000011	0.999987	-0.013824	
821	0.999990	-0.000010	0.001831	0.000010	0.999990	-0.015076	
822	0.999975	-0.000014	0.005554	0.000014	0.999975	-0.019379	
823	1.000023	0.000005	-0.015930	-0.000005	1.000023	0.014893	
824	1.000021	-0.000040	-0.046021	0.000040	1.000021	-0.018036	
825	1.000006	-0.000029	-0.009888	0.000029	1.000006	-0.009521	
826	0.999992	-0.000039	-0.011108	0.000039	0.999992	-0.022217	
827	1.000012	0.000016	-0.004883	-0.000016	1.000012	0.016266	
828	1.000024	0.000014	-0.012573	-0.000014	1.000024	0.032623	
829	0.999988	0.000016	0.010742	-0.000016	0.999988	0.019714	
830	0.999980	-0.000025	0.011780	0.000025	0.999980	-0.019836	
831	1.000004	0.000002	-0.000732	-0.000002	1.000004	-0.007355	
832	0.999995	-0.000009	0.000488	0.000009	0.999995	-0.013855	
833	1.000001	0.000005	-0.000854	-0.000005	1.000001	0.009552	
834	0.999976	-0.000009	0.017456	0.000009	0.999976	-0.000946	
835	0.999995	0.000005	0.008972	-0.000005	0.999995	0.004120	
836	1.000015	-0.000009	-0.013794	0.000009	1.000015	0.006836	
837	0.999996	-0.000013	0.000305	0.000013	0.999996	-0.001373	
838	1.000032	-0.000026	-0.010803	0.000026	1.000032	0.007416	
839	0.999984	-0.000025	-0.000244	0.000025	0.999984	-0.067749	
840	0.999994	0.000028	-0.023560	-0.000028	0.999994	0.012268	
841	0.999998	0.000035	-0.004578	-0.000035	0.999998	0.028870	
842	0.999976	0.000044	0.046021	-0.000044	0.999976	0.017487	
843	1.000009	0.000013	0.003296	-0.000013	1.000009	0.010773	
844	1.000024	0.000034	0.001892	-0.000034	1.000024	0.038361	
845	1.000019	0.000014	-0.030640	-0.000014	1.000019	0.026184	
846	0.999945	-0.000016	-0.046997	0.000016	0.999945	-0.016052	
847	1.000021	-0.000040	-0.052429	0.000040	1.000021	-0.023346	
848	1.000049	-0.000108	-0.084167	0.000108	1.000049	-0.025726	
849	1.000006	-0.000057	-0.035706	0.000057	1.000006	-0.046387	
850	0.999997	-0.000059	-0.026062	0.000059	0.999997	-0.021637	
851	0.999994	-0.000005	-0.000488	0.000005	0.999994	0.002502	
852	1.000023	-0.000005	-0.033997	0.000005	1.000023	0.009399	
853	0.999993	-0.000002	0.000122	0.000002	0.999993	-0.006744	
854	0.999963	0.000009	0.032959	-0.000009	0.999963	0.010712	
855	1.000000	0.000049	0.025208	-0.000049	1.000000	0.054230	
856	1.000055	0.000071	0.012512	-0.000071	1.000055	0.105896	
857	1.000019	0.000006	-0.008179	-0.000006	1.000019	0.009918	
858	1.000041	-0.000005	-0.011902	0.000005	1.000041	0.022919	
859	1.000008	-0.000008	-0.002014	0.000008	1.000008	-0.005096	
860	1.000023	-0.000018	-0.001343	0.000018	1.000023	0.014801	
861	1.000006	-0.000016	-0.006531	0.000016	1.000006	-0.003265	
862	1.000074	0.000046	-0.080566	-0.000046	1.000074	0.156921	
863	1.000028	-0.000014	-0.034241	0.000014	1.000028	-0.000397	
864	1.000000	-0.000040	-0.012146	0.000040	1.000000	-0.008179	
865	0.999997	-0.000022	-0.001282	0.000022	0.999997	-0.022644	
866	1.000018	-0.000038	-0.031006	0.000038	1.000018	-0.019196	
867	1.000005	-0.000031	-0.024475	0.000031	1.000005	-0.020386	
868	1.000025	-0.000027	-0.054321	0.000027	1.000025	-0.016785	
869	0.999983	-0.000005	0.005188	0.000005	0.999983	-0.008392	
870	0.999982	-0.000008	0.009583	0.000008	0.999982	-0.025085	
871	0.999993	0.000002	0.002502	-0.000002	0.999993	-0.004639	
872	0.999963	0.000017	0.034302	-0.000017	0.999963	0.010040	
873	0.999974	0.000002	0.018311	-0.000002	0.999974	-0.010040	
874	0.999982	-0.000007	0.013428	0.000007	0.999982	-0.014160	
875	0.999989	-0.000014	0.003296	0.000014	0.999989	-0.025330	
876	1.000003	-0.000051	-0.021667	0.000051	1.000003	-0.059967	
877	0.999984	-0.000029	-0.002808	0.000029	0.999984	-0.021057	
878	0.999985	-0.000011	0.002075	0.000011	0.999985	-0.010559	
879	0.999980	0.000010	0.024170	-0.000010	0.999980	0.008118	
880	0.999970	0.000011	0.034912	-0.000011	0.999970	0.001007	
881	0.999991	0.000017	0.022339	-0.000017	0.999991	0.011597	
882	1.000000	-0.000005	-0.000305	0.000005	1.000000	0.002686	
883	0.999995	0.000001	0.006287	-0.000001	0.999995	0.003479	
884	0.999999	-0.000000	0.001465	0.000000	0.999999	0.005280	
885	1.000000	0.000000	0.001587	-0.000000	1.000000	0.000214	
886	1.000016	0.000007	-0.016968	-0.000007	1.000016	0.014526	
887	1.000004	-0.000007	-0.007629	0.000007	1.000004	-0.003052	
888	1.000011	-0.000024	-0.029236	0.000024	1.000011	-0.012177	
889	1.000001	-0.000011	-0.012329	0.000011	1.000001	-0.005066	
890	1.000007	-0.000010	-0.016724	0.000010	1.000007	-0.006714	
891	1.000007	-0.000007	-0.010315	0.000007	1.000007	-0.002594	
892	1.000008	-0.000008	-0.011902	0.000008	1.000008	0.011780	
893	0.999996	-0.000002	0.003235	0.000002	0.999996	0.001160	
894	1.000003	0.000012	0.004150	-0.000012	1.000003	0.014709	
895	1.000007	-0.000001	-0.005005	0.000001	1.000007	0.002594	
896	0.999999	0.000009	0.007080	-0.000009	0.999999	0.006927	
897	0.999993	-0.000001	0.007507	0.000001	0.999993	-0.005341	
898	0.999973	-0.000019	0.006287	0.000019	0.999973	-0.035187	
899	0.999993	0.000008	0.010681	-0.000008	0.999993	0.005035	
900	1.000005	0.000002	-0.003174	-0.000002	1.000005	0.006104	
901	0.999998	0.000008	0.004517	-0.000008	0.999998	0.007874	
902	1.000002	-0.000013	-0.011169	0.000013	1.000002	-0.003571	
903	1.000000	-0.000020	0.005188	0.000020	1.000000	-0.041504	
904	1.000005	0.000003	-0.003906	-0.000003	1.000005	0.004211	
905	0.999996	0.000016	0.005188	-0.000016	0.999996	0.007538	
906	0.999997	-0.000009	-0.005371	0.000009	0.999997	-0.008301	
907	0.999987	-0.000028	-0.011963	0.000028	0.999987	-0.036926	
908	0.999997	-0.000011	-0.003723	0.000011	0.999997	-0.013519	
909	0.999989	-0.000001	0.002319	0.000001	0.999989	-0.009186	
910	0.999994	-0.000003	0.006287	0.000003	0.999994	-0.001282	
911	1.000018	-0.000003	-0.018555	0.000003	1.000018	0.010284	
912	0.999997	-0.000020	-0.004028	0.000020	0.999997	-0.014587	
913	1.000033	0.000007	-0.020203	-0.000007	1.000033	0.005463	
914	1.000028	-0.000002	-0.025574	0.000002	1.000028	-0.003540	
915	1.000011	-0.000003	-0.006592	0.000003	1.000011	-0.010498	
916	0.999993	-0.000004	0.000549	0.000004	0.999993	-0.016205	
917	1.000018	0.000009	-0.013794	-0.000009	1.000018	0.014343	
918	1.000006	0.000015	-0.002075	-0.000015	1.000006	0.007660	
919	1.000047	-0.000028	-0.033264	0.000028	1.000047	0.013733	
920	1.000002	0.000002	-0.003235	-0.000002	1.000002	-0.012604	
921	1.000008	-0.000011	-0.030762	0.000011	1.000008	-0.015656	
922	0.999990	-0.000008	-0.000977	0.000008	0.999990	-0.014618	
923	0.999986	-0.000009	0.007080	0.000009	0.999986	-0.017487	
924	1.000019	-0.000013	-0.011841	0.000013	1.000019	-0.008942	
925	0.999996	-0.000010	-0.008423	0.000010	0.999996	-0.014282	
926	0.999994	-0.000007	-0.000610	0.000007	0.999994	-0.009705	
927	0.999995	-0.000003	-0.002136	0.000003	0.999995	-0.002289	
928	1.000003	0.000018	-0.005554	-0.000018	1.000003	-0.003571	
929	0.999972	-0.000064	-0.006348	0.000064	0.999972	-0.023804	
930	1.000009	-0.000026	-0.015808	0.000026	1.000009	-0.006805	
931	0.999993	-0.000047	-0.038696	0.000047	0.999993	-0.051056	
932	0.999995	-0.000012	-0.008484	0.000012	0.999995	-0.011475	
933	0.999959	-0.000001	-0.000549	0.000001	0.999959	-0.013763	
934	1.000008	-0.000010	-0.011475	0.000010	1.000008	-0.003052	
935	1.000004	-0.000029	-0.024292	0.000029	1.000004	-0.017212	
936	0.999995	-0.000005	0.007996	0.000005	0.999995	-0.016296	
937	0.999947	0.000057	0.033203	-0.000057	0.999947	0.010010	
938	1.000006	-0.000001	-0.011597	0.000001	1.000006	-0.001190	
939	1.000085	0.000040	-0.015259	-0.000040	1.000085	0.062408	
940	0.999984	0.000031	0.031799	-0.000031	0.999984	0.026093	
941	0.999973	0.000029	0.043152	-0.000029	0.999973	0.019653	
942	0.999986	0.000019	0.024231	-0.000019	0.999986	0.010162	
943	0.999985	0.000017	0.029785	-0.000017	0.999985	0.015289	
944	1.000001	0.000004	0.000061	-0.000004	1.000001	0.008179	
945	0.999985	0.000043	0.039551	-0.000043	0.999985	0.025757	
946	0.999982	0.000010	0.031982	-0.000010	0.999982	0.018646	
947	1.000013	-0.000019	0.006470	0.000019	1.000013	0.015564	
948	1.000026	0.000010	-0.011963	-0.000010	1.000026	0.003143	
949	1.000058	-0.000012	-0.029358	0.000012	1.000058	0.016418	
950	0.999998	-0.000029	-0.014221	0.000029	0.999998	-0.028198	
951	1.000062	-0.000026	-0.093933	0.000026	1.000062	-0.023560	
952	1.000057	-0.000029	-0.101807	0.000029	1.000057	-0.026886	
953	1.000045	-0.000069	-0.063232	0.000069	1.000045	-0.077179	
954	0.999971	0.000016	0.048401	-0.000016	0.999971	0.010071	
955	0.999927	0.000005	0.079773	-0.000005	0.999927	-0.025909	
956	0.999984	0.000029	0.034973	-0.000029	0.999984	0.013367	
957	1.000012	0.000019	-0.006836	-0.000019	1.000012	0.029999	
958	0.999995	0.000024	0.013550	-0.000024	0.999995	0.026459	
959	1.000050	0.000014	-0.010559	-0.000014	1.000050	0.044556	
960	0.999993	0.000047	0.037964	-0.000047	0.999993	0.049561	
961	1.000029	0.000000	0.017334	-0.000000	1.000029	0.014374	
962	0.999977	-0.000026	-0.005188	0.000026	0.999977	-0.022858	
963	0.999964	-0.000012	0.003662	0.000012	0.999964	-0.032043	
964	0.999999	-0.000003	-0.000549	0.000003	0.999999	-0.006714	
965	1.000003	-0.000033	-0.018311	0.000033	1.000003	-0.032043	
966	0.999986	-0.000029	-0.000916	0.000029	0.999986	-0.033386	
967	1.000006	-0.000016	-0.022278	0.000016	1.000006	-0.002258	
968	1.000000	-0.000009	0.004517	0.000009	1.000000	-0.006439	
969	0.999991	0.000007	0.013245	-0.000007	0.999991	0.011780	
970	0.999989	-0.000007	0.010071	0.000007	0.999989	-0.018829	
971	0.999959	-0.000006	0.033752	0.000006	0.999959	-0.028076	
972	0.999963	0.000002	0.023560	-0.000002	0.999963	0.000122	
973	1.000025	0.000017	0.002014	-0.000017	1.000025	0.007141	
974	0.999994	0.000011	0.005798	-0.000011	0.999994	0.004425	
975	1.000003	0.000010	0.011597	-0.000010	1.000003	0.017578	
976	0.999996	0.000012	0.008850	-0.000012	0.999996	0.014008	
977	0.999996	-0.000015	0.019470	0.000015	0.999996	0.007416	
978	0.999997	0.000004	0.001282	-0.000004	0.999997	0.008698	
979	1.000022	-0.000018	0.002686	0.000018	1.000022	-0.014893	
980	1.000007	0.000007	0.003052	-0.000007	1.000007	0.007050	
981	0.999994	0.000013	0.000305	-0.000013	0.999994	0.005707	
982	0.999994	0.000011	0.003540	-0.000011	0.999994	0.013824	
983	0.999989	0.000018	0.012573	-0.000018	0.999989	0.016663	
984	1.000008	0.000021	-0.004639	-0.000021	1.000008	0.023300	
985	0.999991	-0.000013	-0.004822	0.000013	0.999991	-0.008820	
986	1.000013	-0.000037	-0.009521	0.000037	1.000013	-0.011169	
987	1.000032	0.000038	-0.028259	-0.000038	1.000032	0.010529	
988	0.999999	-0.000014	0.000671	0.000014	0.999999	-0.019562	
989	0.999988	0.000021	0.018738	-0.000021	0.999988	0.015045	
990	0.999991	-0.000007	0.001221	0.000007	0.999991	-0.006927	
991	1.000003	-0.000018	-0.000671	0.000018	1.000003	-0.000946	
992	1.000009	-0.000027	-0.015076	0.000027	1.000009	-0.011658	
993	0.999970	-0.000017	0.020081	0.000017	0.999970	-0.013031	
994	1.000006	0.000023	-0.004150	-0.000023	1.000006	0.025360	
995	0.999970	-0.000017	0.015808	0.000017	0.999970	-0.018127	
996	1.000011	0.000012	0.000000	-0.000012	1.000011	0.014893	
997	1.000011	0.000005	-0.002319	-0.000005	1.000011	-0.003265	
998	0.999984	-0.000001	0.018311	0.000001	0.999984	-0.001587	
999	1.000018	-0.000011	-0.008972	0.000011	1.000018	-0.016998	
1000	0.999990	-0.000008	0.011963	0.000008	0.999990	-0.010895	
1001	0.999991	-0.000004	0.009888	0.000004	0.999991	-0.005249	
1002	0.999999	-0.000005	-0.000427	0.000005	0.999999	-0.008636	
1003	0.999958	0.000200	0.120361	-0.000200	0.999958	0.265167	
1004	0.999988	-0.000026	0.005615	0.000026	0.999988	-0.019928	
1005	0.999977	-0.000016	0.002319	0.000016	0.999977	-0.011932	
1006	0.999995	0.000007	-0.001465	-0.000007	0.999995	0.002136	
1007	0.999991	0.000018	0.012512	-0.000018	0.999991	0.007202	
1008	0.999999	-0.000008	-0.005188	0.000008	0.999999	-0.016418	
1009	1.000005	0.000015	-0.001587	-0.000015	1.000005	0.027618	
1010	1.000000	-0.000015	-0.019775	0.000015	1.000000	-0.023407	
1011	1.000015	-0.000012	-0.017456	0.000012	1.000015	-0.002380	
1012	1.000008	-0.000003	-0.033936	0.000003	1.000008	-0.011078	
1013	1.000010	-0.000012	0.004395	0.000012	1.000010	-0.007294	
1014	1.000014	-0.000014	-0.008606	0.000014	1.000014	0.001160	
1015	0.999985	-0.000004	0.004883	0.000004	0.999985	0.014404	
1016	0.999963	-0.000000	0.035461	0.000000	0.999963	-0.011414	
1017	0.999989	0.000020	0.033997	-0.000020	0.999989	0.036224	
1018	1.000013	-0.000008	-0.003845	0.000008	1.000013	-0.007263	
1019	0.999953	-0.000038	-0.039551	0.000038	0.999953	-0.034058	
1020	1.000034	-0.000018	-0.044189	0.000018	1.000034	-0.018311	
1021	0.999317	-0.000072	0.022797	0.000072	0.999317	0.337646	
1022	1.000040	-0.000153	-0.071167	0.000153	1.000040	-0.198792	
1023	0.999978	-0.000021	-0.019226	0.000021	0.999978	-0.023926	
1024	0.999999	0.000012	0.001770	-0.000012	0.999999	0.036133	
1025	0.999985	-0.000031	-0.008789	0.000031	0.999985	-0.002716	
1026	1.000011	-0.000035	-0.026367	0.000035	1.000011	-0.038239	
1027	1.000031	0.000023	-0.014099	-0.000023	1.000031	0.049133	
1028	1.000017	-0.000040	-0.016113	0.000040	1.000017	-0.035553	
1029	1.000004	-0.000004	-0.001099	0.000004	1.000004	-0.018097	
1030	0.999963	0.000028	0.038391	-0.000028	0.999963	0.036041	
1031	0.999963	0.000024	0.035217	-0.000024	0.999963	0.034637	
1032	0.999984	0.000019	0.013916	-0.000019	0.999984	0.030090	
1033	0.999987	0.000012	0.010132	-0.000012	0.999987	0.009949	
1034	1.000020	-0.000014	-0.016907	0.000014	1.000020	-0.013947	
1035	0.999975	0.000006	0.039978	-0.000006	0.999975	0.025543	
1036	0.999993	0.000001	-0.001282	-0.000001	0.999993	-0.003021	
1037	0.999986	0.000028	0.012939	-0.000028	0.999986	0.018005	
1038	0.999991	-0.000002	-0.005310	0.000002	0.999991	-0.017090	
1039	0.999978	-0.000023	-0.001038	0.000023	0.999978	-0.038452	
1040	0.999939	-0.000009	0.046692	0.000009	0.999939	-0.019562	
1041	0.999984	-0.000021	0.010315	0.000021	0.999984	-0.025604	
1042	0.999982	-0.000037	-0.009644	0.000037	0.999982	-0.034668	
1043	0.999991	-0.000056	-0.036255	0.000056	0.999991	-0.034576	
1044	0.999985	-0.000030	-0.014038	0.000030	0.999985	-0.013397	
1045	0.999941	-0.000109	-0.038269	0.000109	0.999941	-0.028107	
1046	1.000000	-0.000042	-0.018188	0.000042	1.000000	-0.034515	
1047	1.000081	-0.000115	-0.180359	0.000115	1.000081	-0.114166	
1048	1.000023	-0.000034	-0.029785	0.000034	1.000023	-0.032257	
1049	1.000077	-0.000017	-0.097046	0.000017	1.000077	-0.032043	
1050	1.000024	-0.000024	-0.028809	0.000024	1.000024	-0.018372	
1051	1.000028	0.000003	-0.033020	-0.000003	1.000028	-0.005341	
1052	1.000014	0.000029	-0.007935	-0.000029	1.000014	0.038116	
1053	1.000037	0.000048	-0.001221	-0.000048	1.000037	0.036316	
1054	0.999992	0.000032	0.024109	-0.000032	0.999992	0.030426	
1055	0.999999	0.000059	0.021606	-0.000059	0.999999	0.051514	
1056	1.000016	0.000031	0.004639	-0.000031	1.000016	0.021606	
1057	0.999987	0.000018	0.009766	-0.000018	0.999987	0.019806	
1058	0.999946	0.000053	0.058899	-0.000053	0.999946	0.039795	
1059	0.999989	0.000061	0.059509	-0.000061	0.999989	0.063019	
1060	1.000034	0.000027	-0.013184	-0.000027	1.000034	0.005554	
1061	1.000020	0.000078	0.000854	-0.000078	1.000020	0.070587	
1062	1.000039	0.000003	-0.032349	-0.000003	1.000039	-0.014069	
1063	1.000087	0.000018	-0.027100	-0.000018	1.000087	0.023071	
1064	1.000035	-0.000010	-0.038147	0.000010	1.000035	0.000488	
1065	1.000056	0.000021	-0.065308	-0.000021	1.000056	0.019684	
1066	1.000050	-0.000013	-0.080933	0.000013	1.000050	-0.001343	
1067	1.000039	-0.000038	-0.070435	0.000038	1.000039	-0.029083	
1068	0.999959	-0.000035	0.017334	0.000035	0.999959	-0.039581	
1069	0.999958	0.000007	0.039246	-0.000007	0.999958	-0.006531	
1070	0.999989	0.000010	0.010864	-0.000010	0.999989	0.001617	
1071	0.999989	0.000002	0.007202	-0.000002	0.999989	0.003540	
1072	0.999977	-0.000013	0.040710	0.000013	0.999977	-0.011383	
1073	0.999992	0.000002	-0.005676	-0.000002	0.999992	-0.002045	
1074	0.999983	0.000006	0.015137	-0.000006	0.999983	0.008636	
1075	0.999989	-0.000015	0.010620	0.000015	0.999989	0.003235	
1076	0.999956	0.000029	0.054077	-0.000029	0.999956	0.017822	
1077	1.000014	0.000000	-0.006470	-0.000000	1.000014	0.001282	
1078	1.000001	0.000002	0.004578	-0.000002	1.000001	0.000946	
1079	0.999987	0.000013	0.007812	-0.000013	0.999987	0.007111	
1080	1.000001	-0.000020	-0.005676	0.000020	1.000001	-0.015076	
1081	1.000000	0.000038	-0.000977	-0.000038	1.000000	0.071381	
1082	1.000016	-0.000036	-0.032227	0.000036	1.000016	-0.021362	
1083	0.999986	-0.000028	0.003174	0.000028	0.999986	-0.008850	
1084	0.999990	-0.000029	-0.013489	0.000029	0.999990	-0.026489	
1085	0.999980	-0.000028	0.005920	0.000028	0.999980	-0.011688	
1086	0.999929	0.000018	0.088318	-0.000018	0.999929	-0.018555	
1087	0.999949	0.000001	0.027832	-0.000001	0.999949	0.013214	
1088	0.999979	0.000021	0.008789	-0.000021	0.999979	0.024567	
1089	0.999985	0.000025	-0.002380	-0.000025	0.999985	0.047089	
1090	1.000003	0.000006	0.003784	-0.000006	1.000003	0.008362	
1091	0.999988	-0.000013	0.010803	0.000013	0.999988	-0.007477	
1092	0.999989	0.000036	0.012329	-0.000036	0.999989	0.012085	
1093	0.999946	0.000030	0.119507	-0.000030	0.999946	0.030151	
1094	1.000010	0.000000	0.013000	-0.000000	1.000010	-0.003998	
1095	0.999991	0.000007	0.022644	-0.000007	0.999991	0.016327	
1096	0.999978	0.000020	0.021484	-0.000020	0.999978	0.018402	
1097	0.999971	0.000015	0.031555	-0.000015	0.999971	-0.026367	
1098	1.000004	-0.000026	0.005432	0.000026	1.000004	-0.018860	
1099	1.000044	-0.000049	-0.045776	0.000049	1.000044	-0.026489	
1100	1.000016	-0.000022	-0.037842	0.000022	1.000016	-0.024872	
1101	0.999978	-0.000021	-0.005188	0.000021	0.999978	-0.018127	
1102	0.999959	-0.000011	0.022705	0.000011	0.999959	-0.011902	
1103	0.999996	0.000018	-0.003235	-0.000018	0.999996	0.029419	
1104	0.999981	0.000002	0.011719	-0.000002	0.999981	-0.013092	
1105	0.999948	-0.000034	0.007935	0.000034	0.999948	-0.040100	
1106	0.999961	-0.000030	0.011292	0.000030	0.999961	-0.020935	
1107	1.000003	-0.000048	-0.019043	0.000048	1.000003	-0.044861	
1108	0.999997	-0.000034	-0.003845	0.000034	0.999997	-0.027679	
1109	0.999995	-0.000003	0.006714	0.000003	0.999995	0.001770	
1110	0.999992	-0.000001	0.001953	0.000001	0.999992	0.009827	
1111	1.000014	-0.000002	-0.019165	0.000002	1.000014	-0.000824	
1112	0.999993	0.000010	0.021606	-0.000010	0.999993	0.005463	
1113	1.000022	0.000028	-0.011780	-0.000028	1.000022	0.011902	
1114	1.000006	0.000009	-0.005066	-0.000009	1.000006	-0.006195	
1115	1.000021	-0.000018	-0.031372	0.000018	1.000021	-0.013580	
1116	1.000000	-0.000022	-0.008972	0.000022	1.000000	-0.021820	
1117	1.000034	0.000022	-0.020996	-0.000022	1.000034	0.041412	
1118	1.000069	0.000024	-0.058960	-0.000024	1.000069	0.027985	
1119	0.999912	0.000044	0.108582	-0.000044	0.999912	0.052582	
1120	0.999956	0.000028	0.059082	-0.000028	0.999956	0.008148	
1121	0.999973	0.000025	0.045959	-0.000025	0.999973	0.006042	
1122	0.999977	-0.000011	0.029968	0.000011	0.999977	-0.016022	
1123	0.999958	0.000001	0.053101	-0.000001	0.999958	0.001190	
1124	0.999970	-0.000018	0.023010	0.000018	0.999970	-0.010437	
1125	0.999973	0.000005	0.034607	-0.000005	0.999973	0.010529	
1126	0.999933	0.000030	0.090759	-0.000030	0.999933	0.029755	
1127	0.999973	0.000000	0.039062	-0.000000	0.999973	0.013855	
1128	1.000007	0.000027	-0.001343	-0.000027	1.000007	0.043030	
1129	1.000084	0.000032	-0.083740	-0.000032	1.000084	0.053497	
1130	1.000033	0.000004	-0.033325	-0.000004	1.000033	0.002930	
1131	1.000067	0.000008	-0.074158	-0.000008	1.000067	0.026794	
1132	1.000061	-0.000022	-0.076660	0.000022	1.000061	-0.007477	
1133	1.000057	-0.000011	-0.036560	0.000011	1.000057	0.009460	
1134	1.000019	-0.000004	-0.012939	0.000004	1.000019	0.012848	
1135	0.999990	-0.000008	0.006287	0.000008	0.999990	0.000641	
1136	0.999996	-0.000018	-0.010376	0.000018	0.999996	-0.013153	
1137	1.000007	0.000000	-0.005493	-0.000000	1.000007	-0.007202	
1138	0.999997	-0.000035	-0.021973	0.000035	0.999997	-0.034668	
1139	0.999966	-0.000025	0.035767	0.000025	0.999966	-0.042267	
1140	1.000001	0.000001	-0.003357	-0.000001	1.000001	-0.003632	
1141	0.999950	-0.000047	0.004456	0.000047	0.999950	-0.039185	
1142	0.999984	-0.000032	0.001282	0.000032	0.999984	-0.017883	
1143	0.999978	0.000021	0.046875	-0.000021	0.999978	0.046265	
1144	0.999999	-0.000008	-0.003845	0.000008	0.999999	0.004913	
1145	0.999945	0.000012	0.064026	-0.000012	0.999945	0.013153	
1146	0.999984	0.000025	0.030396	-0.000025	0.999984	0.017120	
1147	0.999963	0.000072	0.078125	-0.000072	0.999963	0.066528	
1148	1.000002	0.000022	0.009766	-0.000022	1.000002	0.017303	
1149	0.999985	0.000032	0.023071	-0.000032	0.999985	0.033051	
1150	0.999981	0.000011	0.018738	-0.000011	0.999981	0.007141	
1151	0.999999	0.000022	0.009033	-0.000022	0.999999	0.010773	
1152	1.000018	0.000029	0.000061	-0.000029	1.000018	0.031158	
1153	1.000024	0.000042	0.015076	-0.000042	1.000024	0.038910	
1154	1.000010	0.000004	0.004517	-0.000004	1.000010	-0.002716	
1155	0.999986	0.000001	0.013733	-0.000001	0.999986	-0.021515	
1156	0.999977	0.000002	0.020142	-0.000002	0.999977	0.000000	
1157	0.999993	-0.000018	-0.000122	0.000018	0.999993	-0.012085	
1158	0.999967	0.000018	0.024963	-0.000018	0.999967	0.004272	
1159	0.999918	0.000028	0.027710	-0.000028	0.999918	0.002869	
1160	0.999990	0.000008	0.007263	-0.000008	0.999990	0.006836	
1161	0.999965	0.000025	0.010254	-0.000025	0.999965	0.011536	
1162	0.999998	0.000021	0.016541	-0.000021	0.999998	0.002747	
1163	0.999994	0.000032	0.039734	-0.000032	0.999994	0.038910	
1164	0.999980	0.000036	0.028442	-0.000036	0.999980	0.021271	
1165	1.000015	0.000033	0.056763	-0.000033	1.000015	0.051636	
1166	0.999977	0.000011	0.025208	-0.000011	0.999977	0.007935	
1167	1.000021	0.000019	0.046326	-0.000019	1.000021	0.041138	
1168	0.999989	-0.000021	0.000427	0.000021	0.999989	-0.010498	
1169	0.999997	-0.000006	0.013489	0.000006	0.999997	0.010284	
1170	1.000000	-0.000024	-0.001465	0.000024	1.000000	-0.003113	
1171	0.999975	0.000002	0.024353	-0.000002	0.999975	0.021179	
1172	0.999993	-0.000019	0.000977	0.000019	0.999993	-0.010529	
1173	0.999989	-0.000008	0.022339	0.000008	0.999989	0.021759	
1174	1.000068	-0.000003	-0.039978	0.000003	1.000068	0.037262	
1175	1.000032	-0.000004	-0.012390	0.000004	1.000032	0.021271	
1176	1.000025	-0.000010	-0.012878	0.000010	1.000025	0.011230	
1177	1.000018	-0.000017	-0.007141	0.000017	1.000018	0.026978	
1178	0.999954	-0.000001	0.011230	0.000001	0.999954	-0.027710	
1179	0.999927	-0.000031	0.064209	0.000031	0.999927	-0.038055	
1180	0.999951	-0.000002	0.033020	0.000002	0.999951	-0.022644	
1181	0.999919	0.000027	0.056763	-0.000027	0.999919	-0.022919	
1182	0.999960	0.000012	0.033936	-0.000012	0.999960	-0.005768	
1183	0.999972	0.000032	0.032898	-0.000032	0.999972	-0.000702	
1184	0.999970	0.000008	0.023132	-0.000008	0.999970	-0.016846	
1185	0.999890	0.000035	0.065002	-0.000035	0.999890	-0.098755	
1186	0.999950	0.000005	0.033142	-0.000005	0.999950	-0.025818	
1187	0.999733	0.000222	0.200562	-0.000222	0.999733	-0.171417	
1188	0.999947	0.000038	0.034668	-0.000038	0.999947	-0.006287	
1189	0.999854	0.000046	0.138977	-0.000046	0.999854	-0.186462	
1190	0.999935	0.000009	0.056824	-0.000009	0.999935	-0.022888	
1191	0.999900	0.000059	0.098755	-0.000059	0.999900	-0.100067	
1192	0.999970	0.000026	0.056152	-0.000026	0.999970	-0.019531	
1193	0.999917	0.000046	0.083130	-0.000046	0.999917	-0.067017	
1194	0.999991	0.000044	0.026917	-0.000044	0.999991	0.029633	
1195	0.999975	0.000104	0.068298	-0.000104	0.999975	0.085968	
1196	1.000032	0.000073	0.013916	-0.000073	1.000032	0.080536	
1197	1.000011	0.000091	0.032288	-0.000091	1.000011	0.136017	
1198	1.000017	-0.000003	-0.018982	0.000003	1.000017	0.031830	
1199	0.999999	-0.000003	0.013000	0.000003	0.999999	0.022369	
1200	1.000008	-0.000006	-0.006409	0.000006	1.000008	0.000366	
1201	1.000002	0.000004	0.016113	-0.000004	1.000002	-0.002289	
1202	0.999993	0.000009	0.009155	-0.000009	0.999993	0.004517	
