0	1.000000	0.000000	0.000000	0.000000	1.000000	0.000000	
1	0.991219	-0.000212	8.868896	0.000212	0.991219	3.988770	
2	0.992882	-0.000049	7.504211	0.000049	0.992882	2.479187	
3	0.990914	-0.000007	9.940308	0.000007	0.990914	4.590942	
4	0.991980	-0.000146	8.755249	0.000146	0.991980	3.664978	
5	0.992248	-0.000037	8.748779	0.000037	0.992248	3.237976	
6	0.991746	0.000184	9.013306	-0.000184	0.991746	3.667114	
7	0.986903	-0.000279	14.882690	0.000279	0.986903	5.079468	
8	0.993498	-0.001014	7.775757	0.001014	0.993498	1.211548	
9	0.993498	-0.001014	7.775757	0.001014	0.993498	1.211548	
10	0.992881	0.000296	8.033936	-0.000296	0.992881	2.628967	
11	0.992881	0.000296	8.033936	-0.000296	0.992881	2.628967	
12	0.992859	0.001424	6.881104	-0.001424	0.992859	4.169983	
13	0.992859	0.001424	6.881104	-0.001424	0.992859	4.169983	
14	0.993185	-0.000226	7.757751	0.000226	0.993185	2.016113	
15	0.993185	-0.000226	7.757751	0.000226	0.993185	2.016113	
16	0.993525	-0.000058	7.235962	0.000058	0.993525	2.320068	
17	0.993525	-0.000058	7.235962	0.000058	0.993525	2.320068	
18	0.993865	0.000049	6.383423	-0.000049	0.993865	2.268188	
19	0.993865	0.000049	6.383423	-0.000049	0.993865	2.268188	
20	0.994711	0.000203	5.574219	-0.000203	0.994711	1.594360	
21	0.994711	0.000203	5.574219	-0.000203	0.994711	1.594360	
22	0.994711	0.000203	5.574219	-0.000203	0.994711	1.594360	
23	0.989530	0.000207	10.586304	-0.000207	0.989530	3.366882	
24	0.995006	-0.000116	5.188354	0.000116	0.995006	1.752197	
25	0.995006	-0.000116	5.188354	0.000116	0.995006	1.752197	
26	0.995315	0.000334	4.432495	-0.000334	0.995315	1.909851	
27	0.990165	0.000603	10.099365	-0.000603	0.990165	3.033447	
28	0.995467	0.001373	4.206665	-0.001373	0.995467	1.877228	
29	0.990741	-0.000211	9.069885	0.000211	0.990741	2.806213	
30	0.995681	-0.000114	4.220703	0.000114	0.995681	1.645752	
31	0.991020	-0.000146	8.630798	0.000146	0.991020	3.269531	
32	0.995672	0.000162	4.330811	-0.000162	0.995672	1.786194	
33	0.991433	0.000558	8.421265	-0.000558	0.991433	3.240234	
34	0.991433	0.000558	8.421265	-0.000558	0.991433	3.240234	
35	0.991867	-0.000300	8.289124	0.000300	0.991867	2.015930	
36	0.991867	-0.000300	8.289124	0.000300	0.991867	2.015930	
37	0.992698	-0.000060	7.572754	0.000060	0.992698	2.289185	
38	0.996175	-0.000007	3.781311	0.000007	0.996175	1.438171	
39	0.996175	-0.000007	3.781311	0.000007	0.996175	1.438171	
40	0.996368	-0.000097	3.686462	0.000097	0.996368	1.338684	
41	0.996368	-0.000097	3.686462	0.000097	0.996368	1.338684	
42	0.995153	0.001217	3.365997	-0.001217	0.995153	2.269440	
43	0.993661	0.000489	6.034241	-0.000489	0.993661	1.955261	
44	0.996220	0.000458	3.922485	-0.000458	0.996220	1.718323	
45	0.996220	0.000458	3.922485	-0.000458	0.996220	1.718323	
46	0.995770	-0.000714	3.222229	0.000714	0.995770	0.891968	
47	0.993654	-0.000086	5.423096	0.000086	0.993654	1.949646	
48	0.993280	-0.001211	7.139587	0.001211	0.993280	2.013489	
49	0.994246	0.000400	5.411072	-0.000400	0.994246	2.407593	
50	0.995512	0.000099	3.361084	-0.000099	0.995512	2.293640	
51	0.994535	-0.000024	5.295898	0.000024	0.994535	2.061890	
52	0.997204	-0.000290	2.814514	0.000290	0.997204	0.914001	
53	0.995303	-0.000477	4.491516	0.000477	0.995303	1.807922	
54	0.997567	0.000016	2.431885	-0.000016	0.997567	1.295227	
55	0.995631	0.000178	4.563965	-0.000178	0.995631	2.393555	
56	0.997783	0.000218	2.150879	-0.000218	0.997783	1.391052	
57	0.996421	-0.000065	3.288513	0.000065	0.996421	1.764221	
58	0.998174	-0.000281	1.660706	0.000281	0.998174	0.563171	
59	0.997121	-0.000268	2.621033	0.000268	0.997121	0.772034	
60	0.998659	-0.000057	0.906128	0.000057	0.998659	0.430298	
61	0.997443	-0.000109	1.998962	0.000109	0.997443	0.690552	
62	0.998588	0.000080	1.043274	-0.000080	0.998588	0.733276	
63	0.998025	-0.000069	1.304260	0.000069	0.998025	0.695068	
64	0.998946	-0.000064	0.597351	0.000064	0.998946	0.340942	
65	0.998642	0.000058	0.349426	-0.000058	0.998642	0.052307	
66	0.999448	0.000090	-0.070557	-0.000090	0.999448	-0.118896	
67	0.999176	0.000179	-0.130798	-0.000179	0.999176	-0.359497	
68	0.999531	0.000036	-0.196045	-0.000036	0.999531	-0.251953	
69	0.999922	0.000631	-1.086914	-0.000631	0.999922	0.000183	
70	0.999726	0.000143	-0.114746	-0.000143	0.999726	-0.125671	
71	1.000069	0.000137	-0.753052	-0.000137	1.000069	-0.538086	
72	0.999858	0.000051	0.025940	-0.000051	0.999858	-0.055542	
73	1.000239	0.000059	-0.143677	-0.000059	1.000239	-1.243347	
74	1.000033	-0.000115	0.184448	0.000115	1.000033	-0.653687	
75	1.000344	-0.001090	0.188293	0.001090	1.000344	-1.700592	
76	1.000486	-0.000138	-0.193726	0.000138	1.000486	-1.291809	
77	1.002341	-0.000366	-2.416260	0.000366	1.002341	-3.500610	
78	1.000861	0.000056	-0.747986	-0.000056	1.000861	-1.428833	
79	1.002304	-0.000053	-1.946228	0.000053	1.002304	-3.010925	
80	1.001338	0.000064	-1.399841	-0.000064	1.001338	-1.604187	
81	1.002795	0.000005	-2.874268	-0.000005	1.002795	-3.105835	
82	1.001891	0.000299	-2.087646	-0.000299	1.001891	-2.068726	
83	1.003514	0.000416	-3.487488	-0.000416	1.003514	-2.871887	
84	1.002023	0.000197	-2.089050	-0.000197	1.002023	-1.515869	
85	1.004370	-0.000016	-3.754272	0.000016	1.004370	-3.438416	
86	1.005880	0.002603	-6.940613	-0.002603	1.005880	-2.266968	
87	1.004609	0.000120	-3.785767	-0.000120	1.004609	-3.024658	
88	1.002856	0.000541	-2.672852	-0.000541	1.002856	-0.885010	
89	1.005103	0.000089	-3.920898	-0.000089	1.005103	-2.744690	
90	1.002663	0.000060	-2.077759	-0.000060	1.002663	-0.969299	
91	1.005309	-0.000056	-4.408936	0.000056	1.005309	-2.014771	
92	1.000924	0.002829	-1.748169	-0.002829	1.000924	4.711853	
93	1.005708	-0.000209	-4.827148	0.000209	1.005708	-1.596802	
94	1.004301	-0.001193	-2.303406	0.001193	1.004301	-1.318054	
95	1.004301	-0.001193	-2.303406	0.001193	1.004301	-1.318054	
96	1.006052	0.001529	-6.982544	-0.001529	1.006052	-0.886780	
97	1.006052	0.001529	-6.982544	-0.001529	1.006052	-0.886780	
98	1.003151	0.000042	-3.018433	-0.000042	1.003151	-1.187683	
99	1.006366	0.000254	-5.943604	-0.000254	1.006366	-1.709076	
100	1.003114	0.000184	-3.211731	-0.000184	1.003114	-1.128113	
101	1.006190	0.000571	-6.533447	-0.000571	1.006190	-1.840576	
102	1.003222	-0.000007	-3.479065	0.000007	1.003222	-1.346313	
103	1.006468	0.000144	-6.843018	-0.000144	1.006468	-2.370483	
104	1.003556	-0.000029	-4.138733	0.000029	1.003556	-1.520081	
105	1.003556	-0.000029	-4.138733	0.000029	1.003556	-1.520081	
106	1.001142	0.001575	-1.939087	-0.001575	1.001142	2.058105	
107	1.005882	0.000403	-7.059082	-0.000403	1.005882	-2.017029	
108	1.005882	0.000403	-7.059082	-0.000403	1.005882	-2.017029	
109	1.005524	0.000400	-6.647949	-0.000400	1.005524	-1.451782	
110	1.002817	-0.000105	-3.246826	0.000105	1.002817	-0.773682	
111	1.004038	0.000318	-4.652466	-0.000318	1.004038	0.279236	
112	1.004700	0.002397	-8.347473	-0.002397	1.004700	2.102295	
113	1.004700	0.002397	-8.347473	-0.002397	1.004700	2.102295	
114	1.002186	-0.000064	-3.355957	0.000064	1.002186	-0.449341	
115	1.005408	0.000456	-7.270996	-0.000456	1.005408	-0.234283	
116	1.005408	0.000456	-7.270996	-0.000456	1.005408	-0.234283	
117	1.005408	0.000456	-7.270996	-0.000456	1.005408	-0.234283	
118	1.002473	-0.000232	-3.095581	0.000232	1.002473	-0.324341	
119	1.002473	-0.000232	-3.095581	0.000232	1.002473	-0.324341	
120	1.001125	0.001351	-2.171509	-0.001351	1.001125	2.958252	
121	1.001125	0.001351	-2.171509	-0.001351	1.001125	2.958252	
122	1.001924	-0.000136	-2.242432	0.000136	1.001924	-0.176758	
123	1.001924	-0.000136	-2.242432	0.000136	1.001924	-0.176758	
124	0.999939	0.000397	0.519165	-0.000397	0.999939	1.197449	
125	0.999939	0.000397	0.519165	-0.000397	0.999939	1.197449	
126	0.999939	0.000397	0.519165	-0.000397	0.999939	1.197449	
127	0.999939	0.000397	0.519165	-0.000397	0.999939	1.197449	
128	1.000138	0.000191	-0.162720	-0.000191	1.000138	-0.770752	
129	1.000138	0.000191	-0.162720	-0.000191	1.000138	-0.770752	
130	0.999653	-0.000013	0.632080	0.000013	0.999653	-0.933105	
131	0.998648	-0.000087	2.014893	0.000087	0.998648	-1.648834	
132	0.999096	0.000139	1.250916	-0.000139	0.999096	-0.328766	
133	0.996001	0.000811	3.329346	-0.000811	0.996001	0.272095	
134	0.996001	0.000811	3.329346	-0.000811	0.996001	0.272095	
135	0.996078	0.000014	4.564758	-0.000014	0.996078	0.596130	
136	0.996078	0.000014	4.564758	-0.000014	0.996078	0.596130	
137	0.995798	-0.000068	5.198303	0.000068	0.995798	1.056152	
138	0.997895	0.000096	2.703125	-0.000096	0.997895	0.587097	
139	0.995240	-0.000336	6.435974	0.000336	0.995240	1.411560	
140	0.997322	0.001281	2.526306	-0.001281	0.997322	1.502655	
141	0.995310	-0.000060	6.194885	0.000060	0.995310	1.423462	
142	0.997576	0.000116	3.030823	-0.000116	0.997576	1.002441	
143	0.997576	0.000116	3.030823	-0.000116	0.997576	1.002441	
144	0.997576	0.000116	3.030823	-0.000116	0.997576	1.002441	
145	0.997576	0.000116	3.030823	-0.000116	0.997576	1.002441	
146	0.997431	-0.000107	3.054932	0.000107	0.997431	0.848389	
147	0.995069	0.000630	5.730194	-0.000630	0.995069	1.978821	
148	0.996705	0.000418	3.437286	-0.000418	0.996705	1.392792	
149	0.994214	0.000185	6.413269	-0.000185	0.994214	2.546478	
150	0.996870	-0.000100	0.099976	0.000100	0.996870	0.825195	
151	0.994181	0.001993	-1.945984	-0.001993	0.994181	2.979431	
152	0.996815	-0.000076	-0.349792	0.000076	0.996815	1.628265	
153	0.993661	0.000027	-0.856140	-0.000027	0.993661	3.223785	
154	0.996683	0.000012	-0.406616	-0.000012	0.996683	1.946442	
155	0.993596	0.000471	-0.623596	-0.000471	0.993596	3.816864	
156	0.996641	0.000077	-0.491882	-0.000077	0.996641	1.764465	
157	0.993695	-0.000024	-0.695435	0.000024	0.993695	3.318604	
158	0.996820	0.000049	-0.790222	-0.000049	0.996820	1.487610	
159	0.994029	0.000297	-1.727417	-0.000297	0.994029	3.131348	
160	0.996843	0.000196	-1.028320	-0.000196	0.996843	1.495850	
161	0.993656	0.000548	-1.999329	-0.000548	0.993656	2.496643	
162	0.996998	-0.000016	-1.098267	0.000016	0.996998	0.807922	
163	0.992410	-0.000408	3.938599	0.000408	0.992410	1.368896	
164	0.996676	0.000014	2.812561	-0.000014	0.996676	0.922668	
165	0.993585	0.000140	5.664185	-0.000140	0.993585	1.797699	
166	0.996796	-0.000069	2.919556	0.000069	0.996796	0.853302	
167	0.993442	0.000308	5.684692	-0.000308	0.993442	1.583771	
168	0.996950	-0.000069	2.644775	0.000069	0.996950	0.601196	
169	0.993806	0.000475	5.480591	-0.000475	0.993806	1.349884	
170	0.997045	0.000063	2.487732	-0.000063	0.997045	0.417877	
171	0.994083	0.000191	4.920044	-0.000191	0.994083	0.843536	
172	0.997161	0.000035	2.442993	-0.000035	0.997161	0.277313	
173	0.994340	0.000300	4.490356	-0.000300	0.994340	0.891937	
174	0.997246	0.000067	2.415405	-0.000067	0.997246	0.333527	
175	0.994603	0.000386	4.482910	-0.000386	0.994603	0.943939	
176	0.997211	0.000330	2.308105	-0.000330	0.997211	0.519318	
177	0.994652	0.000052	4.560547	-0.000052	0.994652	0.721405	
178	0.997298	0.000107	2.540649	-0.000107	0.997298	0.581604	
179	0.994366	0.000138	4.594482	-0.000138	0.994366	1.264099	
180	0.997270	0.000113	2.611328	-0.000113	0.997270	0.850342	
181	0.994483	0.000327	4.353149	-0.000327	0.994483	2.020508	
182	0.997090	-0.000057	2.174805	0.000057	0.997090	0.814209	
183	0.994121	0.000177	4.811646	-0.000177	0.994121	2.017548	
184	0.997326	0.000170	2.191284	-0.000170	0.997326	0.863953	
185	0.994837	0.000004	3.682983	-0.000004	0.994837	1.979645	
186	0.997369	0.000200	1.822998	-0.000200	0.997369	1.039001	
187	0.996217	-0.000574	2.656738	0.000574	0.996217	1.053772	
188	0.997412	-0.000275	1.736206	0.000275	0.997412	0.928711	
189	0.995838	0.000043	2.901733	-0.000043	0.995838	2.110535	
190	0.997809	0.000210	1.467651	-0.000210	0.997809	1.207855	
191	0.995702	0.000247	3.056763	-0.000247	0.995702	2.542297	
192	0.997810	-0.000065	1.608643	0.000065	0.997810	1.028931	
193	0.995741	-0.000112	3.177368	0.000112	0.995741	2.049774	
194	0.998090	-0.000048	1.810669	0.000048	0.998090	0.796875	
195	0.996001	0.000001	3.031128	-0.000001	0.996001	1.813202	
196	0.998030	0.000019	1.359131	-0.000019	0.998030	0.735199	
197	0.996553	0.000228	2.904419	-0.000228	0.996553	1.568512	
198	0.998059	0.000035	1.377197	-0.000035	0.998059	0.660370	
199	0.996255	0.000218	2.885620	-0.000218	0.996255	1.491547	
200	0.998175	-0.000015	1.337646	0.000015	0.998175	0.508148	
201	0.996234	0.000100	2.667358	-0.000100	0.996234	1.429291	
202	0.998064	-0.000118	1.462158	0.000118	0.998064	0.589081	
203	0.996419	-0.000113	2.790405	0.000113	0.996419	1.435638	
204	0.998326	0.000062	1.442261	-0.000062	0.998326	0.532715	
205	0.996634	-0.000170	2.710815	0.000170	0.996634	1.042023	
206	0.998298	-0.000074	1.388794	0.000074	0.998298	0.389984	
207	0.997162	0.000183	2.392700	-0.000183	0.997162	0.820496	
208	0.998729	0.000116	1.012695	-0.000116	0.998729	0.309174	
209	0.997803	0.000478	2.753052	-0.000478	0.997803	0.549469	
210	0.998927	0.000055	1.452393	-0.000055	0.998927	-0.144257	
211	0.997761	-0.000197	2.909668	0.000197	0.997761	-0.033813	
212	0.998870	-0.000053	1.266724	0.000053	0.998870	-0.226501	
213	0.998152	0.000364	2.817871	-0.000364	0.998152	-0.253326	
214	0.999114	0.000026	1.642944	-0.000026	0.999114	-0.548767	
215	0.998211	0.000029	2.885742	-0.000029	0.998211	-0.854645	
216	0.998931	-0.000355	1.319458	0.000355	0.998931	-0.400665	
217	0.998505	-0.000289	1.814209	0.000289	0.998505	-0.762756	
218	0.999442	0.000039	0.594727	-0.000039	0.999442	-0.707825	
219	0.999422	0.000503	0.998779	-0.000503	0.999422	-1.723755	
220	0.999753	0.000096	0.677368	-0.000096	0.999753	-1.077240	
221	0.999824	0.000231	0.935059	-0.000231	0.999824	-1.914673	
222	0.999830	-0.000124	0.219238	0.000124	0.999830	-1.018799	
223	0.999789	-0.000550	0.156494	0.000550	0.999789	-2.082275	
224	1.000121	-0.000193	-0.286011	0.000193	1.000121	-1.348969	
225	1.000481	0.000278	-0.882935	-0.000278	1.000481	-1.884552	
226	1.000705	0.000092	-0.659790	-0.000092	1.000705	-1.175751	
227	1.000789	-0.000168	-1.086426	0.000168	1.000789	-2.018921	
228	1.000754	-0.000190	-0.801880	0.000190	1.000754	-1.450684	
229	1.001606	-0.000252	-1.374146	0.000252	1.001606	-1.975311	
230	1.000996	-0.000065	-0.919067	0.000065	1.000996	-0.873688	
231	1.002740	0.000045	-2.082031	-0.000045	1.002740	-1.832489	
232	1.001497	0.000219	-1.186523	-0.000219	1.001497	-0.473297	
233	1.003297	0.000020	-2.179199	-0.000020	1.003297	-1.801605	
234	1.001652	-0.000282	-1.147949	0.000282	1.001652	-1.360840	
235	1.003937	-0.000318	-2.489868	0.000318	1.003937	-2.464142	
236	1.001983	-0.000048	-1.454346	0.000048	1.001983	-0.941650	
237	1.002088	0.000109	-1.551514	-0.000109	1.002088	-0.717529	
238	1.004646	0.000196	-3.199219	-0.000196	1.004646	-1.774597	
239	1.002522	0.000047	-2.058594	-0.000047	1.002522	-1.086456	
240	1.005441	-0.000051	-3.919556	0.000051	1.005441	-2.021271	
241	1.002639	-0.000025	-2.234375	0.000025	1.002639	-0.983429	
242	1.005601	-0.000054	-4.329468	0.000054	1.005601	-1.908234	
243	1.003120	0.000009	-2.552368	-0.000009	1.003120	-0.914856	
244	1.006535	0.000648	-5.295410	-0.000648	1.006535	-1.569763	
245	1.003492	-0.000014	-2.823853	0.000014	1.003492	-1.079132	
246	1.006975	-0.000041	-5.510315	0.000041	1.006975	-2.195282	
247	1.004070	-0.000354	-4.094482	0.000354	1.004070	-1.770233	
248	1.005496	0.000569	-5.205688	-0.000569	1.005496	-0.100891	
249	1.003919	0.000068	-3.459961	-0.000068	1.003919	-1.247772	
250	1.008159	0.000298	-7.090088	-0.000298	1.008159	-2.329498	
251	1.004324	0.000119	-3.664307	-0.000119	1.004324	-1.216156	
252	1.009749	-0.000343	-8.221924	0.000343	1.009749	-3.215607	
253	1.004080	-0.000137	-3.285156	0.000137	1.004080	-1.217133	
254	1.004080	-0.000137	-3.285156	0.000137	1.004080	-1.217133	
255	1.003263	-0.000203	-2.850220	0.000203	1.003263	-0.650940	
256	1.008550	0.000205	-7.049805	-0.000205	1.008550	-1.920349	
257	1.004690	-0.000115	-4.280396	0.000115	1.004690	-1.636719	
258	1.004690	-0.000115	-4.280396	0.000115	1.004690	-1.636719	
259	1.004029	-0.000265	-3.434448	0.000265	1.004029	-1.162720	
260	1.004029	-0.000265	-3.434448	0.000265	1.004029	-1.162720	
261	1.004400	-0.000053	-3.469482	0.000053	1.004400	-1.420227	
262	1.004400	-0.000053	-3.469482	0.000053	1.004400	-1.420227	
263	1.004072	0.000409	-4.064331	-0.000409	1.004072	-0.287292	
264	1.008147	-0.000354	-6.746704	0.000354	1.008147	-2.542297	
265	1.005026	-0.000210	-4.698975	0.000210	1.005026	-2.094086	
266	1.005026	-0.000210	-4.698975	0.000210	1.005026	-2.094086	
267	1.005026	-0.000210	-4.698975	0.000210	1.005026	-2.094086	
268	1.006608	-0.000358	-4.799500	0.000358	1.006608	-2.698608	
269	1.003339	-0.000212	-1.065674	0.000212	1.003339	-1.001923	
270	1.003339	-0.000212	-1.065674	0.000212	1.003339	-1.001923	
271	1.002386	0.000045	-0.687988	-0.000045	1.002386	-0.104492	
272	1.002386	0.000045	-0.687988	-0.000045	1.002386	-0.104492	
273	1.002170	0.000301	-0.187378	-0.000301	1.002170	0.042816	
274	1.002170	0.000301	-0.187378	-0.000301	1.002170	0.042816	
275	1.001864	-0.000170	0.226379	0.000170	1.001864	-0.689636	
276	1.001864	-0.000170	0.226379	0.000170	1.001864	-0.689636	
277	1.000977	-0.000109	1.072571	0.000109	1.000977	-0.969971	
278	1.000977	-0.000109	1.072571	0.000109	1.000977	-0.969971	
279	1.000116	-0.000027	2.186462	0.000027	1.000116	-0.737244	
280	0.998476	-0.000808	6.026276	0.000808	0.998476	-0.028748	
281	0.999232	0.000019	3.146240	-0.000019	0.999232	0.146790	
282	0.997598	-0.000022	6.795410	0.000022	0.997598	1.453217	
283	0.998359	0.000244	3.704895	-0.000244	0.998359	0.985352	
284	0.996542	-0.000041	8.345520	0.000041	0.996542	1.586639	
285	0.997615	0.000006	4.703125	-0.000006	0.997615	0.781006	
286	0.994932	-0.000145	10.209045	0.000145	0.994932	1.836517	
287	0.994932	-0.000145	10.209045	0.000145	0.994932	1.836517	
288	0.994085	0.000020	11.306152	-0.000020	0.994085	1.609436	
289	0.996999	-0.000017	5.750671	0.000017	0.996999	0.721741	
290	0.993641	-0.000071	11.660339	0.000071	0.993641	1.639313	
291	0.996723	-0.000038	6.103943	0.000038	0.996723	0.997772	
292	0.993358	-0.000268	10.203735	0.000268	0.993358	2.056702	
293	0.996659	-0.000001	3.983337	0.000001	0.996659	1.060608	
294	0.993545	-0.000408	8.116150	0.000408	0.993545	2.314270	
295	0.996772	0.000015	3.663635	-0.000015	0.996772	1.221924	
296	0.993765	-0.000010	7.459045	0.000010	0.993765	2.412598	
297	0.995612	0.000811	3.991943	-0.000811	0.995612	2.127655	
298	0.995612	0.000811	3.991943	-0.000811	0.995612	2.127655	
299	0.996062	-0.000493	4.462372	0.000493	0.996062	1.514160	
300	0.993876	0.000246	7.978088	-0.000246	0.993876	2.425537	
301	0.996978	-0.000126	3.941345	0.000126	0.996978	0.935394	
302	0.993828	0.000184	5.690674	-0.000184	0.993828	2.436554	
303	0.996832	-0.000113	2.649170	0.000113	0.996832	1.096313	
304	0.993280	0.001198	4.169403	-0.001198	0.993280	2.823029	
305	0.996998	0.000289	2.553253	-0.000289	0.996998	1.136414	
306	0.993871	-0.000022	5.456055	0.000022	0.993871	2.663788	
307	0.996863	-0.000120	3.021118	0.000120	0.996863	1.173004	
308	0.993580	-0.000027	6.028015	0.000027	0.993580	3.250061	
309	0.996850	-0.000203	3.011230	0.000203	0.996850	1.425537	
310	0.993804	0.000001	5.639282	-0.000001	0.993804	3.355408	
311	0.996939	0.000129	2.884277	-0.000129	0.996939	1.328796	
312	0.993773	-0.000096	5.594238	0.000096	0.993773	2.924530	
313	0.996948	-0.000094	2.810669	0.000094	0.996948	1.071442	
314	0.993950	-0.000081	5.963745	0.000081	0.993950	2.040039	
315	0.997141	-0.000029	3.159729	0.000029	0.997141	0.705719	
316	0.993665	-0.000309	6.941406	0.000309	0.993665	1.559113	
317	0.996786	-0.000262	3.688538	0.000262	0.996786	0.694000	
318	0.993454	-0.000218	7.137146	0.000218	0.993454	1.835876	
319	0.996904	0.000159	3.278198	-0.000159	0.996904	1.107483	
320	0.994788	0.000153	5.581299	-0.000153	0.994788	1.564331	
321	0.997070	0.000179	3.482727	-0.000179	0.997070	1.046051	
322	0.994729	0.000263	5.667114	-0.000263	0.994729	1.748688	
323	0.997346	-0.000236	3.244812	0.000236	0.997346	0.602478	
324	0.994227	-0.000471	6.319946	0.000471	0.994227	1.569336	
325	0.997149	0.000073	3.196289	-0.000073	0.997149	1.320129	
326	0.994509	0.000321	5.490723	-0.000321	0.994509	2.563446	
327	0.997048	0.000281	3.368042	-0.000281	0.997048	1.408325	
328	0.993976	-0.000085	6.913208	0.000085	0.993976	2.335144	
329	0.996847	0.000198	3.597290	-0.000198	0.996847	1.472198	
330	0.994374	0.000407	5.869629	-0.000407	0.994374	2.598541	
331	0.996996	0.000209	3.040894	-0.000209	0.996996	1.542786	
332	0.994206	0.000088	5.784424	-0.000088	0.994206	2.523621	
333	0.997386	-0.000212	2.921387	0.000212	0.997386	1.004822	
334	0.994582	-0.000288	5.563843	0.000288	0.994582	2.359528	
335	0.997397	-0.000256	2.668213	0.000256	0.997397	1.175323	
336	0.994942	-0.000259	5.215942	0.000259	0.994942	2.175171	
337	0.997590	0.000187	2.483887	-0.000187	0.997590	1.250336	
338	0.995545	0.000361	4.747437	-0.000361	0.995545	2.583313	
339	0.997769	-0.000272	2.354126	0.000272	0.997769	0.752106	
340	0.995681	-0.000325	4.908569	0.000325	0.995681	1.916687	
341	0.997888	-0.000053	2.618408	0.000053	0.997888	1.231293	
342	0.995794	-0.000386	5.107910	0.000386	0.995794	1.955841	
343	0.997888	-0.000034	2.622192	0.000034	0.997888	1.222687	
344	0.995987	0.000190	4.753052	-0.000190	0.995987	3.000641	
345	0.997925	0.000110	2.549011	-0.000110	0.997925	1.443909	
346	0.996629	-0.000067	3.800171	0.000067	0.996629	2.273010	
347	0.998552	-0.000009	1.796509	0.000009	0.998552	0.782623	
348	0.997602	0.000017	3.227173	-0.000017	0.997602	0.751617	
349	0.998702	0.000123	1.927002	-0.000123	0.998702	0.121948	
350	0.995974	0.001881	2.583252	-0.001881	0.995974	0.807495	
351	0.998647	-0.001272	2.319458	0.001272	0.998647	-2.549194	
352	0.998336	0.000218	2.572388	-0.000218	0.998336	-0.762634	
353	0.999335	0.000153	0.865845	-0.000153	0.999335	-0.651855	
354	0.999634	0.000240	0.982788	-0.000240	0.999634	-1.672394	
355	0.999463	0.000174	0.624512	-0.000174	0.999463	-0.770599	
356	0.999515	-0.000037	1.450073	0.000037	0.999515	-2.049957	
357	0.999732	0.000129	0.534790	-0.000129	0.999732	-0.981964	
358	0.999621	-0.000188	0.775757	0.000188	0.999621	-1.957947	
359	0.999774	0.000062	0.413940	-0.000062	0.999774	-0.992432	
360	0.999989	0.000601	0.391479	-0.000601	0.999989	-1.201172	
361	1.000146	0.000143	-0.011353	-0.000143	1.000146	-0.754944	
362	1.000407	-0.000010	-0.278687	0.000010	1.000407	-1.459961	
363	1.000711	-0.000179	-0.520996	0.000179	1.000711	-1.050049	
364	1.003170	-0.000305	-3.191467	0.000305	1.003170	-2.927856	
365	1.000849	-0.000003	-0.717407	0.000003	1.000849	-0.910309	
366	1.001338	-0.000030	-1.653809	0.000030	1.001338	-1.546021	
367	1.000825	-0.000141	-0.890503	0.000141	1.000825	-0.931854	
368	1.001799	0.000219	-1.912354	-0.000219	1.001799	-1.554230	
369	1.001134	0.000115	-1.335083	-0.000115	1.001134	-0.700226	
370	1.002362	0.000381	-2.870605	-0.000381	1.002362	-1.427277	
371	1.001358	-0.000025	-1.671631	0.000025	1.001358	-0.811737	
372	1.002815	-0.000271	-3.503906	0.000271	1.002815	-1.936798	
373	1.001572	-0.000173	-2.042908	0.000173	1.001572	-1.031311	
374	1.002908	-0.000039	-4.023987	0.000039	1.002908	-1.584381	
375	1.001850	0.000255	-2.016663	-0.000255	1.001850	-0.290131	
376	1.003654	0.000424	-4.416687	-0.000424	1.003654	-1.209717	
377	1.002150	0.000013	-1.905457	-0.000013	1.002150	-0.926422	
378	1.003918	-0.000066	-4.193176	0.000066	1.003918	-1.570374	
379	1.002022	-0.000095	-2.454163	0.000095	1.002022	-0.687378	
380	1.004413	0.000112	-4.648865	-0.000112	1.004413	-1.289948	
381	1.002010	0.000229	-2.221558	-0.000229	1.002010	-0.638000	
382	1.004066	-0.000020	-4.479004	0.000020	1.004066	-1.292206	
383	1.002000	-0.000125	-2.170593	0.000125	1.002000	-0.408722	
384	1.003944	-0.000404	-4.746765	0.000404	1.003944	-1.189850	
385	1.002064	-0.000038	-2.289307	0.000038	1.002064	-0.270050	
386	1.004670	0.000247	-4.873047	-0.000247	1.004670	-0.714539	
387	1.002013	0.000126	-2.209778	-0.000126	1.002013	-0.300964	
388	1.004294	-0.000423	-4.267395	0.000423	1.004294	-1.336914	
389	1.002402	-0.000289	-2.219910	0.000289	1.002402	-0.820679	
390	1.004807	-0.000123	-4.252441	0.000123	1.004807	-1.456665	
391	1.002631	0.000184	-2.161011	-0.000184	1.002631	-0.453186	
392	1.004912	0.000221	-4.588196	-0.000221	1.004912	-1.502563	
393	1.002464	-0.000208	-2.181396	0.000208	1.002464	-0.895081	
394	1.004597	-0.000093	-3.917297	0.000093	1.004597	-1.208771	
395	1.002181	-0.000069	-1.720459	0.000069	1.002181	-0.294342	
396	1.004159	0.000454	-3.464600	-0.000454	1.004159	-0.444031	
397	1.002113	-0.000020	-1.784912	0.000020	1.002113	-0.112366	
398	1.003976	-0.000312	-3.609741	0.000312	1.003976	-0.981781	
399	1.001938	-0.000210	-1.623291	0.000210	1.001938	-0.177216	
400	1.003224	-0.000055	-2.981506	0.000055	1.003224	-0.359619	
401	1.001484	-0.000119	-1.335144	0.000119	1.001484	-0.070770	
402	1.002779	-0.000008	-2.281372	0.000008	1.002779	0.088928	
403	1.001256	-0.000182	-1.242371	0.000182	1.001256	-0.039490	
404	1.002216	-0.000318	-1.432617	0.000318	1.002216	-0.020172	
405	1.000879	-0.000058	-0.684998	0.000058	1.000879	0.437531	
406	1.001346	-0.000175	-0.844727	0.000175	1.001346	0.665039	
407	1.000494	0.000097	-0.200562	-0.000097	1.000494	0.763092	
408	1.000887	0.000279	-0.380371	-0.000279	1.000887	1.634308	
409	1.000688	0.000236	-0.454590	-0.000236	1.000688	0.819946	
410	1.000488	-0.000290	0.135864	0.000290	1.000488	0.714722	
411	1.000099	-0.000203	0.143982	0.000203	1.000099	0.479553	
412	0.999910	0.000116	0.527222	-0.000116	0.999910	1.240356	
413	0.999649	0.000219	0.284851	-0.000219	0.999649	0.622559	
414	0.998731	0.000166	1.129700	-0.000166	0.998731	0.391602	
415	0.999175	0.000057	0.684692	-0.000057	0.999175	-0.007202	
416	0.998052	0.000130	1.999329	-0.000130	0.998052	0.458954	
417	0.998915	0.000144	1.215515	-0.000144	0.998915	0.235077	
418	0.996105	0.000119	3.629089	-0.000119	0.996105	1.671722	
419	0.996276	0.000016	3.612122	-0.000016	0.996276	1.616760	
420	0.988766	0.000147	10.387024	-0.000147	0.988766	4.905945	
421	0.993095	0.000140	6.219421	-0.000140	0.993095	6.997803	
422	0.984077	0.000236	14.479065	-0.000236	0.984077	16.221069	
423	0.991489	0.000145	7.602112	-0.000145	0.991489	8.339233	
424	0.982717	-0.000299	15.151611	0.000299	0.982717	16.688812	
425	0.991524	-0.000144	7.578186	0.000144	0.991524	8.375763	
426	0.984973	0.000184	13.327942	-0.000184	0.984973	15.663605	
427	0.993427	-0.000059	5.643921	0.000059	0.993427	6.805878	
428	0.990893	-0.000320	7.860168	0.000320	0.990893	11.747406	
429	0.996802	-0.000023	0.457825	0.000023	0.996802	0.376068	
430	0.993502	0.000164	3.666626	-0.000164	0.993502	0.402008	
431	0.996458	-0.000064	1.961243	0.000064	0.996458	0.241516	
432	0.993350	-0.000081	4.263794	0.000081	0.993350	1.519531	
433	0.996634	0.000124	2.737000	-0.000124	0.996634	1.092255	
434	0.993210	0.000359	4.877441	-0.000359	0.993210	2.036163	
435	0.993991	0.000709	7.493774	-0.000709	0.993991	3.691315	
436	0.992968	0.000202	5.557373	-0.000202	0.992968	2.763794	
437	0.996687	-0.000022	2.840759	0.000022	0.996687	1.264587	
438	0.993065	-0.000228	5.675964	0.000228	0.993065	2.942139	
439	0.996464	-0.000239	2.992920	0.000239	0.996464	1.469940	
440	0.992979	-0.000324	5.712219	0.000324	0.992979	3.210205	
441	0.996434	-0.000322	3.057678	0.000322	0.996434	1.462555	
442	0.993046	-0.000232	6.670288	0.000232	0.993046	3.185394	
443	0.997262	-0.000037	2.739746	0.000037	0.997262	1.529480	
444	0.994754	-0.000016	5.616821	0.000016	0.994754	1.935516	
445	0.997298	-0.000179	2.720276	0.000179	0.997298	1.131104	
446	0.994879	-0.000476	5.413696	0.000476	0.994879	1.806824	
447	0.997713	0.000082	2.798157	-0.000082	0.997713	0.767975	
448	0.995630	0.000129	4.971680	-0.000129	0.995630	1.964478	
449	0.997964	0.000092	2.384460	-0.000092	0.997964	0.991333	
450	0.996032	-0.000105	3.928345	0.000105	0.996032	1.449066	
451	0.998209	-0.000155	1.973694	0.000155	0.998209	0.572296	
452	0.996749	-0.000118	3.292358	0.000118	0.996749	1.193420	
453	0.998539	0.000025	1.593506	-0.000025	0.998539	0.310974	
454	0.997239	0.000282	2.917114	-0.000282	0.997239	1.350647	
455	0.998574	0.000253	1.218933	-0.000253	0.998574	0.734528	
456	0.997457	-0.000438	2.356079	0.000438	0.997457	0.441803	
457	0.998814	-0.000195	1.142822	0.000195	0.998814	0.042755	
458	0.997912	-0.000110	1.539062	0.000110	0.997912	0.335205	
459	0.999263	0.000258	0.802856	-0.000258	0.999263	0.036530	
460	0.998795	0.000479	1.320435	-0.000479	0.998795	0.767242	
461	0.999390	0.000219	0.824219	-0.000219	0.999390	0.445740	
462	0.998976	0.000123	0.927979	-0.000123	0.998976	0.096893	
463	0.999064	-0.000369	0.477173	0.000369	0.999064	0.313507	
464	0.999087	-0.000021	0.732727	0.000021	0.999087	0.235443	
465	0.999645	0.000013	0.334961	-0.000013	0.999645	0.046814	
466	0.998918	0.000138	0.701416	-0.000138	0.998918	0.230133	
467	0.999041	-0.000247	0.839966	0.000247	0.999041	-0.033234	
468	0.998210	-0.000117	1.737427	0.000117	0.998210	0.140198	
469	0.999052	-0.000214	1.284912	0.000214	0.999052	0.486511	
470	0.998133	-0.000184	2.177002	0.000184	0.998133	0.587891	
471	0.999378	0.000184	1.090942	-0.000184	0.999378	0.054321	
472	0.998647	-0.000039	1.610229	0.000039	0.998647	0.401276	
473	0.999420	0.000324	0.738647	-0.000324	0.999420	-0.044312	
474	0.998890	0.000379	1.456665	-0.000379	0.998890	0.417572	
475	0.998980	0.003773	-0.354858	-0.003773	0.998980	1.487183	
476	0.998734	0.000555	1.617004	-0.000555	0.998734	0.571930	
477	0.999734	0.000214	0.857483	-0.000214	0.999734	0.034760	
478	0.999467	-0.000432	1.187622	0.000432	0.999467	-0.618256	
479	0.999944	-0.000132	0.339233	0.000132	0.999944	-0.628632	
480	1.000122	-0.000472	0.248901	0.000472	1.000122	-1.023712	
481	1.000160	-0.000290	0.299988	0.000290	1.000160	-0.830475	
482	1.000456	-0.000296	0.010986	0.000296	1.000456	-1.570190	
483	1.000306	0.000217	0.169678	-0.000217	1.000306	-0.457184	
484	1.000870	0.000382	-0.556763	-0.000382	1.000870	-0.859222	
485	1.000408	0.000015	-0.066528	-0.000015	1.000408	-0.532440	
486	1.001147	-0.000326	-0.880615	0.000326	1.001147	-1.567200	
487	1.000819	-0.000234	-0.312439	0.000234	1.000819	-0.701599	
488	1.001625	-0.000224	-1.439331	0.000224	1.001625	-1.458344	
489	1.001034	0.000162	-0.882202	-0.000162	1.001034	-0.660370	
490	1.002254	0.000122	-1.767090	-0.000122	1.002254	-1.184174	
491	1.001294	0.000092	-0.961304	-0.000092	1.001294	-0.533539	
492	1.002521	0.000052	-2.080566	-0.000052	1.002521	-0.972351	
493	1.001239	0.000094	-1.190369	-0.000094	1.001239	-0.510284	
494	1.003004	-0.000066	-2.522888	0.000066	1.003004	-1.229401	
495	1.001589	-0.000099	-1.296143	0.000099	1.001589	-0.834320	
496	1.003117	-0.000207	-4.401489	0.000207	1.003117	-1.962585	
497	1.001602	-0.000138	-3.448181	0.000138	1.001602	-1.262207	
498	1.001864	-0.000319	-8.199219	0.000319	1.001864	-2.955231	
499	1.001796	-0.000158	-6.434387	0.000158	1.001796	-1.535919	
500	0.997615	0.000187	-9.096924	-0.000187	0.997615	0.084991	
501	0.999571	0.000120	-7.325684	-0.000120	0.999571	0.290283	
502	1.013034	-0.000599	-25.309937	0.000599	1.013034	-6.031372	
503	1.002190	0.000383	-11.416626	-0.000383	1.002190	-0.521576	
504	0.999355	0.001948	-10.499390	-0.001948	0.999355	2.923950	
505	1.002549	-0.000111	-8.631592	0.000111	1.002549	-0.780853	
506	1.002738	0.000891	-9.843140	-0.000891	1.002738	-0.150482	
507	1.002586	-0.000222	-4.956299	0.000222	1.002586	-1.169250	
508	1.005238	0.000323	-8.627686	-0.000323	1.005238	-1.942535	
509	1.002934	-0.000066	-3.657288	0.000066	1.002934	-0.945038	
510	1.006247	0.000136	-6.696350	-0.000136	1.006247	-2.264771	
511	1.003220	0.000095	-2.870300	-0.000095	1.003220	-1.280487	
512	1.006307	0.000058	-5.228149	-0.000058	1.006307	-2.199280	
513	1.003414	-0.000113	-2.381653	0.000113	1.003414	-1.077972	
514	1.006829	0.000412	-4.995850	-0.000412	1.006829	-2.106628	
515	1.003410	0.000074	-2.460571	-0.000074	1.003410	-1.033356	
516	1.006859	0.000107	-4.696899	-0.000107	1.006859	-2.333923	
517	1.003505	0.000194	-2.556274	-0.000194	1.003505	-1.071655	
518	1.006736	-0.000094	-4.744263	0.000094	1.006736	-2.225708	
519	1.003221	-0.000242	-2.675537	0.000242	1.003221	-1.186584	
520	1.009993	0.003479	-7.605835	-0.003479	1.009993	-3.224701	
521	1.003359	-0.000008	-2.322449	0.000008	1.003359	-0.717041	
522	1.006800	0.000418	-4.373779	-0.000418	1.006800	-1.172333	
523	1.003216	0.000196	-2.181641	-0.000196	1.003216	-0.481598	
524	1.006923	0.000398	-4.217773	-0.000398	1.006923	-0.890656	
525	1.003182	0.000138	-1.952393	-0.000138	1.003182	-0.305817	
526	1.006553	0.000169	-4.196411	-0.000169	1.006553	-0.979919	
527	1.003143	-0.000243	-1.820312	0.000243	1.003143	-0.301971	
528	1.006143	0.000031	-3.785889	-0.000031	1.006143	-0.728149	
529	1.002880	-0.000198	-1.784546	0.000198	1.002880	-0.400452	
530	1.005454	0.000493	-3.434448	-0.000493	1.005454	0.332245	
531	1.002562	0.000075	-1.421021	-0.000075	1.002562	0.298584	
532	1.004710	0.000465	-3.624268	-0.000465	1.004710	0.806824	
533	1.002006	-0.000385	-1.549438	0.000385	1.002006	0.179810	
534	1.003851	-0.000097	-3.297974	0.000097	1.003851	0.414246	
535	1.001749	-0.000066	-1.576904	0.000066	1.001749	0.011383	
536	1.002708	0.000219	-2.157349	-0.000219	1.002708	0.481689	
537	1.000964	0.000310	-1.460083	-0.000310	1.000964	-0.175018	
538	1.001707	0.000055	-0.755859	-0.000055	1.001707	-0.419403	
539	1.000300	0.000215	-0.559326	-0.000215	1.000300	-0.244690	
540	1.000230	-0.000286	-0.204712	0.000286	1.000230	-0.841248	
541	1.000055	-0.000084	-0.145630	0.000084	1.000055	-0.685242	
542	0.999731	0.000426	0.648560	-0.000426	0.999731	-1.478699	
543	0.999371	0.000092	0.734985	-0.000092	0.999371	-0.503876	
544	0.998086	0.000284	1.718872	-0.000284	0.998086	-1.487762	
545	0.998708	-0.000094	1.079712	0.000094	0.998708	-0.717194	
546	0.996868	0.000280	2.882202	-0.000280	0.996868	-1.505463	
547	0.998282	0.000092	1.540710	-0.000092	0.998282	-0.538849	
548	0.993766	0.000286	5.517334	-0.000286	0.993766	0.192535	
549	0.996882	-0.000010	2.880615	0.000010	0.996882	-0.166046	
550	0.993296	-0.000073	5.863159	0.000073	0.993296	0.081299	
551	0.996525	-0.000008	3.096130	0.000008	0.996525	0.190704	
552	0.992515	-0.000003	6.288086	0.000003	0.992515	0.048187	
553	0.996445	0.000076	3.410156	-0.000076	0.996445	0.111938	
554	0.992274	-0.000050	7.664673	0.000050	0.992274	0.561859	
555	0.996215	-0.000136	4.641846	0.000136	0.996215	0.469208	
556	0.992440	0.000054	10.910828	-0.000054	0.992440	1.214111	
557	0.996933	-0.000055	5.572693	0.000055	0.996933	0.984772	
558	0.995413	0.000270	9.305847	-0.000270	0.995413	1.279327	
559	0.998881	-0.000125	4.438843	0.000125	0.998881	0.118317	
560	0.998270	-0.000316	7.100281	0.000316	0.998270	-0.138214	
561	0.999905	-0.000372	3.209229	0.000372	0.999905	-0.633118	
562	1.000136	-0.000184	5.613770	0.000184	1.000136	-0.806885	
563	1.000729	-0.000209	2.726929	0.000209	1.000729	-0.939484	
564	1.001887	-0.000414	4.745972	0.000414	1.001887	-1.618378	
565	1.001130	0.000426	2.421326	-0.000426	1.001130	-0.463470	
566	1.002319	0.000001	4.522827	-0.000001	1.002319	-1.712067	
567	1.001423	-0.000030	2.222168	0.000030	1.001423	-1.125641	
568	1.004598	-0.000373	2.016846	0.000373	1.004598	-2.916199	
569	1.002111	-0.000134	1.569031	0.000134	1.002111	-1.152313	
570	1.001928	0.000060	1.552673	-0.000060	1.001928	-1.210510	
571	1.003112	0.000366	3.976562	-0.000366	1.003112	-1.266785	
572	1.001154	0.000387	2.030029	-0.000387	1.001154	0.082245	
573	1.002077	0.000823	4.146484	-0.000823	1.002077	0.199829	
574	1.000002	0.000036	2.415161	-0.000036	1.000002	0.211792	
575	0.999563	-0.000331	6.395264	0.000331	0.999563	0.577881	
576	0.998859	0.000259	3.080994	-0.000259	0.998859	1.830566	
577	0.996472	0.000646	6.420044	-0.000646	0.996472	5.806274	
578	0.998146	0.000399	1.972046	-0.000399	0.998146	3.010925	
579	0.996983	0.000849	3.384521	-0.000849	0.996983	6.165497	
580	0.998204	0.000358	1.028320	-0.000358	0.998204	2.857147	
581	0.997274	0.000592	1.699524	-0.000592	0.997274	5.810425	
582	0.998833	0.000238	0.600769	-0.000238	0.998833	2.818634	
583	0.997532	0.000479	1.198120	-0.000479	0.997532	5.124634	
584	0.998967	0.000334	0.061462	-0.000334	0.998967	2.492340	
585	0.997872	0.000467	0.623352	-0.000467	0.997872	4.796783	
586	0.998433	0.000126	0.256104	-0.000126	0.998433	2.528442	
587	0.998226	0.000467	0.226196	-0.000467	0.998226	4.361725	
588	0.999174	0.000266	-0.099365	-0.000266	0.999174	2.068939	
589	0.998375	-0.000459	0.480408	0.000459	0.998375	2.844727	
590	0.999244	-0.000002	0.337341	0.000002	0.999244	1.637939	
591	0.998765	-0.000370	0.878662	0.000370	0.998765	2.273193	
592	0.999317	-0.000011	0.465942	0.000011	0.999317	0.893738	
593	0.998882	0.000158	0.764404	-0.000158	0.998882	1.873352	
594	0.999528	-0.000096	0.349304	0.000096	0.999528	0.625671	
595	0.999650	-0.000534	-0.364746	0.000534	0.999650	-0.121124	
596	0.999758	-0.000363	-0.305420	0.000363	0.999758	-0.341309	
597	0.999916	-0.000536	-1.039551	0.000536	0.999916	-1.011963	
598	0.999804	0.000053	-0.327393	-0.000053	0.999804	-0.225952	
599	1.000186	-0.000044	-0.555786	0.000044	1.000186	-0.786163	
600	1.000128	-0.000031	-0.206787	0.000031	1.000128	-0.378662	
601	1.000630	-0.000383	-0.860107	0.000383	1.000630	-1.440125	
602	1.000446	-0.000051	-0.476074	0.000051	1.000446	-0.952637	
603	1.001009	0.000036	-1.105713	-0.000036	1.001009	-1.646423	
604	1.000578	-0.000005	-0.442383	0.000005	1.000578	-0.653625	
605	1.001137	0.000214	-0.572632	-0.000214	1.001137	-1.052612	
606	1.000826	0.000106	-0.637817	-0.000106	1.000826	-0.836761	
607	1.001727	0.000171	-1.377808	-0.000171	1.001727	-1.208282	
608	1.001141	0.000124	-1.019409	-0.000124	1.001141	-0.951477	
609	1.001695	-0.000500	-1.355225	0.000500	1.001695	-1.833466	
610	1.001408	-0.000231	-1.395874	0.000231	1.001408	-1.251312	
611	1.003103	-0.000333	-3.186768	0.000333	1.003103	-2.223053	
612	1.001855	0.000041	-1.489624	-0.000041	1.001855	-1.240631	
613	1.003358	-0.000047	-3.295288	0.000047	1.003358	-2.060181	
614	1.002252	0.000035	-1.532227	-0.000035	1.002252	-1.150543	
615	1.003618	-0.000202	-3.405151	0.000202	1.003618	-2.062164	
616	1.002112	0.000032	-1.701172	-0.000032	1.002112	-1.043549	
617	1.004428	0.000011	-3.375793	-0.000011	1.004428	-2.110626	
618	1.001793	-0.000095	-1.832031	0.000095	1.001793	-0.809723	
619	1.004382	-0.000103	-3.551392	0.000103	1.004382	-1.883392	
620	1.002412	-0.000063	-1.803223	0.000063	1.002412	-0.973724	
621	1.004845	-0.000261	-4.463867	0.000261	1.004845	-2.599426	
622	1.002850	-0.000052	-2.005005	0.000052	1.002850	-1.250092	
623	1.004736	-0.000100	-4.328308	0.000100	1.004736	-2.181976	
624	1.003504	-0.000041	-2.588318	0.000041	1.003504	-1.374023	
625	1.005023	0.000188	-4.464294	-0.000188	1.005023	-1.861115	
626	1.002652	0.000216	-2.338806	-0.000216	1.002652	-0.887848	
627	1.004912	0.000315	-4.582581	-0.000315	1.004912	-1.756348	
628	1.002913	0.000010	-2.267700	-0.000010	1.002913	-0.946838	
629	1.005252	-0.000038	-5.845337	0.000038	1.005252	-1.916718	
630	1.002758	-0.000132	-3.041504	0.000132	1.002758	-1.005219	
631	1.005688	-0.000260	-6.254883	0.000260	1.005688	-1.802856	
632	1.003131	-0.000186	-2.983337	0.000186	1.003131	-0.838440	
633	1.005601	0.000109	-5.484253	-0.000109	1.005601	-1.182373	
634	1.003024	0.000085	-2.399353	-0.000085	1.003024	-0.684204	
635	1.005953	0.000437	-5.033936	-0.000437	1.005953	-1.618988	
636	1.003236	0.000092	-2.923828	-0.000092	1.003236	-0.948792	
637	1.006271	-0.000106	-5.905762	0.000106	1.006271	-2.331970	
638	1.003489	-0.000135	-3.329224	0.000135	1.003489	-1.306061	
639	1.005902	0.000115	-6.372986	-0.000115	1.005902	-1.959869	
640	1.002773	-0.000146	-3.319275	0.000146	1.002773	-0.641083	
641	1.005727	-0.000435	-6.361328	0.000435	1.005727	-1.910400	
642	1.002818	-0.000201	-2.782837	0.000201	1.002818	-0.798828	
643	1.004943	0.000105	-5.290955	-0.000105	1.004943	-0.271484	
644	1.002453	0.000154	-2.549316	-0.000154	1.002453	-0.188202	
645	1.004792	-0.000198	-4.887878	0.000198	1.004792	-0.305786	
646	1.002089	-0.000092	-2.467834	0.000092	1.002089	-0.084259	
647	1.004384	0.000246	-4.650330	-0.000246	1.004384	0.001129	
648	1.001873	-0.000032	-2.002991	0.000032	1.001873	0.327179	
649	1.003894	-0.000157	-4.465454	0.000157	1.003894	0.139832	
650	1.001967	-0.000089	-2.245850	0.000089	1.001967	-0.284180	
651	1.003676	-0.000033	-3.987061	0.000033	1.003676	0.224670	
652	1.001583	0.000232	-2.050842	-0.000232	1.001583	0.314056	
653	1.003290	-0.000207	-3.631958	0.000207	1.003290	-0.060486	
654	1.001762	-0.000119	-1.881958	0.000119	1.001762	-0.088257	
655	1.002799	0.000198	-3.522949	-0.000198	1.002799	0.066864	
656	1.001362	0.000025	-1.849121	-0.000025	1.001362	-0.006927	
657	1.002528	0.000240	-3.657349	-0.000240	1.002528	-0.048828	
658	1.001237	-0.000143	-1.604065	0.000143	1.001237	0.200958	
659	1.001847	0.000187	-2.696838	-0.000187	1.001847	0.154816	
660	1.001040	-0.000011	-1.040283	0.000011	1.001040	0.186188	
661	1.001119	-0.000153	-1.837891	0.000153	1.001119	0.595856	
662	1.000722	-0.000234	-1.037964	0.000234	1.000722	0.052246	
663	1.001301	-0.000313	-1.708008	0.000313	1.001301	0.256836	
664	1.000586	0.000032	-0.834717	-0.000032	1.000586	0.384766	
665	1.001070	0.000207	-1.529968	-0.000207	1.001070	-0.010529	
666	1.000574	0.000090	-1.163025	-0.000090	1.000574	-0.350739	
667	1.004519	0.002788	-3.937180	-0.002788	1.004519	-2.634827	
668	1.000818	-0.000042	-1.065735	0.000042	1.000818	-0.849731	
669	1.000349	-0.000072	-1.521790	0.000072	1.000349	-1.072632	
670	1.000013	0.000016	-0.720642	-0.000016	1.000013	-0.464508	
671	0.999890	0.000183	-1.529297	-0.000183	0.999890	-0.799591	
672	0.999737	0.000035	-0.743347	-0.000035	0.999737	-0.269806	
673	0.999430	0.000160	-0.814148	-0.000160	0.999430	-0.458099	
674	0.999406	0.000136	-0.017395	-0.000136	0.999406	-0.258057	
675	0.998697	0.000033	0.417297	-0.000033	0.998697	-0.374298	
676	0.999095	0.000113	0.420410	-0.000113	0.999095	-0.097198	
677	0.998294	-0.000058	0.976440	0.000058	0.998294	-0.090668	
678	0.998952	-0.000151	0.757874	0.000151	0.998952	0.141693	
679	0.997931	-0.000144	1.032104	0.000144	0.997931	-0.298035	
680	0.998786	0.000021	0.711670	-0.000021	0.998786	-0.160553	
681	0.997278	-0.000076	1.678772	0.000076	0.997278	0.019470	
682	0.998496	0.000136	0.939392	-0.000136	0.998496	-0.027069	
683	0.996693	-0.000238	2.068237	0.000238	0.996693	0.337982	
684	0.998213	0.000168	1.092346	-0.000168	0.998213	0.411255	
685	0.998213	0.000168	1.092346	-0.000168	0.998213	0.411255	
686	0.997990	-0.000076	1.351440	0.000076	0.997990	0.218964	
687	0.995888	0.000022	2.632019	-0.000022	0.995888	0.880219	
688	0.997932	-0.000029	1.500183	0.000029	0.997932	0.411438	
689	0.995245	-0.000116	2.923950	0.000116	0.995245	0.938171	
690	0.997676	-0.000245	1.755676	0.000245	0.997676	0.595856	
691	0.994935	-0.000605	3.496948	0.000605	0.994935	0.743103	
692	0.997457	-0.000042	1.702454	0.000042	0.997457	0.754700	
693	0.994682	0.000109	4.041748	-0.000109	0.994682	2.241821	
694	0.997144	-0.000144	2.150818	0.000144	0.997144	1.355927	
695	0.994552	0.000184	4.384888	-0.000184	0.994552	2.921387	
696	0.996997	0.000063	2.400635	-0.000063	0.996997	1.755341	
697	0.994009	-0.000249	4.723022	0.000249	0.994009	2.929871	
698	0.996994	-0.000290	2.593506	0.000290	0.996994	1.257202	
699	0.994010	0.000113	4.980042	-0.000113	0.994010	3.430298	
700	0.996920	-0.000013	3.063110	0.000013	0.996920	1.867065	
701	0.993908	-0.000059	5.158234	0.000059	0.993908	3.180664	
702	0.996888	0.000187	2.637451	-0.000187	0.996888	1.635681	
703	0.994212	0.000042	5.451538	-0.000042	0.994212	2.989502	
704	0.996965	-0.000099	2.766357	0.000099	0.996965	1.543976	
705	0.994484	-0.000133	5.113892	0.000133	0.994484	2.737213	
706	0.997333	-0.000302	2.554016	0.000302	0.997333	1.328308	
707	0.995048	-0.000131	4.587524	0.000131	0.995048	2.499817	
708	0.997330	0.000123	2.202515	-0.000123	0.997330	1.512268	
709	0.995042	-0.000113	4.119385	0.000113	0.995042	2.365509	
710	0.997702	-0.000268	2.125977	0.000268	0.997702	1.060455	
711	0.995504	0.000409	3.769897	-0.000409	0.995504	2.520508	
712	0.998426	0.000118	0.896118	-0.000118	0.998426	0.847229	
713	0.995806	-0.000082	3.338745	0.000082	0.995806	2.237244	
714	0.998369	0.000157	1.741638	-0.000157	0.998369	1.159515	
715	0.996564	-0.000088	2.592529	0.000088	0.996564	1.927368	
716	0.998396	-0.000004	1.360352	0.000004	0.998396	0.717438	
717	0.997344	0.000074	2.644043	-0.000074	0.997344	1.208466	
718	0.998568	0.000156	1.430786	-0.000156	0.998568	0.392609	
719	0.997682	-0.000079	1.765869	0.000079	0.997682	0.584320	
720	0.998926	-0.000087	0.657715	0.000087	0.998926	0.778107	
721	0.997963	0.000021	0.836670	-0.000021	0.997963	0.551392	
722	0.998867	-0.000022	0.458740	0.000022	0.998867	0.697906	
723	0.998402	-0.000147	0.642212	0.000147	0.998402	0.616638	
724	0.999089	-0.000212	0.119629	0.000212	0.999089	0.199066	
725	0.999102	-0.000418	0.118164	0.000418	0.999102	0.083618	
726	0.999586	-0.000256	0.069336	0.000256	0.999586	-0.050507	
727	1.000018	0.000068	0.153442	-0.000068	1.000018	-0.470795	
728	0.999999	0.000194	0.625610	-0.000194	0.999999	-0.634552	
729	1.000965	0.000117	0.605225	-0.000117	1.000965	-1.945740	
730	1.000613	-0.000164	-0.320679	0.000164	1.000613	-1.297180	
731	1.001743	-0.000160	-0.819824	0.000160	1.001743	-2.349976	
732	1.001186	0.000130	-0.608032	-0.000130	1.001186	-1.725647	
733	1.002792	-0.000340	-1.452515	0.000340	1.002792	-3.108063	
734	1.001493	-0.000171	-0.912476	0.000171	1.001493	-1.633026	
735	1.003629	0.000022	-2.228027	-0.000022	1.003629	-2.201416	
736	1.001938	-0.000082	-1.058838	0.000082	1.001938	-1.446655	
737	1.004275	0.000042	-2.368164	-0.000042	1.004275	-2.803192	
738	1.002385	-0.000016	-1.311279	0.000016	1.002385	-1.659668	
739	1.004788	-0.000104	-2.770386	0.000104	1.004788	-3.248901	
740	1.002525	0.000098	-1.618042	-0.000098	1.002525	-1.627991	
741	1.005586	-0.000399	-3.276367	0.000399	1.005586	-3.666473	
742	1.002899	0.000023	-1.710388	-0.000023	1.002899	-1.977692	
743	1.006067	0.000282	-4.028320	-0.000282	1.006067	-3.583740	
744	1.002958	0.000217	-2.450806	-0.000217	1.002958	-1.706512	
745	1.005919	0.000364	-4.435669	-0.000364	1.005919	-3.025940	
746	1.003123	0.000148	-2.469727	-0.000148	1.003123	-1.519196	
747	1.006320	0.000431	-4.555603	-0.000431	1.006320	-2.824921	
748	1.003559	-0.000025	-2.255676	0.000025	1.003559	-1.646149	
749	1.006832	0.000133	-5.119019	-0.000133	1.006832	-2.909119	
750	1.003569	0.000245	-3.207275	-0.000245	1.003569	-1.430695	
751	1.007817	-0.000368	-7.171387	0.000368	1.007817	-3.336792	
752	1.004073	0.000083	-4.029907	-0.000083	1.004073	-1.676483	
753	1.008379	-0.000030	-8.060120	0.000030	1.008379	-2.796661	
754	1.004411	0.000167	-4.207886	-0.000167	1.004411	-1.570648	
755	1.008684	-0.000081	-8.304871	0.000081	1.008684	-2.623260	
756	1.004362	-0.000232	-4.460266	0.000232	1.004362	-1.979309	
757	1.009170	-0.000207	-8.611633	0.000207	1.009170	-3.197235	
758	1.004692	0.000175	-4.358154	-0.000175	1.004692	-1.641785	
759	1.009588	0.000378	-8.314331	-0.000378	1.009588	-2.526154	
760	1.004646	0.000283	-4.498779	-0.000283	1.004646	-1.268036	
761	1.009370	0.000271	-8.117188	-0.000271	1.009370	-2.265442	
762	1.004710	0.000166	-4.003479	-0.000166	1.004710	-1.412048	
763	1.008998	-0.000588	-8.355652	0.000588	1.008998	-2.578369	
764	1.004784	-0.000214	-4.109985	0.000214	1.004784	-1.247711	
765	1.008768	0.000192	-7.931824	-0.000192	1.008768	-2.105042	
766	1.004090	-0.000150	-3.716553	0.000150	1.004090	-0.862549	
767	1.007599	-0.000125	-6.456848	0.000125	1.007599	-1.037781	
768	1.003320	0.000005	-3.207703	-0.000005	1.003320	-0.218506	
769	1.006040	0.000265	-5.237244	-0.000265	1.006040	0.696808	
770	1.002813	0.000201	-2.420410	-0.000201	1.002813	0.556763	
771	1.004520	0.000378	-4.587341	-0.000378	1.004520	2.141296	
772	1.002430	0.000048	-2.247681	-0.000048	1.002430	0.772461	
773	1.003980	0.000057	-3.515930	-0.000057	1.003980	2.081238	
774	1.001334	0.000101	-1.304138	-0.000101	1.001334	1.316132	
775	0.999017	0.000258	1.743958	-0.000258	0.999017	4.227814	
776	1.000240	-0.000042	0.041931	0.000042	1.000240	0.651062	
777	1.001182	-0.000182	0.050476	0.000182	1.001182	1.167664	
778	1.000179	0.000001	0.320007	-0.000001	1.000179	0.499207	
779	1.000244	-0.000026	0.761108	0.000026	1.000244	0.903198	
780	0.999515	0.000016	0.735779	-0.000016	0.999515	0.029724	
781	0.998857	0.000064	1.559387	-0.000064	0.998857	0.095215	
782	0.999048	0.000135	1.135559	-0.000135	0.999048	-0.277649	
783	0.997347	-0.000029	2.978210	0.000029	0.997347	-0.344299	
784	0.998296	0.000318	1.337769	-0.000318	0.998296	0.002258	
785	0.996259	-0.000164	3.105103	0.000164	0.996259	0.001587	
786	0.997930	0.000025	1.809326	-0.000025	0.997930	0.437195	
787	0.995352	0.003344	3.023407	-0.003344	0.995352	1.182922	
788	0.997795	0.000113	2.023315	-0.000113	0.997795	0.128967	
789	0.993702	-0.000222	5.629578	0.000222	0.993702	2.055786	
790	0.996813	-0.000143	3.226135	0.000143	0.996813	1.352844	
791	0.993186	-0.000117	6.134338	0.000117	0.993186	3.076843	
792	0.995906	0.000097	3.459656	-0.000097	0.995906	1.961914	
793	0.992640	-0.000304	7.028625	0.000304	0.992640	3.152893	
794	0.996317	-0.000110	3.672607	0.000110	0.996317	1.511475	
795	0.991929	-0.000015	7.801575	0.000015	0.991929	3.589935	
796	0.996157	-0.000064	4.245056	0.000064	0.996157	2.019348	
797	0.991983	0.000089	8.558960	-0.000089	0.991983	4.233337	
798	0.995838	0.000039	4.806335	-0.000039	0.995838	2.463074	
799	0.991772	-0.000075	9.515381	0.000075	0.991772	4.297424	
800	0.995790	-0.000190	5.121765	0.000190	0.995790	2.031921	
801	0.993307	-0.000414	7.668762	0.000414	0.993307	2.587463	
802	0.995674	-0.000056	4.525635	0.000056	0.995674	1.802185	
803	0.991647	0.000150	9.672668	-0.000150	0.991647	4.082764	
804	0.995743	0.000187	5.138916	-0.000187	0.995743	1.968445	
805	0.991454	0.000236	9.948120	-0.000236	0.991454	3.977997	
806	0.995775	-0.000317	4.818542	0.000317	0.995775	1.814026	
807	0.991646	-0.000176	8.508728	0.000176	0.991646	3.862823	
808	0.995782	-0.000116	4.281250	0.000116	0.995782	1.918915	
809	0.992004	-0.000287	8.382202	0.000287	0.992004	3.931732	
810	0.996145	-0.000060	4.122070	0.000060	0.996145	1.797333	
811	0.992257	0.000361	8.623169	-0.000361	0.992257	4.343475	
812	0.996388	0.000132	4.708862	-0.000132	0.996388	1.935455	
813	0.992884	0.000189	8.613159	-0.000189	0.992884	3.887360	
814	0.996505	-0.000219	3.611206	0.000219	0.996505	1.693665	
815	0.993491	-0.000586	6.914795	0.000586	0.993491	3.509918	
816	0.996762	-0.000066	3.468872	0.000066	0.996762	1.931091	
817	0.993566	-0.000111	6.534546	0.000111	0.993566	3.812805	
818	0.996756	0.000137	3.325684	-0.000137	0.996756	2.050781	
819	0.993782	-0.000068	6.537598	0.000068	0.993782	3.313477	
820	0.996940	0.000089	3.388672	-0.000089	0.996940	1.709839	
821	0.994486	-0.000254	5.808960	0.000254	0.994486	3.092651	
822	0.997443	0.000099	2.847656	-0.000099	0.997443	1.510925	
823	0.995518	-0.000134	5.043457	0.000134	0.995518	2.669891	
824	0.998007	-0.000078	2.500854	0.000078	0.998007	0.785950	
825	0.996206	-0.000552	4.748779	0.000552	0.996206	1.772217	
826	0.998405	-0.000077	2.352173	0.000077	0.998405	0.661072	
827	0.996874	0.000508	4.677856	-0.000508	0.996874	0.791199	
828	0.998648	0.000253	2.901611	-0.000253	0.998648	-0.164612	
829	0.997455	0.000051	4.934937	-0.000051	0.997455	-0.209259	
830	0.998995	-0.000256	2.197388	0.000256	0.998995	-0.246613	
831	0.997975	-0.000044	3.343750	0.000044	0.997975	-0.147583	
832	0.998910	-0.000118	1.565308	0.000118	0.998910	-0.203247	
833	0.998503	-0.000005	3.009888	0.000005	0.998503	-0.393677	
834	1.000142	0.000191	0.397339	-0.000191	1.000142	-0.976471	
835	0.999164	0.000241	1.155518	-0.000241	0.999164	-1.320282	
836	0.999697	-0.000141	0.219727	0.000141	0.999697	-0.986084	
837	0.999591	-0.000520	-0.310547	0.000520	0.999591	-2.004456	
838	0.999979	0.000080	-0.500244	-0.000080	0.999979	-0.937042	
839	1.000627	0.000265	-1.607666	-0.000265	1.000627	-1.968842	
840	1.000714	0.000258	-1.267578	-0.000258	1.000714	-1.406647	
841	1.001422	0.000253	-2.330566	-0.000253	1.001422	-2.309845	
842	1.001065	-0.000020	-1.595581	0.000020	1.001065	-1.362610	
843	1.002312	-0.000351	-3.359497	0.000351	1.002312	-2.949890	
844	1.001322	-0.000154	-2.318359	0.000154	1.001322	-1.620819	
845	1.003143	-0.000258	-4.811401	0.000258	1.003143	-3.350098	
846	1.001871	0.000002	-2.729858	-0.000002	1.001871	-1.759064	
847	1.003918	-0.000069	-5.831543	0.000069	1.003918	-3.496307	
848	1.002187	0.000097	-3.126587	-0.000097	1.002187	-1.601135	
849	1.004572	0.000253	-6.518311	-0.000253	1.004572	-3.029999	
850	1.002232	0.000190	-3.395020	-0.000190	1.002232	-1.467194	
851	1.005385	0.000234	-7.383667	-0.000234	1.005385	-2.492981	
852	1.002980	0.000197	-4.011353	-0.000197	1.002980	-1.567261	
853	1.006192	-0.000111	-8.773315	0.000111	1.006192	-2.624390	
854	1.003462	0.000026	-4.777649	-0.000026	1.003462	-1.316315	
855	1.003462	0.000026	-4.777649	-0.000026	1.003462	-1.316315	
856	1.003964	0.000327	-5.421997	-0.000327	1.003964	-1.312866	
857	1.007492	0.000369	-11.258423	-0.000369	1.007492	-2.449615	
858	1.003807	0.000197	-5.499512	-0.000197	1.003807	-1.413971	
859	1.007852	-0.000423	-11.281860	0.000423	1.007852	-3.217163	
860	1.003886	-0.000374	-5.475830	0.000374	1.003886	-1.701691	
861	1.008105	-0.000432	-11.276001	0.000432	1.008105	-3.214600	
862	1.004193	0.000212	-5.759277	-0.000212	1.004193	-1.832397	
863	1.008281	-0.000049	-11.038452	0.000049	1.008281	-2.632812	
864	1.004002	0.000090	-5.453125	-0.000090	1.004002	-1.263123	
865	1.011481	0.000654	-15.073853	-0.000654	1.011481	-2.889801	
866	1.005309	-0.000064	-6.236816	0.000064	1.005309	-2.011414	
867	1.008434	-0.000387	-10.545410	0.000387	1.008434	-2.730804	
868	1.003496	-0.000112	-4.586060	0.000112	1.003496	-0.957672	
869	1.009328	-0.000275	-12.017456	0.000275	1.009328	-3.229126	
870	1.004637	0.000125	-6.002563	-0.000125	1.004637	-1.594666	
871	1.009258	0.000175	-10.779480	-0.000175	1.009258	-2.929352	
872	1.004680	-0.000130	-5.082336	0.000130	1.004680	-1.856354	
873	1.009342	-0.000319	-10.079407	0.000319	1.009342	-3.712341	
874	1.004682	0.000077	-3.957397	-0.000077	1.004682	-1.923889	
875	1.009532	0.000166	-6.404907	-0.000166	1.009532	-4.120972	
876	1.005023	0.000398	-3.465210	-0.000398	1.005023	-2.243622	
877	1.010033	0.000082	-7.466064	-0.000082	1.010033	-4.628937	
878	1.004750	-0.000325	-3.408264	0.000325	1.004750	-2.399475	
879	1.009457	-0.000100	-7.007751	0.000100	1.009457	-4.555481	
880	1.004993	0.000333	-3.487915	-0.000333	1.004993	-2.092163	
881	1.009500	-0.000153	-7.024841	0.000153	1.009500	-4.135315	
882	1.004449	0.000284	-2.772156	-0.000284	1.004449	-2.077881	
883	1.004449	0.000284	-2.772156	-0.000284	1.004449	-2.077881	
884	1.004409	-0.000070	-3.052429	0.000070	1.004409	-2.455017	
885	1.009669	-0.004796	-3.325043	0.004796	1.009669	-5.123230	
886	1.003380	0.000309	-2.305176	-0.000309	1.003380	-1.472595	
887	1.006703	0.000078	-4.632141	-0.000078	1.006703	-3.213745	
888	1.003597	0.000055	-2.398254	-0.000055	1.003597	-1.685730	
889	1.006806	-0.000204	-4.975769	0.000204	1.006806	-3.338623	
890	1.003228	-0.000188	-2.127869	0.000188	1.003228	-1.487854	
891	1.008989	-0.001110	-4.280090	0.001110	1.008989	-3.119843	
892	1.003621	-0.001112	-2.008820	0.001112	1.003621	-0.875793	
893	1.004902	0.000168	-3.438477	-0.000168	1.004902	-0.624023	
894	1.004902	0.000168	-3.438477	-0.000168	1.004902	-0.624023	
895	1.004271	-0.000274	-2.556213	0.000274	1.004271	-0.538147	
896	1.001988	-0.000148	-0.948853	0.000148	1.001988	-0.483215	
897	1.001988	-0.000148	-0.948853	0.000148	1.001988	-0.483215	
898	1.001880	-0.000012	-1.078186	0.000012	1.001880	0.144012	
899	1.003591	0.000100	-2.458984	-0.000100	1.003591	0.767761	
900	1.002002	0.000763	-1.624756	-0.000763	1.002002	0.551697	
901	1.002344	0.000258	-1.671326	-0.000258	1.002344	1.102356	
902	1.000726	0.000058	-0.130066	-0.000058	1.000726	0.960571	
903	1.001517	0.000260	-1.418335	-0.000260	1.001517	0.514160	
904	1.001787	0.000387	-1.566223	-0.000387	1.001787	1.595337	
905	1.000782	-0.000038	-0.741577	0.000038	1.000782	0.926941	
906	1.000782	-0.000038	-0.741577	0.000038	1.000782	0.926941	
907	1.000757	-0.000162	-0.804199	0.000162	1.000757	0.646240	
908	1.000757	-0.000162	-0.804199	0.000162	1.000757	0.646240	
909	1.000589	-0.000243	-0.652588	0.000243	1.000589	0.395874	
910	1.000589	-0.000243	-0.652588	0.000243	1.000589	0.395874	
911	1.000217	0.000052	-0.298157	-0.000052	1.000217	0.264221	
912	0.999540	0.000333	0.047485	-0.000333	0.999540	0.366943	
913	1.000053	-0.000184	-0.059937	0.000184	1.000053	-0.599731	
914	0.999296	0.000086	-0.106750	-0.000086	0.999296	-0.863159	
915	0.999708	0.000061	0.338440	-0.000061	0.999708	-0.506409	
916	0.999708	0.000061	0.338440	-0.000061	0.999708	-0.506409	
917	0.998772	0.000177	0.824829	-0.000177	0.998772	-0.266479	
918	0.998855	0.002649	0.361084	-0.002649	0.998855	-0.429199	
919	0.995957	0.000486	2.362000	-0.000486	0.995957	0.365906	
920	0.995957	0.000486	2.362000	-0.000486	0.995957	0.365906	
921	0.998188	0.000253	1.880005	-0.000253	0.998188	-0.780518	
922	0.995591	-0.000352	4.840515	0.000352	0.995591	-1.389893	
923	0.997529	0.000004	2.672974	-0.000004	0.997529	-0.752319	
924	0.994705	-0.000035	5.654358	0.000035	0.994705	-1.164185	
925	0.996772	-0.000211	3.065735	0.000211	0.996772	-0.330139	
926	0.996772	-0.000211	3.065735	0.000211	0.996772	-0.330139	
927	0.996772	-0.000211	3.065735	0.000211	0.996772	-0.330139	
928	0.996772	-0.000211	3.065735	0.000211	0.996772	-0.330139	
929	0.996772	-0.000211	3.065735	0.000211	0.996772	-0.330139	
930	0.990624	-0.000402	8.492126	0.000402	0.990624	2.018799	
931	0.995538	0.000159	4.902283	-0.000159	0.995538	1.359009	
932	0.989987	-0.000127	9.426941	0.000127	0.989987	3.312805	
933	0.994872	0.000008	4.975708	-0.000008	0.994872	1.859924	
934	0.994872	0.000008	4.975708	-0.000008	0.994872	1.859924	
935	0.994548	-0.000080	5.616699	0.000080	0.994548	2.284943	
936	0.988584	-0.000252	11.554077	0.000252	0.988584	5.258118	
937	0.994325	0.000186	5.744995	-0.000186	0.994325	2.816345	
938	0.988618	-0.000585	11.975220	0.000585	0.988618	5.075684	
939	0.994357	0.000119	5.991028	-0.000119	0.994357	3.276062	
940	0.988382	-0.000077	11.721558	0.000077	0.988382	6.263458	
941	0.994248	-0.000180	6.225220	0.000180	0.994248	3.245667	
942	0.988413	0.000131	11.330444	-0.000131	0.988413	7.005310	
943	0.994009	0.000187	5.951416	-0.000187	0.994009	3.767273	
944	0.988646	-0.000026	11.034912	0.000026	0.988646	6.868530	
945	0.994379	0.000149	5.489990	-0.000149	0.994379	3.649109	
946	0.989183	0.000210	10.305176	-0.000210	0.989183	6.821075	
947	0.994381	0.000210	5.265747	-0.000210	0.994381	3.404785	
948	0.989281	0.000106	10.244568	-0.000106	0.989281	6.566040	
949	0.994528	0.000079	4.863159	-0.000079	0.994528	2.940735	
950	0.989537	-0.000513	9.839478	0.000513	0.989537	5.793304	
951	0.994939	-0.000168	4.845459	0.000168	0.994939	2.557373	
952	0.990093	-0.000032	9.584106	0.000032	0.990093	5.924286	
953	0.995283	0.000215	4.451416	-0.000215	0.995283	2.839172	
954	0.991065	0.000182	8.508545	-0.000182	0.991065	5.287720	
955	0.995655	0.000112	4.497925	-0.000112	0.995655	2.848633	
956	0.991565	0.000077	7.782227	-0.000077	0.991565	5.240509	
957	0.996080	-0.000319	4.254517	0.000319	0.996080	2.401642	
958	0.992351	-0.000074	7.599365	0.000074	0.992351	4.783752	
959	0.996301	0.000128	3.821289	-0.000128	0.996301	2.924744	
960	0.993038	0.000141	7.563354	-0.000141	0.993038	5.027466	
961	0.996367	-0.000084	3.677002	0.000084	0.996367	2.628113	
962	0.993650	-0.000032	7.041260	0.000032	0.993650	4.813934	
963	0.996704	-0.000220	3.653564	0.000220	0.996704	2.759674	
964	0.994001	-0.000241	6.691895	0.000241	0.994001	4.423126	
965	0.996965	0.000200	3.271973	-0.000200	0.996965	2.198608	
966	0.994851	0.000159	5.878418	-0.000159	0.994851	3.781342	
967	0.997702	-0.000210	3.083496	0.000210	0.997702	1.523804	
968	0.995429	0.000098	5.063965	-0.000098	0.995429	1.959503	
969	0.998626	-0.000368	1.467163	0.000368	0.998626	0.052338	
970	0.996675	-0.000294	3.433105	0.000294	0.996675	0.405426	
971	0.998408	-0.000107	2.088623	0.000107	0.998408	0.552185	
972	0.997074	0.000461	3.769775	-0.000461	0.997074	1.370361	
973	0.998646	0.000227	1.629883	-0.000227	0.998646	0.565521	
974	0.997382	0.000087	3.301147	-0.000087	0.997382	1.580475	
975	0.998716	-0.000060	1.671387	0.000060	0.998716	0.456421	
976	0.997802	-0.000352	2.466431	0.000352	0.997802	0.510803	
977	0.999087	0.000081	0.926880	-0.000081	0.999087	0.196411	
978	0.998655	0.000309	1.246704	-0.000309	0.998655	0.035583	
979	0.999779	0.000226	0.555908	-0.000226	0.999779	-0.497894	
980	0.999279	0.000398	0.318604	-0.000398	0.999279	-1.028076	
981	0.999793	-0.000080	0.206787	0.000080	0.999793	-1.090149	
982	1.000035	-0.000259	-0.364868	0.000259	1.000035	-2.952911	
983	0.999928	-0.000182	-0.313110	0.000182	0.999928	-1.060486	
984	1.000720	-0.000294	-1.671265	0.000294	1.000720	-3.020020	
985	1.000511	0.000005	-1.152954	-0.000005	1.000511	-1.482147	
986	1.001630	0.000117	-3.144165	-0.000117	1.001630	-3.605347	
987	1.000814	-0.000126	-1.382324	0.000126	1.000814	-1.779449	
988	1.002235	-0.000129	-3.016357	0.000129	1.002235	-3.632416	
989	1.001186	0.000017	-1.968262	-0.000017	1.001186	-1.831299	
990	1.002223	-0.000077	-5.179443	0.000077	1.002223	-4.472076	
991	1.001428	-0.000073	-3.941528	0.000073	1.001428	-2.324219	
992	1.001181	0.000197	-7.363770	-0.000197	1.001181	-4.944336	
993	0.999843	0.000413	-3.717896	-0.000413	0.999843	-1.782806	
994	1.012234	0.002277	-22.409744	-0.002277	1.012234	-9.859558	
995	0.999693	0.000805	-6.047241	-0.000805	0.999693	-0.508881	
996	1.001582	0.000563	-15.952881	-0.000563	1.001582	-4.067383	
997	1.001240	0.000670	-6.984253	-0.000670	1.001240	-0.794800	
998	1.004621	-0.000096	-15.303223	0.000096	1.004621	-4.622803	
999	1.003203	0.000002	-6.553467	-0.000002	1.003203	-2.045197	
1000	1.005754	0.000495	-9.792847	-0.000495	1.005754	-2.727692	
1001	1.002629	0.000519	-3.776855	-0.000519	1.002629	-0.387085	
1002	1.008269	0.000382	-8.414185	-0.000382	1.008269	-3.421478	
1003	1.004265	0.000077	-3.760498	-0.000077	1.004265	-1.827301	
1004	1.009146	0.000343	-7.310791	-0.000343	1.009146	-3.440979	
1005	1.004817	0.000118	-3.636108	-0.000118	1.004817	-2.023682	
1006	1.010151	-0.000077	-6.958496	0.000077	1.010151	-3.777222	
1007	1.005061	0.000058	-3.664429	-0.000058	1.005061	-2.054779	
1008	1.010838	-0.000839	-6.275635	0.000839	1.010838	-5.239563	
1009	1.005380	-0.000109	-3.532959	0.000109	1.005380	-2.068756	
1010	1.011225	-0.000165	-6.578857	0.000165	1.011225	-3.313416	
1011	1.005763	-0.000134	-3.201416	0.000134	1.005763	-2.355713	
1012	1.011292	-0.000947	-5.911377	0.000947	1.011292	-3.856934	
1013	1.005741	-0.000063	-3.181274	0.000063	1.005741	-1.699768	
1014	1.011510	0.000160	-6.596558	-0.000160	1.011510	-3.208191	
1015	1.005940	-0.000038	-3.019531	0.000038	1.005940	-1.726929	
1016	1.011198	0.000123	-5.919495	-0.000123	1.011198	-2.877991	
1017	1.005479	0.000147	-2.714600	-0.000147	1.005479	-1.351013	
1018	1.010891	-0.000110	-5.187500	0.000110	1.010891	-2.783630	
1019	1.004891	-0.000096	-2.292358	0.000096	1.004891	-1.352875	
1020	1.010381	-0.000169	-4.490112	0.000169	1.010381	-3.032440	
1021	1.004854	-0.000161	-1.904053	0.000161	1.004854	-1.628845	
1022	1.009829	0.000065	-3.495667	-0.000065	1.009829	-2.722015	
1023	1.004961	0.000180	-1.716980	-0.000180	1.004961	-1.722809	
1024	1.009593	0.000059	-2.188599	-0.000059	1.009593	-2.207062	
1025	1.004400	0.000053	-0.342957	-0.000053	1.004400	-0.862549	
1026	1.008434	0.000253	-3.476074	-0.000253	1.008434	-1.417206	
1027	1.003956	-0.000012	-3.656250	0.000012	1.003956	-0.751068	
1028	1.007391	0.000222	-7.005554	-0.000222	1.007391	-0.437958	
1029	1.003157	-0.000162	-3.388123	0.000162	1.003157	-0.019501	
1030	1.006057	-0.000303	-6.222961	0.000303	1.006057	-0.339661	
1031	1.002735	-0.000124	-3.662292	0.000124	1.002735	0.024780	
1032	1.002735	-0.000124	-3.662292	0.000124	1.002735	0.024780	
1033	1.002305	-0.000026	-3.225220	0.000026	1.002305	0.099823	
1034	1.002305	-0.000026	-3.225220	0.000026	1.002305	0.099823	
1035	1.001550	0.000102	-2.962219	-0.000102	1.001550	0.024597	
1036	1.001755	0.000291	-5.580505	-0.000291	1.001755	1.458801	
1037	1.000656	0.000343	-2.811890	-0.000343	1.000656	0.516663	
1038	0.998549	0.000661	-3.527153	-0.000661	0.998549	1.832458	
1039	0.999805	0.000078	-2.272827	-0.000078	0.999805	0.092285	
1040	0.999805	0.000078	-2.272827	-0.000078	0.999805	0.092285	
1041	0.999805	0.000078	-2.272827	-0.000078	0.999805	0.092285	
1042	0.999805	0.000078	-2.272827	-0.000078	0.999805	0.092285	
1043	0.997871	0.000890	-1.601685	-0.000890	0.997871	2.181061	
1044	0.997871	0.000890	-1.601685	-0.000890	0.997871	2.181061	
1045	0.997470	-0.000006	-0.531616	0.000006	0.997470	1.136169	
1046	0.994077	0.000077	-0.905090	-0.000077	0.994077	2.092804	
1047	0.996584	-0.000083	-0.505798	0.000083	0.996584	1.239258	
1048	0.996584	-0.000083	-0.505798	0.000083	0.996584	1.239258	
1049	0.996226	-0.000041	-0.083618	0.000041	0.996226	1.093018	
1050	0.992201	-0.000017	-0.150391	0.000017	0.992201	3.268982	
1051	0.994849	-0.000403	0.362488	0.000403	0.994849	2.255798	
1052	0.994849	-0.000403	0.362488	0.000403	0.994849	2.255798	
1053	0.997042	-0.000225	-0.681152	0.000225	0.997042	0.958801	
1054	0.992855	-0.000225	0.234863	0.000225	0.992855	2.907471	
1055	0.995745	0.000155	0.383179	-0.000155	0.995745	1.579254	
1056	0.991565	0.000091	1.415405	-0.000091	0.991565	3.728577	
1057	0.995536	-0.000197	0.867798	0.000197	0.995536	1.825409	
1058	0.991756	0.000192	1.116089	-0.000192	0.991756	3.380188	
1059	0.995754	-0.000025	0.697266	0.000025	0.995754	1.967926	
1060	0.991994	0.000137	1.187378	-0.000137	0.991994	3.589417	
1061	0.995924	-0.000019	0.435181	0.000019	0.995924	1.533142	
1062	0.992797	-0.000196	1.209717	0.000196	0.992797	2.794678	
1063	0.996455	0.000203	0.871216	-0.000203	0.996455	1.281219	
1064	0.992585	-0.000051	8.879639	0.000051	0.992585	2.123871	
1065	0.996226	-0.000257	4.447510	0.000257	0.996226	1.074036	
1066	0.993021	-0.000044	8.006592	0.000044	0.993021	2.100525	
1067	0.996487	0.000152	4.136230	-0.000152	0.996487	1.398071	
1068	0.993737	0.000453	7.621582	-0.000453	0.993737	2.614502	
1069	0.993737	0.000453	7.621582	-0.000453	0.993737	2.614502	
1070	0.993737	0.000453	7.621582	-0.000453	0.993737	2.614502	
1071	0.996604	-0.000133	3.937866	0.000133	0.996604	1.447113	
1072	0.993221	-0.000437	7.840698	0.000437	0.993221	2.959412	
1073	0.996785	-0.000092	3.949219	0.000092	0.996785	0.942596	
1074	0.993610	-0.000028	7.545654	0.000028	0.993610	2.910919	
1075	0.997142	-0.000077	3.608398	0.000077	0.997142	0.926300	
1076	0.993943	0.000071	7.284180	-0.000071	0.993943	2.733551	
1077	0.997046	0.000023	3.659058	-0.000023	0.997046	1.170074	
1078	0.994130	-0.000203	7.204468	0.000203	0.994130	2.108429	
1079	0.997057	-0.000002	3.624634	0.000002	0.997057	0.902893	
1080	0.994272	-0.000222	6.981201	0.000222	0.994272	1.919189	
1081	0.997360	-0.000111	3.369385	0.000111	0.997360	0.677887	
1082	0.994927	0.000015	6.770996	-0.000015	0.994927	1.606842	
1083	0.997352	0.000144	3.075073	-0.000144	0.997352	0.750519	
1084	0.995324	-0.000237	6.327393	0.000237	0.995324	1.368347	
1085	0.997797	0.000022	3.009521	-0.000022	0.997797	0.476013	
1086	0.996371	0.000135	5.512451	-0.000135	0.996371	0.752075	
1087	0.998161	0.000066	2.937134	-0.000066	0.998161	0.449738	
1088	0.996556	0.000096	5.016968	-0.000096	0.996556	0.410217	
1089	0.998627	-0.000203	2.109131	0.000203	0.998627	-0.337830	
1090	0.997133	-0.000323	3.430176	0.000323	0.997133	0.106293	
1091	0.998975	0.000072	1.270630	-0.000072	0.998975	-0.477875	
1092	0.998465	-0.000196	1.991943	0.000196	0.998465	-0.794067	
1093	0.999687	0.000106	0.962646	-0.000106	0.999687	-0.355713	
1094	0.999576	0.000355	1.290405	-0.000355	0.999576	-0.507782	
1095	1.000214	-0.000169	0.517090	0.000169	1.000214	-0.848175	
1096	1.000494	-0.000148	0.322510	0.000148	1.000494	-1.631012	
1097	1.000912	0.000614	-0.556152	-0.000614	1.000912	-0.290466	
1098	1.001474	-0.000181	-0.579834	0.000181	1.001474	-2.314484	
1099	1.000955	-0.000003	-0.133301	0.000003	1.000955	-1.375946	
1100	1.002437	-0.000293	-1.226318	0.000293	1.002437	-3.201782	
1101	1.001539	-0.000005	-0.550659	0.000005	1.001539	-1.410431	
1102	1.003434	-0.000257	-1.754639	0.000257	1.003434	-3.243378	
1103	1.001885	0.000052	-1.452942	-0.000052	1.001885	-1.982666	
1104	1.000591	0.000529	3.956055	-0.000529	1.000591	-1.445038	
1105	1.002612	0.000292	-1.637329	-0.000292	1.002612	-1.591309	
1106	1.005652	-0.000332	-3.696045	0.000332	1.005652	-4.128082	
1107	1.002477	-0.000233	-1.493774	0.000233	1.002477	-2.582214	
1108	1.006285	-0.000432	-5.903320	0.000432	1.006285	-5.279938	
1109	1.003078	-0.000174	-2.384766	0.000174	1.003078	-2.729828	
1110	1.006312	0.000087	-5.932739	-0.000087	1.006312	-4.178467	
1111	1.003521	0.000019	-3.764526	-0.000019	1.003521	-2.282288	
1112	1.007311	0.000050	-8.140503	-0.000050	1.007311	-4.419678	
1113	1.003275	0.000171	-4.406494	-0.000171	1.003275	-2.090515	
1114	1.007040	0.000182	-10.299683	-0.000182	1.007040	-4.232941	
1115	1.004121	0.000202	-5.823364	-0.000202	1.004121	-2.261383	
1116	1.007793	0.000396	-11.208618	-0.000396	1.007793	-3.876709	
1117	1.004345	0.000173	-6.194092	-0.000173	1.004345	-2.210510	
1118	1.009181	0.000142	-12.226196	-0.000142	1.009181	-4.084778	
1119	1.004553	0.000228	-5.460327	-0.000228	1.004553	-1.741821	
1120	1.009620	-0.000257	-9.146240	0.000257	1.009620	-3.616669	
1121	1.004728	-0.000371	-5.026978	0.000371	1.004728	-1.780975	
1122	1.010074	-0.000604	-9.067017	0.000604	1.010074	-3.781830	
1123	1.005036	-0.000360	-4.113770	0.000360	1.005036	-1.464081	
1124	1.010153	0.000025	-7.118042	-0.000025	1.010153	-3.572601	
1125	1.005019	-0.000185	-3.661133	0.000185	1.005019	-1.614044	
1126	1.010444	-0.000671	-7.200195	0.000671	1.010444	-3.776978	
1127	1.004724	-0.000811	-2.834717	0.000811	1.004724	-1.747925	
1128	1.010063	-0.000608	-6.261475	0.000608	1.010063	-3.402100	
1129	1.004860	-0.000208	-3.355713	0.000208	1.004860	-1.484467	
1130	1.009840	-0.000871	-6.428223	0.000871	1.009840	-3.179230	
1131	1.009840	-0.000871	-6.428223	0.000871	1.009840	-3.179230	
1132	1.009700	-0.001075	-7.249023	0.001075	1.009700	-3.236755	
1133	1.004887	-0.000456	-4.196045	0.000456	1.004887	-1.250549	
1134	1.004887	-0.000456	-4.196045	0.000456	1.004887	-1.250549	
1135	1.004687	-0.000326	-4.459351	0.000326	1.004687	-1.240204	
1136	1.008930	0.000031	-8.848267	-0.000031	1.008930	-2.578064	
1137	1.004466	-0.000245	-3.915894	0.000245	1.004466	-1.279846	
1138	1.008486	-0.000916	-8.348999	0.000916	1.008486	-3.250214	
1139	1.004139	-0.000435	-4.374390	0.000435	1.004139	-1.786530	
1140	1.007952	-0.000453	-7.693604	0.000453	1.007952	-3.116425	
1141	1.003822	-0.000126	-3.558716	0.000126	1.003822	-1.368408	
1142	1.009463	0.001585	-10.639282	-0.001585	1.009463	0.715302	
1143	1.003526	-0.000240	-2.927856	0.000240	1.003526	-1.280518	
1144	1.006740	-0.001359	-4.589783	0.001359	1.006740	-2.456177	
1145	1.003778	0.000102	-3.630737	-0.000102	1.003778	-0.489990	
1146	1.005210	-0.000710	-3.737061	0.000710	1.005210	-1.622803	
1147	1.002177	-0.000346	-1.546692	0.000346	1.002177	-0.898743	
1148	1.003334	-0.001073	-2.117126	0.001073	1.003334	-1.505615	
1149	1.001483	-0.000493	-0.946045	0.000493	1.001483	-0.788757	
1150	1.001969	-0.000724	-1.426392	0.000724	1.001969	-1.169067	
1151	1.000390	-0.000089	-0.566162	0.000089	1.000390	-0.055847	
1152	1.000463	0.000070	-0.076477	-0.000070	1.000463	-1.022400	
1153	0.999883	-0.000194	0.552246	0.000194	0.999883	-0.389587	
1154	0.999493	-0.000235	1.392822	0.000235	0.999493	-1.657898	
1155	0.999682	-0.000131	1.171448	0.000131	0.999682	-0.976379	
1156	0.998227	-0.000385	2.801941	0.000385	0.998227	-1.107117	
1157	0.998878	-0.000077	1.410828	0.000077	0.998878	-0.417542	
1158	0.998878	-0.000077	1.410828	0.000077	0.998878	-0.417542	
1159	0.997914	0.000073	1.862061	-0.000073	0.997914	0.018555	
1160	0.996230	0.000533	3.461914	-0.000533	0.996230	0.872986	
1161	0.997754	-0.000155	2.493530	0.000155	0.997754	0.568970	
1162	0.994901	-0.000008	5.446594	0.000008	0.994901	2.134735	
1163	0.994901	-0.000008	5.446594	0.000008	0.994901	2.134735	
1164	0.994271	0.000087	5.546875	-0.000087	0.994271	2.872009	
1165	0.996844	-0.000087	3.098755	0.000087	0.996844	1.603882	
1166	0.996844	-0.000087	3.098755	0.000087	0.996844	1.603882	
1167	0.996501	0.000102	3.291016	-0.000102	0.996501	2.038208	
1168	0.992495	-0.000321	6.701782	0.000321	0.992495	4.746826	
1169	0.992495	-0.000321	6.701782	0.000321	0.992495	4.746826	
1170	0.992311	-0.000171	6.855957	0.000171	0.992311	5.016388	
1171	0.996095	-0.000080	3.506836	0.000080	0.996095	2.593079	
1172	0.992128	-0.000254	7.931641	0.000254	0.992128	5.178467	
1173	0.995982	-0.000144	4.884155	0.000144	0.995982	2.616577	
1174	0.991748	0.000467	9.345947	-0.000467	0.991748	5.152893	
1175	0.996063	-0.000188	5.066650	0.000188	0.996063	2.388794	
1176	0.991908	0.000007	10.025146	-0.000007	0.991908	4.763885	
1177	0.995899	-0.000132	5.037598	0.000132	0.995899	2.249298	
1178	0.991891	0.000155	9.956787	-0.000155	0.991891	4.575714	
1179	0.996253	0.000062	4.753784	-0.000062	0.996253	1.979980	
1180	0.992050	0.000470	10.121704	-0.000470	0.992050	4.450684	
1181	0.996041	0.000002	5.163452	-0.000002	0.996041	2.002197	
1182	0.991714	0.000613	10.848267	-0.000613	0.991714	4.806549	
1183	0.996080	0.000183	5.050171	-0.000183	0.996080	2.099915	
1184	0.992135	0.000402	9.728882	-0.000402	0.992135	4.645386	
1185	0.996030	0.000201	5.222900	-0.000201	0.996030	2.266785	
1186	0.991709	0.000223	10.745972	-0.000223	0.991709	5.137878	
1187	0.995631	0.000037	5.380005	-0.000037	0.995631	2.358704	
1188	0.991408	0.000024	10.812256	-0.000024	0.991408	4.959900	
1189	0.995766	0.000154	5.464966	-0.000154	0.995766	2.447205	
1190	0.991724	-0.000086	10.672729	0.000086	0.991724	4.651276	
1191	0.996069	0.000233	5.194580	-0.000233	0.996069	2.210846	
1192	0.991964	0.000367	10.358765	-0.000367	0.991964	5.241638	
1193	0.996121	0.000255	5.338013	-0.000255	0.996121	2.303070	
1194	0.993035	0.000727	9.223022	-0.000727	0.993035	4.512451	
1195	0.996379	0.000424	5.201660	-0.000424	0.996379	2.505005	
1196	0.992956	0.000420	9.625732	-0.000420	0.992956	4.262238	
1197	0.996455	0.000135	4.621094	-0.000135	0.996455	1.960114	
1198	0.994992	0.000151	7.549805	-0.000151	0.994992	2.437256	
1199	0.996436	0.000241	4.362305	-0.000241	0.996436	1.743683	
1200	0.993911	0.000666	8.802734	-0.000666	0.993911	3.581177	
1201	0.996783	0.000478	4.254639	-0.000478	0.996783	1.933472	
1202	0.990751	0.000262	12.492920	-0.000262	0.990751	5.244873	
