0	1.000000	0.000000	0.000000	0.000000	1.000000	0.000000	
1	1.000128	0.000005	-0.147827	-0.000005	1.000128	0.006378	
2	1.000074	-0.000089	-0.063110	0.000089	1.000074	-0.107208	
3	1.000013	-0.000206	-0.008545	0.000206	1.000013	-0.235809	
4	1.000142	-0.000025	-0.145325	0.000025	1.000142	-0.061371	
5	1.000124	-0.000092	-0.107788	0.000092	1.000124	-0.097382	
6	1.000106	-0.000164	-0.075134	0.000164	1.000106	-0.165253	
7	1.000065	-0.000138	-0.024963	0.000138	1.000065	-0.121948	
8	1.000192	-0.000169	-0.141296	0.000169	1.000192	-0.188721	
9	1.000030	-0.000100	-0.005188	0.000100	1.000030	-0.074249	
10	1.000053	0.000007	-0.045593	-0.000007	1.000053	0.009247	
11	0.999952	-0.000044	0.088745	0.000044	0.999952	-0.053406	
12	1.000050	-0.000019	-0.015137	0.000019	1.000050	-0.065582	
13	0.999822	0.000081	0.170593	-0.000081	0.999822	0.061279	
14	0.999678	0.000007	0.296265	-0.000007	0.999678	-0.001953	
15	0.999918	0.000004	0.006653	-0.000004	0.999918	-0.012970	
16	0.999892	0.000026	0.106628	-0.000026	0.999892	0.043549	
17	1.000160	0.000008	-0.201172	-0.000008	1.000160	-0.028625	
18	1.000287	0.000095	-0.307373	-0.000095	1.000287	0.085236	
19	1.000028	0.000046	-0.081604	-0.000046	1.000028	0.059326	
20	1.000088	-0.000053	-0.114807	0.000053	1.000088	-0.054413	
21	0.999950	-0.000131	0.075195	0.000131	0.999950	-0.079895	
22	0.999924	-0.000265	0.074402	0.000265	0.999924	-0.252716	
23	0.999927	-0.000067	0.077759	0.000067	0.999927	-0.065277	
24	0.999998	-0.000039	0.004944	0.000039	0.999998	-0.029236	
25	1.000152	-0.000158	-0.157410	0.000158	1.000152	-0.171509	
26	1.000150	-0.000202	-0.139832	0.000202	1.000150	-0.207458	
27	1.000230	-0.000240	-0.231750	0.000240	1.000230	-0.218445	
28	1.000034	-0.000212	-0.012085	0.000212	1.000034	-0.205627	
29	1.000008	0.000019	0.014771	-0.000019	1.000008	0.027527	
30	1.000034	0.000080	-0.011780	-0.000080	1.000034	0.116425	
31	0.999948	0.000186	0.050964	-0.000186	0.999948	0.197449	
32	1.000129	0.000095	-0.126160	-0.000095	1.000129	0.102966	
33	0.999963	-0.000085	0.040833	0.000085	0.999963	-0.096130	
34	0.999819	0.000266	0.183960	-0.000266	0.999819	0.270721	
35	0.999354	0.000107	0.564880	-0.000107	0.999354	0.102020	
36	0.999928	0.000027	0.066162	-0.000027	0.999928	0.037994	
37	1.000024	0.000009	-0.029724	-0.000009	1.000024	-0.012390	
38	0.999995	0.000048	0.018860	-0.000048	0.999995	0.044571	
39	0.999885	0.000074	0.132446	-0.000074	0.999885	0.114685	
40	1.000073	-0.000066	-0.078979	0.000066	1.000073	-0.071899	
41	0.999947	-0.000085	0.057800	0.000085	0.999947	-0.072174	
42	0.999937	-0.000003	0.055115	0.000003	0.999937	0.026764	
43	1.000012	-0.000109	-0.009766	0.000109	1.000012	-0.109528	
44	0.999888	-0.000096	0.118164	0.000096	0.999888	-0.100189	
45	0.999860	0.000024	0.143372	-0.000024	0.999860	0.030151	
46	0.999862	0.000154	0.144043	-0.000154	0.999862	0.155029	
47	1.000008	0.000081	-0.024353	-0.000081	1.000008	0.087006	
48	1.000136	0.000109	-0.127563	-0.000109	1.000136	0.114838	
49	0.999977	-0.000134	0.024841	0.000134	0.999977	-0.137817	
50	1.000073	-0.000040	-0.084473	0.000040	1.000073	-0.040619	
51	1.000005	-0.000095	-0.002808	0.000095	1.000005	-0.099609	
52	0.999996	-0.000125	0.001709	0.000125	0.999996	-0.130981	
53	0.999935	-0.000044	0.068237	0.000044	0.999935	-0.044540	
54	1.000047	-0.000073	-0.079895	0.000073	1.000047	-0.067047	
55	1.000075	-0.000016	-0.076660	0.000016	1.000075	-0.032028	
56	0.999911	-0.000191	0.093628	0.000191	0.999911	-0.185532	
57	0.999986	-0.000048	0.017334	0.000048	0.999986	-0.049149	
58	1.000037	-0.000066	-0.036743	0.000066	1.000037	-0.071915	
59	1.000077	-0.000101	-0.072754	0.000101	1.000077	-0.098572	
60	1.000120	-0.000109	-0.118835	0.000109	1.000120	-0.131500	
61	1.000030	-0.000545	0.004700	0.000545	1.000030	-0.629333	
62	0.999917	-0.000077	0.090149	0.000077	0.999917	-0.090759	
63	1.000020	0.000008	-0.014526	-0.000008	1.000020	0.016739	
64	1.000029	0.000043	-0.029236	-0.000043	1.000029	0.047562	
65	1.000046	-0.000060	-0.039368	0.000060	1.000046	-0.062302	
66	0.999919	0.000019	0.085510	-0.000019	0.999919	0.047348	
67	1.000034	-0.000082	-0.044983	0.000082	1.000034	-0.085403	
68	1.000016	-0.000010	-0.020447	0.000010	1.000016	-0.010376	
69	0.999941	-0.000002	0.068176	0.000002	0.999941	-0.000580	
70	0.999920	-0.000038	0.078918	0.000038	0.999920	-0.039246	
71	0.999985	-0.000002	0.011536	0.000002	0.999985	-0.001617	
72	0.999857	-0.000238	0.169617	0.000238	0.999857	-0.255707	
73	0.999866	-0.000099	0.145203	0.000099	0.999866	-0.111404	
74	0.999985	0.000001	0.006104	-0.000001	0.999985	0.006683	
75	1.000087	0.000059	-0.083984	-0.000059	1.000087	0.055786	
76	0.999975	-0.000013	0.020630	0.000013	0.999975	-0.005005	
77	1.000118	0.000022	-0.116760	-0.000022	1.000118	0.007477	
78	1.000011	0.000003	-0.019714	-0.000003	1.000011	0.004456	
79	1.000002	-0.000034	-0.012146	0.000034	1.000002	-0.039749	
80	0.999983	-0.000065	0.008606	0.000065	0.999983	-0.067596	
81	1.000067	-0.000001	-0.073364	0.000001	1.000067	-0.009064	
82	1.000188	0.000043	-0.194214	-0.000043	1.000188	0.044281	
83	1.000006	0.000293	-0.013611	-0.000293	1.000006	0.321350	
84	0.999561	0.001311	0.329590	-0.001311	0.999561	1.660919	
85	1.000016	-0.000028	0.001343	0.000028	1.000016	-0.023682	
86	0.999775	-0.000169	0.221924	0.000169	0.999775	-0.174347	
87	0.999968	0.000013	0.034424	-0.000013	0.999968	-0.002579	
88	0.999873	0.000003	0.140625	-0.000003	0.999873	0.011627	
89	1.000016	0.000017	-0.020691	-0.000017	1.000016	0.006424	
90	1.000051	0.000000	-0.055725	-0.000000	1.000051	-0.007996	
91	1.000043	-0.000045	-0.041199	0.000045	1.000043	-0.036606	
92	1.000158	0.000026	-0.156189	-0.000026	1.000158	0.003387	
93	1.000141	0.000047	-0.146179	-0.000047	1.000141	0.040619	
94	1.000009	0.000026	0.003662	-0.000026	1.000009	0.014099	
95	1.000097	0.000069	-0.096924	-0.000069	1.000097	0.035339	
96	1.000045	-0.000101	-0.048401	0.000101	1.000045	-0.126587	
97	1.000086	0.000049	-0.099182	-0.000049	1.000086	0.025970	
98	0.999974	0.000078	0.008850	-0.000078	0.999974	0.108795	
99	0.999953	-0.000022	0.038330	0.000022	0.999953	-0.003357	
100	0.999933	0.000042	0.067261	-0.000042	0.999933	0.042572	
101	0.999883	-0.000096	0.112610	0.000096	0.999883	-0.095825	
102	1.000027	-0.000129	-0.026855	0.000129	1.000027	-0.134888	
103	0.999906	0.000068	0.092957	-0.000068	0.999906	0.069534	
104	0.999906	0.000068	0.092957	-0.000068	0.999906	0.069534	
105	0.999965	0.000004	0.043762	-0.000004	0.999965	0.004333	
106	1.000006	-0.000021	-0.005310	0.000021	1.000006	-0.013641	
107	1.000020	0.000011	-0.022827	-0.000011	1.000020	0.010971	
108	1.000047	-0.000008	-0.046143	0.000008	1.000047	-0.007339	
109	1.000030	0.000041	-0.035339	-0.000041	1.000030	0.035553	
110	0.999772	-0.000013	0.238098	0.000013	0.999772	-0.010468	
111	0.999953	-0.000036	0.052979	0.000036	0.999953	-0.036743	
112	0.999990	-0.000059	0.009827	0.000059	0.999990	-0.065567	
113	0.999927	-0.000065	0.076660	0.000065	0.999927	-0.062790	
114	1.000017	-0.000024	-0.016235	0.000024	1.000017	-0.032486	
115	1.000033	0.000030	-0.034485	-0.000030	1.000033	0.010712	
116	1.000099	0.000106	-0.114807	-0.000106	1.000099	0.118622	
117	1.000091	-0.000004	-0.083862	0.000004	1.000091	0.012329	
118	1.000054	-0.000093	-0.041992	0.000093	1.000054	-0.114227	
119	0.999799	-0.000035	0.220825	0.000035	0.999799	-0.001312	
120	0.999973	-0.000051	0.028809	0.000051	0.999973	-0.062714	
121	0.999691	-0.000017	0.318176	0.000017	0.999691	0.026428	
122	0.999968	0.000113	0.031006	-0.000113	0.999968	0.115295	
123	0.999905	0.000071	0.100342	-0.000071	0.999905	0.092865	
124	0.999969	-0.000085	0.026855	0.000085	0.999969	-0.077499	
125	0.999975	-0.000004	0.025940	0.000004	0.999975	0.001404	
126	0.999971	-0.000053	0.037476	0.000053	0.999971	-0.028290	
127	0.999765	0.000102	0.263367	-0.000102	0.999765	0.109192	
128	0.999902	0.000094	0.107849	-0.000094	0.999902	0.104797	
129	0.999999	0.000026	-0.003967	-0.000026	0.999999	0.023758	
130	0.999839	-0.000150	0.175049	0.000150	0.999839	-0.185532	
131	0.999982	0.000181	0.024475	-0.000181	0.999982	0.218781	
132	1.000039	0.000023	-0.049011	-0.000023	1.000039	0.019135	
133	1.000031	0.000010	-0.048462	-0.000010	1.000031	0.013947	
134	0.999966	0.000057	0.060425	-0.000057	0.999966	0.046143	
135	0.999975	0.000035	0.031128	-0.000035	0.999975	0.037109	
136	0.999960	-0.000003	0.053650	0.000003	0.999960	-0.025146	
137	0.999848	-0.000159	0.170532	0.000159	0.999848	-0.188385	
138	0.999824	0.000010	0.177002	-0.000010	0.999824	0.007111	
139	0.999974	0.000017	0.027466	-0.000017	0.999974	0.021271	
140	1.000117	-0.000043	-0.117554	0.000043	1.000117	-0.028778	
141	1.000074	-0.000002	-0.082275	0.000002	1.000074	0.013611	
142	1.000064	0.000446	-0.078430	-0.000446	1.000064	0.510559	
143	0.999958	0.000021	0.058899	-0.000021	0.999958	0.009766	
144	0.999989	-0.000031	0.010986	0.000031	0.999989	-0.032227	
145	1.000050	-0.000011	-0.072754	0.000011	1.000050	-0.026154	
146	0.999961	0.000001	0.038147	-0.000001	0.999961	-0.002747	
147	1.000192	-0.000040	-0.216553	0.000040	1.000192	-0.068115	
148	1.000063	0.000039	-0.065979	-0.000039	1.000063	0.072906	
149	1.000075	-0.000118	-0.077209	0.000118	1.000075	-0.113312	
150	1.000083	-0.000017	-0.138916	0.000017	1.000083	-0.052490	
151	0.999898	-0.000154	0.119690	0.000154	0.999898	-0.104614	
152	0.999999	-0.000094	-0.001221	0.000094	0.999999	-0.098907	
153	0.999969	-0.000090	0.020020	0.000090	0.999969	-0.070496	
154	0.999995	-0.000016	-0.002014	0.000016	0.999995	-0.006195	
155	1.000119	-0.000113	-0.120667	0.000113	1.000119	-0.121338	
156	0.999980	0.000020	0.035095	-0.000020	0.999980	0.038910	
157	1.000098	-0.000110	-0.099548	0.000110	1.000098	-0.105743	
158	0.999913	-0.000103	0.114746	0.000103	0.999913	-0.088135	
159	0.999933	-0.000053	0.046509	0.000053	0.999933	-0.059204	
160	1.000040	0.000076	-0.056580	-0.000076	1.000040	0.070831	
161	1.000007	0.000036	-0.011230	-0.000036	1.000007	0.033752	
162	1.000021	-0.000008	-0.019287	0.000008	1.000021	-0.016235	
163	1.000004	-0.000067	-0.004517	0.000067	1.000004	-0.069122	
164	1.000065	-0.000008	-0.066711	0.000008	1.000065	-0.016800	
165	1.000096	0.000106	-0.094849	-0.000106	1.000096	0.078613	
166	0.999809	0.000005	0.199158	-0.000005	0.999809	0.028168	
167	1.000095	-0.000269	-0.101074	0.000269	1.000095	-0.289673	
168	0.999944	0.000110	0.064697	-0.000110	0.999944	0.099365	
169	1.000006	-0.000051	0.002747	0.000051	1.000006	-0.057037	
170	1.000102	-0.000090	-0.097473	0.000090	1.000102	-0.113464	
171	0.999926	-0.000174	0.074463	0.000174	0.999926	-0.152161	
172	1.000152	-0.000047	-0.174500	0.000047	1.000152	-0.104858	
173	0.999846	-0.000032	0.169983	0.000032	0.999846	0.006317	
174	0.999846	-0.000032	0.169983	0.000032	0.999846	0.006317	
175	1.000241	-0.000094	-0.274109	0.000094	1.000241	-0.125763	
176	1.000044	-0.000136	-0.054260	0.000136	1.000044	-0.085571	
177	1.000288	-0.000141	-0.328918	0.000141	1.000288	-0.127472	
178	0.999901	-0.000058	0.083435	0.000058	0.999901	-0.040619	
179	0.999892	0.000033	0.112000	-0.000033	0.999892	0.044678	
180	0.999935	-0.000005	0.078369	0.000005	0.999935	0.003052	
181	0.999930	0.000038	0.073792	-0.000038	0.999930	0.024567	
182	1.000063	0.000101	-0.050293	-0.000101	1.000063	0.097656	
183	0.999993	0.000013	0.005066	-0.000013	0.999993	0.025208	
184	1.000131	-0.000041	-0.142883	0.000041	1.000131	-0.045258	
185	1.000028	0.000015	-0.085205	-0.000015	1.000028	0.029663	
186	0.999937	0.000079	0.007263	-0.000079	0.999937	0.088043	
187	1.000124	-0.000108	-0.126099	0.000108	1.000124	-0.160828	
188	1.000112	-0.000023	-0.085693	0.000023	1.000112	-0.068817	
189	1.000039	-0.000049	-0.050110	0.000049	1.000039	-0.037842	
190	1.000067	0.000023	-0.112732	-0.000023	1.000067	0.000854	
191	1.000022	0.000035	-0.055481	-0.000035	1.000022	0.034546	
192	1.000099	0.000072	-0.107666	-0.000072	1.000099	0.064331	
193	1.000005	0.000087	-0.006714	-0.000087	1.000005	0.101440	
194	1.000114	-0.000008	-0.120300	0.000008	1.000114	0.046417	
195	1.000024	0.000018	0.003235	-0.000018	1.000024	0.027039	
196	0.999988	-0.000078	0.065613	0.000078	0.999988	-0.058563	
197	1.000053	-0.000267	0.035645	0.000267	1.000053	-0.277832	
198	0.999940	-0.000201	0.131104	0.000201	0.999940	-0.187073	
199	1.000034	-0.000068	-0.024353	0.000068	1.000034	-0.072632	
200	0.999953	-0.000242	0.091858	0.000242	0.999953	-0.258453	
201	0.999970	-0.000195	0.064331	0.000195	0.999970	-0.206818	
202	1.000029	-0.000131	0.007751	0.000131	1.000029	-0.154938	
203	0.999961	-0.000098	0.079651	0.000098	0.999961	-0.104675	
204	1.000072	-0.000051	-0.064209	0.000051	1.000072	-0.080322	
205	1.000093	-0.000041	-0.094727	0.000041	1.000093	-0.073822	
206	1.000076	-0.000073	-0.092712	0.000073	1.000076	-0.113983	
207	1.000097	0.000013	-0.124268	-0.000013	1.000097	-0.035187	
208	1.000084	0.000043	-0.106018	-0.000043	1.000084	0.009186	
209	1.000049	-0.000070	-0.061890	0.000070	1.000049	-0.070068	
210	1.000013	0.000064	-0.026917	-0.000064	1.000013	0.060944	
211	0.999970	0.000066	-0.026184	-0.000066	0.999970	0.049133	
212	0.999992	0.000105	-0.051880	-0.000105	0.999992	0.114471	
213	1.000009	0.000091	-0.060608	-0.000091	1.000009	0.097168	
214	1.000022	-0.000066	-0.017456	0.000066	1.000022	-0.075562	
215	1.000013	-0.000005	0.031067	0.000005	1.000013	0.005890	
216	1.000067	-0.000009	-0.035828	0.000009	1.000067	0.003784	
217	1.000054	0.000003	-0.038391	-0.000003	1.000054	0.003510	
218	1.000021	0.000007	0.021240	-0.000007	1.000021	-0.047180	
219	1.000021	0.000076	-0.025269	-0.000076	1.000021	0.063538	
220	0.999926	0.000072	0.075867	-0.000072	0.999926	0.049011	
221	0.999796	0.000087	0.185608	-0.000087	0.999796	0.114563	
222	0.999848	0.000101	0.151428	-0.000101	0.999848	0.155579	
223	0.999942	0.000017	0.046631	-0.000017	0.999942	0.047180	
224	1.000026	0.000060	0.031799	-0.000060	1.000026	0.102264	
225	0.999902	0.000053	0.161316	-0.000053	0.999902	0.130615	
226	0.999913	-0.000033	0.160339	0.000033	0.999913	0.037842	
227	0.999949	0.000021	0.132568	-0.000021	0.999949	0.052734	
228	0.999851	0.000111	0.183716	-0.000111	0.999851	0.164001	
229	0.999924	0.000084	0.106995	-0.000084	0.999924	0.101959	
230	0.999997	0.000248	0.003235	-0.000248	0.999997	0.297607	
231	0.999891	0.000141	0.111572	-0.000141	0.999891	0.192688	
232	0.999992	0.000122	0.011658	-0.000122	0.999992	0.135254	
233	0.999870	0.000035	0.129822	-0.000035	0.999870	0.050354	
234	0.999896	0.000028	0.136658	-0.000028	0.999896	0.020325	
235	0.999996	0.000114	-0.013489	-0.000114	0.999996	0.112915	
236	0.999939	0.000167	0.021484	-0.000167	0.999939	0.165405	
237	1.000032	0.000166	-0.089905	-0.000166	1.000032	0.150757	
238	0.999929	0.000161	-0.003235	-0.000161	0.999929	0.240540	
239	1.000092	0.000094	-0.160583	-0.000094	1.000092	0.093933	
240	1.000020	-0.000041	-0.040710	0.000041	1.000020	-0.035309	
241	0.999997	0.000007	0.015808	-0.000007	0.999997	0.033569	
242	1.000057	-0.000097	-0.036438	0.000097	1.000057	-0.116058	
243	0.999914	-0.000645	0.093018	0.000645	0.999914	-0.641693	
244	0.999919	0.000040	0.113586	-0.000040	0.999919	0.054718	
245	0.999962	0.000035	0.043152	-0.000035	0.999962	0.037262	
246	0.999843	-0.000183	0.149048	0.000183	0.999843	-0.197906	
247	0.999935	0.000005	0.055115	-0.000005	0.999935	-0.023804	
248	1.000109	-0.000142	-0.100952	0.000142	1.000109	-0.129700	
249	1.000111	0.000041	-0.149414	-0.000041	1.000111	0.050659	
250	1.000111	-0.000005	-0.111511	0.000005	1.000111	0.004700	
251	1.000043	0.000088	-0.146912	-0.000088	1.000043	0.112823	
252	1.000135	0.000026	-0.191345	-0.000026	1.000135	0.005219	
253	0.999984	-0.000059	0.050171	0.000059	0.999984	-0.102997	
254	1.000020	-0.000039	0.014893	0.000039	1.000020	-0.132874	
255	1.000080	-0.000013	-0.074219	0.000013	1.000080	-0.050598	
256	0.999855	0.000098	0.158997	-0.000098	0.999855	0.072601	
257	0.999924	0.000090	0.075745	-0.000090	0.999924	0.034912	
258	0.999932	-0.000149	0.082214	0.000149	0.999932	-0.194885	
259	1.000086	-0.000102	-0.076538	0.000102	1.000086	-0.129608	
260	1.000108	-0.000127	-0.090881	0.000127	1.000108	-0.101074	
261	1.000006	-0.000038	-0.026062	0.000038	1.000006	0.087250	
262	1.000342	-0.000022	-0.402283	0.000022	1.000342	0.099121	
263	1.000115	-0.000014	-0.126404	0.000014	1.000115	0.155975	
264	1.000239	-0.000555	-0.131409	0.000555	1.000239	-0.310516	
265	1.000043	-0.000085	-0.091919	0.000085	1.000043	-0.081116	
266	0.999909	0.000019	-0.082214	-0.000019	0.999909	0.082855	
267	0.999919	-0.000068	-0.032471	0.000068	0.999919	-0.011078	
268	0.999993	-0.000082	-0.038269	0.000082	0.999993	0.033478	
269	1.000122	-0.000103	-0.141052	0.000103	1.000122	-0.037903	
270	1.000097	0.000005	-0.108887	-0.000005	1.000097	0.016327	
271	1.000208	-0.000108	-0.189819	0.000108	1.000208	-0.043762	
272	1.000270	-0.000169	-0.264771	0.000169	1.000270	-0.138367	
273	1.000165	-0.000073	-0.168091	0.000073	1.000165	-0.063599	
274	1.000223	-0.000085	-0.205078	0.000085	1.000223	-0.079681	
275	0.999896	-0.000022	0.133728	0.000022	0.999896	-0.074158	
276	0.999937	0.000129	0.081787	-0.000129	0.999937	0.140900	
277	1.000023	0.000029	-0.047668	-0.000029	1.000023	0.007202	
278	1.000021	-0.000012	-0.060974	0.000012	1.000021	-0.030182	
279	1.000211	0.000015	-0.269470	-0.000015	1.000211	-0.029114	
280	1.000023	0.000092	-0.051331	-0.000092	1.000023	0.100098	
281	1.000041	-0.000018	-0.077820	0.000018	1.000041	0.004059	
282	1.000217	-0.000093	-0.276184	0.000093	1.000217	-0.071350	
283	0.999906	-0.000014	0.094727	0.000014	0.999906	0.010071	
284	1.000017	0.000016	-0.041687	-0.000016	1.000017	-0.014984	
285	0.999852	0.000040	0.170532	-0.000040	0.999852	0.079514	
286	0.999971	0.000023	0.031555	-0.000023	0.999971	0.039825	
287	1.000053	-0.000254	-0.083862	0.000254	1.000053	-0.271118	
288	0.999932	-0.000030	0.098572	0.000030	0.999932	-0.015900	
289	1.000077	-0.000064	-0.068848	0.000064	1.000077	-0.059540	
290	1.000059	-0.000047	-0.060547	0.000047	1.000059	-0.053955	
291	0.999985	-0.000039	-0.003601	0.000039	0.999985	-0.039856	
292	0.999946	-0.000093	0.060425	0.000093	0.999946	-0.084625	
293	1.000007	-0.000116	-0.013855	0.000116	1.000007	-0.120605	
294	0.999916	0.000027	0.073792	-0.000027	0.999916	0.022034	
295	0.999825	-0.000034	0.183960	0.000034	0.999825	-0.024796	
296	0.999881	-0.000064	0.131653	0.000064	0.999881	-0.067261	
297	1.000023	-0.000144	-0.021179	0.000144	1.000023	-0.155640	
298	0.999882	-0.000104	0.131470	0.000104	0.999882	-0.094574	
299	1.000188	-0.000088	-0.205017	0.000088	1.000188	-0.116699	
300	1.000041	-0.000080	-0.054626	0.000080	1.000041	-0.085007	
301	0.999859	0.000001	0.142456	-0.000001	0.999859	0.016754	
302	0.999977	0.000040	0.011169	-0.000040	0.999977	0.027313	
303	0.999838	-0.000020	0.161499	0.000020	0.999838	0.002411	
304	0.999989	-0.000007	0.015381	0.000007	0.999989	-0.033875	
305	1.000021	0.000006	-0.018860	-0.000006	1.000021	0.006592	
306	1.000018	-0.000026	-0.030029	0.000026	1.000018	-0.018158	
307	1.000045	-0.000098	-0.047180	0.000098	1.000045	-0.104309	
308	0.999863	-0.000169	0.128479	0.000169	0.999863	-0.175842	
309	0.999711	0.000082	0.321167	-0.000082	0.999711	0.109161	
310	0.999953	0.000067	0.046265	-0.000067	0.999953	0.064545	
311	0.999922	0.000008	0.078918	-0.000008	0.999922	0.010864	
312	0.999887	0.000012	0.112854	-0.000012	0.999887	0.003601	
313	0.999886	-0.000017	0.127258	0.000017	0.999886	-0.016602	
314	0.999939	-0.000011	0.060974	0.000011	0.999939	-0.008453	
315	0.999992	0.000018	0.007507	-0.000018	0.999992	0.017548	
316	1.000080	0.000004	-0.078186	-0.000004	1.000080	0.022308	
317	1.000111	-0.000096	-0.111084	0.000096	1.000111	-0.102875	
318	1.000026	0.000025	-0.034912	-0.000025	1.000026	0.053253	
319	1.000192	-0.000032	-0.220947	0.000032	1.000192	-0.054657	
320	1.000113	-0.000106	-0.138550	0.000106	1.000113	-0.095032	
321	1.000092	0.000012	-0.113342	-0.000012	1.000092	-0.006836	
322	1.000162	0.000046	-0.175598	-0.000046	1.000162	-0.003204	
323	1.000090	0.000023	-0.080322	-0.000023	1.000090	0.028442	
324	1.000152	0.000089	-0.151672	-0.000089	1.000152	0.079102	
325	1.000096	0.000097	-0.097778	-0.000097	1.000096	0.157074	
326	1.000048	0.000192	-0.068604	-0.000192	1.000048	0.308136	
327	0.999948	0.000154	0.056458	-0.000154	0.999948	0.221222	
328	0.999889	0.000034	0.137207	-0.000034	0.999889	0.104156	
329	0.999798	0.000103	0.213440	-0.000103	0.999798	0.255615	
330	0.999923	0.000013	0.078979	-0.000013	0.999923	0.065979	
331	0.999968	0.000002	0.048096	-0.000002	0.999968	0.066193	
332	0.999986	0.000052	0.018311	-0.000052	0.999986	0.150543	
333	1.000015	0.000110	-0.044800	-0.000110	1.000015	0.185486	
334	1.000023	-0.000012	-0.055786	0.000012	1.000023	0.006073	
335	0.999905	-0.000040	0.047607	0.000040	0.999905	-0.010986	
336	1.000146	-0.000077	-0.196289	0.000077	1.000146	-0.081268	
337	1.000027	0.000001	-0.028809	-0.000001	1.000027	0.025604	
338	1.000097	-0.000025	-0.094543	0.000025	1.000097	-0.008636	
339	1.000088	0.000004	-0.082886	-0.000004	1.000088	0.037384	
340	1.000303	-0.000009	-0.267883	0.000009	1.000303	0.012848	
341	1.000181	0.000139	-0.185730	-0.000139	1.000181	0.109436	
342	1.000242	0.000050	-0.234497	-0.000050	1.000242	-0.010071	
343	1.000343	-0.000007	-0.367432	0.000007	1.000343	-0.054443	
344	1.000169	0.000115	-0.107910	-0.000115	1.000169	0.038971	
345	1.000175	0.000021	-0.166016	-0.000021	1.000175	0.011200	
346	1.000014	0.000045	-0.001160	-0.000045	1.000014	0.045197	
347	0.999946	0.000064	0.081848	-0.000064	0.999946	0.049591	
348	1.000020	0.000098	0.002319	-0.000098	1.000020	0.104980	
349	1.000682	0.000775	-0.941040	-0.000775	1.000682	0.859772	
350	1.000061	-0.000037	-0.061035	0.000037	1.000061	-0.059631	
351	1.000014	0.000091	-0.006775	-0.000091	1.000014	0.058014	
352	1.000068	-0.000091	-0.070068	0.000091	1.000068	-0.134521	
353	0.999792	-0.000255	0.234985	0.000255	0.999792	-0.273987	
354	1.000069	-0.000099	-0.075684	0.000099	1.000069	-0.145569	
355	1.000117	-0.000179	-0.110046	0.000179	1.000117	-0.233734	
356	1.000091	-0.000456	-0.124817	0.000456	1.000091	-0.453857	
357	1.000268	-0.000101	-0.292236	0.000101	1.000268	-0.157013	
358	1.000054	-0.000062	-0.067627	0.000062	1.000054	-0.038696	
359	1.000473	0.000147	-0.529907	-0.000147	1.000473	0.103210	
360	0.999520	-0.000164	0.569702	0.000164	0.999520	-0.148834	
361	0.999985	0.000021	0.036072	-0.000021	0.999985	0.061066	
362	1.000142	0.000017	-0.150208	-0.000017	1.000142	0.007172	
363	0.999994	0.000197	0.007568	-0.000197	0.999994	0.256958	
364	1.000143	0.000033	-0.135803	-0.000033	1.000143	0.032867	
365	1.000030	-0.000148	-0.043152	0.000148	1.000030	-0.166687	
366	0.999910	-0.000033	0.087830	0.000033	0.999910	-0.016388	
367	1.000016	-0.000010	-0.017944	0.000010	1.000016	-0.011658	
368	0.999916	-0.000010	0.081177	0.000010	0.999916	0.028412	
369	1.000104	-0.000093	-0.123413	0.000093	1.000104	-0.082397	
370	1.000010	-0.000017	-0.017029	0.000017	1.000010	-0.000580	
371	1.000034	-0.000056	-0.041626	0.000056	1.000034	-0.031403	
372	1.000097	-0.000044	-0.096802	0.000044	1.000097	-0.031311	
373	1.000037	-0.000093	-0.029785	0.000093	1.000037	-0.059753	
374	1.000159	0.000037	-0.137268	-0.000037	1.000159	0.026398	
375	1.000048	-0.000001	-0.053955	0.000001	1.000048	-0.039307	
376	0.999964	-0.000130	0.025757	0.000130	0.999964	-0.145599	
377	1.000107	-0.000090	-0.121704	0.000090	1.000107	-0.134247	
378	1.000094	-0.000157	-0.119934	0.000157	1.000094	-0.168213	
379	0.998341	0.000749	1.446472	-0.000749	0.998341	1.061554	
380	0.999971	0.000010	0.030701	-0.000010	0.999971	-0.010529	
381	1.000135	-0.000514	-0.150269	0.000514	1.000135	-0.574890	
382	1.000021	0.000065	-0.023254	-0.000065	1.000021	0.070984	
383	0.999958	-0.000105	0.033386	0.000105	0.999958	-0.111542	
384	1.000095	0.000186	-0.074463	-0.000186	1.000095	0.187286	
385	1.000018	0.000036	-0.033569	-0.000036	1.000018	0.026825	
386	1.001248	0.001392	-1.031067	-0.001392	1.001248	0.594940	
387	0.999292	-0.000421	0.979126	0.000421	0.999292	-0.429092	
388	0.999882	-0.000071	0.164429	0.000071	0.999882	-0.079773	
389	1.000570	0.000850	-0.521118	-0.000850	1.000570	0.478333	
390	1.000019	0.000065	-0.033081	-0.000065	1.000019	0.081055	
391	1.000035	-0.002464	0.411499	0.002464	1.000035	-3.132736	
392	1.000203	-0.000055	-0.206177	0.000055	1.000203	-0.111145	
393	0.999910	0.000004	0.105042	-0.000004	0.999910	0.033813	
394	1.000237	-0.000010	-0.246826	0.000010	1.000237	-0.075348	
395	0.999975	-0.000019	0.039429	0.000019	0.999975	-0.008514	
396	0.999742	-0.000069	0.299927	0.000069	0.999742	-0.031769	
397	1.000003	0.000020	0.001709	-0.000020	1.000003	-0.010651	
398	0.999847	-0.000003	0.131226	0.000003	0.999847	0.038269	
399	1.000005	-0.000054	-0.005676	0.000054	1.000005	-0.078156	
400	0.999915	-0.000233	0.092896	0.000233	0.999915	-0.234985	
401	0.999854	-0.000009	0.154053	0.000009	0.999854	-0.005783	
402	0.999937	0.000025	0.065552	-0.000025	0.999937	0.035797	
403	1.000002	-0.000004	-0.003296	0.000004	1.000002	-0.001312	
404	1.000039	0.000035	-0.048523	-0.000035	1.000039	0.033005	
405	0.999990	-0.000016	0.007080	0.000016	0.999990	-0.009140	
406	0.999962	0.000008	0.045776	-0.000008	0.999962	0.022705	
407	1.000114	-0.000032	-0.118530	0.000032	1.000114	-0.036545	
408	0.999957	0.000069	0.038147	-0.000069	0.999957	0.077789	
409	1.000934	0.003293	-1.246948	-0.003293	1.000934	1.763611	
410	0.999837	-0.000059	0.185120	0.000059	0.999837	-0.065430	
411	0.999919	0.000023	0.083984	-0.000023	0.999919	0.026855	
412	0.999971	0.000098	0.044434	-0.000098	0.999971	0.074951	
413	0.999862	0.000052	0.147705	-0.000052	0.999862	0.068451	
414	1.000042	0.000023	-0.046387	-0.000023	1.000042	0.022552	
415	1.000046	-0.000041	-0.049744	0.000041	1.000046	-0.023773	
416	1.000024	0.000036	-0.028137	-0.000036	1.000024	0.044189	
417	1.000054	0.000047	-0.093811	-0.000047	1.000054	0.037689	
418	0.999879	-0.000074	0.151672	0.000074	0.999879	-0.053497	
419	0.999998	-0.000107	0.027405	0.000107	0.999998	-0.115601	
420	0.999818	-0.000108	0.190125	0.000108	0.999818	-0.076172	
421	1.000039	-0.000054	-0.027710	0.000054	1.000039	-0.058899	
422	1.000084	-0.000040	-0.075806	0.000040	1.000084	-0.052490	
423	0.999875	0.000014	0.106445	-0.000014	0.999875	0.018127	
424	0.999983	0.000037	0.007751	-0.000037	0.999983	0.047409	
425	0.999956	0.000116	0.041565	-0.000116	0.999956	0.136536	
426	0.999979	0.000033	0.024231	-0.000033	0.999979	0.039886	
427	0.999997	-0.000001	-0.002808	0.000001	0.999997	0.007202	
428	0.999935	-0.000080	0.055725	0.000080	0.999935	-0.078247	
429	1.000047	-0.000005	-0.042114	0.000005	1.000047	-0.004150	
430	0.999987	-0.000003	0.017700	0.000003	0.999987	-0.004028	
431	1.000043	0.000020	-0.045593	-0.000020	1.000043	0.018295	
432	0.999959	0.000012	0.044434	-0.000012	0.999959	0.024109	
433	0.999955	0.000029	0.044983	-0.000029	0.999955	0.036621	
434	0.999974	-0.000009	0.021301	0.000009	0.999974	0.005493	
435	0.999789	0.000157	0.225525	-0.000157	0.999789	0.192993	
436	0.999896	-0.000037	0.065369	0.000037	0.999896	-0.061218	
437	0.999019	0.000749	1.204102	-0.000749	0.999019	1.177353	
438	0.999696	0.000228	0.333557	-0.000228	0.999696	0.258026	
439	0.999642	-0.000005	0.402527	0.000005	0.999642	0.011078	
440	0.999839	-0.000040	0.174255	0.000040	0.999839	-0.026367	
441	1.002283	0.005493	-4.119629	-0.005493	1.002283	6.453217	
442	1.002432	0.002006	-3.486694	-0.002006	1.002432	2.034271	
443	1.000010	-0.000034	0.003479	0.000034	1.000010	-0.008881	
444	1.000103	-0.000023	-0.118958	0.000023	1.000103	-0.030945	
445	1.000190	-0.000156	-0.233826	0.000156	1.000190	-0.183136	
446	1.000035	-0.000003	-0.019775	0.000003	1.000035	-0.001160	
447	1.000022	0.000076	-0.026550	-0.000076	1.000022	0.073517	
448	0.999998	0.000020	0.011108	-0.000020	0.999998	0.014709	
449	0.999985	-0.000058	-0.003296	0.000058	0.999985	-0.044281	
450	1.000032	0.000009	-0.043640	-0.000009	1.000032	0.011200	
451	1.000144	-0.001590	0.195129	0.001590	1.000144	-0.902191	
452	1.000128	-0.000048	-0.118469	0.000048	1.000128	-0.042084	
453	1.000004	-0.000052	0.004395	0.000052	1.000004	-0.047333	
454	0.999913	-0.000019	0.100769	0.000019	0.999913	-0.020599	
455	0.999895	-0.000026	0.101379	0.000026	0.999895	-0.029999	
456	1.000036	-0.000159	-0.039551	0.000159	1.000036	-0.166992	
457	0.999952	0.000008	0.045044	-0.000008	0.999952	0.010010	
458	1.000025	-0.000082	-0.035583	0.000082	1.000025	-0.081512	
459	1.000049	-0.000164	-0.046509	0.000164	1.000049	-0.162384	
460	1.000012	-0.000004	-0.001892	0.000004	1.000012	-0.006927	
461	1.000008	0.000135	0.002808	-0.000135	1.000008	0.143585	
462	0.999959	0.000213	0.039917	-0.000213	0.999959	0.232147	
463	0.999944	0.000130	0.071045	-0.000130	0.999944	0.150269	
464	1.000041	0.000097	-0.033813	-0.000097	1.000041	0.097595	
465	0.999985	0.000076	0.025146	-0.000076	0.999985	0.095032	
466	1.000021	0.000254	-0.015015	-0.000254	1.000021	0.270081	
467	1.000062	0.000192	-0.055054	-0.000192	1.000062	0.204987	
468	1.000134	0.000171	-0.131226	-0.000171	1.000134	0.190796	
469	1.000244	0.000165	-0.248108	-0.000165	1.000244	0.166718	
470	1.000106	0.000185	-0.088318	-0.000185	1.000106	0.203796	
471	1.000235	0.000477	-0.248596	-0.000477	1.000235	0.506042	
472	1.000127	0.000239	-0.125488	-0.000239	1.000127	0.280792	
473	1.000099	0.000116	-0.110352	-0.000116	1.000099	0.170868	
474	1.000222	0.000077	-0.228333	-0.000077	1.000222	0.157227	
475	1.000156	0.000113	-0.179077	-0.000113	1.000156	0.176697	
476	0.999988	0.000078	0.005676	-0.000078	0.999988	0.130219	
477	1.000132	-0.000106	-0.146179	0.000106	1.000132	-0.051849	
478	1.000040	0.000032	-0.054504	-0.000032	1.000040	0.092041	
479	1.000126	0.000001	-0.156982	-0.000001	1.000126	0.049255	
480	1.000069	-0.000037	-0.074402	0.000037	1.000069	0.014343	
481	1.000074	-0.000120	-0.079529	0.000120	1.000074	-0.105103	
482	1.000078	-0.000090	-0.062561	0.000090	1.000078	-0.054230	
483	1.000057	-0.000145	-0.036194	0.000145	1.000057	-0.114502	
484	1.000020	0.000103	-0.016602	-0.000103	1.000020	0.175385	
485	1.000152	-0.000099	-0.179993	0.000099	1.000152	-0.043884	
486	0.999968	-0.000152	0.012756	0.000152	0.999968	-0.140045	
487	1.000022	-0.000026	-0.041992	0.000026	1.000022	0.017548	
488	0.999847	-0.000036	0.166626	0.000036	0.999847	-0.017700	
489	0.999906	0.000035	0.101990	-0.000035	0.999906	0.057648	
490	0.999898	0.000075	0.101440	-0.000075	0.999898	0.121704	
491	1.000011	-0.000083	0.012451	0.000083	1.000011	-0.075409	
492	1.000084	-0.000022	-0.083130	0.000022	1.000084	-0.003235	
493	1.000075	0.000018	-0.105896	-0.000018	1.000075	0.066681	
494	0.999949	0.000115	0.017090	-0.000115	0.999949	0.132935	
495	0.999900	0.000154	0.060791	-0.000154	0.999900	0.212555	
496	0.999813	0.000177	0.173096	-0.000177	0.999813	0.208832	
497	0.999951	0.000151	0.034790	-0.000151	0.999951	0.180237	
498	0.999916	0.000241	0.091980	-0.000241	0.999916	0.297974	
499	0.999925	0.000247	0.106506	-0.000247	0.999925	0.279419	
500	0.999931	0.000317	0.102478	-0.000317	0.999931	0.390808	
501	1.000118	0.000251	-0.132080	-0.000251	1.000118	0.296631	
502	1.000031	0.000194	-0.019897	-0.000194	1.000031	0.235046	
503	0.999917	0.000199	0.128479	-0.000199	0.999917	0.237000	
504	1.000025	0.000178	0.001038	-0.000178	1.000025	0.240906	
505	0.999989	0.000164	0.037476	-0.000164	0.999989	0.221069	
506	1.000080	0.000194	-0.066162	-0.000194	1.000080	0.230835	
507	0.999953	0.000151	0.095703	-0.000151	0.999953	0.179504	
508	0.999931	0.000080	0.105408	-0.000080	0.999931	0.099091	
509	0.999963	0.000069	0.082214	-0.000069	0.999963	0.073364	
510	0.999863	0.000115	0.167603	-0.000115	0.999863	0.112610	
511	0.999973	0.000167	0.042847	-0.000167	0.999973	0.165527	
512	0.999932	0.000172	0.058533	-0.000172	0.999932	0.156799	
513	0.999767	0.000329	0.291870	-0.000329	0.999767	0.362488	
514	0.999787	0.000561	0.223694	-0.000561	0.999787	0.502991	
515	0.999740	0.000215	0.291809	-0.000215	0.999740	0.236145	
516	1.000007	-0.000004	-0.005798	0.000004	1.000007	-0.001648	
517	0.999954	0.000093	0.059326	-0.000093	0.999954	0.098206	
518	1.000004	0.000130	-0.000671	-0.000130	1.000004	0.140289	
519	0.999917	0.000158	0.092651	-0.000158	0.999917	0.170258	
520	1.000332	-0.000954	-0.277222	0.000954	1.000332	-1.315002	
521	0.999984	0.000008	0.019775	-0.000008	0.999984	0.005600	
522	1.001786	-0.002848	-1.648315	0.002848	1.001786	-3.961243	
523	1.000068	0.000048	-0.071167	-0.000048	1.000068	0.053619	
524	1.000078	-0.000062	-0.082825	0.000062	1.000078	-0.054688	
525	0.999995	0.000045	0.003296	-0.000045	0.999995	0.037354	
526	1.000154	-0.000234	-0.156860	0.000234	1.000154	-0.258362	
527	1.000140	-0.000080	-0.141113	0.000080	1.000140	-0.090393	
528	1.000090	-0.000075	-0.092651	0.000075	1.000090	-0.089417	
529	1.000000	-0.000050	-0.002747	0.000050	1.000000	-0.063141	
530	0.999990	-0.000087	0.009460	0.000087	0.999990	-0.102448	
531	0.999959	0.000039	0.040710	-0.000039	0.999959	0.035034	
532	0.999489	0.002137	-0.042725	-0.002137	0.999489	1.425568	
533	0.999944	0.000025	0.060852	-0.000025	0.999944	0.015472	
534	0.999917	-0.000047	0.102234	0.000047	0.999917	-0.061646	
535	0.999888	0.000009	0.115234	-0.000009	0.999888	-0.001190	
536	0.999911	0.000056	0.094849	-0.000056	0.999911	0.053345	
537	0.999989	0.000098	0.036011	-0.000098	0.999989	0.101166	
538	0.999956	0.000046	0.065491	-0.000046	0.999956	0.060364	
539	1.000024	0.000293	0.006592	-0.000293	1.000024	0.343109	
540	0.999989	-0.000040	0.028442	0.000040	0.999989	0.023163	
541	0.999997	-0.000175	-0.002991	0.000175	0.999997	-0.176056	
542	1.000109	-0.000002	-0.111877	0.000002	1.000109	-0.078613	
543	0.999860	0.000126	0.133240	-0.000126	0.999860	0.139801	
544	1.000017	0.000052	-0.027161	-0.000052	1.000017	0.017303	
545	0.999853	0.000271	0.155029	-0.000271	0.999853	0.282837	
546	0.999982	-0.000015	0.006592	0.000015	0.999982	-0.000977	
547	1.000112	-0.000028	-0.115356	0.000028	1.000112	-0.057068	
548	0.999739	0.000088	0.288513	-0.000088	0.999739	0.093170	
549	1.000427	-0.000005	-0.530273	0.000005	1.000427	-0.039948	
550	0.999803	-0.000195	0.239258	0.000195	0.999803	-0.171539	
551	0.999347	-0.000400	0.898804	0.000400	0.999347	-0.413971	
552	1.000000	-0.000045	-0.007385	0.000045	1.000000	-0.032349	
553	0.999854	0.000068	0.169983	-0.000068	0.999854	0.074799	
554	0.999904	0.000282	0.102173	-0.000282	0.999904	0.299042	
555	0.999902	0.000068	0.098267	-0.000068	0.999902	0.085999	
556	0.999941	0.000007	0.053528	-0.000007	0.999941	0.008820	
557	1.000424	-0.000010	-0.504028	0.000010	1.000424	-0.067505	
558	1.000011	-0.000034	-0.021851	0.000034	1.000011	-0.031036	
559	0.999999	0.000019	-0.002441	-0.000019	0.999999	0.019775	
560	0.999861	-0.000071	0.143799	0.000071	0.999861	-0.085052	
561	0.993185	0.001007	7.779297	-0.001007	0.993185	2.887756	
562	0.999850	-0.000073	0.153809	0.000073	0.999850	-0.099091	
563	0.999885	-0.000167	0.115845	0.000167	0.999885	-0.143890	
564	0.999999	-0.000023	-0.013367	0.000023	0.999999	-0.058777	
565	0.999917	-0.000038	0.088501	0.000038	0.999917	-0.009918	
566	0.999957	-0.000017	0.041443	0.000017	0.999957	-0.016724	
567	1.000197	-0.000001	-0.201843	0.000001	1.000197	-0.007172	
568	0.999805	0.000015	0.196960	-0.000015	0.999805	0.096497	
569	1.000114	0.000069	-0.116516	-0.000069	1.000114	0.034668	
570	0.999863	-0.000076	0.120056	0.000076	0.999863	-0.011047	
571	0.999063	-0.000711	1.425415	0.000711	0.999063	-0.811127	
572	0.999859	0.000046	0.142578	-0.000046	0.999859	0.087769	
573	0.999928	-0.000000	0.069702	0.000000	0.999928	0.022217	
574	1.000008	-0.000021	-0.002380	0.000021	1.000008	-0.032959	
575	0.999988	0.000008	0.010864	-0.000008	0.999988	0.022827	
576	1.000033	-0.000065	-0.039062	0.000065	1.000033	-0.068787	
577	1.000060	-0.000082	-0.070679	0.000082	1.000060	-0.083557	
578	1.000041	-0.000021	-0.045776	0.000021	1.000041	-0.013702	
579	1.000090	-0.000077	-0.101562	0.000077	1.000090	-0.073334	
580	1.000031	-0.000065	-0.037109	0.000065	1.000031	-0.062073	
581	1.000003	-0.000035	-0.002747	0.000035	1.000003	-0.025696	
582	1.000036	-0.000038	-0.039368	0.000038	1.000036	-0.035873	
583	1.000060	-0.000130	-0.068298	0.000130	1.000060	-0.138031	
584	1.000001	0.000013	-0.000854	-0.000013	1.000001	0.017273	
585	1.000015	0.000001	-0.014099	-0.000001	1.000015	0.013519	
586	0.999963	-0.000005	0.057312	0.000005	0.999963	0.005066	
587	0.999999	-0.000016	-0.006592	0.000016	0.999999	-0.024445	
588	0.999870	0.000069	0.135376	-0.000069	0.999870	0.083557	
589	0.999958	0.000138	0.047791	-0.000138	0.999958	0.127701	
590	0.999924	-0.000015	0.084045	0.000015	0.999924	-0.026581	
591	0.999980	0.000016	0.023743	-0.000016	0.999980	0.021118	
592	0.999981	0.000062	0.018555	-0.000062	0.999981	0.061234	
593	0.999962	0.000108	0.039490	-0.000108	0.999962	0.111298	
594	0.999982	0.000142	0.020325	-0.000142	0.999982	0.140991	
595	1.000009	0.000097	-0.008606	-0.000097	1.000009	0.097687	
596	1.000008	0.000019	-0.009949	-0.000019	1.000008	0.012329	
597	1.000080	-0.000027	-0.086914	0.000027	1.000080	-0.038712	
598	1.000070	-0.000027	-0.080505	0.000027	1.000070	-0.028152	
599	1.000113	0.000037	-0.105896	-0.000037	1.000113	0.028473	
600	1.000053	-0.000008	-0.066772	0.000008	1.000053	0.002136	
601	1.000082	-0.000066	-0.078186	0.000066	1.000082	-0.102264	
602	1.000118	-0.000184	-0.113708	0.000184	1.000118	-0.207306	
603	0.999882	-0.000003	0.111084	0.000003	0.999882	0.013062	
604	1.000010	-0.000177	-0.009521	0.000177	1.000010	-0.202240	
605	1.000031	0.000032	-0.046997	-0.000032	1.000031	0.026031	
606	1.000158	-0.000029	-0.155640	0.000029	1.000158	-0.033081	
607	1.000114	-0.000073	-0.120300	0.000073	1.000114	-0.076813	
608	1.000033	0.000062	-0.026001	-0.000062	1.000033	0.085175	
609	1.000041	0.000051	-0.015747	-0.000051	1.000041	0.088776	
610	0.999963	0.000164	0.077209	-0.000164	0.999963	0.207855	
611	0.999994	0.000050	0.019531	-0.000050	0.999994	0.091858	
612	1.000002	-0.000060	-0.009033	0.000060	1.000002	-0.014832	
613	1.000024	0.000100	-0.031555	-0.000100	1.000024	0.181854	
614	1.000041	0.000045	-0.054382	-0.000045	1.000041	0.122681	
615	1.000067	-0.000018	-0.103027	0.000018	1.000067	0.054932	
616	0.999954	-0.000056	0.039246	0.000056	0.999954	0.015747	
617	0.999965	-0.000023	0.067932	0.000023	0.999965	0.004791	
618	0.999854	-0.000077	0.125183	0.000077	0.999854	-0.034576	
619	0.999834	-0.000039	0.122131	0.000039	0.999834	0.004486	
620	0.999842	-0.000024	0.127258	0.000024	0.999842	0.026794	
621	0.999831	0.000010	0.125061	-0.000010	0.999831	0.060638	
622	0.999826	-0.000026	0.177856	0.000026	0.999826	0.044678	
623	0.999809	-0.000021	0.184448	0.000021	0.999809	0.058380	
624	0.999797	-0.000017	0.174377	0.000017	0.999797	0.077728	
625	0.999745	-0.000020	0.222412	0.000020	0.999745	0.049377	
626	0.999700	0.000057	0.304016	-0.000057	0.999700	0.101532	
627	0.999935	0.000145	0.075806	-0.000145	0.999935	0.156647	
628	0.999779	0.000150	0.281799	-0.000150	0.999779	0.165527	
629	0.999948	-0.000025	0.065430	0.000025	0.999948	-0.018402	
630	0.999959	0.000151	0.082092	-0.000151	0.999959	0.183990	
631	0.999962	-0.000068	0.038269	0.000068	0.999962	-0.071259	
632	1.000010	-0.000006	-0.014099	0.000006	1.000010	-0.008514	
633	0.999910	0.000102	0.098999	-0.000102	0.999910	0.109421	
634	0.999986	0.000046	0.014771	-0.000046	0.999986	0.050095	
635	0.999955	0.000031	0.053223	-0.000031	0.999955	0.029175	
636	1.000011	0.000054	-0.008972	-0.000054	1.000011	0.059250	
637	0.999969	0.000005	0.032715	-0.000005	0.999969	0.006287	
638	1.000027	-0.000105	-0.027649	0.000105	1.000027	-0.110794	
639	1.000019	-0.000025	-0.019775	0.000025	1.000019	-0.027969	
640	0.999997	-0.000041	0.002686	0.000041	0.999997	-0.044434	
641	0.999993	-0.000017	0.007690	0.000017	0.999993	-0.018692	
642	1.000007	0.000001	-0.009766	-0.000001	1.000007	-0.000626	
643	1.000015	-0.000016	-0.017273	0.000016	1.000015	-0.012726	
644	1.000038	-0.000006	-0.042358	0.000006	1.000038	-0.007812	
645	0.999965	-0.000071	0.037170	0.000071	0.999965	-0.078400	
646	0.999966	-0.000043	0.030884	0.000043	0.999966	-0.052658	
647	1.000009	-0.000039	-0.005188	0.000039	1.000009	-0.045059	
648	0.999959	-0.000080	0.043213	0.000080	0.999959	-0.083328	
649	1.000196	-0.000068	-0.204163	0.000068	1.000196	-0.076645	
650	0.999970	0.000044	0.033203	-0.000044	0.999970	0.048279	
651	1.000066	-0.000013	-0.066223	0.000013	1.000066	-0.031921	
652	0.999997	-0.000010	-0.000610	0.000010	0.999997	-0.007492	
653	0.999841	-0.000014	0.174805	0.000014	0.999841	0.025848	
654	1.000132	-0.000034	-0.150391	0.000034	1.000132	-0.068817	
655	0.999901	-0.000067	0.096069	0.000067	0.999901	-0.037079	
656	1.000063	0.000007	-0.062622	-0.000007	1.000063	-0.024872	
657	0.999960	0.000034	0.051575	-0.000034	0.999960	0.050690	
658	0.999890	-0.000006	0.082581	0.000006	0.999890	0.044724	
659	0.999991	0.000071	0.019775	-0.000071	0.999991	0.060547	
660	0.999969	-0.000004	0.024719	0.000004	0.999969	0.002808	
661	1.000034	-0.000075	-0.033325	0.000075	1.000034	-0.080261	
662	1.000028	0.000033	-0.027954	-0.000033	1.000028	0.038239	
663	1.000040	-0.000023	-0.049194	0.000023	1.000040	-0.012878	
664	1.000096	-0.000183	-0.105713	0.000183	1.000096	-0.191132	
665	1.000101	-0.000037	-0.094116	0.000037	1.000101	-0.027863	
666	1.000304	-0.000104	-0.318909	0.000104	1.000304	-0.098389	
667	1.000434	0.000134	-0.477722	-0.000134	1.000434	0.148804	
668	1.000121	-0.000039	-0.122253	0.000039	1.000121	-0.052490	
669	1.000131	-0.000063	-0.128113	0.000063	1.000131	-0.078491	
670	1.000187	-0.000126	-0.193298	0.000126	1.000187	-0.155487	
671	1.000188	-0.000060	-0.179565	0.000060	1.000188	-0.097809	
672	1.000113	-0.000112	-0.151428	0.000112	1.000113	-0.132385	
673	0.999970	0.000002	0.056763	-0.000002	0.999970	0.027130	
674	0.999984	0.000065	0.008911	-0.000065	0.999984	0.042511	
675	0.999717	0.000065	0.297852	-0.000065	0.999717	0.067719	
676	0.999955	0.000066	0.043213	-0.000066	0.999955	0.036377	
677	0.999955	-0.000019	0.038696	0.000019	0.999955	-0.031311	
678	0.999837	0.000057	0.173096	-0.000057	0.999837	0.078674	
679	1.000034	0.000027	-0.032104	-0.000027	1.000034	0.010040	
680	0.999916	-0.000012	0.083618	0.000012	0.999916	0.009033	
681	1.000187	0.000020	-0.169434	-0.000020	1.000187	0.009583	
682	1.000023	-0.000047	-0.034790	0.000047	1.000023	-0.032776	
683	1.000083	0.000072	-0.064331	-0.000072	1.000083	0.137115	
684	1.000123	0.000086	-0.122375	-0.000086	1.000123	0.078308	
685	1.000388	-0.001307	-0.305542	0.001307	1.000388	-1.807129	
686	1.000009	-0.000107	-0.019531	0.000107	1.000009	-0.115265	
687	0.999924	0.000088	0.078796	-0.000088	0.999924	0.090836	
688	0.999904	0.000065	0.099548	-0.000065	0.999904	0.069244	
689	1.000004	0.000085	-0.013916	-0.000085	1.000004	0.085571	
690	0.999969	0.000069	0.032959	-0.000069	0.999969	0.069550	
691	1.000033	0.000058	-0.031921	-0.000058	1.000033	0.056641	
692	1.000047	0.000038	-0.048828	-0.000038	1.000047	0.019638	
693	0.999809	0.000056	0.186462	-0.000056	0.999809	0.079407	
694	1.000046	0.000047	-0.031982	-0.000047	1.000046	0.028687	
695	0.999983	0.000013	0.027954	-0.000013	0.999983	0.009430	
696	1.000080	-0.000011	-0.074341	0.000011	1.000080	-0.029205	
697	1.000008	0.000012	-0.011108	-0.000012	1.000008	-0.007828	
698	0.999884	0.000018	0.122681	-0.000018	0.999884	0.023651	
699	1.000018	0.000066	-0.023438	-0.000066	1.000018	0.055450	
700	1.000013	-0.000027	-0.012695	0.000027	1.000013	-0.023636	
701	1.000108	-0.000105	-0.113342	0.000105	1.000108	-0.107697	
702	1.000022	-0.000105	-0.023865	0.000105	1.000022	-0.108856	
703	1.000064	0.000067	-0.082642	-0.000067	1.000064	0.062042	
704	1.000087	0.000067	-0.108826	-0.000067	1.000087	0.063904	
705	0.999962	0.000047	0.034241	-0.000047	0.999962	0.048553	
706	1.002949	-0.003297	-2.917358	0.003297	1.002949	-4.691223	
707	1.000015	0.000008	-0.024414	-0.000008	1.000015	0.017792	
708	1.003649	0.001075	-4.796387	-0.001075	1.003649	0.552216	
709	1.000127	0.000109	-0.130432	-0.000109	1.000127	0.117035	
710	0.999920	0.000119	0.086670	-0.000119	0.999920	0.160950	
711	1.000189	-0.000016	-0.199768	0.000016	1.000189	-0.032135	
712	1.000002	0.000076	-0.009094	-0.000076	1.000002	0.071686	
713	0.999833	0.000148	0.167908	-0.000148	0.999833	0.182617	
714	1.000029	0.000024	-0.020081	-0.000024	1.000029	-0.006561	
715	0.997656	-0.002900	3.576904	0.002900	0.997656	-3.334763	
716	0.999924	0.000092	0.088501	-0.000092	0.999924	0.073456	
717	1.000108	-0.000002	-0.085999	0.000002	1.000108	-0.030243	
718	1.000011	0.000065	-0.009155	-0.000065	1.000011	0.078735	
719	1.000016	-0.000054	-0.012329	0.000054	1.000016	-0.094025	
720	1.000056	-0.000075	-0.022522	0.000075	1.000056	-0.081146	
721	0.999989	-0.000142	0.013977	0.000142	0.999989	-0.144012	
722	0.999998	-0.000074	-0.013672	0.000074	0.999998	-0.077362	
723	1.000027	-0.000104	-0.047302	0.000104	1.000027	-0.090118	
724	1.000064	-0.000087	-0.075806	0.000087	1.000064	-0.089783	
725	1.000020	-0.000120	-0.026978	0.000120	1.000020	-0.119049	
726	1.000046	-0.000082	-0.075684	0.000082	1.000046	-0.086090	
727	0.999984	-0.000073	-0.006226	0.000073	0.999984	-0.079376	
728	0.999742	-0.000765	-2.643982	0.000765	0.999742	0.659973	
729	1.000128	-0.000208	-0.118164	0.000208	1.000128	-0.228180	
730	0.999941	-0.000456	0.023193	0.000456	0.999941	-0.358765	
731	1.000095	-0.000308	-0.102600	0.000308	1.000095	-0.315582	
732	1.000091	-0.000096	-0.101562	0.000096	1.000091	-0.094971	
733	1.000103	-0.000096	-0.106873	0.000096	1.000103	-0.064087	
734	1.000043	-0.000088	-0.073120	0.000088	1.000043	-0.117554	
735	0.999876	-0.000145	0.100891	0.000145	0.999876	-0.172089	
736	0.999920	-0.000195	0.085388	0.000195	0.999920	-0.255463	
737	0.999877	-0.000066	0.120361	0.000066	0.999877	-0.065155	
738	1.000010	0.000035	-0.013611	-0.000035	1.000010	0.016296	
739	1.000091	0.000083	-0.102722	-0.000083	1.000091	0.074860	
740	1.000452	0.002113	-0.957397	-0.002113	1.000452	2.992950	
741	1.000214	-0.000050	-0.189941	0.000050	1.000214	-0.044983	
742	0.999921	0.000140	0.086182	-0.000140	0.999921	0.187042	
743	1.000053	0.000057	-0.049377	-0.000057	1.000053	0.058441	
744	0.999741	0.000478	0.253906	-0.000478	0.999741	0.487610	
745	0.999909	0.000080	0.095947	-0.000080	0.999909	0.090591	
746	0.999967	0.000019	0.033447	-0.000019	0.999967	0.024963	
747	0.999974	-0.000001	0.030945	0.000001	0.999974	0.003876	
748	0.999985	-0.000043	0.023438	0.000043	0.999985	-0.035995	
749	1.000009	0.000024	-0.015015	-0.000024	1.000009	0.019684	
750	0.999948	0.000078	0.055725	-0.000078	0.999948	0.096222	
751	1.000063	0.000077	-0.069946	-0.000077	1.000063	0.065948	
752	1.000070	-0.000031	-0.063416	0.000031	1.000070	-0.017975	
753	0.999978	0.000056	0.014282	-0.000056	0.999978	0.067230	
754	1.000208	-0.000027	-0.210510	0.000027	1.000208	-0.039398	
755	0.999887	0.000096	0.127319	-0.000096	0.999887	0.103180	
756	1.000236	0.000106	-0.252258	-0.000106	1.000236	0.102600	
757	1.000033	-0.000060	-0.049561	0.000060	1.000033	-0.087646	
758	1.000182	0.000049	-0.190247	-0.000049	1.000182	0.056976	
759	1.000270	-0.000034	-0.281189	0.000034	1.000270	-0.051331	
760	1.000175	0.000028	-0.228088	-0.000028	1.000175	0.047852	
761	1.000233	0.000016	-0.175659	-0.000016	1.000233	0.034302	
762	0.999920	0.000121	0.075012	-0.000121	0.999920	0.161530	
763	0.999945	0.000027	0.032349	-0.000027	0.999945	0.034088	
764	0.999935	0.000038	0.056458	-0.000038	0.999935	0.083038	
765	1.000025	-0.000128	-0.037231	0.000128	1.000025	-0.079193	
766	1.000040	-0.000134	-0.016968	0.000134	1.000040	-0.071167	
767	1.000145	-0.000313	-0.198486	0.000313	1.000145	-0.348480	
768	0.999817	-0.000348	0.187683	0.000348	0.999817	-0.382385	
769	0.999995	-0.000013	0.000122	0.000013	0.999995	-0.037415	
770	1.000055	-0.000276	-0.075073	0.000276	1.000055	-0.298096	
771	1.000014	0.000068	-0.029297	-0.000068	1.000014	0.060425	
772	1.000048	0.000035	-0.052979	-0.000035	1.000048	0.028351	
773	1.000146	-0.000013	-0.141907	0.000013	1.000146	-0.014221	
774	1.000015	-0.000032	-0.008362	0.000032	1.000015	-0.027679	
775	1.000187	-0.000278	-0.174133	0.000278	1.000187	-0.313141	
776	0.999724	0.000010	0.241028	-0.000010	0.999724	0.024323	
777	0.999779	0.000112	0.216614	-0.000112	0.999779	0.097626	
778	0.999954	0.000010	0.046570	-0.000010	0.999954	0.008331	
779	0.999906	-0.000115	0.091187	0.000115	0.999906	-0.124695	
780	0.999939	-0.000057	0.062378	0.000057	0.999939	-0.052322	
781	0.999967	-0.000001	0.026917	0.000001	0.999967	0.010712	
782	1.000051	0.000153	-0.054382	-0.000153	1.000051	0.160034	
783	1.000047	-0.000027	-0.047729	0.000027	1.000047	-0.018234	
784	0.999868	-0.000293	0.139282	0.000293	0.999868	-0.247925	
785	0.999908	-0.000020	0.084961	0.000020	0.999908	-0.003326	
786	0.999758	-0.000065	0.215576	0.000065	0.999758	-0.037262	
787	1.000033	-0.000091	-0.041016	0.000091	1.000033	-0.100540	
788	0.999968	-0.000003	0.026672	0.000003	0.999968	0.003845	
789	1.000047	0.000026	-0.047302	-0.000026	1.000047	0.014801	
790	0.999981	0.000007	0.015686	-0.000007	0.999981	0.019287	
791	1.000109	0.000035	-0.107483	-0.000035	1.000109	0.016785	
792	1.000009	0.000042	-0.017700	-0.000042	1.000009	0.072968	
793	1.002048	0.000818	-1.490723	-0.000818	1.002048	0.046051	
794	1.000020	0.000050	-0.032104	-0.000050	1.000020	0.015289	
795	1.000020	0.000050	-0.032104	-0.000050	1.000020	0.015289	
796	1.000040	0.000061	-0.043213	-0.000061	1.000040	0.027954	
797	0.999865	-0.000056	0.103088	0.000056	0.999865	-0.034912	
798	0.999407	0.000139	0.680054	-0.000139	0.999407	0.267593	
799	1.000070	-0.000015	-0.077515	0.000015	1.000070	-0.035110	
800	0.999641	-0.000130	0.464966	0.000130	0.999641	-0.086029	
801	0.999954	0.000104	0.049438	-0.000104	0.999954	0.118683	
802	1.000222	0.001185	-0.313721	-0.001185	1.000222	0.690826	
803	0.999956	-0.000024	0.050110	0.000024	0.999956	-0.022659	
804	1.000090	-0.000048	-0.100525	0.000048	1.000090	-0.053207	
805	1.000379	-0.001585	-0.221924	0.001585	1.000379	-2.072754	
806	1.000057	-0.000023	-0.063049	0.000023	1.000057	-0.027603	
807	1.000102	-0.000086	-0.107483	0.000086	1.000102	-0.080414	
808	1.000136	-0.000081	-0.144165	0.000081	1.000136	-0.090973	
809	1.000211	-0.000214	-0.209106	0.000214	1.000211	-0.227142	
810	0.999794	-0.000034	0.187622	0.000034	0.999794	-0.023895	
811	0.999885	-0.000049	0.109375	0.000049	0.999885	-0.059174	
812	0.999397	0.000486	0.374939	-0.000486	0.999397	0.433380	
813	1.000045	-0.000021	-0.035706	0.000021	1.000045	-0.019455	
814	0.999991	-0.000279	0.011841	0.000279	0.999991	-0.254425	
815	1.000006	0.000008	0.001465	-0.000008	1.000006	0.017914	
816	1.000129	0.000026	-0.143005	-0.000026	1.000129	0.013519	
817	1.000046	0.000057	-0.049194	-0.000057	1.000046	0.069031	
818	1.000046	0.000057	-0.049194	-0.000057	1.000046	0.069031	
819	0.999989	-0.000010	0.012146	0.000010	0.999989	-0.037659	
820	0.999942	-0.000052	0.045349	0.000052	0.999942	-0.054718	
821	0.999948	-0.000061	0.050354	0.000061	0.999948	-0.070221	
822	0.999911	-0.000010	0.089355	0.000010	0.999911	-0.012833	
823	0.999911	-0.000010	0.089355	0.000010	0.999911	-0.012833	
824	0.999987	0.000025	0.008789	-0.000025	0.999987	0.021088	
825	1.000196	-0.000007	-0.190613	0.000007	1.000196	-0.018524	
826	1.000239	0.000010	-0.258789	-0.000010	1.000239	-0.002777	
827	1.000095	0.000040	-0.105652	-0.000040	1.000095	0.024414	
828	1.000242	-0.000048	-0.237183	0.000048	1.000242	-0.078400	
829	0.999926	0.000074	0.085693	-0.000074	0.999926	0.108765	
830	0.999963	-0.000040	0.031738	0.000040	0.999963	0.016235	
831	0.999986	0.000031	0.041565	-0.000031	0.999986	0.046906	
832	1.000415	0.000195	-0.476196	-0.000195	1.000415	0.220673	
833	0.999938	0.000003	0.068848	-0.000003	0.999938	-0.008026	
834	0.999983	0.000082	-0.032898	-0.000082	0.999983	0.102356	
835	1.000097	-0.000483	-0.088989	0.000483	1.000097	-0.446442	
836	1.000173	-0.000060	-0.163879	0.000060	1.000173	-0.071686	
837	1.000084	-0.000189	-0.072510	0.000189	1.000084	-0.143341	
838	0.999985	-0.000037	0.022766	0.000037	0.999985	-0.044830	
839	1.000095	-0.000067	-0.106445	0.000067	1.000095	-0.096039	
840	1.000139	0.000023	-0.155579	-0.000023	1.000139	0.030609	
841	1.000019	-0.000087	0.012268	0.000087	1.000019	-0.066376	
842	0.999991	-0.000057	0.029907	0.000057	0.999991	-0.058563	
843	1.000005	0.000047	0.003906	-0.000047	1.000005	0.035950	
844	1.000096	0.000012	-0.103333	-0.000012	1.000096	0.001038	
845	0.999967	-0.000062	0.035034	0.000062	0.999967	-0.070953	
846	0.999912	0.000024	0.081726	-0.000024	0.999912	0.021698	
847	0.999943	-0.000003	0.061951	0.000003	0.999943	-0.002808	
848	0.999915	0.000020	0.094299	-0.000020	0.999915	0.021591	
849	1.000004	0.000014	-0.010071	-0.000014	1.000004	0.014404	
850	1.000019	0.000012	-0.025452	-0.000012	1.000019	0.016571	
851	0.999932	0.000074	0.066345	-0.000074	0.999932	0.084717	
852	1.000011	0.000036	-0.009705	-0.000036	1.000011	0.046875	
853	0.999985	-0.000067	0.016235	0.000067	0.999985	-0.053253	
854	1.000184	-0.000069	-0.186707	0.000069	1.000184	-0.068634	
855	1.000057	-0.000050	-0.079285	0.000050	1.000057	-0.057495	
856	1.000122	-0.000025	-0.153564	0.000025	1.000122	-0.050751	
857	1.000141	0.000076	-0.177979	-0.000076	1.000141	0.081573	
858	1.000099	0.000034	-0.112183	-0.000034	1.000099	0.021759	
859	1.000119	0.000055	-0.121216	-0.000055	1.000119	0.063965	
860	1.000020	0.000243	-0.038391	-0.000243	1.000020	0.329651	
861	1.001715	0.001577	-2.465759	-0.001577	1.001715	1.846252	
862	0.999975	0.000242	-0.021179	-0.000242	0.999975	0.343414	
863	1.000111	0.000053	-0.090393	-0.000053	1.000111	0.051605	
864	1.000189	0.000005	-0.185913	-0.000005	1.000189	0.048676	
865	1.000124	-0.000131	-0.096497	0.000131	1.000124	-0.051605	
866	1.000103	-0.000011	-0.094971	0.000011	1.000103	-0.000092	
867	0.999989	-0.000012	0.003052	0.000012	0.999989	0.006927	
868	0.999946	-0.000054	0.040466	0.000054	0.999946	-0.069366	
869	0.999941	-0.000058	0.052734	0.000058	0.999941	-0.049927	
870	0.999760	-0.000058	0.244507	0.000058	0.999760	-0.007965	
871	0.999966	0.000007	0.026917	-0.000007	0.999966	0.019257	
872	0.999928	-0.000043	0.085999	0.000043	0.999928	-0.024231	
873	0.999928	-0.000043	0.085999	0.000043	0.999928	-0.024231	
874	1.000095	-0.000051	-0.072510	0.000051	1.000095	-0.030640	
875	0.999981	-0.000216	0.000122	0.000216	0.999981	-0.219696	
876	1.000082	0.000002	-0.067566	-0.000002	1.000082	0.003723	
877	0.999862	0.000046	0.143433	-0.000046	0.999862	0.072479	
878	0.999945	-0.000016	0.054504	0.000016	0.999945	-0.007233	
879	1.000046	-0.000029	-0.051697	0.000029	1.000046	-0.042603	
880	1.000907	0.000989	-1.330200	-0.000989	1.000907	1.080856	
881	1.000111	0.000075	-0.121704	-0.000075	1.000111	0.065491	
882	0.999986	0.000040	0.014160	-0.000040	0.999986	0.035217	
883	1.000034	-0.000137	-0.038940	0.000137	1.000034	-0.133224	
884	1.000585	0.001588	-1.030029	-0.001588	1.000585	2.119720	
885	1.000055	0.000089	-0.042358	-0.000089	1.000055	0.086456	
886	1.000046	-0.000002	-0.046143	0.000002	1.000046	-0.018890	
887	1.000078	-0.000070	-0.073975	0.000070	1.000078	-0.089325	
888	1.000055	0.000031	-0.048523	-0.000031	1.000055	0.025421	
889	1.000119	-0.000105	-0.125793	0.000105	1.000119	-0.097870	
890	1.002267	0.000376	-2.809814	-0.000376	1.002267	-0.042511	
891	1.000252	0.000011	-0.273254	-0.000011	1.000252	-0.014740	
892	0.999972	-0.000074	0.034729	0.000074	0.999972	-0.037354	
893	1.000057	0.000019	-0.067993	-0.000019	1.000057	0.009277	
894	0.999509	-0.001717	0.946655	0.001717	0.999509	-2.194611	
895	0.999932	0.000019	0.082520	-0.000019	0.999932	0.034424	
896	1.000004	-0.000014	0.007996	0.000014	1.000004	-0.026398	
897	0.999832	-0.000029	0.195374	0.000029	0.999832	-0.003143	
898	1.000132	-0.000039	-0.153320	0.000039	1.000132	-0.080566	
899	1.000121	0.000099	-0.137085	-0.000099	1.000121	0.122070	
900	1.004154	0.001391	-2.834595	-0.001391	1.004154	0.122681	
901	1.000105	0.000129	-0.118530	-0.000129	1.000105	0.134521	
902	1.000664	0.000066	-0.789612	-0.000066	1.000664	0.097107	
903	1.000310	-0.000122	-0.440918	0.000122	1.000310	-0.149902	
904	0.999463	-0.002076	1.058838	0.002076	0.999463	-2.394226	
905	0.999962	-0.000072	0.044739	0.000072	0.999962	-0.040558	
906	1.000054	-0.000108	-0.072937	0.000108	1.000054	-0.123810	
907	1.000097	0.000004	-0.099915	-0.000004	1.000097	0.007629	
908	1.000117	-0.000069	-0.124084	0.000069	1.000117	-0.076569	
909	1.000191	-0.000011	-0.217468	0.000011	1.000191	-0.012695	
910	1.000306	-0.000398	-0.346436	0.000398	1.000306	-0.385834	
911	1.000011	-0.000114	-0.015747	0.000114	1.000011	-0.138947	
912	0.999765	-0.000055	0.224670	0.000055	0.999765	-0.030975	
913	0.999942	0.000034	0.066833	-0.000034	0.999942	0.013184	
914	0.999815	0.000172	0.193787	-0.000172	0.999815	0.197754	
915	1.000014	0.000005	-0.018738	-0.000005	1.000014	0.016449	
916	1.000006	0.000036	-0.002808	-0.000036	1.000006	0.011444	
917	0.999907	0.000051	0.097290	-0.000051	0.999907	0.088684	
918	1.000456	0.000486	-0.544739	-0.000486	1.000456	0.560455	
919	0.999986	-0.000020	0.020386	0.000020	0.999986	0.001526	
920	1.000119	0.000229	-0.085999	-0.000229	1.000119	0.233826	
921	1.000179	0.000050	-0.150452	-0.000050	1.000179	0.018005	
922	1.000001	0.000096	0.036255	-0.000096	1.000001	0.070709	
923	1.000084	0.000064	-0.062622	-0.000064	1.000084	0.061737	
924	0.999997	0.000113	-0.008057	-0.000113	0.999997	0.134705	
925	1.002430	0.002756	-3.711548	-0.002756	1.002430	2.962769	
926	1.000455	0.000144	-0.551453	-0.000144	1.000455	0.137024	
927	1.000527	-0.000220	-0.672424	0.000220	1.000527	-0.163940	
928	1.000539	-0.000215	-0.616028	0.000215	1.000539	-0.203827	
929	1.003484	-0.000841	-3.087219	0.000841	1.003484	-1.221130	
930	0.999675	-0.001164	0.443542	0.001164	0.999675	-0.648743	
931	0.999938	-0.000423	0.110229	0.000423	0.999938	-0.430511	
932	0.999901	-0.000015	0.104370	0.000015	0.999901	0.010498	
933	0.999912	0.000017	0.089661	-0.000017	0.999912	-0.032928	
934	0.999868	-0.000028	0.153442	0.000028	0.999868	-0.009796	
935	0.999783	-0.000105	0.224854	0.000105	0.999783	-0.088989	
936	0.999693	-0.000256	0.363281	0.000256	0.999693	-0.287384	
937	0.999880	-0.000073	0.148560	0.000073	0.999880	-0.095398	
938	1.000066	-0.000073	-0.072083	0.000073	1.000066	-0.107880	
939	0.998830	0.000442	1.444092	-0.000442	0.998830	0.746277	
940	1.000099	-0.000055	-0.085815	0.000055	1.000099	-0.046814	
941	1.000581	-0.000368	-0.429565	0.000368	1.000581	-0.390808	
942	1.000046	0.000066	-0.043701	-0.000066	1.000046	0.082550	
943	1.000174	0.000039	-0.200378	-0.000039	1.000174	0.039520	
944	1.000020	-0.000060	0.006042	0.000060	1.000020	-0.055328	
945	1.000052	-0.000158	-0.023071	0.000158	1.000052	-0.130493	
946	0.999995	0.000019	-0.002136	-0.000019	0.999995	0.012604	
947	0.999987	0.000170	0.015381	-0.000170	0.999987	0.185211	
948	1.000075	-0.000096	-0.057190	0.000096	1.000075	-0.115814	
949	1.000775	-0.000316	-0.942017	0.000316	1.000775	-0.524323	
950	0.999893	0.000046	0.113647	-0.000046	0.999893	0.055725	
951	0.999906	-0.000013	0.101624	0.000013	0.999906	-0.013397	
952	0.999920	-0.000019	0.086243	0.000019	0.999920	-0.012878	
953	0.999934	-0.000026	0.076843	0.000026	0.999934	-0.024078	
954	0.999955	-0.000058	0.062317	0.000058	0.999955	-0.068451	
955	0.999993	-0.000033	0.004211	0.000033	0.999993	-0.016907	
956	1.000106	-0.000000	-0.110291	0.000000	1.000106	-0.009125	
957	1.000106	-0.000000	-0.110291	0.000000	1.000106	-0.009125	
958	0.999910	-0.000271	0.149536	0.000271	0.999910	-0.322800	
959	1.000009	-0.000093	-0.005920	0.000093	1.000009	-0.087723	
960	0.999927	-0.000046	0.071777	0.000046	0.999927	-0.040466	
961	1.000076	-0.000030	-0.076782	0.000030	1.000076	-0.061646	
962	0.999860	-0.000005	0.147766	0.000005	0.999860	0.032089	
963	0.999860	-0.000005	0.147766	0.000005	0.999860	0.032089	
964	0.999975	0.000016	0.026550	-0.000016	0.999975	0.021179	
965	0.999933	-0.000022	0.071716	0.000022	0.999933	-0.010757	
966	0.999999	-0.000004	0.001160	0.000004	0.999999	-0.005783	
967	1.000001	-0.000067	0.003235	0.000067	1.000001	-0.046722	
968	0.999982	0.000016	0.023865	-0.000016	0.999982	0.020660	
969	1.000040	-0.000026	-0.031799	0.000026	1.000040	-0.060455	
970	0.999880	-0.000109	0.120911	0.000109	0.999880	-0.097168	
971	0.999894	0.000004	0.103149	-0.000004	0.999894	0.011322	
972	0.999962	-0.000005	0.043335	0.000005	0.999962	0.005219	
973	0.999958	-0.000009	0.020813	0.000009	0.999958	0.010635	
974	1.000018	0.000015	-0.016602	-0.000015	1.000018	0.016449	
975	0.999921	-0.000056	0.087158	0.000056	0.999921	-0.039841	
976	1.000044	0.000009	-0.034424	-0.000009	1.000044	0.004608	
977	0.999955	0.000048	0.043518	-0.000048	0.999955	0.054779	
978	1.000001	-0.000018	-0.004272	0.000018	1.000001	-0.025818	
979	0.999924	-0.000074	0.087708	0.000074	0.999924	-0.091766	
980	0.999976	-0.000086	0.022583	0.000086	0.999976	-0.059906	
981	1.000032	0.000042	-0.028442	-0.000042	1.000032	0.022858	
982	0.999962	-0.000042	0.040283	0.000042	0.999962	-0.020996	
983	1.000063	-0.000019	-0.069519	0.000019	1.000063	-0.031036	
984	1.000040	-0.000008	-0.045471	0.000008	1.000040	0.018433	
985	1.000046	-0.000036	-0.053406	0.000036	1.000046	-0.040588	
986	1.000038	0.000019	-0.032654	-0.000019	1.000038	0.005768	
987	1.000031	0.000036	-0.009705	-0.000036	1.000031	0.011292	
988	1.000052	-0.000042	-0.048828	0.000042	1.000052	-0.067963	
989	1.000082	0.000034	-0.073608	-0.000034	1.000082	0.013641	
990	1.000090	-0.000193	-0.146118	0.000193	1.000090	-0.075745	
991	1.000233	0.000078	-0.216492	-0.000078	1.000233	0.062714	
992	1.000155	-0.000007	-0.134949	0.000007	1.000155	0.032043	
993	1.000129	0.000013	-0.124451	-0.000013	1.000129	0.016113	
994	1.003852	-0.000666	-4.812134	0.000666	1.003852	-1.551117	
995	0.999958	0.000035	0.064819	-0.000035	0.999958	0.045715	
996	1.000060	0.000082	-0.060303	-0.000082	1.000060	0.078705	
997	0.999941	0.000046	0.055176	-0.000046	0.999941	0.065002	
998	1.000011	0.000019	-0.015320	-0.000019	1.000011	0.020874	
999	1.000132	0.000006	-0.139648	-0.000006	1.000132	0.002411	
1000	1.000232	-0.000193	-0.228455	0.000193	1.000232	-0.173096	
1001	1.000302	-0.000243	-0.311157	0.000243	1.000302	-0.250427	
1002	1.000080	-0.000059	-0.070984	0.000059	1.000080	-0.053314	
1003	1.000084	-0.000217	-0.096680	0.000217	1.000084	-0.212006	
1004	0.999922	0.000161	0.079529	-0.000161	0.999922	0.167847	
1005	0.999992	0.000303	0.026428	-0.000303	0.999992	0.328735	
1006	1.000130	0.000043	-0.128235	-0.000043	1.000130	0.058685	
1007	1.000031	-0.000026	-0.022339	0.000026	1.000031	-0.008667	
1008	1.000106	-0.000123	-0.093750	0.000123	1.000106	-0.101318	
1009	0.999991	-0.000086	0.011230	0.000086	0.999991	-0.084595	
1010	0.999921	-0.000065	0.077026	0.000065	0.999921	-0.070465	
1011	0.999941	-0.000045	0.062500	0.000045	0.999941	-0.043350	
1012	0.999945	-0.000002	0.060059	0.000002	0.999945	0.000488	
1013	0.999989	-0.000087	0.016602	0.000087	0.999989	-0.091736	
1014	1.000014	0.000019	-0.016968	-0.000019	1.000014	0.014450	
1015	0.999909	0.000010	0.108704	-0.000010	0.999909	0.008514	
1016	1.000080	-0.000079	-0.094116	0.000079	1.000080	-0.082718	
1017	1.000023	-0.000416	-0.004517	0.000416	1.000023	-0.385132	
1018	1.000134	-0.000040	-0.131287	0.000040	1.000134	-0.041016	
1019	1.000010	0.000092	-0.025879	-0.000092	1.000010	0.089691	
1020	0.999920	0.000009	0.067322	-0.000009	0.999920	0.008026	
1021	0.999973	0.000117	0.005859	-0.000117	0.999973	0.131744	
1022	1.000085	0.000032	-0.095764	-0.000032	1.000085	0.033234	
1023	1.000132	0.000122	-0.152405	-0.000122	1.000132	0.127472	
1024	1.000007	0.000046	-0.001831	-0.000046	1.000007	0.049896	
1025	1.000076	0.000042	-0.071472	-0.000042	1.000076	0.030518	
1026	1.000067	-0.000007	-0.073364	0.000007	1.000067	-0.020264	
1027	0.999887	0.000014	0.139404	-0.000014	0.999887	-0.007477	
1028	0.999924	-0.000006	0.084167	0.000006	0.999924	-0.022552	
1029	0.999910	-0.000020	0.096008	0.000020	0.999910	-0.026550	
1030	0.999966	0.000023	0.038635	-0.000023	0.999966	0.029572	
1031	0.999834	0.000102	0.183838	-0.000102	0.999834	0.076904	
1032	0.999987	0.000050	0.047485	-0.000050	0.999987	0.048767	
1033	1.000047	0.000031	-0.034912	-0.000031	1.000047	0.050262	
1034	1.000099	-0.000066	-0.100342	0.000066	1.000099	-0.057648	
1035	0.999983	0.000212	0.032959	-0.000212	0.999983	0.257141	
1036	1.000064	0.000186	-0.047424	-0.000186	1.000064	0.206238	
1037	1.000169	0.000157	-0.170837	-0.000157	1.000169	0.194092	
1038	1.000043	0.000058	-0.040710	-0.000058	1.000043	0.068726	
1039	1.000040	-0.000038	-0.042236	0.000038	1.000040	-0.039124	
1040	1.000070	-0.000067	-0.079773	0.000067	1.000070	-0.052521	
1041	1.000021	0.000010	-0.020264	-0.000010	1.000021	0.031128	
1042	0.999959	0.000063	0.037781	-0.000063	0.999959	0.091644	
1043	1.000070	0.000093	-0.082520	-0.000093	1.000070	0.110474	
1044	1.000056	-0.000021	-0.063904	0.000021	1.000056	-0.009064	
1045	0.999819	0.000389	0.183228	-0.000389	0.999819	0.406647	
1046	0.999785	0.000355	0.218201	-0.000355	0.999785	0.381775	
1047	0.999903	0.000110	0.095093	-0.000110	0.999903	0.112946	
1048	0.999973	0.000361	0.016235	-0.000361	0.999973	0.398438	
1049	0.999961	0.000014	0.032410	-0.000014	0.999961	0.021378	
1050	0.999841	0.000031	0.159546	-0.000031	0.999841	0.038116	
1051	1.000127	-0.000046	-0.155151	0.000046	1.000127	-0.065704	
1052	1.000146	-0.000106	-0.145264	0.000106	1.000146	-0.143402	
1053	1.000166	-0.000031	-0.152710	0.000031	1.000166	-0.051727	
1054	1.000194	0.000106	-0.195251	-0.000106	1.000194	0.097168	
1055	1.002235	-0.000311	-1.230469	0.000311	1.002235	-0.580322	
1056	1.000074	-0.000101	-0.063293	0.000101	1.000074	-0.139618	
1057	1.000121	-0.000093	-0.127808	0.000093	1.000121	-0.118256	
1058	1.002394	0.002700	-3.455322	-0.002700	1.002394	2.662445	
1059	1.000087	0.000146	-0.081726	-0.000146	1.000087	0.141296	
1060	0.999979	0.000103	0.035034	-0.000103	0.999979	0.180511	
1061	0.999871	0.000375	0.158569	-0.000375	0.999871	0.437897	
1062	0.999836	0.000126	0.181580	-0.000126	0.999836	0.161804	
1063	0.999863	0.000140	0.151123	-0.000140	0.999863	0.165161	
1064	0.999943	-0.000003	0.043579	0.000003	0.999943	0.006287	
1065	0.999867	-0.000050	0.130676	0.000050	0.999867	-0.038849	
1066	0.999862	0.000055	0.136108	-0.000055	0.999862	0.082458	
1067	0.999880	0.000086	0.111267	-0.000086	0.999880	0.126038	
1068	0.999952	-0.000071	0.085693	0.000071	0.999952	-0.075897	
1069	1.000186	0.000005	-0.181396	-0.000005	1.000186	-0.003937	
1070	0.998870	0.000613	1.313232	-0.000613	0.998870	0.953217	
1071	1.000144	-0.000018	-0.151733	0.000018	1.000144	-0.056763	
1072	1.000253	-0.000039	-0.259766	0.000039	1.000253	-0.075836	
1073	1.000074	-0.000119	-0.073059	0.000119	1.000074	-0.160858	
1074	1.000111	-0.000055	-0.118896	0.000055	1.000111	-0.091492	
1075	0.999978	0.000085	0.029724	-0.000085	0.999978	0.084534	
1076	1.000269	-0.000019	-0.241150	0.000019	1.000269	-0.042328	
1077	0.999943	0.000133	0.061096	-0.000133	0.999943	0.154541	
1078	0.999844	0.000077	0.179138	-0.000077	0.999844	0.057404	
1079	0.999863	0.000016	0.139893	-0.000016	0.999863	0.027374	
1080	0.999986	-0.000022	0.013000	0.000022	0.999986	-0.013031	
1081	1.000057	0.000200	-0.054504	-0.000200	1.000057	0.206116	
1082	0.999959	-0.000029	0.037231	0.000029	0.999959	-0.035339	
1083	1.000001	0.000025	-0.008057	-0.000025	1.000001	0.020782	
1084	0.999968	0.000002	0.033936	-0.000002	0.999968	0.010834	
1085	0.999980	-0.000005	0.000793	0.000005	0.999980	0.004364	
1086	1.000092	0.000033	-0.080017	-0.000033	1.000092	0.045441	
1087	1.000036	-0.000028	-0.020020	0.000028	1.000036	-0.039551	
1088	0.999761	0.000063	0.212830	-0.000063	0.999761	0.061188	
1089	0.999953	-0.000077	0.047729	0.000077	0.999953	-0.072418	
1090	0.999955	0.000057	0.030151	-0.000057	0.999955	0.071472	
1091	1.002438	-0.003112	-2.555420	0.003112	1.002438	-4.448303	
1092	0.999763	0.000267	0.261475	-0.000267	0.999763	0.309601	
1093	0.999763	0.000267	0.261475	-0.000267	0.999763	0.309601	
1094	0.999889	-0.000019	0.100891	0.000019	0.999889	0.019958	
1095	1.000041	-0.000029	-0.043152	0.000029	1.000041	-0.031448	
1096	1.000046	0.000031	-0.040710	-0.000031	1.000046	0.000732	
1097	1.002152	-0.000252	-2.597534	0.000252	1.002152	-0.734222	
1098	1.000121	0.000071	-0.126404	-0.000071	1.000121	0.027405	
1099	0.999825	-0.000000	0.194458	0.000000	0.999825	0.033966	
1100	1.000038	-0.000002	-0.038025	0.000002	1.000038	-0.014465	
1101	1.000000	-0.000013	0.009094	0.000013	1.000000	-0.019073	
1102	0.999823	-0.000005	0.170166	0.000005	0.999823	0.002655	
1103	1.000000	-0.000016	-0.010071	0.000016	1.000000	-0.005981	
1104	0.999953	-0.000022	0.030579	0.000022	0.999953	-0.001556	
1105	0.999993	-0.000042	0.011963	0.000042	0.999993	-0.040207	
1106	0.999989	0.000003	-0.001343	-0.000003	0.999989	0.017853	
1107	0.999899	-0.000084	0.098267	0.000084	0.999899	-0.075348	
1108	1.000072	0.000025	-0.078674	-0.000025	1.000072	0.009918	
1109	0.999968	-0.000568	0.087646	0.000568	0.999968	-0.637665	
1110	0.999954	-0.000003	0.045532	0.000003	0.999954	-0.002472	
1111	0.999989	-0.000090	-0.013977	0.000090	0.999989	-0.079590	
1112	0.999863	-0.000153	0.151733	0.000153	0.999863	-0.141113	
1113	0.999937	-0.000021	0.091675	0.000021	0.999937	0.012451	
1114	1.000013	0.000972	-0.171143	-0.000972	1.000013	1.233063	
1115	1.000044	0.000025	-0.054077	-0.000025	1.000044	0.041046	
1116	1.000078	0.000052	-0.071777	-0.000052	1.000078	0.113373	
1117	1.000107	0.000358	-0.116943	-0.000358	1.000107	0.479126	
1118	0.999956	0.000077	0.041321	-0.000077	0.999956	0.162445	
1119	0.999844	0.000027	0.134338	-0.000027	0.999844	0.083282	
1120	1.000015	0.000016	-0.050903	-0.000016	1.000015	0.031403	
1121	1.000021	0.000031	-0.071899	-0.000031	1.000021	0.052979	
1122	1.000035	-0.000069	-0.140259	0.000069	1.000035	-0.023834	
1123	1.000114	-0.000069	-0.164062	0.000069	1.000114	-0.089355	
1124	1.000094	-0.000286	-0.162292	0.000286	1.000094	-0.266724	
1125	1.000241	-0.000114	-0.339600	0.000114	1.000241	-0.131439	
1126	1.000113	-0.000121	-0.143616	0.000121	1.000113	-0.105652	
1127	1.000138	-0.000189	-0.189880	0.000189	1.000138	-0.210266	
1128	1.000085	-0.000195	-0.134155	0.000195	1.000085	-0.181824	
1129	1.000045	-0.000208	-0.102905	0.000208	1.000045	-0.210999	
1130	0.999914	-0.000118	0.078003	0.000118	0.999914	-0.120117	
1131	0.999951	-0.000057	0.007751	0.000057	0.999951	-0.067108	
1132	0.999967	0.000068	0.012024	-0.000068	0.999967	0.073975	
1133	0.999881	0.000093	0.113770	-0.000093	0.999881	0.053070	
1134	1.000009	-0.000009	-0.001526	0.000009	1.000009	-0.048553	
1135	1.000041	-0.000088	-0.043762	0.000088	1.000041	-0.116760	
1136	1.000006	-0.000090	0.009888	0.000090	1.000006	-0.140106	
1137	0.999986	-0.000011	0.015625	0.000011	0.999986	-0.055664	
1138	0.999984	0.000031	0.000732	-0.000031	0.999984	0.004272	
1139	1.000026	-0.000032	-0.055542	0.000032	1.000026	-0.038391	
1140	1.000005	0.000044	-0.030640	-0.000044	1.000005	0.070923	
1141	1.000192	0.000027	-0.261414	-0.000027	1.000192	0.134644	
1142	1.000023	0.000029	-0.048767	-0.000029	1.000023	0.089813	
1143	0.999941	-0.000062	0.065918	0.000062	0.999941	-0.019867	
1144	0.999626	0.000016	0.377380	-0.000016	0.999626	0.037842	
1145	0.999772	0.000086	0.248352	-0.000086	0.999772	0.104370	
1146	0.999686	0.000005	0.299500	-0.000005	0.999686	0.001862	
1147	0.999638	0.000307	0.413452	-0.000307	0.999638	0.369690	
1148	1.000050	-0.000154	-0.055969	0.000154	1.000050	-0.155518	
1149	1.000175	-0.000469	-0.178711	0.000469	1.000175	-0.544678	
1150	1.000057	0.000036	-0.053650	-0.000036	1.000057	0.041809	
1151	0.999919	-0.000006	0.061890	0.000006	0.999919	-0.010040	
1152	1.000012	-0.000081	-0.033691	0.000081	1.000012	-0.101257	
1153	0.999974	-0.000203	0.029907	0.000203	0.999974	-0.223206	
1154	0.999958	-0.000003	0.038208	0.000003	0.999958	-0.007996	
1155	1.000008	-0.000061	-0.006958	0.000061	1.000008	-0.057312	
1156	0.999904	-0.000062	0.080994	0.000062	0.999904	-0.075256	
1157	0.999942	-0.000009	0.066406	0.000009	0.999942	0.005066	
1158	1.000061	0.000136	-0.066956	-0.000136	1.000061	0.148315	
1159	0.999978	0.000078	0.022339	-0.000078	0.999978	0.094269	
1160	0.999941	0.000046	0.071411	-0.000046	0.999941	0.060425	
1161	1.000007	-0.000078	0.003052	0.000078	1.000007	-0.080536	
1162	1.000008	-0.000070	-0.027649	0.000070	1.000008	-0.042694	
1163	1.000076	0.000020	-0.102295	-0.000020	1.000076	0.067444	
1164	1.000017	0.000023	-0.030396	-0.000023	1.000017	0.069611	
1165	0.999929	-0.000006	0.074036	0.000006	0.999929	0.003540	
1166	0.999826	0.000184	0.215332	-0.000184	0.999826	0.247925	
1167	0.999897	-0.000029	0.138733	0.000029	0.999897	0.018890	
1168	0.999995	0.000053	-0.001831	-0.000053	0.999995	0.056213	
1169	0.999985	0.000112	0.007019	-0.000112	0.999985	0.097382	
1170	1.000377	0.000302	-0.515625	-0.000302	1.000377	0.319260	
1171	1.000020	-0.000062	-0.016907	0.000062	1.000020	-0.079346	
1172	0.999912	-0.000046	0.102783	0.000046	0.999912	-0.073181	
1173	0.999957	0.000047	0.049927	-0.000047	0.999957	0.011780	
1174	1.000100	-0.000005	-0.104919	0.000005	1.000100	0.003571	
1175	0.999980	-0.000036	0.025513	0.000036	0.999980	-0.024139	
1176	1.000234	0.000141	-0.274231	-0.000141	1.000234	0.129822	
1177	0.999892	0.000111	0.131042	-0.000111	0.999892	0.165771	
1178	1.000175	-0.000082	-0.206299	0.000082	1.000175	-0.104980	
1179	0.999570	-0.000444	0.361633	0.000444	0.999570	-0.090942	
1180	0.999989	0.000102	0.020020	-0.000102	0.999989	0.105469	
1181	1.000041	0.000197	-0.049927	-0.000197	1.000041	0.192810	
1182	0.999988	0.000034	0.024475	-0.000034	0.999988	0.064453	
1183	1.000102	-0.000141	-0.120483	0.000141	1.000102	-0.147430	
1184	1.000027	-0.000035	-0.027344	0.000035	1.000027	-0.039062	
1185	0.999908	-0.000062	0.092773	0.000062	0.999908	-0.033966	
1186	1.000013	0.000089	-0.008423	-0.000089	1.000013	0.088470	
1187	0.999920	-0.000148	0.088257	0.000148	0.999920	-0.153656	
1188	1.000026	0.000005	-0.020386	-0.000005	1.000026	-0.002045	
1189	1.000005	0.000053	0.001465	-0.000053	1.000005	0.051697	
1190	0.999964	-0.000067	0.038208	0.000067	0.999964	-0.070526	
1191	1.000014	-0.000016	-0.013367	0.000016	1.000014	-0.017853	
1192	0.999990	-0.000031	0.010986	0.000031	0.999990	-0.036957	
1193	1.000082	0.000027	-0.078674	-0.000027	1.000082	0.017578	
1194	0.999999	0.000009	0.000671	-0.000009	0.999999	-0.005341	
1195	1.000018	-0.000116	-0.054565	0.000116	1.000018	-0.135193	
1196	0.999974	0.000053	0.015808	-0.000053	0.999974	0.029938	
1197	0.999912	-0.000090	0.081970	0.000090	0.999912	-0.128937	
1198	1.000153	0.000075	-0.143066	-0.000075	1.000153	0.016418	
1199	1.000015	0.000008	-0.023682	-0.000008	1.000015	-0.001617	
1200	1.000083	-0.000002	-0.093201	0.000002	1.000083	-0.019135	
1201	1.000090	0.000096	-0.074890	-0.000096	1.000090	0.105713	
1202	0.999878	0.000264	0.173828	-0.000264	0.999878	0.322876	
