0	1.000000	0.000000	0.000000	0.000000	1.000000	0.000000	
1	1.000157	0.000386	-0.077820	-0.000386	1.000157	-0.159546	
2	1.000111	-0.000188	-0.944580	0.000188	1.000111	-0.397797	
3	0.999896	-0.000136	0.906921	0.000136	0.999896	0.004089	
4	1.000487	-0.000472	-0.533691	0.000472	1.000487	-0.612244	
5	1.000226	-0.000078	-0.952698	0.000078	1.000226	-0.323486	
6	1.000159	0.000712	-0.157043	-0.000712	1.000159	0.488831	
7	0.999933	0.000951	-0.570435	-0.000951	0.999933	0.391998	
8	1.000464	-0.000192	-0.433350	0.000192	1.000464	-0.599335	
9	0.999674	0.000201	0.361206	-0.000201	0.999674	0.267395	
10	0.997860	0.001415	-0.077545	-0.001415	0.997860	0.799377	
11	0.999828	0.001131	-0.494507	-0.001131	0.999828	0.734222	
12	0.999428	-0.000245	0.976318	0.000245	0.999428	0.098694	
13	0.998078	-0.002638	1.017334	0.002638	0.998078	-0.716293	
14	1.000041	-0.000760	-0.281433	0.000760	1.000041	-0.275848	
15	1.000003	0.000418	-0.215759	-0.000418	1.000003	1.278381	
16	1.000239	-0.001206	-0.095886	0.001206	1.000239	-0.687805	
17	1.000082	0.001380	-0.591370	-0.001380	1.000082	1.755035	
18	0.999468	0.001174	-0.182861	-0.001174	0.999468	1.033966	
19	0.998809	-0.000237	1.195740	0.000237	0.998809	-0.198181	
20	0.997430	0.000882	1.486023	-0.000882	0.997430	2.057159	
21	0.994908	0.000279	3.231934	-0.000279	0.994908	1.729065	
22	0.994449	0.000290	3.067139	-0.000290	0.994449	2.296204	
23	0.976908	0.003029	13.608948	-0.003029	0.976908	9.252441	
24	0.989733	-0.000382	7.065247	0.000382	0.989733	3.330383	
25	0.981075	-0.000072	12.419922	0.000072	0.981075	6.269958	
26	0.986350	-0.000946	10.047791	0.000946	0.986350	3.416595	
27	0.979732	0.000202	13.104004	-0.000202	0.979732	7.915924	
28	0.999556	-0.000525	-0.039307	0.000525	0.999556	-0.052917	
29	1.000218	-0.001032	0.548401	0.001032	1.000218	-0.709045	
30	0.999081	-0.000735	0.886261	0.000735	0.999081	0.008575	
31	0.999588	0.001307	-0.092041	-0.001307	0.999588	1.095978	
32	0.999772	-0.001047	0.374878	0.001047	0.999772	-0.728455	
33	1.000133	-0.001162	0.266663	0.001162	1.000133	-0.517975	
34	0.999968	-0.000372	-0.117737	0.000372	0.999968	0.014435	
35	0.999935	0.000074	-0.045532	-0.000074	0.999935	0.266113	
36	0.999717	-0.000566	0.437012	0.000566	0.999717	-0.475250	
37	0.999615	0.001174	-0.045227	-0.001174	0.999615	0.888672	
38	0.999886	-0.000493	0.150513	0.000493	0.999886	-0.591492	
39	0.999783	0.000483	-0.345215	-0.000483	0.999783	0.856262	
40	0.999723	0.000074	-0.037964	-0.000074	0.999723	0.354553	
41	0.999823	-0.001978	0.816101	0.001978	0.999823	-1.257935	
42	0.999994	0.000949	-0.464294	-0.000949	0.999994	0.687012	
43	1.000187	0.001799	-0.864380	-0.001799	1.000187	1.274750	
44	0.999857	-0.000697	0.437866	0.000697	0.999857	0.020813	
45	0.999662	-0.000168	-0.157166	0.000168	0.999662	0.182205	
46	1.000041	-0.000353	0.063843	0.000353	1.000041	0.291718	
47	0.999356	0.000919	-0.479675	-0.000919	0.999356	1.656464	
48	0.999904	0.000115	-0.072754	-0.000115	0.999904	0.217041	
49	0.999658	-0.001990	1.077393	0.001990	0.999658	-0.566376	
50	0.998750	-0.002200	1.568298	0.002200	0.998750	-1.458862	
51	0.999627	-0.000351	0.900696	0.000351	0.999627	0.095184	
52	0.999924	0.000355	-0.069214	-0.000355	0.999924	0.321960	
53	1.000057	0.000202	0.194763	-0.000202	1.000057	0.667969	
54	1.000492	0.000068	0.061615	-0.000068	1.000492	0.037720	
55	1.000093	0.000043	0.129822	-0.000043	1.000093	0.414795	
56	1.000048	0.000545	0.024048	-0.000545	1.000048	0.555817	
57	1.000364	-0.001709	0.892639	0.001709	1.000364	-1.287750	
58	1.000456	-0.000268	-0.009338	0.000268	1.000456	-0.414459	
59	1.000213	0.000561	-0.237549	-0.000561	1.000213	0.538757	
60	1.000324	-0.000026	-0.326538	0.000026	1.000324	0.213623	
61	1.000355	0.001360	-0.643311	-0.001360	1.000355	0.815247	
62	0.999595	0.000235	0.495056	-0.000235	0.999595	0.288483	
63	0.999595	0.000235	0.495056	-0.000235	0.999595	0.288483	
64	0.999741	0.000631	0.160339	-0.000631	0.999741	0.634460	
65	0.999763	0.000269	0.325134	-0.000269	0.999763	0.246979	
66	0.999867	-0.001119	0.606567	0.001119	0.999867	-0.600677	
67	0.999679	-0.000304	0.428406	0.000304	0.999679	0.213196	
68	1.000025	-0.001607	0.852722	0.001607	1.000025	-0.929993	
69	1.000251	-0.000859	0.913330	0.000859	1.000251	-0.995392	
70	1.000200	0.000800	-0.231689	-0.000800	1.000200	0.509430	
71	1.000184	-0.000574	0.862488	0.000574	1.000184	-0.695831	
72	1.000151	0.000393	-0.182556	-0.000393	1.000151	0.378113	
73	1.000047	-0.000339	0.449158	0.000339	1.000047	-0.350800	
74	1.000310	-0.001002	0.021606	0.001002	1.000310	-0.625916	
75	1.000030	-0.000384	0.436279	0.000384	1.000030	-0.391052	
76	0.999397	-0.000326	0.989746	0.000326	0.999397	-0.426025	
77	0.999997	-0.000434	0.459961	0.000434	0.999997	-0.378326	
78	1.000037	-0.000126	0.093201	0.000126	1.000037	-0.073273	
79	0.999986	-0.000737	0.909790	0.000737	0.999986	-0.715881	
80	1.000211	0.001016	-0.679443	-0.001016	1.000211	0.428162	
81	1.000288	0.001591	0.027100	-0.001591	1.000288	0.662659	
82	1.000125	-0.000234	-0.057983	0.000234	1.000125	-0.196747	
83	1.000146	0.001236	-0.237915	-0.001236	1.000146	1.061981	
84	1.000177	0.000935	-0.294434	-0.000935	1.000177	0.385834	
85	0.999948	0.000265	0.398926	-0.000265	0.999948	0.197571	
86	0.999990	0.000606	-0.149536	-0.000606	0.999990	-0.147797	
87	0.999864	-0.000044	0.428772	0.000044	0.999864	-0.371063	
88	0.999891	0.000368	0.023193	-0.000368	0.999891	-0.003845	
89	1.000032	0.001464	-0.339172	-0.001464	1.000032	0.696899	
90	1.000049	-0.000687	0.322205	0.000687	1.000049	-0.475067	
91	1.001215	-0.001556	0.407227	0.001556	1.001215	-1.105530	
92	0.999918	0.000462	0.586609	-0.000462	0.999918	0.552551	
93	0.998268	0.000084	0.937927	-0.000084	0.998268	0.324219	
94	0.998845	0.000251	0.384949	-0.000251	0.998845	2.883759	
95	1.011061	-0.000778	-6.606445	0.000778	1.011061	3.603149	
96	1.010530	-0.000257	-6.885559	0.000257	1.010530	-5.624939	
97	1.018143	0.002485	-12.680847	-0.002485	1.018143	-3.955750	
98	1.012405	-0.000778	-6.879303	0.000778	1.012405	-5.136078	
99	1.023584	-0.001529	-15.621826	0.001529	1.023584	-7.334686	
100	1.010495	0.000839	-7.738586	-0.000839	1.010495	-4.356812	
101	1.023521	-0.000297	-16.451599	0.000297	1.023521	-8.287354	
102	1.011264	0.000494	-8.103882	-0.000494	1.011264	-3.310364	
103	1.011116	0.000288	-8.716980	-0.000288	1.011116	-3.864075	
104	0.999598	0.000739	-1.380859	-0.000739	0.999598	0.458984	
105	0.999640	0.000510	-2.272888	-0.000510	0.999640	-0.224152	
106	1.001525	-0.000459	-2.163208	0.000459	1.001525	-0.659241	
107	0.999944	0.000647	-3.765930	-0.000647	0.999944	-0.025146	
108	0.999929	0.000129	-1.574951	-0.000129	0.999929	0.025787	
109	0.997122	-0.002260	-2.677277	0.002260	0.997122	-0.589264	
110	0.998318	-0.001586	-0.925842	0.001586	0.998318	-0.119049	
111	0.998714	-0.001210	-3.018402	0.001210	0.998714	-0.004700	
112	1.000176	0.000228	-2.125793	-0.000228	1.000176	-0.174591	
113	1.000003	0.001054	-3.538940	-0.001054	1.000003	0.556183	
114	0.999769	-0.000612	-0.942261	0.000612	0.999769	-0.429443	
115	0.999865	0.001186	-3.058960	-0.001186	0.999865	0.436707	
116	0.997293	0.002017	-1.081909	-0.002017	0.997293	1.100372	
117	1.000942	-0.001213	-2.213928	0.001213	1.000942	-1.438416	
118	0.999850	0.000012	-1.185303	-0.000012	0.999850	-0.371521	
119	0.999858	-0.000451	-0.710815	0.000451	0.999858	0.319641	
120	0.999742	-0.000648	-0.990845	0.000648	0.999742	-0.570831	
121	0.998801	0.000618	-1.294220	-0.000618	0.998801	0.960571	
122	1.000110	-0.000605	-0.198120	0.000605	1.000110	-0.226990	
123	1.000181	-0.001763	-0.374268	0.001763	1.000181	-1.708801	
124	0.999859	0.000168	-0.450989	-0.000168	0.999859	0.027008	
125	1.000190	0.001204	-1.061584	-0.001204	1.000190	0.742432	
126	0.999985	0.000114	-0.525696	-0.000114	0.999985	-0.117493	
127	0.999985	0.000114	-0.525696	-0.000114	0.999985	-0.117493	
128	0.999869	-0.000016	0.115601	0.000016	0.999869	-0.320221	
129	1.000113	0.000517	-0.280060	-0.000517	1.000113	-0.071014	
130	0.999800	0.001385	-0.477356	-0.001385	0.999800	1.088654	
131	0.999968	-0.001172	0.670410	0.001172	0.999968	-0.718811	
132	1.000029	-0.000499	0.186584	0.000499	1.000029	-0.319519	
133	0.997329	-0.002497	1.744370	0.002497	0.997329	0.314514	
134	1.000074	0.000234	-0.064209	-0.000234	1.000074	0.083740	
135	1.000074	0.000234	-0.064209	-0.000234	1.000074	0.083740	
136	0.999963	0.000163	-0.061829	-0.000163	0.999963	0.157623	
137	1.000051	0.000913	0.542603	-0.000913	1.000051	0.673431	
138	0.999913	0.001223	-0.332947	-0.001223	0.999913	0.570068	
139	0.999488	-0.000210	1.300598	0.000210	0.999488	0.143768	
140	0.999822	-0.000300	0.569397	0.000300	0.999822	-0.147430	
141	1.000020	0.000446	0.429626	-0.000446	1.000020	0.451111	
142	0.999901	-0.000154	0.360046	0.000154	0.999901	0.032562	
143	0.999831	-0.000377	0.870605	0.000377	0.999831	0.100861	
144	1.000171	0.000674	-0.212524	-0.000674	1.000171	0.014801	
145	1.000064	0.000566	0.612488	-0.000566	1.000064	0.346008	
146	1.000071	0.000707	-0.178406	-0.000707	1.000071	0.399384	
147	0.999812	-0.001243	0.608276	0.001243	0.999812	-0.739319	
148	1.000080	-0.001148	0.945374	0.001148	1.000080	-0.429779	
149	1.000207	-0.000030	0.347046	0.000030	1.000207	-0.264221	
150	1.000412	0.000075	0.065369	-0.000075	1.000412	-0.093262	
151	1.000104	0.000614	0.283264	-0.000614	1.000104	0.204590	
152	1.000107	-0.000321	0.210266	0.000321	1.000107	-0.139740	
153	1.000159	0.000244	0.366821	-0.000244	1.000159	0.044098	
154	0.999665	-0.000291	0.659668	0.000291	0.999665	-0.292175	
155	0.999251	0.002151	0.570251	-0.002151	0.999251	1.363464	
156	0.999874	-0.000554	0.161774	0.000554	0.999874	-0.240143	
157	0.999912	-0.001189	0.640625	0.001189	0.999912	-0.108093	
158	1.000013	0.000061	0.121826	-0.000061	1.000013	0.002380	
159	1.000131	-0.000218	0.605530	0.000218	1.000131	-0.532410	
160	1.000143	-0.000319	0.512756	0.000319	1.000143	-0.368530	
161	1.000403	-0.000382	0.452881	0.000382	1.000403	-0.210785	
162	1.000211	-0.000342	-0.010193	0.000342	1.000211	-0.447144	
163	1.000459	-0.000167	-0.291931	0.000167	1.000459	0.303253	
164	1.001154	-0.000305	-1.087341	0.000305	1.001154	-0.688995	
165	1.000089	-0.001328	0.378174	0.001328	1.000089	-0.540405	
166	1.000195	-0.001176	0.020630	0.001176	1.000195	-0.527405	
167	1.000070	0.000063	0.266724	-0.000063	1.000070	0.255249	
168	0.999910	0.000514	-0.138306	-0.000514	0.999910	0.308929	
169	0.999910	0.000514	-0.138306	-0.000514	0.999910	0.308929	
170	0.999652	0.000032	-0.037292	-0.000032	0.999652	0.304077	
171	0.998769	-0.000925	0.635895	0.000925	0.998769	-0.110443	
172	1.000004	-0.000346	0.266724	0.000346	1.000004	-0.357056	
173	1.000166	0.001468	-0.706177	-0.001468	1.000166	1.057983	
174	1.000254	0.000134	-0.393860	-0.000134	1.000254	0.180969	
175	1.000116	-0.002053	0.661011	0.002053	1.000116	-1.479095	
176	0.999978	0.000411	0.124756	-0.000411	0.999978	0.392792	
177	1.000206	0.000969	0.320648	-0.000969	1.000206	0.461670	
178	1.000125	-0.000113	0.448822	0.000113	1.000125	-0.029083	
179	1.000073	0.000723	0.482849	-0.000723	1.000073	0.467529	
180	1.000180	-0.000865	0.773743	0.000865	1.000180	-0.515411	
181	1.000122	-0.001812	1.125305	0.001812	1.000122	-1.047943	
182	0.999907	0.001261	0.221375	-0.001261	0.999907	1.161926	
183	0.999242	0.000273	1.522217	-0.000273	0.999242	0.741241	
184	1.000030	-0.000552	0.708496	0.000552	1.000030	-0.303314	
185	1.000119	0.001464	-0.157593	-0.001464	1.000119	1.377380	
186	1.000123	-0.000350	0.558105	0.000350	1.000123	-0.339203	
187	0.999976	0.000505	0.268250	-0.000505	0.999976	0.227753	
188	0.999953	0.002400	-0.070312	-0.002400	0.999953	1.360870	
189	0.999918	-0.000792	0.891052	0.000792	0.999918	-0.544556	
190	0.999413	0.000360	0.670593	-0.000360	0.999413	0.432037	
191	0.999743	0.000780	0.418396	-0.000780	0.999743	0.664917	
192	1.000282	-0.000742	0.332825	0.000742	1.000282	-0.330200	
193	1.000382	-0.000159	0.010315	0.000159	1.000382	0.101074	
194	1.000042	0.000532	0.267334	-0.000532	1.000042	0.467377	
195	0.999980	-0.000407	0.631592	0.000407	0.999980	-0.139465	
196	0.999981	-0.000297	0.355103	0.000297	0.999981	-0.218567	
197	0.999956	0.000112	0.642090	-0.000112	0.999956	0.470459	
198	0.999919	-0.000908	0.927673	0.000908	0.999919	-0.706360	
199	0.999781	0.001375	0.264893	-0.001375	0.999781	0.933960	
200	1.000028	0.000430	0.164795	-0.000430	1.000028	0.358337	
201	0.999744	-0.000888	0.896423	0.000888	0.999744	-0.357758	
202	1.000071	0.000036	0.035095	-0.000036	1.000071	-0.126465	
203	1.000430	0.000784	0.052795	-0.000784	1.000430	0.844940	
204	1.000227	0.000007	0.153564	-0.000007	1.000227	0.037659	
205	1.000311	0.000513	-0.310425	-0.000513	1.000311	0.680023	
206	1.000268	-0.000028	-0.191467	0.000028	1.000268	0.370300	
207	0.999875	-0.000167	0.244019	0.000167	0.999875	-0.048920	
208	0.999823	0.000146	0.329163	-0.000146	0.999823	0.113281	
209	1.000002	-0.000332	0.807678	0.000332	1.000002	0.064514	
210	0.999787	-0.000621	-0.050964	0.000621	0.999787	-0.651428	
211	0.997622	0.002318	2.024109	-0.002318	0.997622	3.132080	
212	0.998401	-0.001182	0.585815	0.001182	0.998401	0.032135	
213	0.998401	-0.001182	0.585815	0.001182	0.998401	0.032135	
214	0.999982	0.000573	-0.015869	-0.000573	0.999982	0.850220	
215	1.000885	0.000912	-1.202209	-0.000912	1.000885	0.469727	
216	1.000035	0.000528	-0.208618	-0.000528	1.000035	0.454681	
217	1.000023	0.001836	-0.438293	-0.001836	1.000023	1.599030	
218	1.000080	-0.000343	0.118347	0.000343	1.000080	-0.294891	
219	1.000037	0.003019	-0.426147	-0.003019	1.000037	2.946777	
220	1.000092	0.000646	-0.247498	-0.000646	1.000092	0.384979	
221	1.000090	-0.000068	0.136230	0.000068	1.000090	-0.072388	
222	0.999998	-0.000377	0.305115	0.000377	0.999998	-0.025696	
223	0.999851	0.000609	0.066162	-0.000609	0.999851	0.305023	
224	1.000078	0.006696	-1.124817	-0.006696	1.000078	0.710968	
225	1.000205	0.000962	-0.132874	-0.000962	1.000205	0.261536	
226	1.000265	-0.000272	0.162842	0.000272	1.000265	-0.394501	
227	1.000159	-0.000867	0.731384	0.000867	1.000159	-0.779541	
228	1.000110	0.000258	-0.153381	-0.000258	1.000110	0.069946	
229	1.000124	-0.000396	0.696411	0.000396	1.000124	-0.777283	
230	1.000429	0.000717	-0.025208	-0.000717	1.000429	0.224457	
231	1.000364	0.000511	-0.389709	-0.000511	1.000364	0.038483	
232	1.000340	-0.000223	0.147400	0.000223	1.000340	0.137360	
233	1.000156	-0.001473	0.352905	0.001473	1.000156	-1.258575	
234	1.000107	0.000077	0.260620	-0.000077	1.000107	0.171631	
235	0.999672	-0.000170	0.018921	0.000170	0.999672	-0.004883	
236	0.999890	-0.001470	0.886047	0.001470	0.999890	-0.963287	
237	0.999954	-0.000854	0.204529	0.000854	0.999954	-0.609589	
238	0.999973	0.000415	-0.328918	-0.000415	0.999973	0.413177	
239	1.000595	-0.000740	-0.773987	0.000740	1.000595	-0.598785	
240	1.000025	-0.000350	-0.045410	0.000350	1.000025	0.143646	
241	1.000250	0.000111	-0.268188	-0.000111	1.000250	0.269897	
242	0.999993	-0.000925	0.105835	0.000925	0.999993	-0.397369	
243	1.000120	0.000505	-0.374146	-0.000505	1.000120	0.418518	
244	0.999914	0.000729	-0.097595	-0.000729	0.999914	0.566467	
245	0.999945	-0.000697	0.612183	0.000697	0.999945	-0.344788	
246	1.000475	-0.001200	-0.279419	0.001200	1.000475	-0.908234	
247	1.000080	0.000377	-0.001465	-0.000377	1.000080	0.498779	
248	1.000002	-0.000091	-0.054932	0.000091	1.000002	-0.115601	
249	0.999736	-0.000189	0.417114	0.000189	0.999736	0.079163	
250	0.999839	0.000286	0.180481	-0.000286	0.999839	0.119141	
251	1.000059	0.000371	-0.114319	-0.000371	1.000059	0.427032	
252	1.000024	0.001996	-0.539368	-0.001996	1.000024	1.651550	
253	0.999931	-0.000262	0.330078	0.000262	0.999931	0.330872	
254	0.999641	-0.000035	0.338074	0.000035	0.999641	0.245819	
255	0.999765	0.000318	0.402344	-0.000318	0.999765	0.718109	
256	1.000303	0.000189	0.087952	-0.000189	1.000303	-0.206390	
257	1.000084	0.000201	0.111450	-0.000201	1.000084	0.256073	
258	0.999835	-0.000258	0.628174	0.000258	0.999835	0.235077	
259	0.999997	-0.000219	0.119629	0.000219	0.999997	-0.112610	
260	1.000616	-0.002873	0.617676	0.002873	1.000616	0.782776	
261	1.000170	0.000331	-0.296692	-0.000331	1.000170	0.142395	
262	0.998190	-0.000338	2.383057	0.000338	0.998190	0.421783	
263	1.000181	0.001252	-0.499878	-0.001252	1.000181	1.085205	
264	0.999976	-0.000399	0.050476	0.000399	0.999976	-0.216858	
265	0.999930	-0.000084	0.081055	0.000084	0.999930	0.071014	
266	0.999975	0.000718	0.047180	-0.000718	0.999975	0.618347	
267	1.000241	-0.000096	-0.145935	0.000096	1.000241	-0.229004	
268	1.000207	0.001571	-0.269043	-0.001571	1.000207	0.780579	
269	1.000193	-0.000145	-0.236694	0.000145	1.000193	-0.140442	
270	1.000492	-0.001743	0.371460	0.001743	1.000492	-1.005829	
271	0.999748	0.000758	-0.224731	-0.000758	0.999748	0.562653	
272	0.999744	0.000074	0.196777	-0.000074	0.999744	0.407471	
273	1.000161	-0.000339	0.324890	0.000339	1.000161	-0.134460	
274	0.999938	0.000515	-0.095276	-0.000515	0.999938	0.275879	
275	0.999978	0.000238	0.066162	-0.000238	0.999978	0.155304	
276	0.999978	0.000238	0.066162	-0.000238	0.999978	0.155304	
277	1.000094	0.000386	-0.003113	-0.000386	1.000094	0.363617	
278	1.002860	-0.001426	0.552841	0.001426	1.002860	-1.172791	
279	1.000078	-0.000303	-0.011230	0.000303	1.000078	-0.451935	
280	1.003547	0.001906	-1.069336	-0.001906	1.003547	0.342377	
281	0.999961	-0.000346	0.133789	0.000346	0.999961	-0.265686	
282	0.999888	-0.000677	0.462585	0.000677	0.999888	-0.498932	
283	0.999675	0.000731	0.343018	-0.000731	0.999675	0.619812	
284	1.000121	0.000228	-0.217468	-0.000228	1.000121	-0.051636	
285	0.999856	0.000208	0.131531	-0.000208	0.999856	0.198761	
286	1.000003	-0.000601	0.526001	0.000601	1.000003	-0.367157	
287	0.999960	-0.001293	0.709595	0.001293	0.999960	-0.946533	
288	1.000080	0.000450	0.076050	-0.000450	1.000080	0.406769	
289	1.000370	-0.001129	0.187500	0.001129	1.000370	-0.494659	
290	1.000336	-0.000436	-0.149475	0.000436	1.000336	-0.019989	
291	1.000253	0.000033	-0.118835	-0.000033	1.000253	0.062592	
292	1.003510	-0.000483	-3.144836	0.000483	1.003510	-1.091888	
293	1.000145	0.001398	-0.342346	-0.001398	1.000145	0.935181	
294	1.001289	-0.000199	-1.126404	0.000199	1.001289	-0.817200	
295	1.000043	-0.000455	0.144165	0.000455	1.000043	-0.400635	
296	0.999659	0.000279	0.393250	-0.000279	0.999659	0.229309	
297	1.000228	-0.000385	0.004700	0.000385	1.000228	-0.430481	
298	1.000026	-0.000471	0.338135	0.000471	1.000026	-0.483002	
299	0.999819	-0.000068	0.311401	0.000068	0.999819	-0.273895	
300	0.999960	0.000428	-0.049438	-0.000428	0.999960	-0.166016	
301	0.999822	0.000332	-0.092651	-0.000332	0.999822	0.088562	
302	0.999354	-0.002223	1.355286	0.002223	0.999354	-1.806458	
303	0.999650	-0.001159	0.590698	0.001159	0.999650	-0.879608	
304	0.999635	0.001224	-0.169678	-0.001224	0.999635	0.744690	
305	0.999803	0.000132	-0.138855	-0.000132	0.999803	0.108185	
306	0.999886	-0.001378	0.836609	0.001378	0.999886	-0.786194	
307	0.999758	0.001008	-0.376953	-0.001008	0.999758	0.457062	
308	0.999758	0.001008	-0.376953	-0.001008	0.999758	0.457062	
309	0.999966	0.000244	0.237549	-0.000244	0.999966	0.033325	
310	1.000409	-0.000179	-0.007874	0.000179	1.000409	0.081726	
311	1.000101	-0.001251	0.590210	0.001251	1.000101	-0.660645	
312	1.000253	-0.000085	-0.195618	0.000085	1.000253	0.098755	
313	1.000175	-0.000266	0.571594	0.000266	1.000175	0.046478	
314	1.000107	0.000306	-0.040222	-0.000306	1.000107	0.233215	
315	1.000046	-0.000468	0.339478	0.000468	1.000046	-0.289825	
316	0.999907	-0.000558	0.575073	0.000558	0.999907	-0.389160	
317	0.999747	0.000504	0.356628	-0.000504	0.999747	0.413879	
318	1.000027	0.000662	0.034241	-0.000662	1.000027	0.583008	
319	1.000133	-0.001015	0.733948	0.001015	1.000133	-0.507904	
320	0.999910	-0.000026	0.118530	0.000026	0.999910	0.052063	
321	1.000004	0.000142	0.227783	-0.000142	1.000004	-0.099854	
322	0.999500	-0.000986	1.308838	0.000986	0.999500	-1.041183	
323	1.000002	-0.000578	0.237427	0.000578	1.000002	-0.376495	
324	0.999908	-0.000126	0.592773	0.000126	0.999908	-0.133118	
325	1.000247	0.000315	-0.233887	-0.000315	1.000247	0.242310	
326	1.000317	0.000584	-0.315918	-0.000584	1.000317	0.649963	
327	1.000136	-0.001156	0.267700	0.001156	1.000136	-0.721710	
328	1.000118	0.000114	0.251892	-0.000114	1.000118	-0.117554	
329	1.000124	0.000571	-0.051025	-0.000571	1.000124	0.594116	
330	1.000145	-0.001184	0.585449	0.001184	1.000145	-0.960449	
331	1.000004	-0.000411	0.193787	0.000411	1.000004	-0.531219	
332	1.000071	-0.001164	0.858704	0.001164	1.000071	-0.817444	
333	0.999921	0.000531	-0.109131	-0.000531	0.999921	0.107422	
334	0.999017	0.002205	-0.067627	-0.002205	0.999017	1.207245	
335	0.999632	-0.000537	0.753296	0.000537	0.999632	-0.606476	
336	0.999252	-0.000410	0.992432	0.000410	0.999252	-0.575165	
337	0.999940	0.001040	0.280945	-0.001040	0.999940	0.521118	
338	1.000307	0.000746	0.143250	-0.000746	1.000307	0.033325	
339	1.000098	0.000842	-0.192932	-0.000842	1.000098	0.397919	
340	1.001220	0.000777	0.089294	-0.000777	1.001220	0.441040	
341	0.999852	0.000067	0.264282	-0.000067	0.999852	0.046783	
342	1.000152	0.002303	-0.391388	-0.002303	1.000152	1.479462	
343	0.999863	0.000183	0.079407	-0.000183	0.999863	0.439819	
344	0.999995	-0.001423	1.055664	0.001423	0.999995	-1.106354	
345	1.000471	0.000851	-0.266663	-0.000851	1.000471	0.347900	
346	0.999958	-0.001235	1.066040	0.001235	0.999958	-1.119171	
347	1.000151	-0.001146	0.829468	0.001146	1.000151	-0.785339	
348	1.000545	0.000212	-0.059265	-0.000212	1.000545	0.057312	
349	0.999995	-0.000495	0.496338	0.000495	0.999995	-0.486969	
350	1.000102	-0.000317	0.376160	0.000317	1.000102	-0.270111	
351	1.000098	0.000746	-0.295410	-0.000746	1.000098	0.374725	
352	1.000066	-0.000965	0.986206	0.000965	1.000066	-0.565338	
353	1.001773	0.001870	-0.063385	-0.001870	1.001773	-0.446045	
354	1.001773	0.001870	-0.063385	-0.001870	1.001773	-0.446045	
355	1.001682	-0.000180	-1.102356	0.000180	1.001682	-0.481873	
356	1.000033	-0.000964	1.036133	0.000964	1.000033	-0.716675	
357	1.000171	0.000125	-0.034180	-0.000125	1.000171	0.160767	
358	1.000131	-0.000722	0.910706	0.000722	1.000131	-0.424683	
359	0.999883	0.000234	0.112854	-0.000234	0.999883	-0.046967	
360	0.999548	0.002306	0.174438	-0.002306	0.999548	1.686371	
361	1.000031	-0.000473	0.291992	0.000473	1.000031	-0.323578	
362	1.000036	-0.001598	0.686157	0.001598	1.000036	-0.917694	
363	1.000001	0.000856	-0.127625	-0.000856	1.000001	0.781036	
364	1.000351	0.000347	-0.082336	-0.000347	1.000351	0.410034	
365	1.000132	-0.000440	-0.051270	0.000440	1.000132	-0.395264	
366	1.000215	0.000283	0.082458	-0.000283	1.000215	0.135773	
367	0.999970	0.000449	-0.038086	-0.000449	0.999970	0.222351	
368	1.000013	0.001494	-0.166626	-0.001494	1.000013	0.943878	
369	0.999870	0.001117	-0.038147	-0.001117	0.999870	0.817963	
370	0.999890	-0.001582	0.946655	0.001582	0.999890	-1.294830	
371	1.000013	0.000168	0.005127	-0.000168	1.000013	0.238586	
372	0.998406	0.000375	0.526917	-0.000375	0.998406	0.596344	
373	1.000038	-0.000381	0.243469	0.000381	1.000038	-0.566681	
374	0.999905	0.000479	0.344116	-0.000479	0.999905	0.544006	
375	0.999928	0.000213	0.297546	-0.000213	0.999928	0.011749	
376	0.998447	0.000069	0.545837	-0.000069	0.998447	0.382111	
377	0.999898	0.001011	0.048157	-0.001011	0.999898	0.542999	
378	0.999915	0.000270	0.210083	-0.000270	0.999915	0.053345	
379	0.999431	-0.000413	0.955444	0.000413	0.999431	-0.352142	
380	0.999431	-0.000413	0.955444	0.000413	0.999431	-0.352142	
381	0.999871	0.000807	-0.026917	-0.000807	0.999871	0.594940	
382	1.002427	0.001561	-0.467010	-0.001561	1.002427	-0.085449	
383	0.998653	-0.000692	0.328094	0.000692	0.998653	0.441559	
384	0.998653	-0.000692	0.328094	0.000692	0.998653	0.441559	
385	1.000120	-0.000409	0.123901	0.000409	1.000120	-0.472900	
386	1.000120	-0.000409	0.123901	0.000409	1.000120	-0.472900	
387	0.999990	0.000278	0.273560	-0.000278	0.999990	0.178650	
388	1.000110	-0.000567	0.418762	0.000567	1.000110	-0.704895	
389	0.998729	-0.000024	0.303009	0.000024	0.998729	0.385834	
390	1.001277	-0.001293	-0.678467	0.001293	1.001277	-1.703766	
391	1.000348	-0.000890	0.250122	0.000890	1.000348	-0.680573	
392	1.012364	-0.002897	-5.963806	0.002897	1.012364	-6.281647	
393	1.000962	-0.000981	-0.398010	0.000981	1.000962	-1.162842	
394	0.998619	-0.000093	0.315765	0.000093	0.998619	0.650116	
395	0.999846	0.000990	-0.539612	-0.000990	0.999846	0.683716	
396	0.999846	0.000990	-0.539612	-0.000990	0.999846	0.683716	
397	0.999928	-0.000754	0.492432	0.000754	0.999928	-0.560333	
398	0.999928	-0.000754	0.492432	0.000754	0.999928	-0.560333	
399	1.000190	-0.000170	-0.071716	0.000170	1.000190	-0.262817	
400	1.009022	0.000624	-6.515930	-0.000624	1.009022	-3.902374	
401	1.004748	-0.001380	-2.892944	0.001380	1.004748	-2.429688	
402	1.004748	-0.001380	-2.892944	0.001380	1.004748	-2.429688	
403	0.999985	0.000102	-0.282349	-0.000102	0.999985	-0.053253	
404	0.999985	0.000102	-0.282349	-0.000102	0.999985	-0.053253	
405	0.998327	-0.001152	0.621368	0.001152	0.998327	0.071320	
406	1.000164	-0.000786	0.196594	0.000786	1.000164	-0.859436	
407	1.000280	0.000049	-0.106140	-0.000049	1.000280	-0.157867	
408	1.000248	-0.000652	0.698914	0.000652	1.000248	-0.841095	
409	1.000677	-0.001945	-0.256531	0.001945	1.000677	-1.358276	
410	1.000049	0.000520	0.310425	-0.000520	1.000049	0.425049	
411	1.001416	-0.001368	0.057617	0.001368	1.001416	-1.304230	
412	0.999749	-0.000414	0.642090	0.000414	0.999749	-0.436981	
413	1.000620	-0.000501	-0.356506	0.000501	1.000620	-0.811493	
414	1.000273	-0.001489	0.442200	0.001489	1.000273	-1.339264	
415	0.999980	-0.000279	0.017517	0.000279	0.999980	-0.496613	
416	0.999138	-0.000387	1.558411	0.000387	0.999138	-0.798553	
417	1.000099	0.000777	-0.153198	-0.000777	1.000099	0.004272	
418	1.000046	0.001566	-0.404236	-0.001566	1.000046	0.196747	
419	1.000267	-0.000374	0.763550	0.000374	1.000267	0.065033	
420	1.000726	-0.000475	0.980713	0.000475	1.000726	-1.545319	
421	1.000168	0.000896	-0.978394	-0.000896	1.000168	0.327728	
422	1.003539	0.001216	-4.973633	-0.001216	1.003539	-3.485199	
423	0.994706	-0.001459	5.637878	0.001459	0.994706	-1.340881	
424	0.978985	-0.000336	12.766418	0.000336	0.978985	5.360535	
425	0.989601	-0.000451	7.622009	0.000451	0.989601	1.954163	
426	0.989601	-0.000451	7.622009	0.000451	0.989601	1.954163	
427	0.988488	-0.000201	6.927185	0.000201	0.988488	3.214355	
428	0.983673	0.000167	10.456116	-0.000167	0.983673	5.642273	
429	0.989468	-0.000948	7.079163	0.000948	0.989468	2.008026	
430	0.977437	-0.000453	14.773254	0.000453	0.977437	6.524841	
431	0.991556	0.000669	3.517090	-0.000669	0.991556	4.795929	
432	0.981960	-0.001987	12.202087	0.001987	0.981960	4.513123	
433	0.989996	-0.001401	7.045105	0.001401	0.989996	1.493958	
434	0.982704	-0.002125	8.831665	0.002125	0.982704	5.093231	
435	0.989380	-0.001557	7.259155	0.001557	0.989380	2.084900	
436	0.993746	-0.000061	0.711121	0.000061	0.993746	1.738831	
437	1.001413	-0.000483	-1.517395	0.000483	1.001413	-1.288696	
438	0.999627	-0.001388	-2.351379	0.001388	0.999627	-1.089996	
439	1.000084	0.001170	-1.867615	-0.001170	1.000084	0.698944	
440	0.999991	0.001063	-3.397766	-0.001063	0.999991	0.348145	
441	0.999956	0.000281	-1.278076	-0.000281	0.999956	-0.057068	
442	1.000430	-0.000193	-3.589050	0.000193	1.000430	-0.586517	
443	0.999895	-0.000099	-0.902527	0.000099	0.999895	-0.128967	
444	1.000194	-0.000307	-3.599609	0.000307	1.000194	-0.743683	
445	0.999936	0.001811	-1.893127	-0.001811	0.999936	1.391144	
446	1.000440	0.000728	-2.437561	-0.000728	1.000440	-0.107727	
447	1.000390	-0.000259	-1.874023	0.000259	1.000390	-0.833221	
448	1.000438	0.000210	-2.134705	-0.000210	1.000438	-0.349884	
449	0.999993	-0.000894	-0.622681	0.000894	0.999993	-0.705627	
450	1.000390	-0.000906	-1.791992	0.000906	1.000390	-1.461578	
451	0.999989	0.000042	-0.847046	-0.000042	0.999989	-0.270660	
452	1.000153	-0.000226	-1.664795	0.000226	1.000153	-0.804352	
453	1.000068	0.000314	-1.090210	-0.000314	1.000068	-0.201508	
454	1.000630	-0.000132	-2.337708	0.000132	1.000630	-0.499969	
455	1.000237	-0.000526	-0.821289	0.000526	1.000237	-0.743256	
456	1.000678	0.001962	-2.841858	-0.001962	1.000678	0.718079	
457	0.999918	0.000635	-1.191101	-0.000635	0.999918	0.448303	
458	1.000041	-0.000994	-0.636414	0.000994	1.000041	-0.820404	
459	0.999561	-0.000168	-0.695068	0.000168	0.999561	0.220947	
460	0.999920	-0.000223	-0.723633	0.000223	0.999920	-0.032623	
461	0.999420	-0.000392	-0.450195	0.000392	0.999420	-0.219910	
462	0.999952	0.000053	-0.859802	-0.000053	0.999952	-0.032227	
463	1.000067	0.000667	-0.814941	-0.000667	1.000067	0.181915	
464	1.000080	-0.000057	-0.577881	0.000057	1.000080	-0.403168	
465	0.999890	0.001004	-0.964966	-0.001004	0.999890	0.794128	
466	1.000569	0.000083	-0.837952	-0.000083	1.000569	-0.228668	
467	0.999782	-0.000981	0.023865	0.000981	0.999782	-0.712646	
468	1.000028	0.000816	-1.239929	-0.000816	1.000028	0.503876	
469	0.999771	0.000165	-0.382751	-0.000165	0.999771	0.043030	
470	0.999760	-0.000579	-0.450684	0.000579	0.999760	-0.432404	
471	0.999897	-0.000049	-0.195557	0.000049	0.999897	-0.106689	
472	0.999796	-0.000816	0.012695	0.000816	0.999796	-0.461121	
473	0.999878	-0.000072	-0.767700	0.000072	0.999878	0.150757	
474	0.999815	0.000452	-0.445618	-0.000452	0.999815	0.655273	
475	0.999755	-0.000657	0.133240	0.000657	0.999755	-0.170624	
476	0.999967	-0.000210	-0.457397	0.000210	0.999967	0.034973	
477	0.999862	0.000530	-0.136963	-0.000530	0.999862	0.517242	
478	0.999719	0.000463	-0.589172	-0.000463	0.999719	0.154175	
479	0.999730	0.000506	-0.318604	-0.000506	0.999730	0.655914	
480	1.000027	0.001052	-0.632751	-0.001052	1.000027	0.575104	
481	0.999801	0.000479	-0.336304	-0.000479	0.999801	0.239990	
482	0.999984	0.002418	-1.412598	-0.002418	0.999984	1.804199	
483	0.999804	0.000395	-0.218933	-0.000395	0.999804	0.575500	
484	0.999785	-0.001711	0.464355	0.001711	0.999785	-1.188446	
485	0.999553	0.000302	-0.323425	-0.000302	0.999553	0.398315	
486	0.999372	-0.000232	0.472656	0.000232	0.999372	0.013763	
487	0.999685	-0.000884	0.098328	0.000884	0.999685	-0.635742	
488	0.999437	0.001270	-0.709534	-0.001270	0.999437	1.538391	
489	0.999839	-0.000371	0.152405	0.000371	0.999839	-0.235291	
490	0.999475	0.000319	-0.479309	-0.000319	0.999475	0.346008	
491	1.000169	0.001079	-0.588989	-0.001079	1.000169	0.925598	
492	0.999778	-0.000825	0.297363	0.000825	0.999778	-0.672668	
493	1.000030	-0.000458	0.023376	0.000458	1.000030	-0.408386	
494	0.998176	0.001971	0.689575	-0.001971	0.998176	2.265808	
495	0.999738	0.000170	0.186157	-0.000170	0.999738	0.396637	
496	0.999800	0.000998	-0.450073	-0.000998	0.999800	1.165375	
497	0.999899	-0.000412	0.310608	0.000412	0.999899	-0.036469	
498	0.998168	0.001434	0.867310	-0.001434	0.998168	0.734528	
499	1.000113	-0.000854	-0.172241	0.000854	1.000113	-1.089417	
500	1.000407	0.000820	-0.142426	-0.000820	1.000407	0.262573	
501	1.000075	-0.000671	0.192932	0.000671	1.000075	-0.272400	
502	0.998717	0.000414	0.021729	-0.000414	0.998717	1.120361	
503	1.000358	0.000268	-0.731323	-0.000268	1.000358	0.116364	
504	0.999719	-0.000082	0.181580	0.000082	0.999719	0.357147	
505	0.999868	0.000060	0.027161	-0.000060	0.999868	0.047363	
506	1.000165	-0.000928	-0.187134	0.000928	1.000165	-0.647522	
507	0.999840	0.000698	-0.481689	-0.000698	0.999840	0.728333	
508	1.000217	-0.000213	0.114136	0.000213	1.000217	-0.277985	
509	1.000971	-0.000042	-0.433960	0.000042	1.000971	-0.212219	
510	0.999973	0.000206	0.040710	-0.000206	0.999973	0.239014	
511	1.000124	0.000055	-0.212646	-0.000055	1.000124	0.552216	
512	1.000167	0.000023	-0.103149	-0.000023	1.000167	0.128540	
513	1.000291	0.000561	-0.402039	-0.000561	1.000291	0.752136	
514	1.000293	0.000557	-0.156555	-0.000557	1.000293	0.349854	
515	1.000004	-0.000194	-0.279724	0.000194	1.000004	-0.023499	
516	0.999952	-0.000204	0.435303	0.000204	0.999952	0.433777	
517	0.999956	-0.000562	0.160950	0.000562	0.999956	-0.181641	
518	0.999777	-0.001044	0.663818	0.001044	0.999777	-0.419373	
519	0.999619	0.000840	0.046448	-0.000840	0.999619	0.911591	
520	0.999840	-0.001559	0.890259	0.001559	0.999840	-1.011688	
521	0.999821	0.000578	-0.135132	-0.000578	0.999821	0.779327	
522	0.999835	0.000303	-0.062805	-0.000303	0.999835	0.843903	
523	1.000134	0.000345	0.074768	-0.000345	1.000134	0.000854	
524	1.000279	0.001627	-0.463135	-0.001627	1.000279	1.114319	
525	0.999911	0.000425	0.050903	-0.000425	0.999911	0.272858	
526	0.999847	-0.002058	0.967957	0.002058	0.999847	-1.227203	
527	0.999715	0.000103	0.232117	-0.000103	0.999715	0.305481	
528	0.999626	0.000191	0.437134	-0.000191	0.999626	0.107178	
529	0.999662	0.000422	-0.228638	-0.000422	0.999662	0.342072	
530	0.999815	0.000709	-0.204285	-0.000709	0.999815	0.908661	
531	0.999980	-0.000251	0.077698	0.000251	0.999980	-0.334076	
532	1.000125	0.000835	-0.829773	-0.000835	1.000125	0.861938	
533	0.999936	0.000451	-0.311890	-0.000451	0.999936	0.419250	
534	0.999855	-0.001429	0.323120	0.001429	0.999855	-0.529297	
535	0.999889	-0.000032	0.189270	0.000032	0.999889	0.090607	
536	1.000173	0.001627	-0.904724	-0.001627	1.000173	1.067291	
537	0.999627	-0.000273	0.358276	0.000273	0.999627	-0.048035	
538	0.999825	-0.000302	-0.262268	0.000302	0.999825	0.130829	
539	1.000209	-0.000395	0.098694	0.000395	1.000209	-0.376953	
540	1.000183	0.001462	-0.944397	-0.001462	1.000183	1.164459	
541	0.999809	0.001346	-0.503052	-0.001346	0.999809	1.017181	
542	0.999398	-0.001960	0.524048	0.001960	0.999398	-0.609436	
543	1.000157	-0.000845	0.040649	0.000845	1.000157	-0.366455	
544	1.000658	0.000587	-0.246460	-0.000587	1.000658	0.003510	
545	1.000034	-0.000371	-0.070129	0.000371	1.000034	-0.333893	
546	1.000114	-0.000665	-0.222351	0.000665	1.000114	-0.344360	
547	1.000216	-0.000003	-0.315186	0.000003	1.000216	-0.167023	
548	0.999596	0.000100	0.275330	-0.000100	0.999596	0.193939	
549	0.999726	0.001323	-0.733276	-0.001323	0.999726	0.737183	
550	0.999959	-0.000008	0.096252	0.000008	0.999959	0.094238	
551	0.999714	-0.000313	0.135559	0.000313	0.999714	-0.101227	
552	1.000105	0.000032	-0.210388	-0.000032	1.000105	-0.203247	
553	1.000470	-0.000205	-0.117310	0.000205	1.000470	-0.765625	
554	1.000085	-0.000003	-0.074707	0.000003	1.000085	-0.287354	
555	0.999969	0.000161	-0.357117	-0.000161	0.999969	-0.044556	
556	1.000004	0.001583	-0.933899	-0.001583	1.000004	1.208038	
557	0.998918	0.000219	0.986633	-0.000219	0.998918	0.051849	
558	1.001103	0.000378	-0.820740	-0.000378	1.001103	-0.350494	
559	1.000336	-0.000464	-0.155029	0.000464	1.000336	-0.460999	
560	1.000280	0.001470	-1.362183	-0.001470	1.000280	0.702454	
561	0.999984	0.000249	0.131348	-0.000249	0.999984	0.348053	
562	1.000255	-0.000862	-0.337524	0.000862	1.000255	-1.001465	
563	0.999941	0.000557	-0.025635	-0.000557	0.999941	0.332550	
564	0.999817	0.000679	-0.191528	-0.000679	0.999817	0.142761	
565	1.000112	0.000232	-0.247253	-0.000232	1.000112	-0.245270	
566	1.000216	0.000324	-0.169128	-0.000324	1.000216	-0.083069	
567	1.000454	-0.000946	0.344604	0.000946	1.000454	-0.769745	
568	1.000242	-0.000266	-0.146729	0.000266	1.000242	-0.737091	
569	1.000158	0.001010	-0.235291	-0.001010	1.000158	0.679749	
570	0.999688	0.000517	0.473267	-0.000517	0.999688	0.137878	
571	1.000091	0.000380	-0.034180	-0.000380	1.000091	0.004791	
572	0.999809	-0.000086	0.304016	0.000086	0.999809	-0.068634	
573	0.999907	-0.001437	0.838074	0.001437	0.999907	-1.116608	
574	1.000322	0.000338	-0.200562	-0.000338	1.000322	0.042206	
575	1.000461	0.000977	0.060730	-0.000977	1.000461	0.364685	
576	1.000111	-0.000818	0.469177	0.000818	1.000111	-0.643860	
577	0.999679	0.001292	-0.128540	-0.001292	0.999679	1.220764	
578	0.999541	0.000224	0.394653	-0.000224	0.999541	0.222595	
579	1.001064	-0.000821	-1.127930	0.000821	1.001064	-0.347382	
580	1.000376	0.000661	-0.370483	-0.000661	1.000376	0.466522	
581	1.000238	-0.000806	0.296875	0.000806	1.000238	-0.563965	
582	1.000258	-0.000012	-0.122559	0.000012	1.000258	-0.204620	
583	1.000276	0.000289	-0.275696	-0.000289	1.000276	-0.327057	
584	1.000452	-0.000864	0.328735	0.000864	1.000452	-0.930176	
585	1.000896	0.000559	-0.313721	-0.000559	1.000896	-0.423615	
586	1.000130	0.001379	-0.694824	-0.001379	1.000130	0.646729	
587	0.998785	-0.000839	0.975159	0.000839	0.998785	-0.476227	
588	0.999860	0.000305	0.184265	-0.000305	0.999860	0.243805	
589	0.998947	0.000323	0.884033	-0.000323	0.998947	0.110657	
590	0.999981	-0.000097	0.113098	0.000097	0.999981	-0.455475	
591	1.000012	0.002129	-0.575256	-0.002129	1.000012	1.212250	
592	1.000383	-0.000725	0.336609	0.000725	1.000383	-0.792938	
593	0.999992	0.000055	0.135773	-0.000055	0.999992	-0.694305	
594	1.000874	0.001148	-0.318085	-0.001148	1.000874	0.292999	
595	1.000777	0.000417	0.066620	-0.000417	1.000777	-0.683838	
596	0.999930	-0.000867	0.911804	0.000867	0.999930	-0.668060	
597	1.000124	-0.000574	0.337402	0.000574	1.000124	-0.724152	
598	1.001771	-0.000365	-0.178864	0.000365	1.001771	-1.319244	
599	1.000042	-0.000342	0.186340	0.000342	1.000042	-0.509369	
600	0.999626	-0.001214	0.914062	0.001214	0.999626	-0.822693	
601	0.998144	-0.004193	2.698120	0.004193	0.998144	-3.766953	
602	1.000420	0.000085	-0.582581	-0.000085	1.000420	-0.174164	
603	0.998138	0.000062	1.520752	-0.000062	0.998138	0.522491	
604	0.999499	-0.000179	0.528503	0.000179	0.999499	-0.092651	
605	1.000205	0.000758	-0.035767	-0.000758	1.000205	0.571075	
606	1.000087	-0.000691	0.414001	0.000691	1.000087	-0.465485	
607	1.001744	0.004148	-3.177734	-0.004148	1.001744	2.934082	
608	0.999821	0.000805	-0.371765	-0.000805	0.999821	0.828186	
609	0.999821	0.000805	-0.371765	-0.000805	0.999821	0.828186	
610	1.000037	0.000136	-0.045166	-0.000136	1.000037	-0.072815	
611	1.000285	0.000805	-0.570251	-0.000805	1.000285	0.231476	
612	0.998617	-0.000682	1.594604	0.000682	0.998617	-0.359680	
613	1.000651	-0.000018	-0.902710	0.000018	1.000651	-0.316040	
614	0.999977	-0.000251	-0.071838	0.000251	0.999977	-0.152710	
615	0.999766	0.001468	-0.749573	-0.001468	0.999766	0.967102	
616	0.999979	0.001147	-0.797668	-0.001147	0.999979	0.635742	
617	1.000268	-0.000722	-0.124878	0.000722	1.000268	-0.441895	
618	0.999998	0.000428	-0.268127	-0.000428	0.999998	0.082184	
619	1.000013	0.001228	-0.954651	-0.001228	1.000013	0.941498	
620	0.999762	-0.000380	0.147400	0.000380	0.999762	-0.213745	
621	0.999662	-0.000101	-0.351257	0.000101	0.999662	0.023468	
622	0.999379	-0.000822	0.711365	0.000822	0.999379	-0.125519	
623	0.999911	-0.001826	-0.014160	0.001826	0.999911	-0.985382	
624	0.999911	0.000751	-0.127319	-0.000751	0.999911	0.561279	
625	0.999937	-0.000874	0.280029	0.000874	0.999937	-0.494537	
626	0.999848	-0.000263	-0.312622	0.000263	0.999848	-0.449677	
627	0.999581	0.000596	-0.011536	-0.000596	0.999581	0.473083	
628	0.999346	-0.001847	1.309143	0.001847	0.999346	-1.688751	
629	0.999842	-0.000503	0.054443	0.000503	0.999842	-0.521759	
630	0.999988	0.000872	-0.316467	-0.000872	0.999988	0.555939	
631	1.000242	0.000546	-0.694641	-0.000546	1.000242	-0.036713	
632	1.000824	0.000377	-0.355652	-0.000377	1.000824	0.749237	
633	1.000210	-0.001475	0.290222	0.001475	1.000210	-1.466949	
634	1.000056	-0.000778	0.127869	0.000778	1.000056	-0.716705	
635	0.999642	0.000094	-0.115234	-0.000094	0.999642	-0.012634	
636	0.999539	0.000066	0.238037	-0.000066	0.999539	0.111298	
637	0.999949	0.001803	-0.947388	-0.001803	0.999949	1.089111	
638	0.999770	0.000350	-0.161316	-0.000350	0.999770	0.074677	
639	1.000050	-0.001256	0.581177	0.001256	1.000050	-0.931824	
640	1.000455	0.000041	-0.876831	-0.000041	1.000455	-0.100769	
641	1.000095	-0.001015	0.440063	0.001015	1.000095	-0.786377	
642	1.000159	-0.000935	-0.080627	0.000935	1.000159	-0.750458	
643	1.000295	0.000519	-0.434937	-0.000519	1.000295	0.043701	
644	1.000223	0.000161	-0.449463	-0.000161	1.000223	-0.078033	
645	1.000421	-0.000537	-0.109253	0.000537	1.000421	-0.920929	
646	1.000118	-0.000612	-0.174927	0.000612	1.000118	-0.417847	
647	1.000046	-0.002128	0.356873	0.002128	1.000046	-2.033173	
648	1.000286	0.001567	-1.060242	-0.001567	1.000286	0.984222	
649	1.000286	0.001567	-1.060242	-0.001567	1.000286	0.984222	
650	0.999752	-0.001072	0.549622	0.001072	0.999752	-0.796753	
651	1.000323	-0.001068	-0.542603	0.001068	1.000323	-1.232697	
652	0.999813	0.000414	-0.178162	-0.000414	0.999813	0.436493	
653	0.999832	0.000270	-0.327576	-0.000270	0.999832	-0.104095	
654	0.999565	-0.000814	0.186523	0.000814	0.999565	-0.550385	
655	0.999858	-0.000203	0.213989	0.000203	0.999858	-0.485443	
656	1.000775	0.001003	-0.959534	-0.001003	1.000775	-0.169281	
657	0.999235	0.001277	0.152710	-0.001277	0.999235	1.036346	
658	1.000785	0.000617	-0.870056	-0.000617	1.000785	-0.431183	
659	1.000973	-0.001657	0.063904	0.001657	1.000973	-1.287781	
660	1.000175	-0.000015	-0.200745	0.000015	1.000175	0.153534	
661	1.000313	-0.000252	-0.190735	0.000252	1.000313	-0.446960	
662	0.999223	0.000732	0.649780	-0.000732	0.999223	0.902527	
663	0.999544	-0.000350	-0.233765	0.000350	0.999544	-0.045471	
664	0.999462	-0.000184	-0.010071	0.000184	0.999462	0.120056	
665	0.998887	0.000248	0.183075	-0.000248	0.998887	0.520569	
666	0.999864	-0.000347	-0.090088	0.000347	0.999864	-0.103668	
667	0.999843	-0.001895	0.669067	0.001895	0.999843	-1.039154	
668	1.000058	-0.000178	0.036865	0.000178	1.000058	-0.388916	
669	1.000137	-0.000157	-0.381714	0.000157	1.000137	0.102722	
670	0.998344	-0.002690	1.114197	0.002690	0.998344	-0.457825	
671	1.000120	-0.000687	-0.054260	0.000687	1.000120	-0.551025	
672	1.000046	0.000160	-0.069885	-0.000160	1.000046	-0.029541	
673	1.000033	0.000709	-0.574829	-0.000709	1.000033	0.602661	
674	0.999951	0.000072	-0.167419	-0.000072	0.999951	0.062256	
675	0.999993	-0.000321	0.088379	0.000321	0.999993	-0.146759	
676	0.999556	-0.000631	0.593933	0.000631	0.999556	-0.390717	
677	1.000047	-0.000160	-0.136902	0.000160	1.000047	-0.016632	
678	0.999919	-0.000128	0.032410	0.000128	0.999919	-0.008484	
679	1.000138	0.000860	-0.660706	-0.000860	1.000138	0.480774	
680	1.000198	0.000634	-0.365784	-0.000634	1.000198	0.405762	
681	1.000198	0.000634	-0.365784	-0.000634	1.000198	0.405762	
682	1.000070	-0.000278	0.059875	0.000278	1.000070	-0.341461	
683	0.999409	-0.001647	0.796387	0.001647	0.999409	-1.107056	
684	0.999971	-0.000133	0.038757	0.000133	0.999971	-0.268036	
685	1.000060	0.001316	-0.462219	-0.001316	1.000060	0.696716	
686	1.000333	0.000475	-0.486267	-0.000475	1.000333	0.054382	
687	0.999670	-0.000332	0.188599	0.000332	0.999670	0.059296	
688	0.998824	-0.001791	1.204041	0.001791	0.998824	-0.238495	
689	1.000638	0.001215	-0.756042	-0.001215	1.000638	1.037598	
690	1.000517	-0.000345	-0.231934	0.000345	1.000517	-0.351715	
691	0.999800	-0.001955	0.764282	0.001955	0.999800	-1.389099	
692	1.000190	0.000502	-0.185425	-0.000502	1.000190	0.391449	
693	1.000288	0.000785	-0.128845	-0.000785	1.000288	0.439697	
694	1.000159	-0.001910	0.715454	0.001910	1.000159	-1.714478	
695	1.000905	-0.000849	0.169586	0.000849	1.000905	-0.923218	
696	1.000684	0.001440	-0.598328	-0.001440	1.000684	0.553436	
697	1.000498	0.001346	-0.408447	-0.001346	1.000498	0.826569	
698	1.001304	0.000530	-1.116089	-0.000530	1.001304	0.415131	
699	1.000364	-0.000915	0.266113	0.000915	1.000364	-0.537140	
700	1.000236	-0.000502	0.046265	0.000502	1.000236	-0.629974	
701	0.998724	0.001230	0.771729	-0.001230	0.998724	0.764130	
702	0.998030	0.000235	0.866943	-0.000235	0.998030	0.461823	
703	0.993972	-0.000292	3.890137	0.000292	0.993972	2.421082	
704	0.995223	-0.000020	1.952332	0.000020	0.995223	2.461548	
705	0.985320	0.000045	10.483948	-0.000045	0.985320	3.504303	
706	0.992660	0.000792	4.740234	-0.000792	0.992660	2.802338	
707	0.983679	-0.001725	11.022034	0.001725	0.983679	3.503052	
708	0.991765	0.000895	6.172974	-0.000895	0.991765	2.534027	
709	0.991765	0.000895	6.172974	-0.000895	0.991765	2.534027	
710	0.990820	0.003046	5.731812	-0.003046	0.990820	4.358551	
711	1.000489	0.001404	0.676453	-0.001404	1.000489	0.461792	
712	1.000351	-0.000033	0.280823	0.000033	1.000351	0.323761	
713	1.000351	-0.000033	0.280823	0.000033	1.000351	0.323761	
714	1.000351	-0.000033	0.280823	0.000033	1.000351	0.323761	
715	1.000351	-0.000033	0.280823	0.000033	1.000351	0.323761	
716	0.999947	0.000005	0.518433	-0.000005	0.999947	0.030060	
717	0.999979	0.002032	-0.203247	-0.002032	0.999979	1.416016	
718	0.999909	-0.000526	0.866699	0.000526	0.999909	-0.155273	
719	0.999909	-0.000526	0.866699	0.000526	0.999909	-0.155273	
720	1.000675	-0.000400	-0.188660	0.000400	1.000675	-0.264587	
721	1.001430	0.001066	-1.314392	-0.001066	1.001430	0.125519	
722	1.000815	0.001349	-1.579529	-0.001349	1.000815	0.338013	
723	1.000146	-0.000509	0.571350	0.000509	1.000146	-0.470337	
724	1.000175	0.000426	-0.475769	-0.000426	1.000175	0.218903	
725	1.000485	0.001376	-0.267090	-0.001376	1.000485	0.866852	
726	1.000036	0.000068	0.045898	-0.000068	1.000036	0.099487	
727	0.999829	0.000151	0.901306	-0.000151	0.999829	-0.157562	
728	1.000014	0.000478	0.304443	-0.000478	1.000014	0.300110	
729	1.000125	0.001425	0.005371	-0.001425	1.000125	0.631592	
730	1.000013	0.000383	0.328735	-0.000383	1.000013	0.327240	
731	1.000118	-0.001398	0.773254	0.001398	1.000118	-1.073212	
732	0.999883	-0.000156	0.417053	0.000156	0.999883	0.038910	
733	1.000300	-0.000086	-0.004028	0.000086	1.000300	-0.436737	
734	0.999865	-0.000350	0.422241	0.000350	0.999865	-0.323395	
735	0.999622	0.000454	0.866760	-0.000454	0.999622	0.087952	
736	1.000068	-0.000297	0.118530	0.000297	1.000068	-0.703888	
737	1.000497	0.001703	-0.385315	-0.001703	1.000497	0.933136	
738	0.999935	0.000391	-0.015320	-0.000391	0.999935	0.021576	
739	1.000257	-0.001891	0.973267	0.001891	1.000257	-1.510498	
740	1.000009	-0.000402	-0.160034	0.000402	1.000009	-0.608154	
741	0.999681	0.000024	1.070618	-0.000024	0.999681	-0.178253	
742	0.999692	-0.000799	0.797607	0.000799	0.999692	-0.899719	
743	1.000084	-0.001083	0.986938	0.001083	1.000084	-0.777893	
744	0.999916	-0.000494	0.365479	0.000494	0.999916	-0.414337	
745	1.000045	0.000066	0.356201	-0.000066	1.000045	-0.393555	
746	0.999645	0.000291	0.566528	-0.000291	0.999645	0.429474	
747	0.999440	-0.001228	1.328369	0.001228	0.999440	-1.191895	
748	0.999887	-0.000501	0.327881	0.000501	0.999887	-0.513306	
749	1.000148	-0.000204	0.084167	0.000204	1.000148	-0.158783	
750	0.999925	-0.000762	0.397766	0.000762	0.999925	-0.523682	
751	0.999889	0.000616	0.178345	-0.000616	0.999889	0.362396	
752	1.000181	0.000032	-0.253601	-0.000032	1.000181	-0.412994	
753	1.000052	0.001046	-0.170471	-0.001046	1.000052	0.755554	
754	1.000071	0.000574	-0.141602	-0.000574	1.000071	0.225983	
755	0.998886	-0.001345	0.904633	0.001345	0.998886	-0.983948	
756	1.000075	0.000746	0.131348	-0.000746	1.000075	0.393494	
757	1.000059	0.000272	-0.012573	-0.000272	1.000059	-0.212738	
758	0.999939	-0.000339	0.207397	0.000339	0.999939	-0.516876	
759	0.999888	0.001276	-0.178894	-0.001276	0.999888	0.466766	
760	0.999888	-0.000208	0.105469	0.000208	0.999888	-0.320007	
761	0.999753	0.000095	0.649780	-0.000095	0.999753	-0.459839	
762	1.000241	0.000716	-0.522278	-0.000716	1.000241	0.285858	
763	1.000136	-0.001965	0.805298	0.001965	1.000136	-1.447906	
764	1.000008	-0.000882	0.249390	0.000882	1.000008	-0.678345	
765	1.000291	0.000457	-0.412231	-0.000457	1.000291	-0.608643	
766	1.000206	0.000346	-0.296387	-0.000346	1.000206	0.257416	
767	0.999873	0.000455	0.142578	-0.000455	0.999873	-0.145813	
768	0.999790	-0.000350	0.114075	0.000350	0.999790	-0.661774	
769	0.999888	-0.000816	0.830322	0.000816	0.999888	-0.683197	
770	0.999949	-0.001096	0.354797	0.001096	0.999949	-1.213867	
771	0.998975	-0.001230	0.871094	0.001230	0.998975	-0.677826	
772	0.999515	-0.000491	0.709656	0.000491	0.999515	-0.444641	
773	0.999808	0.000200	-0.095459	-0.000200	0.999808	-0.384491	
774	0.999480	0.000517	0.566895	-0.000517	0.999480	0.204224	
775	0.999870	-0.001694	0.525818	0.001694	0.999870	-1.530609	
776	0.999785	0.000549	0.085388	-0.000549	0.999785	0.300232	
777	0.999330	0.000753	-0.070648	-0.000753	0.999330	0.252380	
778	0.999511	-0.000091	0.286438	0.000091	0.999511	-0.167114	
779	0.999824	0.001703	-0.447754	-0.001703	0.999824	0.904480	
780	0.999950	-0.000103	0.152771	0.000103	0.999950	-0.212219	
781	0.999967	0.000937	-0.251770	-0.000937	0.999967	0.404877	
782	0.999950	0.000119	-0.049438	-0.000119	0.999950	-0.040894	
783	0.999992	0.000045	-0.089600	-0.000045	0.999992	-0.162048	
784	0.999730	-0.000195	0.304932	0.000195	0.999730	-0.379974	
785	0.999888	0.000379	-0.133850	-0.000379	0.999888	-0.011047	
786	0.999779	-0.000234	0.248108	0.000234	0.999779	-0.348907	
787	0.999596	-0.000049	0.552124	0.000049	0.999596	-0.304474	
788	0.999928	-0.001016	0.360229	0.001016	0.999928	-0.869385	
789	1.000257	-0.000391	-0.094788	0.000391	1.000257	-0.348419	
790	1.000036	0.000396	-0.190857	-0.000396	1.000036	0.319031	
791	0.999931	-0.000148	0.011963	0.000148	0.999931	-0.385895	
792	0.999885	-0.000285	0.085449	0.000285	0.999885	-0.442902	
793	0.999710	-0.000610	0.574219	0.000610	0.999710	-0.514435	
794	0.999997	-0.000290	0.031555	0.000290	0.999997	-0.376617	
795	1.000484	0.000469	-0.651245	-0.000469	1.000484	0.237854	
796	0.999973	0.000005	0.152649	-0.000005	0.999973	-0.194641	
797	0.999620	-0.001487	0.978882	0.001487	0.999620	-1.070435	
798	1.001092	0.001569	-0.889893	-0.001569	1.001092	0.282013	
799	0.999508	0.000902	0.475830	-0.000902	0.999508	0.371063	
800	1.000293	0.000475	-0.788574	-0.000475	1.000293	-0.075256	
801	0.999318	0.001424	0.433960	-0.001424	0.999318	0.771606	
802	0.999831	-0.001061	0.527893	0.001061	0.999831	-0.906891	
803	0.999804	-0.000228	0.397217	0.000228	0.999804	-0.145477	
804	0.999696	-0.001371	0.791931	0.001371	0.999696	-1.007751	
805	1.000157	-0.000840	0.046326	0.000840	1.000157	-0.847260	
806	0.999995	0.000096	0.072266	-0.000096	0.999995	-0.062988	
807	1.000074	-0.000119	0.124512	0.000119	1.000074	-0.183960	
808	1.000633	-0.000929	-0.099548	0.000929	1.000633	-0.796112	
809	0.999547	0.001103	0.085449	-0.001103	0.999547	0.876709	
810	0.999774	-0.000388	0.559082	0.000388	0.999774	-0.523346	
811	1.000245	0.001051	-0.761047	-0.001051	1.000245	0.747833	
812	0.999909	0.000679	0.051392	-0.000679	0.999909	0.398376	
813	1.000379	-0.001230	-0.232971	0.001230	1.000379	-1.015137	
814	1.000294	-0.000060	-0.406860	0.000060	1.000294	0.074646	
815	1.000114	-0.000198	0.001587	0.000198	1.000114	-0.091156	
816	1.000178	-0.001644	0.328735	0.001644	1.000178	-0.706421	
817	1.000067	0.000941	-0.655212	-0.000941	1.000067	0.862000	
818	0.998607	-0.000493	1.754822	0.000493	0.998607	0.308502	
819	1.000009	0.000054	-0.467102	-0.000054	1.000009	-0.196381	
820	1.000051	0.000980	-0.537903	-0.000980	1.000051	0.934296	
821	1.000198	-0.001403	0.281372	0.001403	1.000198	-0.973450	
822	0.999897	-0.000607	0.349121	0.000607	0.999897	-0.495361	
823	0.999624	0.000666	-0.000244	-0.000666	0.999624	0.485931	
824	0.999967	0.000282	0.103394	-0.000282	0.999967	0.137573	
825	0.999763	-0.000703	0.187744	0.000703	0.999763	-0.619751	
826	0.999963	-0.000234	0.372192	0.000234	0.999963	0.205658	
827	1.000341	0.000368	-0.921021	-0.000368	1.000341	0.415985	
828	1.000311	0.001061	-0.597107	-0.001061	1.000311	1.133240	
829	1.000108	-0.001005	-0.156738	0.001005	1.000108	-0.605499	
830	1.000120	-0.001165	0.142761	0.001165	1.000120	-0.893860	
831	0.999758	0.000276	-0.017639	-0.000276	0.999758	0.397217	
832	0.999951	0.000157	-0.046326	-0.000157	0.999951	0.049500	
833	1.000304	0.000925	-0.996460	-0.000925	1.000304	0.862885	
834	1.000011	-0.000569	0.173279	0.000569	1.000011	-0.336975	
835	1.000665	-0.001222	-0.473572	0.001222	1.000665	-0.829834	
836	0.999902	0.001826	-0.177612	-0.001826	0.999902	1.525635	
837	0.999769	-0.001805	0.522766	0.001805	0.999769	-0.970520	
838	0.999728	-0.001361	0.596924	0.001361	0.999728	-0.888611	
839	0.999976	0.000959	-0.600830	-0.000959	0.999976	0.738800	
840	0.999859	0.000725	-0.212952	-0.000725	0.999859	0.616272	
841	0.999882	0.000144	-0.229126	-0.000144	0.999882	0.163910	
842	0.999936	0.000048	-0.179993	-0.000048	0.999936	0.065308	
843	0.999969	-0.000135	-0.160461	0.000135	0.999969	-0.130737	
844	0.999940	-0.000031	-0.305115	0.000031	0.999940	0.114075	
845	0.999913	0.000289	-0.042786	-0.000289	0.999913	0.558197	
846	0.999959	-0.000296	0.025391	0.000296	0.999959	-0.138123	
847	0.999870	0.000361	-0.156433	-0.000361	0.999870	0.460358	
848	0.999920	-0.000085	0.052551	0.000085	0.999920	0.023407	
849	0.999806	0.000024	0.187988	-0.000024	0.999806	0.151611	
850	0.999961	0.000623	-0.651123	-0.000623	0.999961	0.523682	
851	1.000794	-0.002441	0.148071	0.002441	1.000794	-2.713287	
852	0.999971	0.000614	-0.527161	-0.000614	0.999971	0.238617	
853	0.999905	0.001335	-0.121094	-0.001335	0.999905	1.358002	
854	0.999928	-0.000243	0.178101	0.000243	0.999928	0.004303	
855	0.996635	-0.001876	1.129639	0.001876	0.996635	0.511047	
856	0.999939	0.000447	-0.125793	-0.000447	0.999939	0.577698	
857	0.999918	-0.000544	0.238892	0.000544	0.999918	-0.018005	
858	0.999874	-0.000238	0.053040	0.000238	0.999874	0.176758	
859	0.999809	0.000010	0.202698	-0.000010	0.999809	0.426392	
860	1.000043	-0.000439	-0.042480	0.000439	1.000043	-0.353760	
861	1.000007	-0.000696	0.302795	0.000696	1.000007	-0.050690	
862	0.999999	-0.000824	0.443420	0.000824	0.999999	-0.221405	
863	0.999997	0.000439	0.124023	-0.000439	0.999997	0.723602	
864	0.999968	0.000225	-0.069092	-0.000225	0.999968	0.138519	
865	1.000085	-0.001151	0.691162	0.001151	1.000085	-0.356079	
866	1.000011	-0.001136	0.705750	0.001136	1.000011	-0.539581	
867	0.999933	-0.001730	1.120422	0.001730	0.999933	-0.834686	
868	0.999973	0.000189	-0.003418	-0.000189	0.999973	0.138275	
869	0.999982	-0.000451	0.801270	0.000451	0.999982	0.147247	
870	0.999954	-0.000523	0.728577	0.000523	0.999954	-0.220184	
871	1.000244	-0.001839	0.924805	0.001839	1.000244	-1.057770	
872	1.000016	0.000024	0.195068	-0.000024	1.000016	0.194550	
873	0.999703	-0.001090	1.669983	0.001090	0.999703	-0.487000	
874	0.999985	0.000913	-0.067383	-0.000913	0.999985	0.722656	
875	1.000022	0.001120	0.012024	-0.001120	1.000022	0.942749	
876	1.000270	-0.001106	0.563660	0.001106	1.000270	-0.647461	
877	0.999966	-0.000054	0.543213	0.000054	0.999966	0.109497	
878	0.999891	0.001072	0.611267	-0.001072	0.999891	0.727234	
879	0.999740	0.000524	0.552551	-0.000524	0.999740	0.089386	
880	0.998983	0.000331	1.308899	-0.000331	0.998983	-0.294128	
881	0.996791	-0.001254	3.899475	0.001254	0.996791	0.013977	
882	0.997490	-0.001257	2.961731	0.001257	0.997490	0.152466	
883	0.992232	0.001243	8.546143	-0.001243	0.992232	4.131348	
884	0.995405	0.000109	3.907471	-0.000109	0.995405	1.753845	
885	0.994147	0.000366	5.533813	-0.000366	0.994147	4.137787	
886	0.998396	0.000423	0.927856	-0.000423	0.998396	1.134277	
887	0.998708	0.000239	0.708862	-0.000239	0.998708	1.058167	
888	0.999918	-0.000309	0.702881	0.000309	0.999918	-0.162506	
889	1.001068	0.000510	-0.618530	-0.000510	1.001068	-0.566711	
890	1.000037	0.000879	0.108032	-0.000879	1.000037	0.466949	
891	0.999656	0.000170	0.240601	-0.000170	0.999656	0.015839	
892	0.999825	-0.000091	0.009155	0.000091	0.999825	-0.055511	
893	0.999797	0.002020	-0.665894	-0.002020	0.999797	1.418091	
894	1.000023	-0.000249	0.289734	0.000249	1.000023	-0.445435	
895	0.999832	0.000831	-0.237915	-0.000831	0.999832	0.529785	
896	0.999766	0.000858	-0.104431	-0.000858	0.999766	0.565063	
897	1.000589	0.000192	0.302917	-0.000192	1.000589	-0.709229	
898	1.000654	0.000021	-0.504333	-0.000021	1.000654	-0.637085	
899	0.999294	-0.000979	-0.676880	0.000979	0.999294	0.417908	
900	1.000735	0.001118	-4.008423	-0.001118	1.000735	2.147247	
901	1.009190	0.002462	-7.240906	-0.002462	1.009190	-1.564178	
902	1.005776	0.000588	-4.491089	-0.000588	1.005776	-1.433441	
903	1.013410	-0.000472	-8.743225	0.000472	1.013410	-5.005341	
904	1.027278	0.000301	-17.615112	-0.000301	1.027278	-8.893616	
905	1.013940	-0.000108	-8.625000	0.000108	1.013940	-6.385193	
906	1.030510	0.000218	-19.262695	-0.000218	1.030510	-9.807465	
907	1.017012	0.000448	-11.572449	-0.000448	1.017012	-6.190491	
908	1.034119	0.000143	-20.858337	-0.000143	1.034119	-11.556671	
909	1.016712	0.000788	-12.066467	-0.000788	1.016712	-5.708862	
910	1.033308	-0.000226	-21.684509	0.000226	1.033308	-12.659271	
911	1.016975	-0.000023	-11.489868	0.000023	1.016975	-6.356781	
912	1.035965	-0.001882	-23.695435	0.001882	1.035965	-13.413849	
913	1.020451	-0.000134	-13.499451	0.000134	1.020451	-7.576141	
914	1.039694	0.000239	-26.703613	-0.000239	1.039694	-12.811829	
915	1.018424	-0.000616	-11.153320	0.000616	1.018424	-6.804718	
916	1.036384	0.000803	-23.858582	-0.000803	1.036384	-12.965027	
917	1.019828	0.001471	-14.321289	-0.001471	1.019828	-4.912689	
918	1.035779	-0.001888	-21.427673	0.001888	1.035779	-16.230103	
919	1.018331	-0.000389	-11.279724	0.000389	1.018331	-8.810303	
920	1.037482	0.000219	-22.488647	-0.000219	1.037482	-12.852875	
921	1.017756	-0.000608	-10.726990	0.000608	1.017756	-7.393311	
922	1.036437	-0.000671	-23.295044	0.000671	1.036437	-13.203003	
923	1.018962	0.001223	-12.291504	-0.001223	1.018962	-6.825897	
924	1.037152	-0.001337	-24.505676	0.001337	1.037152	-13.742493	
925	1.019080	0.000541	-12.688171	-0.000541	1.019080	-6.081085	
926	1.036918	-0.001567	-25.205444	0.001567	1.036918	-14.399200	
927	1.018496	-0.000892	-9.676086	0.000892	1.018496	-8.140076	
928	1.038485	0.002977	-25.973541	-0.002977	1.038485	-12.141724	
929	1.018708	0.000288	-11.230591	-0.000288	1.018708	-5.979431	
930	1.039123	0.000249	-23.173950	-0.000249	1.039123	-16.704285	
931	1.021837	0.002818	-18.750153	-0.002818	1.021837	-8.807220	
932	1.021837	0.002818	-18.750153	-0.002818	1.021837	-8.807220	
933	1.019053	0.000780	-12.818542	-0.000780	1.019053	-6.720428	
934	1.019053	0.000780	-12.818542	-0.000780	1.019053	-6.720428	
935	1.019053	0.000780	-12.818542	-0.000780	1.019053	-6.720428	
936	1.039488	0.000999	-28.685852	-0.000999	1.039488	-13.645569	
937	1.014682	0.000315	-9.734863	-0.000315	1.014682	-5.244476	
938	1.022977	-0.000787	-13.098083	0.000787	1.022977	-8.221466	
939	1.022977	-0.000787	-13.098083	0.000787	1.022977	-8.221466	
940	1.022977	-0.000787	-13.098083	0.000787	1.022977	-8.221466	
941	1.022977	-0.000787	-13.098083	0.000787	1.022977	-8.221466	
942	1.022977	-0.000787	-13.098083	0.000787	1.022977	-8.221466	
943	1.022977	-0.000787	-13.098083	0.000787	1.022977	-8.221466	
944	0.999813	-0.000333	1.025146	0.000333	0.999813	-0.143494	
945	1.004429	0.000581	-1.027710	-0.000581	1.004429	-1.493042	
946	0.998697	-0.000339	3.095825	0.000339	0.998697	-0.146606	
947	1.000008	-0.000659	0.786316	0.000659	1.000008	-0.730682	
948	1.000008	-0.000659	0.786316	0.000659	1.000008	-0.730682	
949	1.006089	-0.002060	-1.993713	0.002060	1.006089	-4.736633	
950	1.006089	-0.002060	-1.993713	0.002060	1.006089	-4.736633	
951	0.998303	-0.003294	3.072327	0.003294	0.998303	-0.954346	
952	1.000408	-0.003044	7.229675	0.003044	1.000408	-1.052795	
953	0.999947	0.000568	0.717773	-0.000568	0.999947	0.412537	
954	0.999947	0.000568	0.717773	-0.000568	0.999947	0.412537	
955	1.000391	-0.000479	1.989502	0.000479	1.000391	-6.603729	
956	1.000391	-0.000479	1.989502	0.000479	1.000391	-6.603729	
957	0.988722	0.000170	8.123230	-0.000170	0.988722	3.258179	
958	0.988722	0.000170	8.123230	-0.000170	0.988722	3.258179	
959	0.987978	0.002322	8.178833	-0.002322	0.987978	5.552185	
960	0.987978	0.002322	8.178833	-0.002322	0.987978	5.552185	
961	0.998002	-0.000418	3.038025	0.000418	0.998002	0.477966	
962	0.998002	-0.000418	3.038025	0.000418	0.998002	0.477966	
963	1.000850	-0.000537	-0.157227	0.000537	1.000850	-1.297699	
964	1.000850	-0.000537	-0.157227	0.000537	1.000850	-1.297699	
965	1.001548	-0.001890	0.869019	0.001890	1.001548	-0.749451	
966	1.001548	-0.001890	0.869019	0.001890	1.001548	-0.749451	
967	1.000244	0.001900	-1.228149	-0.001900	1.000244	1.375153	
968	1.000244	0.001900	-1.228149	-0.001900	1.000244	1.375153	
969	1.002157	0.000490	-1.458984	-0.000490	1.002157	-0.675598	
970	0.999894	-0.001756	1.225281	0.001756	0.999894	-0.708496	
971	1.000897	0.000739	-0.917358	-0.000739	1.000897	0.713196	
972	0.997361	0.007875	-0.334045	-0.007875	0.997361	7.060913	
973	0.999480	0.000018	0.161011	-0.000018	0.999480	1.131958	
974	0.999480	0.000018	0.161011	-0.000018	0.999480	1.131958	
975	1.000089	-0.002044	1.253967	0.002044	1.000089	-0.391541	
976	1.000089	-0.002044	1.253967	0.002044	1.000089	-0.391541	
977	1.004995	-0.004981	-1.245911	0.004981	1.004995	-5.926849	
978	1.004995	-0.004981	-1.245911	0.004981	1.004995	-5.926849	
979	1.000537	-0.000118	-1.069397	0.000118	1.000537	1.948578	
980	1.000537	-0.000118	-1.069397	0.000118	1.000537	1.948578	
981	0.998403	0.003895	-1.311951	-0.003895	0.998403	4.834778	
982	1.000589	0.000205	-0.067078	-0.000205	1.000589	4.915741	
983	0.999849	0.000973	-0.881775	-0.000973	0.999849	2.629425	
984	0.999849	0.000973	-0.881775	-0.000973	0.999849	2.629425	
985	0.999592	0.000319	-0.541199	-0.000319	0.999592	2.262390	
986	0.999481	-0.000814	0.072083	0.000814	0.999481	2.812500	
987	1.007025	-0.003737	-3.283020	0.003737	1.007025	-4.159912	
988	1.007025	-0.003737	-3.283020	0.003737	1.007025	-4.159912	
989	1.002798	0.000542	-2.556946	-0.000542	1.002798	0.065979	
990	0.998618	-0.000834	0.810120	0.000834	0.998618	1.696991	
991	0.999595	0.000804	-0.717529	-0.000804	0.999595	1.722717	
992	0.999595	0.000804	-0.717529	-0.000804	0.999595	1.722717	
993	1.001545	-0.001585	0.186462	0.001585	1.001545	-0.071198	
994	0.999861	0.000502	-1.532410	-0.000502	0.999861	2.561279	
995	1.009836	-0.002767	-5.481812	0.002767	1.009836	-5.570557	
996	1.009836	-0.002767	-5.481812	0.002767	1.009836	-5.570557	
997	0.999794	0.002736	-0.952759	-0.002736	0.999794	2.946777	
998	0.999794	0.002736	-0.952759	-0.002736	0.999794	2.946777	
999	0.999794	0.002736	-0.952759	-0.002736	0.999794	2.946777	
1000	0.999794	0.002736	-0.952759	-0.002736	0.999794	2.946777	
1001	1.000733	-0.001851	-1.016418	0.001851	1.000733	-1.340622	
1002	1.000733	-0.001851	-1.016418	0.001851	1.000733	-1.340622	
1003	1.000733	-0.001851	-1.016418	0.001851	1.000733	-1.340622	
1004	1.000733	-0.001851	-1.016418	0.001851	1.000733	-1.340622	
1005	0.999374	-0.001074	-0.240295	0.001074	0.999374	-0.107330	
1006	0.999374	-0.001074	-0.240295	0.001074	0.999374	-0.107330	
1007	0.999374	-0.001074	-0.240295	0.001074	0.999374	-0.107330	
1008	0.999374	-0.001074	-0.240295	0.001074	0.999374	-0.107330	
1009	0.999374	-0.001074	-0.240295	0.001074	0.999374	-0.107330	
1010	0.999374	-0.001074	-0.240295	0.001074	0.999374	-0.107330	
1011	0.992835	-0.000609	3.882721	0.000609	0.992835	2.836914	
1012	0.992835	-0.000609	3.882721	0.000609	0.992835	2.836914	
1013	0.991069	0.000981	6.246704	-0.000981	0.991069	4.457703	
1014	0.977918	0.000641	15.225159	-0.000641	0.977918	6.918060	
1015	0.989419	-0.000097	7.377686	0.000097	0.989419	3.433411	
1016	0.989419	-0.000097	7.377686	0.000097	0.989419	3.433411	
1017	0.989030	-0.000685	6.940247	0.000685	0.989030	3.197357	
1018	0.976060	-0.000340	17.932678	0.000340	0.976060	6.833389	
1019	0.976060	-0.000340	17.932678	0.000340	0.976060	6.833389	
1020	0.976060	-0.000340	17.932678	0.000340	0.976060	6.833389	
1021	0.976060	-0.000340	17.932678	0.000340	0.976060	6.833389	
1022	0.979891	-0.001949	11.499268	0.001949	0.979891	6.801147	
1023	0.989059	0.001398	6.623291	-0.001398	0.989059	5.162689	
1024	0.987808	0.002670	7.829529	-0.002670	0.987808	7.295624	
1025	1.002301	-0.000070	-1.906372	0.000070	1.002301	-2.304352	
1026	0.999233	-0.000732	0.387146	0.000732	0.999233	-0.546829	
1027	0.999768	-0.000281	0.197449	0.000281	0.999768	-0.362366	
1028	0.999768	-0.000281	0.197449	0.000281	0.999768	-0.362366	
1029	0.999768	-0.000281	0.197449	0.000281	0.999768	-0.362366	
1030	0.999768	-0.000281	0.197449	0.000281	0.999768	-0.362366	
1031	1.000055	0.000370	-0.476624	-0.000370	1.000055	0.194656	
1032	0.999970	0.000950	-0.998535	-0.000950	0.999970	0.445618	
1033	0.999970	0.000950	-0.998535	-0.000950	0.999970	0.445618	
1034	0.999970	0.000950	-0.998535	-0.000950	0.999970	0.445618	
1035	1.000045	-0.000220	-0.120605	0.000220	1.000045	-0.685287	
1036	1.000045	-0.000220	-0.120605	0.000220	1.000045	-0.685287	
1037	1.000104	0.001721	-0.984436	-0.001721	1.000104	1.133179	
1038	1.000104	0.001721	-0.984436	-0.001721	1.000104	1.133179	
1039	1.000172	-0.000529	-0.122437	0.000529	1.000172	-0.637558	
1040	1.000003	0.001128	-0.979980	-0.001128	1.000003	0.638519	
1041	1.000077	0.000568	-0.149719	-0.000568	1.000077	0.406891	
1042	1.000077	0.000568	-0.149719	-0.000568	1.000077	0.406891	
1043	0.999715	0.000495	0.161133	-0.000495	0.999715	0.400726	
1044	0.999715	0.000495	0.161133	-0.000495	0.999715	0.400726	
1045	0.999196	0.000283	0.227173	-0.000283	0.999196	0.320282	
1046	0.999059	-0.000311	0.863770	0.000311	0.999059	-0.363586	
1047	0.997419	-0.000896	2.841187	0.000896	0.997419	-0.705566	
1048	1.000102	0.000723	-0.877014	-0.000723	1.000102	0.536423	
1049	0.999744	0.001237	-0.342896	-0.001237	0.999744	1.111115	
1050	1.000082	-0.000800	-0.007568	0.000800	1.000082	-1.052765	
1051	1.000153	0.000088	0.396820	-0.000088	1.000153	-0.048798	
1052	1.000153	0.000088	0.396820	-0.000088	1.000153	-0.048798	
1053	0.999917	-0.000859	0.186157	0.000859	0.999917	-1.092377	
1054	0.999847	0.000474	-0.002686	-0.000474	0.999847	0.657303	
1055	0.999847	0.000474	-0.002686	-0.000474	0.999847	0.657303	
1056	0.999905	-0.002228	0.858215	0.002228	0.999905	-1.296402	
1057	0.999905	-0.002228	0.858215	0.002228	0.999905	-1.296402	
1058	0.999905	-0.002228	0.858215	0.002228	0.999905	-1.296402	
1059	1.005224	-0.001365	-5.751404	0.001365	1.005224	-2.103149	
1060	0.998409	-0.001491	0.497284	0.001491	0.998409	0.135223	
1061	0.999884	0.001006	-0.296326	-0.001006	0.999884	0.488495	
1062	0.999892	0.003779	-1.080688	-0.003779	0.999892	2.539368	
1063	0.999947	0.000050	0.237854	-0.000050	0.999947	0.075623	
1064	0.999533	-0.000121	1.132690	0.000121	0.999533	-0.082886	
1065	1.000003	0.000558	0.566589	-0.000558	1.000003	0.333313	
1066	1.000061	0.000120	0.411743	-0.000120	1.000061	-0.318924	
1067	0.997999	0.001412	2.058228	-0.001412	0.997999	1.534088	
1068	0.999935	0.000857	-0.127808	-0.000857	0.999935	0.752045	
1069	0.999807	0.000422	0.141541	-0.000422	0.999807	0.135651	
1070	1.000008	0.000573	-0.392700	-0.000573	1.000008	-0.244705	
1071	0.999868	0.000044	0.042603	-0.000044	0.999868	-0.466919	
1072	0.999984	-0.001103	0.899048	0.001103	0.999984	-1.379318	
1073	0.997274	0.000237	0.982666	-0.000237	0.997274	2.257751	
1074	0.997274	0.000237	0.982666	-0.000237	0.997274	2.257751	
1075	1.000160	-0.000332	-0.484436	0.000332	1.000160	-0.423920	
1076	1.000102	-0.001801	0.302063	0.001801	1.000102	-1.356613	
1077	0.999883	-0.000683	0.215576	0.000683	0.999883	-0.658142	
1078	0.998235	0.000630	1.397095	-0.000630	0.998235	0.425430	
1079	0.999895	-0.000326	0.174561	0.000326	0.999895	-0.360855	
1080	0.999895	-0.000326	0.174561	0.000326	0.999895	-0.360855	
1081	1.000047	0.000188	-0.696472	-0.000188	1.000047	-0.109558	
1082	0.998996	0.000907	0.798828	-0.000907	0.998996	1.201920	
1083	1.000195	-0.000482	-0.192383	0.000482	1.000195	-0.570618	
1084	1.000010	0.000702	0.009766	-0.000702	1.000010	0.207092	
1085	0.999430	-0.000526	1.251526	0.000526	0.999430	-0.248978	
1086	1.003589	-0.000355	-3.380371	0.000355	1.003589	-0.950775	
1087	0.999872	0.001788	-0.092468	-0.001788	0.999872	1.353363	
1088	0.999154	-0.001447	0.619934	0.001447	0.999154	1.223221	
1089	0.996958	-0.001972	3.497070	0.001972	0.996958	-1.494934	
1090	0.993156	0.001615	5.244202	-0.001615	0.993156	3.410294	
1091	0.994548	-0.000509	3.737427	0.000509	0.994548	1.954620	
1092	0.994548	-0.000509	3.737427	0.000509	0.994548	1.954620	
1093	0.990175	0.001122	7.360046	-0.001122	0.990175	4.402924	
1094	0.979605	0.000353	14.044739	-0.000353	0.979605	7.926712	
1095	0.990402	0.000849	8.220825	-0.000849	0.990402	2.307907	
1096	0.978796	0.000003	17.158142	-0.000003	0.978796	4.811096	
1097	0.995723	-0.000445	4.546143	0.000445	0.995723	0.577515	
1098	1.000411	-0.001020	1.818604	0.001020	1.000411	-2.666611	
1099	0.999834	-0.000655	0.955750	0.000655	0.999834	-1.226074	
1100	0.999184	-0.001179	1.791077	0.001179	0.999184	-1.786362	
1101	0.998480	0.000316	2.385376	-0.000316	0.998480	0.019440	
1102	1.000322	0.000440	0.204834	-0.000440	1.000322	-0.597168	
1103	1.000105	0.000412	0.170837	-0.000412	1.000105	-0.341736	
1104	0.998836	-0.000558	1.597229	0.000558	0.998836	-1.444351	
1105	1.000239	0.000532	-0.661987	-0.000532	1.000239	-0.092743	
1106	1.000037	0.001406	-0.247009	-0.001406	1.000037	0.506332	
1107	1.000021	0.000456	-0.165222	-0.000456	1.000021	-0.149139	
1108	1.000021	0.000456	-0.165222	-0.000456	1.000021	-0.149139	
1109	0.999893	0.000045	0.437927	-0.000045	0.999893	-0.257385	
1110	1.000071	0.001151	-0.114014	-0.001151	1.000071	-0.312866	
1111	1.000094	0.001119	-0.096313	-0.001119	1.000094	0.253662	
1112	0.999868	-0.000619	1.231812	0.000619	0.999868	-0.917755	
1113	1.000049	-0.000317	0.772034	0.000317	1.000049	-0.676636	
1114	1.000276	0.000834	0.141968	-0.000834	1.000276	0.050934	
1115	1.000310	-0.000049	0.490601	0.000049	1.000310	-0.051270	
1116	1.000096	-0.000686	0.588989	0.000686	1.000096	-0.849701	
1117	1.000222	-0.000200	0.442749	0.000200	1.000222	0.248016	
1118	1.000329	-0.000783	0.410217	0.000783	1.000329	-0.568817	
1119	1.000206	0.001069	-0.052002	-0.001069	1.000206	0.937134	
1120	1.001938	0.001867	-2.044739	-0.001867	1.001938	0.059601	
1121	1.000483	0.000243	-0.392273	-0.000243	1.000483	-0.019836	
1122	1.000110	0.000697	0.335876	-0.000697	1.000110	0.499115	
1123	1.000281	0.000547	-0.086243	-0.000547	1.000281	0.247986	
1124	0.999676	0.000821	0.336792	-0.000821	0.999676	0.882355	
1125	1.000388	0.000133	-0.293762	-0.000133	1.000388	0.023315	
1126	1.000495	0.001008	-0.776794	-0.001008	1.000495	0.244080	
1127	1.000420	0.001417	-1.567932	-0.001417	1.000420	1.203186	
1128	1.000033	-0.002048	1.328247	0.002048	1.000033	-1.593231	
1129	1.000283	-0.000201	-0.233521	0.000201	1.000283	-0.589478	
1130	1.000347	0.000052	0.200500	-0.000052	1.000347	-0.034485	
1131	1.000046	-0.000758	0.476868	0.000758	1.000046	-1.001282	
1132	1.000226	-0.000218	-0.413086	0.000218	1.000226	-0.728241	
1133	0.999396	0.000024	0.260986	-0.000024	0.999396	0.042450	
1134	0.999907	-0.000836	0.072205	0.000836	0.999907	-0.917938	
1135	0.999994	0.001063	-0.688538	-0.001063	0.999994	0.834351	
1136	1.001121	-0.000904	-0.114868	0.000904	1.001121	-1.186157	
1137	0.999834	-0.002212	0.437988	0.002212	0.999834	-1.970734	
1138	0.999834	-0.002212	0.437988	0.002212	0.999834	-1.970734	
1139	0.999766	-0.000105	0.411377	0.000105	0.999766	-0.267426	
1140	0.999965	-0.001060	0.630676	0.001060	0.999965	-1.045425	
1141	1.000538	0.001389	0.059082	-0.001389	1.000538	0.497101	
1142	0.999050	0.000463	1.131287	-0.000463	0.999050	-0.730972	
1143	0.999974	0.000620	0.061157	-0.000620	0.999974	0.278290	
1144	0.999974	0.000620	0.061157	-0.000620	0.999974	0.278290	
1145	1.000700	-0.000188	-0.569458	0.000188	1.000700	-0.496857	
1146	0.999841	0.001571	-0.014832	-0.001571	0.999841	1.156754	
1147	0.998856	0.000205	1.458130	-0.000205	0.998856	0.135864	
1148	0.998856	0.000205	1.458130	-0.000205	0.998856	0.135864	
1149	0.999912	0.000195	0.231873	-0.000195	0.999912	0.227280	
1150	0.999698	0.000574	0.248474	-0.000574	0.999698	0.192825	
1151	1.000248	0.001492	-0.624268	-0.001492	1.000248	1.134827	
1152	0.999905	-0.000506	0.900452	0.000506	0.999905	-0.253464	
1153	1.000980	-0.001415	-0.141937	0.001415	1.000980	-2.062561	
1154	1.000980	-0.001415	-0.141937	0.001415	1.000980	-2.062561	
1155	1.000042	-0.000173	-0.188171	0.000173	1.000042	-0.180923	
1156	1.000042	-0.000173	-0.188171	0.000173	1.000042	-0.180923	
1157	0.999974	-0.000243	-0.780212	0.000243	0.999974	0.122040	
1158	0.999974	-0.000243	-0.780212	0.000243	0.999974	0.122040	
1159	1.000018	0.000837	-1.619812	-0.000837	1.000018	0.987701	
1160	1.000018	0.000837	-1.619812	-0.000837	1.000018	0.987701	
1161	1.000125	-0.000971	-0.544617	0.000971	1.000125	-0.567139	
1162	0.999644	-0.002218	-1.133484	0.002218	0.999644	-1.332855	
1163	1.000079	-0.002517	0.189209	0.002517	1.000079	-0.901550	
1164	0.999724	-0.000697	-1.702942	0.000697	0.999724	0.225555	
1165	0.999833	0.000864	-0.647156	-0.000864	0.999833	0.896759	
1166	0.999632	-0.000789	-0.797729	0.000789	0.999632	-0.170471	
1167	0.999702	0.000660	-0.248047	-0.000660	0.999702	0.456451	
1168	1.000266	0.000419	-1.481750	-0.000419	1.000266	0.439621	
1169	0.999908	-0.000018	-0.199463	0.000018	0.999908	0.455078	
1170	0.999986	0.002075	-1.735168	-0.002075	0.999986	1.564819	
1171	1.000044	0.000325	-0.543335	-0.000325	1.000044	0.444122	
1172	0.999838	-0.000258	-0.308899	0.000258	0.999838	0.117645	
1173	0.999840	-0.000254	-0.836548	0.000254	0.999840	-0.077515	
1174	0.999849	0.000460	-0.907227	-0.000460	0.999849	1.435364	
1175	1.000075	-0.000093	-0.689209	0.000093	1.000075	-0.423431	
1176	1.000075	-0.000093	-0.689209	0.000093	1.000075	-0.423431	
1177	0.999769	0.000031	0.172363	-0.000031	0.999769	-0.000763	
1178	0.999769	0.000031	0.172363	-0.000031	0.999769	-0.000763	
1179	1.000569	0.000862	-1.177368	-0.000862	1.000569	0.843048	
1180	0.999751	0.000349	-0.510132	-0.000349	0.999751	0.363876	
1181	1.000037	0.000261	-0.695984	-0.000261	1.000037	0.375168	
1182	1.000037	0.000261	-0.695984	-0.000261	1.000037	0.375168	
1183	1.000037	0.000261	-0.695984	-0.000261	1.000037	0.375168	
1184	1.000037	0.000261	-0.695984	-0.000261	1.000037	0.375168	
1185	1.000037	0.000261	-0.695984	-0.000261	1.000037	0.375168	
1186	0.999773	-0.000374	-0.261597	0.000374	0.999773	-0.050461	
1187	0.998997	-0.001425	-0.042786	0.001425	0.998997	0.502426	
1188	0.999393	0.000086	0.552429	-0.000086	0.999393	-0.186890	
1189	0.999393	0.000086	0.552429	-0.000086	0.999393	-0.186890	
1190	0.999710	-0.001051	0.947754	0.001051	0.999710	-0.262299	
1191	1.002074	-0.001418	-1.099121	0.001418	1.002074	-1.279785	
1192	1.000126	0.002953	0.505615	-0.002953	1.000126	2.190659	
1193	1.000073	-0.000114	1.920166	0.000114	1.000073	-0.078522	
1194	1.000073	-0.000114	1.920166	0.000114	1.000073	-0.078522	
1195	1.000868	0.001054	2.031433	-0.001054	1.000868	0.764923	
1196	1.001414	0.001203	10.271851	-0.001203	1.001414	0.276962	
1197	1.001414	0.001203	10.271851	-0.001203	1.001414	0.276962	
1198	1.000513	0.000670	31.924561	-0.000670	1.000513	-0.458527	
1199	1.000247	-0.000368	14.786560	0.000368	1.000247	-0.334671	
1200	1.000247	-0.000368	14.786560	0.000368	1.000247	-0.334671	
1201	1.000539	0.001174	20.925598	-0.001174	1.000539	0.041412	
1202	1.000539	0.001174	20.925598	-0.001174	1.000539	0.041412	
