0	1.000000	0.000000	0.000000	0.000000	1.000000	0.000000	
1	0.998328	-0.000093	6.471313	0.000093	0.998328	0.542938	
2	0.998379	0.000085	6.003296	-0.000085	0.998379	0.573227	
3	0.998399	-0.000193	5.538330	0.000193	0.998399	0.472763	
4	0.998225	-0.000080	5.191956	0.000080	0.998225	0.510239	
5	0.998434	-0.000019	4.521790	0.000019	0.998434	0.669266	
6	0.998213	-0.000142	5.133423	0.000142	0.998213	0.644516	
7	0.997084	-0.000188	8.945496	0.000188	0.997084	0.921509	
8	0.998168	-0.000070	3.710693	0.000070	0.998168	0.652573	
9	0.996940	0.000071	7.576782	-0.000071	0.996940	1.149765	
10	0.998525	-0.000142	3.844727	0.000142	0.998525	0.417206	
11	0.997065	0.000313	9.317810	-0.000313	0.997065	1.412201	
12	0.998452	-0.000211	5.821655	0.000211	0.998452	0.424469	
13	0.997374	0.000269	14.611572	-0.000269	0.997374	1.309845	
14	0.998345	-0.000066	9.223938	0.000066	0.998345	0.684616	
15	0.996904	-0.000066	15.052673	0.000066	0.996904	1.079025	
16	0.998603	-0.000193	6.242920	0.000193	0.998603	0.559402	
17	0.996983	-0.000246	9.212219	0.000246	0.996983	1.077942	
18	0.998403	0.000128	4.569092	-0.000128	0.998403	0.739151	
19	0.994640	-0.000016	10.861145	0.000016	0.994640	1.888123	
20	0.997230	-0.000138	3.193115	0.000138	0.997230	0.932617	
21	0.994721	-0.000251	0.856873	0.000251	0.994721	1.404678	
22	0.997297	0.000117	-2.405945	-0.000117	0.997297	0.972763	
23	0.994670	0.000279	-3.713623	-0.000279	0.994670	2.340622	
24	0.997338	-0.000199	-2.872864	0.000199	0.997338	0.620224	
25	0.994472	0.000061	-7.974487	-0.000061	0.994472	1.862564	
26	0.997216	0.000143	-2.225037	-0.000143	0.997216	1.006165	
27	0.994680	0.000227	-5.230103	-0.000227	0.994680	1.945740	
28	0.997273	0.000233	-1.017090	-0.000233	0.997273	1.169571	
29	0.994641	-0.000120	-2.703857	0.000120	0.994641	1.646454	
30	0.997244	0.000202	-2.980591	-0.000202	0.997244	1.112061	
31	0.994745	0.000313	-5.746887	-0.000313	0.994745	1.970444	
32	0.997233	0.000045	-2.239502	-0.000045	0.997233	1.037796	
33	0.994096	0.001183	-2.246216	-0.001183	0.994096	2.860123	
34	0.997361	0.000110	0.151062	-0.000110	0.997361	0.945984	
35	0.994893	-0.000084	-1.808289	0.000084	0.994893	1.660110	
36	0.997382	0.000062	-1.522217	-0.000062	0.997382	1.063232	
37	0.991157	0.000232	-1.196045	-0.000232	0.991157	3.144669	
38	0.995125	0.000218	0.952576	-0.000218	0.995125	1.925720	
39	0.990384	0.000064	5.564270	-0.000064	0.990384	3.616608	
40	0.995367	-0.000005	3.409790	0.000005	0.995367	1.872238	
41	0.990218	0.000108	7.922546	-0.000108	0.990218	4.053574	
42	0.995300	0.000098	4.517334	-0.000098	0.995300	2.253311	
43	0.990405	0.000276	11.358765	-0.000276	0.990405	6.371490	
44	0.995187	0.000098	5.785461	-0.000098	0.995187	2.437241	
45	0.990173	0.000038	11.060181	-0.000038	0.990173	5.435349	
46	0.995167	-0.000027	5.756104	0.000027	0.995167	2.380798	
47	0.990847	0.000488	9.196167	-0.000488	0.990847	5.710007	
48	0.995386	-0.000225	4.784790	0.000225	0.995386	4.530289	
49	0.990253	-0.000191	8.006470	0.000191	0.990253	8.155777	
50	0.995308	0.000082	3.339600	-0.000082	0.995308	3.202911	
51	0.995308	0.000082	3.339600	-0.000082	0.995308	3.202911	
52	0.995318	-0.000087	3.474365	0.000087	0.995318	2.905212	
53	0.990403	-0.000003	7.237244	0.000003	0.990403	5.175323	
54	0.994990	-0.000084	3.880798	0.000084	0.994990	2.260651	
55	0.990663	-0.000042	6.687500	0.000042	0.990663	3.426270	
56	0.995646	0.000132	2.598877	-0.000132	0.995646	1.846191	
57	0.990906	-0.000068	5.936707	0.000068	0.990906	6.260223	
58	0.995153	-0.000107	3.286560	0.000107	0.995153	2.980377	
59	0.990741	0.000006	6.227844	-0.000006	0.990741	5.162445	
60	0.995245	0.000019	3.092224	-0.000019	0.995245	3.498993	
61	0.990762	-0.000087	6.316467	0.000087	0.990762	7.425598	
62	0.995339	-0.000051	3.141846	0.000051	0.995339	2.949097	
63	0.990687	0.000026	6.279663	-0.000026	0.990687	3.455902	
64	0.995308	0.000040	3.094788	-0.000040	0.995308	1.660370	
65	0.990843	-0.000073	7.125549	0.000073	0.990843	3.285217	
66	0.995361	0.000097	3.202271	-0.000097	0.995361	1.701721	
67	0.994242	0.000077	4.990601	-0.000077	0.994242	2.011414	
68	0.997511	0.000036	2.197021	-0.000036	0.997511	1.048157	
69	0.997247	0.000056	2.920227	-0.000056	0.997247	1.464050	
70	0.999137	-0.000078	0.841309	0.000078	0.999137	0.596771	
71	0.999346	-0.000009	1.207703	0.000009	0.999346	1.216980	
72	0.999679	-0.000032	1.219482	0.000032	0.999679	0.901703	
73	0.999017	-0.000007	2.601746	0.000007	0.999017	1.310425	
74	0.999597	0.000122	1.194702	-0.000122	0.999597	0.582062	
75	0.999314	0.000096	1.375061	-0.000096	0.999314	2.482666	
76	0.999513	-0.000044	0.658813	0.000044	0.999513	1.431732	
77	0.999137	0.000031	1.077515	-0.000031	0.999137	1.368530	
78	0.999565	-0.000068	0.903687	0.000068	0.999565	0.689911	
79	0.999176	0.000020	1.324768	-0.000020	0.999176	1.602661	
80	0.999679	-0.000052	0.762329	0.000052	0.999679	0.454956	
81	0.999166	0.000020	1.804443	-0.000020	0.999166	0.936768	
82	0.999632	0.000011	0.649780	-0.000011	0.999632	0.089996	
83	0.999154	-0.000066	1.559692	0.000066	0.999154	0.200592	
84	0.999592	-0.000048	0.830505	0.000048	0.999592	0.099396	
85	0.999194	0.000038	1.442200	-0.000038	0.999194	0.213806	
86	0.999642	-0.000018	1.136902	0.000018	0.999642	0.131409	
87	0.999202	-0.000021	1.742920	0.000021	0.999202	0.380981	
88	0.999624	-0.000036	0.759827	0.000036	0.999624	0.146423	
89	0.999107	-0.000022	1.491760	0.000022	0.999107	0.415222	
90	0.999643	-0.000041	0.516785	0.000041	0.999643	0.132355	
91	0.999095	-0.000013	0.942261	0.000013	0.999095	0.310486	
92	0.999487	-0.000012	0.243958	0.000012	0.999487	0.194061	
93	0.998998	-0.000018	0.621887	0.000018	0.998998	0.380280	
94	0.999469	-0.000031	0.617126	0.000031	0.999469	0.228027	
95	0.999006	0.000047	0.801147	-0.000047	0.999006	0.350952	
96	0.999107	0.000104	0.857910	-0.000104	0.999107	0.479187	
97	0.999848	-0.000024	-0.012329	0.000024	0.999848	-0.002991	
98	0.999900	0.000110	-0.114136	-0.000110	0.999900	0.116974	
99	0.999981	-0.000075	0.277527	0.000075	0.999981	-0.160278	
100	0.999961	-0.000030	0.111572	0.000030	0.999961	-0.108887	
101	0.999874	-0.000079	0.568237	0.000079	0.999874	-0.113892	
102	1.000002	-0.000013	-0.071411	0.000013	1.000002	-0.074249	
103	1.000024	-0.000028	-0.046692	0.000028	1.000024	-0.018646	
104	1.000134	0.000081	-0.252502	-0.000081	1.000134	-0.033997	
105	1.000099	-0.000035	-1.927002	0.000035	1.000099	-0.237488	
106	1.000021	0.000119	-0.664734	-0.000119	1.000021	0.003082	
107	0.999931	0.000004	0.328857	-0.000004	0.999931	-0.032257	
108	1.000006	0.000064	0.057739	-0.000064	1.000006	-0.008301	
109	0.999997	-0.000030	0.799561	0.000030	0.999997	-0.034729	
110	1.000057	0.000095	0.027405	-0.000095	1.000057	0.015747	
111	0.999980	-0.000040	0.207581	0.000040	0.999980	-0.066162	
112	1.000058	0.000078	-0.158508	-0.000078	1.000058	0.065125	
113	1.000027	-0.000012	0.037903	0.000012	1.000027	-0.007507	
114	0.999972	0.000048	0.004150	-0.000048	0.999972	0.009735	
115	1.000051	-0.000081	0.069275	0.000081	1.000051	-0.058105	
116	0.999869	-0.000050	0.136963	0.000050	0.999869	-0.031006	
117	0.999953	-0.000043	0.205627	0.000043	0.999953	0.024628	
118	0.999863	-0.000006	0.391113	0.000006	0.999863	0.000702	
119	1.000024	-0.000109	0.218323	0.000109	1.000024	-0.107513	
120	0.999966	-0.000055	0.186584	0.000055	0.999966	0.005157	
121	0.999851	-0.000220	0.201904	0.000220	0.999851	-0.069366	
122	0.999975	0.000007	0.118225	-0.000007	0.999975	-0.028015	
123	0.999918	0.000069	0.674316	-0.000069	0.999918	0.039429	
124	0.999830	-0.000018	0.332275	0.000018	0.999830	-0.032074	
125	0.999999	0.000067	0.006348	-0.000067	0.999999	0.058319	
126	1.000009	0.000136	-0.134277	-0.000136	1.000009	0.054626	
127	0.999953	0.000058	-0.073059	-0.000058	0.999953	0.042267	
128	0.999969	0.000046	0.048157	-0.000046	0.999969	0.008362	
129	0.999996	0.000066	-0.376953	-0.000066	0.999996	0.157440	
130	1.000049	0.000020	-0.328491	-0.000020	1.000049	0.076874	
131	0.999953	0.000060	-0.039795	-0.000060	0.999953	0.154388	
132	1.000066	-0.000062	-0.121704	0.000062	1.000066	0.077911	
133	1.000025	0.000065	0.250183	-0.000065	1.000025	0.037079	
134	1.000023	0.000034	0.012207	-0.000034	1.000023	0.035767	
135	1.000054	0.000007	0.048462	-0.000007	1.000054	0.044342	
136	0.999990	0.000005	-0.068970	-0.000005	0.999990	0.030823	
137	1.000032	0.000148	-0.072815	-0.000148	1.000032	0.245056	
138	1.000069	0.000077	0.006409	-0.000077	1.000069	-0.027435	
139	0.999950	0.000003	0.273682	-0.000003	0.999950	0.110596	
140	0.999943	0.000102	0.312683	-0.000102	0.999943	0.052795	
141	0.999969	0.000122	-0.183289	-0.000122	0.999969	0.116180	
142	0.999977	0.000182	-0.054321	-0.000182	0.999977	0.076233	
143	1.000064	0.000133	-0.172913	-0.000133	1.000064	0.091431	
144	1.000058	0.000303	-0.508484	-0.000303	1.000058	0.167084	
145	1.000001	0.000061	-1.564575	-0.000061	1.000001	0.130005	
146	0.999983	0.000219	-0.842529	-0.000219	0.999983	0.159302	
147	1.000044	0.000181	-0.988159	-0.000181	1.000044	1.767181	
148	0.999898	0.000044	0.019043	-0.000044	0.999898	0.805817	
149	1.000049	0.000044	-0.078552	-0.000044	1.000049	0.979980	
150	0.999947	-0.000042	0.006226	0.000042	0.999947	1.162933	
151	1.000009	0.000058	-0.307251	-0.000058	1.000009	1.352264	
152	1.000030	0.000034	-0.218262	-0.000034	1.000030	0.961853	
153	1.000006	-0.000022	-0.215332	0.000022	1.000006	1.319305	
154	1.000048	-0.000017	-0.123962	0.000017	1.000048	0.255859	
155	1.000009	-0.000034	-0.059387	0.000034	1.000009	1.216614	
156	0.999995	-0.000012	0.003357	0.000012	0.999995	0.666534	
157	0.999952	0.000032	-0.178345	-0.000032	0.999952	1.287201	
158	0.999939	-0.000029	0.084290	0.000029	0.999939	0.287842	
159	1.000002	0.000047	-0.085083	-0.000047	1.000002	0.235016	
160	0.999889	-0.000068	0.127319	0.000068	0.999889	0.387512	
161	0.999966	-0.000061	-0.345581	0.000061	0.999966	0.399506	
162	0.999898	-0.000134	-0.251221	0.000134	0.999898	0.287445	
163	0.999964	-0.000075	-0.852478	0.000075	0.999964	0.258514	
164	0.999951	-0.000015	-0.772522	0.000015	0.999951	-0.019257	
165	0.999959	-0.000313	-1.325256	0.000313	0.999959	0.109192	
166	0.999940	-0.000182	-0.715515	0.000182	0.999940	0.029114	
167	1.000011	-0.000032	-0.604126	0.000032	1.000011	0.147430	
168	0.999995	-0.000100	-0.247437	0.000100	0.999995	-0.044464	
169	1.000136	-0.000078	-0.571350	0.000078	1.000136	0.878387	
170	1.000069	-0.000147	-0.416809	0.000147	1.000069	0.999573	
171	0.999977	-0.000077	-0.343994	0.000077	0.999977	2.196533	
172	0.999988	-0.000037	-0.220276	0.000037	0.999988	1.224060	
173	0.999861	-0.000060	-0.086060	0.000060	0.999861	1.199493	
174	1.000029	-0.000081	-0.046570	0.000081	1.000029	0.309235	
175	1.000020	-0.000056	0.545410	0.000056	1.000020	0.582855	
176	0.999976	-0.000130	0.462158	0.000130	0.999976	0.247772	
177	1.000085	-0.000145	0.829651	0.000145	1.000085	0.274078	
178	0.999992	0.000109	1.070557	-0.000109	0.999992	0.321503	
179	1.000115	-0.000088	4.103394	0.000088	1.000115	0.473999	
180	1.000034	-0.000039	2.288086	0.000039	1.000034	-0.026001	
181	1.000017	-0.000029	5.163818	0.000029	1.000017	0.176666	
182	1.000101	-0.000006	2.463440	0.000006	1.000101	0.003845	
183	1.000040	-0.000112	3.258972	0.000112	1.000040	-0.038269	
184	1.000027	-0.000116	1.225647	0.000116	1.000027	-0.095306	
185	1.000393	-0.000016	-1.098022	0.000016	1.000393	-0.428223	
186	1.000665	0.000090	-1.635803	-0.000090	1.000665	-0.315613	
187	1.001566	0.000105	-3.165527	-0.000105	1.001566	-0.355042	
188	1.000684	-0.000003	-0.663208	0.000003	1.000684	-0.263977	
189	1.001391	0.000003	-1.535522	-0.000003	1.001391	-0.511536	
190	1.000799	-0.000083	-0.402222	0.000083	1.000799	-0.466858	
191	1.001475	0.000107	-0.865356	-0.000107	1.001475	-0.612488	
192	1.000800	-0.000078	-0.386475	0.000078	1.000800	-0.381989	
193	1.001538	0.000043	-1.161865	-0.000043	1.001538	-0.553619	
194	1.000806	0.000009	-0.682800	-0.000009	1.000806	-0.388153	
195	1.001939	0.000043	-1.727905	-0.000043	1.001939	-0.830383	
196	1.000193	-0.000006	-0.112610	0.000006	1.000193	-0.053802	
197	1.000042	-0.000024	0.673096	0.000024	1.000042	-0.023499	
198	1.000163	-0.000168	0.392212	0.000168	1.000163	-0.185883	
199	0.999988	0.000124	1.228699	-0.000124	0.999988	-0.005005	
200	1.000133	-0.000147	1.005127	0.000147	1.000133	-0.028656	
201	1.000002	0.000044	0.261414	-0.000044	1.000002	0.019653	
202	1.000062	0.000103	-0.270325	-0.000103	1.000062	0.002472	
203	0.999964	0.000019	0.221680	-0.000019	0.999964	-0.089722	
204	1.000483	-0.000026	-0.034241	0.000026	1.000483	-0.188660	
205	1.001608	0.000084	0.573059	-0.000084	1.001608	-0.644409	
206	1.000998	0.000022	1.034973	-0.000022	1.000998	-0.430359	
207	1.001746	-0.000013	4.193176	0.000013	1.001746	-0.654144	
208	1.000858	-0.000174	2.234497	0.000174	1.000858	-0.537598	
209	1.001816	-0.000022	3.806702	0.000022	1.001816	-0.857147	
210	1.000950	-0.000124	1.302246	0.000124	1.000950	-0.383270	
211	1.001773	-0.000046	0.399536	0.000046	1.001773	-0.612030	
212	1.001161	0.000020	-0.623169	-0.000020	1.001161	-0.249359	
213	1.002692	0.000089	-1.106140	-0.000089	1.002692	-0.886932	
214	1.000763	0.000084	0.596741	-0.000084	1.000763	-0.081787	
215	1.000696	-0.000159	0.338745	0.000159	1.000696	-0.284973	
216	1.001341	-0.000074	-0.010315	0.000074	1.001341	-0.319427	
217	1.000083	-0.000031	0.510864	0.000031	1.000083	-0.044678	
218	1.000015	-0.000107	0.527710	0.000107	1.000015	-0.107208	
219	1.000047	0.000065	0.362915	-0.000065	1.000047	0.054108	
220	0.999940	-0.000053	0.266541	0.000053	0.999940	0.050385	
221	0.999978	-0.000110	0.521729	0.000110	0.999978	0.052338	
222	1.000075	-0.000091	-0.097107	0.000091	1.000075	-0.170898	
223	1.000082	-0.000161	-0.191895	0.000161	1.000082	-0.253021	
224	1.000033	-0.000070	-0.591309	0.000070	1.000033	-0.115845	
225	0.999562	-0.000088	-3.201965	0.000088	0.999562	0.188416	
226	0.999183	0.000064	-1.121643	-0.000064	0.999183	0.412659	
227	0.998768	-0.000013	-3.846558	0.000013	0.998768	0.368195	
228	0.999459	0.000097	-2.706726	-0.000097	0.999459	0.169098	
229	0.998679	0.000066	-6.044617	-0.000066	0.998679	0.554749	
230	0.999250	0.000034	-4.321289	-0.000034	0.999250	0.142242	
231	0.998509	0.000074	-10.149048	-0.000074	0.998509	0.851685	
232	0.999147	0.000151	-4.979675	-0.000151	0.999147	0.556091	
233	0.998958	0.000153	-10.617554	-0.000153	0.998958	0.828247	
234	0.999122	0.000168	-4.771179	-0.000168	0.999122	0.698303	
235	0.998647	0.000069	-8.536682	-0.000069	0.998647	0.669128	
236	0.998725	0.000187	-3.797485	-0.000187	0.998725	0.593811	
237	0.998666	0.000106	-4.014709	-0.000106	0.998666	0.603577	
238	0.997312	0.000198	-7.310364	-0.000198	0.997312	1.230286	
239	0.998764	0.000131	-3.278687	-0.000131	0.998764	0.297974	
240	0.997382	0.000063	-6.238708	-0.000063	0.997382	1.003143	
241	0.998612	0.000185	-2.665894	-0.000185	0.998612	0.544373	
242	0.997321	0.000201	-5.050964	-0.000201	0.997321	0.998138	
243	0.998564	0.000346	-1.717163	-0.000346	0.998564	0.730255	
244	0.997282	0.000266	-1.848145	-0.000266	0.997282	1.140198	
245	0.998529	0.000238	-0.447266	-0.000238	0.998529	0.572083	
246	0.996994	0.000234	-0.521729	-0.000234	0.996994	1.332062	
247	0.998058	0.000168	0.388367	-0.000168	0.998058	0.652588	
248	0.997940	-0.000001	0.354065	0.000001	0.997940	1.264069	
249	0.999058	0.000042	0.089966	-0.000042	0.999058	0.807281	
250	0.998401	0.000023	0.044739	-0.000023	0.998401	1.624664	
251	0.999698	0.000007	-0.637939	-0.000007	0.999698	0.255463	
252	1.000006	-0.000020	-0.988464	0.000020	1.000006	-0.064056	
253	0.999862	0.000036	-0.032288	-0.000036	0.999862	0.043457	
254	0.999817	0.000160	-0.499878	-0.000160	0.999817	0.007416	
255	1.000044	-0.000148	0.183594	0.000148	1.000044	-0.153198	
256	0.999893	-0.000000	-0.347290	0.000000	0.999893	-0.074646	
257	0.999940	0.000005	-0.204285	-0.000005	0.999940	0.032166	
258	1.000002	-0.000084	-0.330811	0.000084	1.000002	-0.070679	
259	0.999925	0.000136	-0.752625	-0.000136	0.999925	0.067291	
260	0.999979	0.000033	-1.192627	-0.000033	0.999979	-0.041321	
261	0.999911	-0.000054	-0.104065	0.000054	0.999911	-0.070435	
262	0.999980	0.000066	-0.232056	-0.000066	0.999980	-0.261627	
263	0.999958	0.000038	-0.210754	-0.000038	0.999958	-0.234558	
264	1.000836	-0.000020	-0.953308	0.000020	1.000836	-0.537537	
265	1.001393	0.000030	-1.262451	-0.000030	1.001393	-1.044281	
266	1.002503	0.000072	-2.005066	-0.000072	1.002503	-2.177429	
267	1.001271	0.000011	-0.663635	-0.000011	1.001271	-1.537292	
268	1.004021	0.000037	-1.258728	-0.000037	1.004021	-2.542053	
269	1.002578	0.000007	-0.337463	-0.000007	1.002578	-1.341919	
270	1.005075	-0.000059	-0.316101	0.000059	1.005075	-2.491394	
271	1.002519	0.000159	0.436951	-0.000159	1.002519	-1.649109	
272	1.005064	-0.000099	1.186890	0.000099	1.005064	-4.390015	
273	1.002530	-0.000154	0.254883	0.000154	1.002530	-2.643188	
274	1.006350	0.000081	-0.506104	-0.000081	1.006350	-5.111847	
275	1.004700	-0.000005	-0.573242	0.000005	1.004700	-2.871277	
276	1.009398	-0.000038	-1.008118	0.000038	1.009398	-5.371796	
277	1.004713	0.000102	-0.189209	-0.000102	1.004713	-2.173065	
278	1.009377	-0.000051	0.110535	0.000051	1.009377	-4.895569	
279	1.004704	0.000089	0.306152	-0.000089	1.004704	-2.873596	
280	1.009357	-0.000062	1.242188	0.000062	1.009357	-5.442902	
281	1.004606	0.000025	0.494141	-0.000025	1.004606	-2.876617	
282	1.009535	0.000019	0.456909	-0.000019	1.009535	-5.859589	
283	1.004755	-0.000047	0.131409	0.000047	1.004755	-2.758759	
284	1.009466	-0.000062	-0.092773	0.000062	1.009466	-5.976776	
285	1.004913	0.000003	-0.399475	-0.000003	1.004913	-3.339020	
286	1.009247	0.000053	-0.781982	-0.000053	1.009247	-6.490082	
287	1.004688	-0.000173	-0.373901	0.000173	1.004688	-3.843689	
288	1.009678	-0.000055	-1.114258	0.000055	1.009678	-7.621185	
289	1.004765	-0.000214	-0.870361	0.000214	1.004765	-3.610596	
290	1.009520	0.000052	-1.872009	-0.000052	1.009520	-5.992065	
291	1.004789	0.000067	-0.587341	-0.000067	1.004789	-2.770966	
292	1.009456	-0.000067	-0.736267	0.000067	1.009456	-5.019531	
293	1.004669	0.000029	0.197266	-0.000029	1.004669	-2.143158	
294	1.009459	-0.000076	0.931152	0.000076	1.009459	-5.663803	
295	1.004885	-0.000064	-0.035400	0.000064	1.004885	-2.976837	
296	1.009584	0.000086	-0.779907	-0.000086	1.009584	-4.650635	
297	1.004875	-0.000094	-0.036865	0.000094	1.004875	-3.111969	
298	1.009659	-0.000150	-1.936646	0.000150	1.009659	-7.901428	
299	1.004828	-0.000213	-2.110229	0.000213	1.004828	-4.393417	
300	1.009608	-0.000083	-6.771362	0.000083	1.009608	-8.611115	
301	1.005161	0.000041	-3.759460	-0.000041	1.005161	-4.830627	
302	1.010005	0.000039	-6.036621	-0.000039	1.010005	-6.131393	
303	1.004907	-0.000023	-2.340515	0.000023	1.004907	-2.259613	
304	1.010035	-0.000133	-5.532043	0.000133	1.010035	-5.451187	
305	1.005074	0.000089	-2.609070	-0.000089	1.005074	-1.892029	
306	1.009914	-0.000173	-4.508667	0.000173	1.009914	-3.959457	
307	1.004771	0.000194	-2.425598	-0.000194	1.004771	-2.233429	
308	1.010031	0.000065	-4.432312	-0.000065	1.010031	-4.774261	
309	1.004958	-0.000064	-2.393433	0.000064	1.004958	-2.623779	
310	1.009865	0.000010	-5.623230	-0.000010	1.009865	-8.441803	
311	1.005203	0.000039	-3.355225	-0.000039	1.005203	-4.607422	
312	1.010274	-0.000013	-6.094727	0.000013	1.010274	-8.081238	
313	1.005143	0.000113	-2.942810	-0.000113	1.005143	-4.354950	
314	1.010121	-0.000146	-4.487976	0.000146	1.010121	-9.029083	
315	1.005198	-0.000073	-2.038696	0.000073	1.005198	-4.400543	
316	1.010271	-0.000140	-4.194275	0.000140	1.010271	-8.718475	
317	1.005162	0.000210	-2.591431	-0.000210	1.005162	-4.900970	
318	1.008364	-0.000163	-4.931335	0.000163	1.008364	-8.901703	
319	1.003400	-0.000080	-2.882812	0.000080	1.003400	-3.756378	
320	1.005951	0.000057	-3.349854	-0.000057	1.005951	-2.186600	
321	1.002812	-0.000438	-1.840637	0.000438	1.002812	-1.161957	
322	1.005887	-0.000224	-8.708679	0.000224	1.005887	-1.980164	
323	1.002967	0.000440	-5.009766	-0.000440	1.002967	-0.809662	
324	1.000636	0.000152	-1.773193	-0.000152	1.000636	-0.130951	
325	1.000095	-0.000969	-0.512970	0.000969	1.000095	-0.484192	
326	1.000095	-0.000969	-0.512970	0.000969	1.000095	-0.484192	
327	1.000067	-0.000060	-1.120544	0.000060	1.000067	-0.062988	
328	0.998778	0.000136	-3.154419	-0.000136	0.998778	0.488281	
329	0.998419	0.000822	-0.694519	-0.000822	0.998419	1.233383	
330	0.994235	0.000164	0.571899	-0.000164	0.994235	2.110291	
331	0.997283	-0.000089	0.754517	0.000089	0.997283	0.958466	
332	0.993268	-0.000058	1.212219	0.000058	0.993268	2.455460	
333	0.995083	-0.000020	1.403503	0.000020	0.995083	1.857605	
334	0.985510	0.000014	4.973694	-0.000014	0.985510	6.052139	
335	0.990792	0.000351	3.705627	-0.000351	0.990792	3.900238	
336	0.981909	-0.000016	7.509705	0.000016	0.981909	7.053680	
337	0.991142	-0.000075	3.749756	0.000075	0.991142	4.095886	
338	0.982470	0.000018	7.959473	-0.000018	0.982470	10.631149	
339	0.991059	0.000054	3.588318	-0.000054	0.991059	7.274170	
340	0.981844	0.000374	8.649414	-0.000374	0.981844	15.341034	
341	0.990712	0.000164	5.779663	-0.000164	0.990712	5.836029	
342	0.982070	-0.000065	11.818909	0.000065	0.982070	8.211807	
343	0.991291	-0.000060	5.400208	0.000060	0.991291	4.359177	
344	0.986449	0.000037	8.544006	-0.000037	0.986449	7.648468	
345	0.995305	-0.000078	3.018860	0.000078	0.995305	2.508606	
346	0.990423	-0.000035	6.180420	0.000035	0.990423	6.939941	
347	0.994862	-0.000110	3.236267	0.000110	0.994862	2.618439	
348	0.990576	-0.000041	5.924683	0.000041	0.990576	4.215897	
349	0.995270	-0.000068	3.067810	0.000068	0.995270	2.801910	
350	0.990501	-0.000007	6.091675	0.000007	0.990501	4.799225	
351	0.995297	-0.000116	3.059570	0.000116	0.995297	2.972626	
352	0.990534	-0.000076	5.989441	0.000076	0.990534	5.439392	
353	0.995486	0.000042	2.900513	-0.000042	0.995486	2.931152	
354	0.990604	-0.000062	5.942993	0.000062	0.990604	6.996521	
355	0.995313	-0.000122	3.044617	0.000122	0.995313	3.650269	
356	0.990742	-0.000111	5.908508	0.000111	0.990742	8.263626	
357	0.995347	-0.000315	3.049988	0.000315	0.995347	3.384583	
358	0.990839	0.000009	5.870300	-0.000009	0.990839	7.174988	
359	0.995301	-0.000050	3.109314	0.000050	0.995301	3.506409	
360	0.990546	-0.000158	5.973022	0.000158	0.990546	5.887360	
361	0.995309	-0.000113	3.068726	0.000113	0.995309	3.058533	
362	0.990830	-0.000131	5.795715	0.000131	0.990830	6.224091	
363	0.995551	-0.000041	2.749573	0.000041	0.995551	3.001068	
364	0.990683	-0.000091	5.784546	0.000091	0.990683	5.709900	
365	0.995444	-0.000094	2.915771	0.000094	0.995444	2.718811	
366	0.990853	-0.000066	5.585449	0.000066	0.990853	5.348969	
367	0.995423	0.000061	2.565796	-0.000061	0.995423	2.390167	
368	0.990891	-0.000046	4.996887	0.000046	0.990891	5.580170	
369	0.995448	-0.000081	2.037170	0.000081	0.995448	2.601013	
370	0.990857	-0.000010	3.267944	0.000010	0.990857	4.479614	
371	0.995418	-0.000149	1.834412	0.000149	0.995418	2.185822	
372	0.990790	-0.000028	3.262268	0.000028	0.990790	4.091370	
373	0.995419	0.000032	1.336365	-0.000032	0.995419	1.891327	
374	0.990912	0.000061	2.868652	-0.000061	0.990912	4.315796	
375	0.995382	-0.000103	1.432068	0.000103	0.995382	2.179199	
376	0.990855	0.000048	3.017822	-0.000048	0.990855	4.302216	
377	0.995528	0.000095	1.538452	-0.000095	0.995528	2.487793	
378	0.991086	0.000027	3.271423	-0.000027	0.991086	5.043549	
379	0.995340	0.000080	1.595703	-0.000080	0.995340	2.229584	
380	0.990937	0.000172	3.197266	-0.000172	0.990937	4.517914	
381	0.995626	-0.000070	1.883179	0.000070	0.995626	2.827545	
382	0.992249	-0.000160	4.011780	0.000160	0.992249	4.797424	
383	0.997500	-0.000042	1.470459	0.000042	0.997500	1.608154	
384	0.995249	0.000023	3.058105	-0.000023	0.995249	4.299225	
385	0.997488	0.000014	1.778992	-0.000014	0.997488	2.245514	
386	0.994916	0.000017	3.621948	-0.000017	0.994916	3.840759	
387	0.997722	-0.000009	2.054321	0.000009	0.997722	1.317780	
388	0.997279	0.000057	2.161438	-0.000057	0.997279	2.507507	
389	0.998627	0.000058	0.998535	-0.000058	0.998627	0.794830	
390	0.998584	0.000047	0.910583	-0.000047	0.998584	1.210602	
391	0.999040	0.000106	0.800049	-0.000106	0.999040	1.045441	
392	0.998253	-0.000025	1.651123	0.000025	0.998253	1.014221	
393	0.999258	0.000035	0.992126	-0.000035	0.999258	0.308105	
394	0.998888	-0.000062	1.613464	0.000062	0.998888	0.416443	
395	0.999620	0.000108	0.453369	-0.000108	0.999620	0.302521	
396	0.999315	0.000058	1.025208	-0.000058	0.999315	0.393311	
397	0.999717	-0.000052	1.055237	0.000052	0.999717	0.089355	
398	0.998916	0.000088	1.323608	-0.000088	0.998916	0.775177	
399	1.000097	0.000010	1.164673	-0.000010	1.000097	0.305084	
400	1.000004	-0.000150	1.082825	0.000150	1.000004	-0.266449	
401	1.000121	-0.000066	0.542358	0.000066	1.000121	-0.028442	
402	1.000161	-0.000109	1.173828	0.000109	1.000161	-0.085419	
403	1.000202	-0.000169	0.599792	0.000169	1.000202	-0.169708	
404	1.000046	-0.000096	1.437378	0.000096	1.000046	-0.086090	
405	1.000105	-0.000102	0.237122	0.000102	1.000105	-0.139130	
406	1.000083	-0.000067	0.198303	0.000067	1.000083	-0.129791	
407	0.999946	-0.000134	-0.052124	0.000134	0.999946	-0.126495	
408	0.999953	-0.000108	-0.004211	0.000108	0.999953	-0.101013	
409	0.999958	-0.000212	-0.020630	0.000212	0.999958	-0.219482	
410	0.999994	-0.000133	-0.179138	0.000133	0.999994	-0.168793	
411	0.999933	-0.000080	0.053406	0.000080	0.999933	-0.103394	
412	0.999959	-0.000078	-0.028992	0.000078	0.999959	-0.051880	
413	0.999864	0.000006	-0.249207	-0.000006	0.999864	-0.002472	
414	0.999969	0.000060	-0.032104	-0.000060	0.999969	0.010803	
415	0.999844	-0.000076	0.288147	0.000076	0.999844	-0.015717	
416	0.999960	-0.000024	0.718445	0.000024	0.999960	-0.117249	
417	0.999925	-0.000064	0.864868	0.000064	0.999925	-0.102051	
418	1.000012	-0.000154	1.635193	0.000154	1.000012	-0.141571	
419	0.999898	0.000007	0.857666	-0.000007	0.999898	0.015991	
420	0.999946	-0.000034	1.739075	0.000034	0.999946	-0.026337	
421	0.999948	-0.000016	0.623657	0.000016	0.999948	0.008636	
422	0.999983	-0.000110	0.844849	0.000110	0.999983	-0.025208	
423	0.999980	-0.000001	0.002625	0.000001	0.999980	0.004913	
424	1.000021	0.000142	-0.245483	-0.000142	1.000021	0.069763	
425	1.000043	-0.000064	-0.046509	0.000064	1.000043	-0.014465	
426	1.000044	-0.000046	-0.917969	0.000046	1.000044	-0.037384	
427	1.000079	0.000023	-0.795105	-0.000023	1.000079	0.039581	
428	1.000051	0.000020	-1.007019	-0.000020	1.000051	0.026001	
429	1.000100	-0.000118	-0.721985	0.000118	1.000100	-0.056763	
430	1.000066	0.000136	-1.437134	-0.000136	1.000066	0.015167	
431	1.000078	0.000058	-0.479919	-0.000058	1.000078	0.084290	
432	1.000018	-0.000021	0.021973	0.000021	1.000018	-0.050629	
433	1.000138	0.000069	-0.066711	-0.000069	1.000138	-0.049103	
434	1.000049	-0.000021	0.114380	0.000021	1.000049	0.016113	
435	0.999952	0.000071	0.006042	-0.000071	0.999952	0.105682	
436	0.999988	0.000147	-0.001160	-0.000147	0.999988	0.048309	
437	0.999908	0.000084	0.032349	-0.000084	0.999908	0.035980	
438	0.999944	0.000089	-0.178284	-0.000089	0.999944	0.077606	
439	0.999794	0.000061	0.061340	-0.000061	0.999794	0.057648	
440	0.999833	0.000074	-0.151245	-0.000074	0.999833	0.128021	
441	0.999893	0.000012	-0.126770	-0.000012	0.999893	0.039154	
442	0.999977	0.000092	-0.428528	-0.000092	0.999977	0.156555	
443	1.000380	0.000059	-0.546143	-0.000059	1.000380	-0.157257	
444	1.000873	0.000029	-0.659180	-0.000029	1.000873	-0.389801	
445	1.000328	0.000042	-0.121643	-0.000042	1.000328	-0.137146	
446	1.000812	0.000107	-0.665039	-0.000107	1.000812	-0.345734	
447	1.000455	0.000059	-0.390015	-0.000059	1.000455	-0.311462	
448	1.000950	0.000028	-0.739868	-0.000028	1.000950	-0.544434	
449	1.000358	-0.000034	-0.296326	0.000034	1.000358	-0.368103	
450	1.000837	-0.000163	-0.689148	0.000163	1.000837	-0.761810	
451	1.000504	-0.000127	-0.668274	0.000127	1.000504	-0.366150	
452	1.000978	-0.000009	-1.587524	0.000009	1.000978	-0.329010	
453	1.000474	-0.000046	-0.393982	0.000046	1.000474	-0.213867	
454	1.001220	-0.000111	-0.591125	0.000111	1.001220	-0.657196	
455	1.000833	-0.000090	-0.483215	0.000090	1.000833	-0.470367	
456	1.001668	-0.000031	-1.225952	0.000031	1.001668	-0.704803	
457	1.000716	-0.000114	-0.486816	0.000114	1.000716	-0.497498	
458	1.001600	-0.000055	-1.273621	0.000055	1.001600	-1.017700	
459	1.000919	-0.000129	-0.504578	0.000129	1.000919	-0.665955	
460	1.001405	0.000051	-0.886536	-0.000051	1.001405	-0.762054	
461	1.000894	-0.000100	-0.510986	0.000100	1.000894	-0.591278	
462	1.001490	-0.000013	-0.882385	0.000013	1.001490	-0.736298	
463	1.000704	0.000076	-0.399658	-0.000076	1.000704	-0.247528	
464	1.001682	0.000099	-1.182983	-0.000099	1.001682	-0.754578	
465	1.000833	0.000083	-0.523926	-0.000083	1.000833	-0.449829	
466	1.001400	-0.000029	-0.786621	0.000029	1.001400	-0.793762	
467	1.001074	0.000051	-0.667603	-0.000051	1.001074	-0.538574	
468	1.001448	0.000048	-0.913513	-0.000048	1.001448	-1.157013	
469	1.000933	0.000108	-0.654175	-0.000108	1.000933	-0.498199	
470	1.002270	0.000111	-1.250977	-0.000111	1.002270	-1.753235	
471	1.000837	-0.000139	-0.424133	0.000139	1.000837	-0.776245	
472	1.001451	0.000026	-0.938904	-0.000026	1.001451	-1.249603	
473	1.000728	-0.000066	-0.409363	0.000066	1.000728	-0.718567	
474	1.001572	-0.000002	-0.719604	0.000002	1.001572	-1.109772	
475	1.000683	0.000027	-0.366089	-0.000027	1.000683	-0.993134	
476	1.001464	-0.000024	-0.640686	0.000024	1.001464	-1.893280	
477	1.000986	-0.000057	-0.381226	0.000057	1.000986	-1.056824	
478	1.001358	-0.000131	-0.280518	0.000131	1.001358	-1.496918	
479	1.000823	-0.000044	-0.280090	0.000044	1.000823	-0.886261	
480	1.001438	-0.000067	-0.597961	0.000067	1.001438	-1.341553	
481	1.000870	-0.000073	-0.530212	0.000073	1.000870	-0.648499	
482	1.001541	-0.000084	-0.962646	0.000084	1.001541	-1.481781	
483	1.000830	-0.000025	-0.410645	0.000025	1.000830	-0.797852	
484	1.001376	-0.000051	-0.688538	0.000051	1.001376	-1.621155	
485	1.000715	0.000096	-0.418335	-0.000096	1.000715	-1.110596	
486	1.001545	-0.000219	-0.463135	0.000219	1.001545	-2.377228	
487	1.000733	-0.000055	-0.235718	0.000055	1.000733	-0.901520	
488	1.001681	-0.000101	-0.822388	0.000101	1.001681	-1.153229	
489	1.000841	-0.000021	-0.332397	0.000021	1.000841	-0.356323	
490	1.001473	-0.000112	-0.637146	0.000112	1.001473	-0.623047	
491	1.000150	-0.000039	0.016296	0.000039	1.000150	-0.071991	
492	0.999892	-0.000164	0.093628	0.000164	0.999892	-0.058197	
493	1.000028	-0.000096	-0.045959	0.000096	1.000028	-0.034882	
494	1.000067	0.000017	1.040466	-0.000017	1.000067	0.130737	
495	0.999986	0.000031	0.085999	-0.000031	0.999986	0.026184	
496	1.000009	0.000023	0.463928	-0.000023	1.000009	0.170654	
497	0.999776	-0.000005	0.406799	0.000005	0.999776	0.038483	
498	0.999899	-0.000115	0.549316	0.000115	0.999899	-0.025452	
499	0.999953	-0.000010	0.225769	0.000010	0.999953	0.041443	
500	0.999993	-0.000009	0.889893	0.000009	0.999993	-0.004730	
501	0.999991	-0.000068	0.639465	0.000068	0.999991	-0.033569	
502	0.999996	-0.000073	1.840210	0.000073	0.999996	-0.026367	
503	1.000002	-0.000001	0.999573	0.000001	1.000002	0.027985	
504	1.000015	-0.000022	1.602417	0.000022	1.000015	-0.003479	
505	1.000048	0.000030	0.749695	-0.000030	1.000048	0.011597	
506	1.000123	-0.000166	1.416626	0.000166	1.000123	-0.086700	
507	1.000106	-0.000037	0.485779	0.000037	1.000106	-0.025269	
508	0.999968	-0.000098	1.042114	0.000098	0.999968	-0.023499	
509	1.000024	0.000047	0.322327	-0.000047	1.000024	0.012634	
510	0.999951	-0.000087	0.647095	0.000087	0.999951	-0.087860	
511	0.999948	-0.000097	0.274963	0.000097	0.999948	-0.074646	
512	0.999869	-0.000117	0.105652	0.000117	0.999869	-0.097595	
513	1.000004	-0.000041	0.033203	0.000041	1.000004	-0.057861	
514	1.000018	-0.000111	0.007385	0.000111	1.000018	-0.048096	
515	1.000053	-0.000020	-0.076172	0.000020	1.000053	-0.046478	
516	1.000011	0.000021	-0.594177	-0.000021	1.000011	-0.050720	
517	0.999948	0.000044	-0.314453	-0.000044	0.999948	0.018768	
518	0.999962	-0.000034	-0.553101	0.000034	0.999962	0.005310	
519	1.000041	-0.000042	-0.798157	0.000042	1.000041	-0.037933	
520	0.999976	0.000071	-1.739380	-0.000071	0.999976	0.093140	
521	0.999942	-0.000054	-0.570801	0.000054	0.999942	0.003754	
522	1.000013	-0.000011	-1.231201	0.000011	1.000013	0.007996	
523	0.999983	0.000114	-0.660034	-0.000114	0.999983	0.086578	
524	0.999950	-0.000045	-1.501709	0.000045	0.999950	0.030487	
525	0.999986	0.000043	-0.902405	-0.000043	0.999986	0.071228	
526	0.999989	0.000147	-0.980896	-0.000147	0.999989	0.045044	
527	0.999932	0.000165	-0.195984	-0.000165	0.999932	0.207825	
528	0.999999	-0.000071	0.035522	0.000071	0.999999	-0.006195	
529	0.999996	0.000008	-0.008118	-0.000008	0.999996	0.020233	
530	0.999989	0.000011	-0.023376	-0.000011	0.999989	0.018921	
531	0.999967	0.000026	-0.006042	-0.000026	0.999967	0.005493	
532	1.000043	-0.000054	-0.098389	0.000054	1.000043	-0.005463	
533	0.999969	-0.000044	-0.012085	0.000044	0.999969	-0.006317	
534	0.999919	0.000037	0.058960	-0.000037	0.999919	0.079132	
535	0.999937	0.000033	0.043335	-0.000033	0.999937	0.057190	
536	0.999919	0.000068	0.033875	-0.000068	0.999919	0.133606	
537	0.999944	-0.000047	0.068726	0.000047	0.999944	-0.012268	
538	0.999954	0.000042	0.051819	-0.000042	0.999954	0.041351	
539	1.000024	-0.000053	-0.027039	0.000053	1.000024	-0.048767	
540	1.000062	-0.000050	-0.214172	0.000050	1.000062	-0.053772	
541	0.999939	-0.000021	-0.019287	0.000021	0.999939	-0.013702	
542	0.999976	0.000030	-0.178528	-0.000030	0.999976	-0.100403	
543	0.999962	0.000013	-0.215149	-0.000013	0.999962	-0.007477	
544	0.999960	0.000060	-0.556885	-0.000060	0.999960	0.012756	
545	1.000043	0.000167	-0.603455	-0.000167	1.000043	0.081909	
546	1.000034	0.000019	-0.625549	-0.000019	1.000034	0.007996	
547	0.999987	0.000019	-0.748108	-0.000019	0.999987	0.023041	
548	0.999966	0.000020	-0.266541	-0.000020	0.999966	0.036865	
549	0.999951	-0.000005	-0.167603	0.000005	0.999951	0.016754	
550	0.999951	0.000059	-0.596252	-0.000059	0.999951	0.074615	
551	1.000007	0.000134	-0.293274	-0.000134	1.000007	0.108856	
552	0.999938	0.000093	-0.659851	-0.000093	0.999938	0.063202	
553	0.999986	-0.000017	-0.190857	0.000017	0.999986	-0.030853	
554	0.999992	0.000016	-0.168213	-0.000016	0.999992	0.000427	
555	0.999960	-0.000081	-0.044312	0.000081	0.999960	-0.037476	
556	0.999974	-0.000023	-0.225281	0.000023	0.999974	0.010803	
557	0.999983	0.000052	-0.092163	-0.000052	0.999983	0.034424	
558	0.999915	0.000047	-0.124817	-0.000047	0.999915	-0.001862	
559	0.999941	0.000036	-0.022278	-0.000036	0.999941	0.054840	
560	0.999936	0.000084	-0.275757	-0.000084	0.999936	-0.016724	
561	0.999962	0.000102	-0.336365	-0.000102	0.999962	0.033630	
562	0.999989	-0.000058	-1.378052	0.000058	0.999989	0.023163	
563	0.999996	0.000025	-0.708374	-0.000025	0.999996	0.039368	
564	1.000005	-0.000034	-1.156799	0.000034	1.000005	-0.020966	
565	1.000115	-0.000039	-0.352356	0.000039	1.000115	-0.013367	
566	1.000144	-0.000009	-0.358643	0.000009	1.000144	0.036957	
567	1.000175	-0.000075	-0.213440	0.000075	1.000175	-0.094391	
568	1.000015	0.000081	-0.218079	-0.000081	1.000015	0.043976	
569	1.000050	0.000010	-0.305908	-0.000010	1.000050	0.004150	
570	1.000061	-0.000024	-0.347412	0.000024	1.000061	0.012939	
571	1.000114	0.000216	-0.022583	-0.000216	1.000114	0.110107	
572	1.000026	0.000094	-0.021606	-0.000094	1.000026	0.012268	
573	1.000044	0.000019	0.258545	-0.000019	1.000044	-0.126953	
574	1.000090	-0.000069	-0.017822	0.000069	1.000090	-0.059998	
575	1.000056	-0.000061	0.004089	0.000061	1.000056	-0.055359	
576	1.000024	0.000043	-0.018555	-0.000043	1.000024	0.033508	
577	1.000024	0.000035	0.017639	-0.000035	1.000024	0.056641	
578	0.999982	0.000088	-0.053406	-0.000088	0.999982	0.031189	
579	0.999902	0.000027	0.069336	-0.000027	0.999902	0.009491	
580	0.999921	0.000016	0.059143	-0.000016	0.999921	0.005127	
581	0.999860	-0.000033	0.138855	0.000033	0.999860	-0.013123	
582	0.999989	-0.000026	0.026306	0.000026	0.999989	-0.015564	
583	0.999911	0.000023	0.027832	-0.000023	0.999911	0.031616	
584	0.999923	0.000109	-0.002869	-0.000109	0.999923	0.070160	
585	0.999920	0.000003	0.203918	-0.000003	0.999920	-0.016724	
586	0.999920	-0.000094	0.171753	0.000094	0.999920	-0.052216	
587	0.999895	-0.000157	0.209106	0.000157	0.999895	-0.064972	
588	0.999925	-0.000106	0.173584	0.000106	0.999925	-0.052704	
589	0.999952	-0.000036	0.035461	0.000036	0.999952	0.013580	
590	1.000027	-0.000015	-0.023071	0.000015	1.000027	-0.032532	
591	0.999929	-0.000075	0.029297	0.000075	0.999929	-0.054108	
592	0.999949	-0.000011	0.073181	0.000011	0.999949	-0.031677	
593	0.999903	-0.000000	0.054565	0.000000	0.999903	-0.023010	
594	0.999960	-0.000060	0.086304	0.000060	0.999960	-0.105469	
595	1.000021	-0.000143	0.039001	0.000143	1.000021	-0.087372	
596	1.000072	0.000003	-0.001526	-0.000003	1.000072	-0.009766	
597	1.000056	-0.000074	0.044861	0.000074	1.000056	-0.057861	
598	1.000012	0.000030	-0.033936	-0.000030	1.000012	-0.027100	
599	1.000016	0.000001	0.028870	-0.000001	1.000016	-0.051544	
600	0.999948	0.000042	0.162231	-0.000042	0.999948	-0.005066	
601	1.000042	-0.000083	0.032471	0.000083	1.000042	-0.098511	
602	1.000021	-0.000091	0.266174	0.000091	1.000021	-0.071960	
603	1.000042	-0.000069	0.038269	0.000069	1.000042	-0.104401	
604	1.000017	-0.000082	0.042725	0.000082	1.000017	-0.046478	
605	0.999233	-0.000127	0.733337	0.000127	0.999233	0.097778	
606	0.999742	-0.000062	0.032166	0.000062	0.999742	0.022339	
607	0.999222	-0.000008	0.535583	0.000008	0.999222	0.284821	
608	0.999697	-0.000021	0.162781	0.000021	0.999697	0.097687	
609	0.999080	-0.000053	0.712463	0.000053	0.999080	0.401550	
610	0.999368	0.000121	0.581787	-0.000121	0.999368	0.341370	
611	0.999091	-0.000103	1.131348	0.000103	0.999091	0.295197	
612	0.999525	0.000020	0.443909	-0.000020	0.999525	0.275818	
613	0.999358	0.000034	0.946472	-0.000034	0.999358	0.307648	
614	0.999506	0.000127	0.681824	-0.000127	0.999506	0.359161	
615	0.999141	-0.000046	1.598877	0.000046	0.999141	0.395935	
616	0.999712	-0.000064	1.012390	0.000064	0.999712	0.095490	
617	0.999128	-0.000129	2.402832	0.000129	0.999128	0.482635	
618	0.999646	0.000004	1.144775	-0.000004	0.999646	0.123932	
619	0.999126	0.000069	1.799744	-0.000069	0.999126	0.400757	
620	0.999423	-0.000063	0.876099	0.000063	0.999423	0.176849	
621	0.999238	0.000068	1.042908	-0.000068	0.999238	0.289764	
622	0.999526	0.000032	0.595825	-0.000032	0.999526	0.207703	
623	0.999132	0.000016	1.093872	-0.000016	0.999132	0.317261	
624	0.999334	-0.000000	0.817200	0.000000	0.999334	0.254272	
625	0.999119	-0.000017	0.866638	0.000017	0.999119	0.294708	
626	0.999493	0.000001	0.350708	-0.000001	0.999493	0.161133	
627	0.999058	0.000002	0.662415	-0.000002	0.999058	0.360352	
628	0.999586	-0.000053	0.276184	0.000053	0.999586	0.081909	
629	0.998931	0.000107	0.543091	-0.000107	0.998931	0.420074	
630	0.999526	0.000088	0.317993	-0.000088	0.999526	0.250671	
631	0.999051	0.000047	0.554321	-0.000047	0.999051	0.409149	
632	0.999404	0.000012	0.351685	-0.000012	0.999404	0.214600	
633	0.999107	0.000010	0.651489	-0.000010	0.999107	0.223053	
634	0.999328	-0.000026	0.437195	0.000026	0.999328	0.168823	
635	0.998917	-0.000006	0.705566	0.000006	0.998917	0.291534	
636	0.999446	0.000076	0.393799	-0.000076	0.999446	0.219208	
637	0.999046	0.000050	0.403076	-0.000050	0.999046	0.395264	
638	0.999573	0.000102	0.277283	-0.000102	0.999573	0.274139	
639	0.999044	0.000045	0.566040	-0.000045	0.999044	0.397003	
640	0.999382	0.000194	0.310974	-0.000194	0.999382	0.347351	
641	0.999329	0.000115	0.434387	-0.000115	0.999329	0.282288	
642	0.999495	0.000191	0.304504	-0.000191	0.999495	0.301636	
643	0.999236	0.000020	0.577454	-0.000020	0.999236	0.309509	
644	0.999506	0.000150	0.306396	-0.000150	0.999506	0.285980	
645	0.998953	0.000225	0.768311	-0.000225	0.998953	0.475555	
646	0.999634	0.000188	0.276062	-0.000188	0.999634	0.203705	
647	0.999171	0.000086	0.532776	-0.000086	0.999171	0.317535	
648	0.999492	0.000141	0.276855	-0.000141	0.999492	0.354309	
649	0.999057	0.000022	0.670044	-0.000022	0.999057	0.347656	
650	0.999379	0.000065	0.490723	-0.000065	0.999379	0.184113	
651	0.999020	-0.000008	0.671875	0.000008	0.999020	0.339386	
652	0.999499	0.000056	0.366516	-0.000056	0.999499	0.170013	
653	0.998968	-0.000049	0.777344	0.000049	0.998968	0.383453	
654	0.999524	-0.000082	0.407776	0.000082	0.999524	0.203156	
655	0.999055	0.000037	0.693176	-0.000037	0.999055	0.419800	
656	0.999439	0.000119	0.367249	-0.000119	0.999439	0.218658	
657	0.999223	0.000068	0.495056	-0.000068	0.999223	0.321472	
658	0.999430	0.000059	0.379211	-0.000059	0.999430	0.166901	
659	0.998961	0.000017	0.637695	-0.000017	0.998961	0.336060	
660	0.999577	0.000008	0.265930	-0.000008	0.999577	0.179718	
661	0.999068	-0.000008	0.490479	0.000008	0.999068	0.273987	
662	0.999416	0.000194	0.400208	-0.000194	0.999416	0.293335	
663	0.999049	0.000197	0.583496	-0.000197	0.999049	0.452393	
664	0.999455	0.000059	0.422424	-0.000059	0.999455	0.239594	
665	0.999177	0.000024	0.487854	-0.000024	0.999177	0.411224	
666	0.999342	-0.000057	0.476440	0.000057	0.999342	0.267334	
667	0.999199	0.000030	0.420105	-0.000030	0.999199	0.349976	
668	0.999610	0.000108	0.231201	-0.000108	0.999610	0.232819	
669	0.998961	0.000021	0.711182	-0.000021	0.998961	0.323151	
670	0.999628	0.000023	0.263550	-0.000023	0.999628	0.192535	
671	0.999151	0.000090	0.619568	-0.000090	0.999151	0.383362	
672	0.999382	-0.000012	0.433472	0.000012	0.999382	0.237366	
673	0.999328	-0.000071	0.426819	0.000071	0.999328	0.233215	
674	0.999367	-0.000019	0.438660	0.000019	0.999367	0.224091	
675	0.998989	0.000006	0.709717	-0.000006	0.998989	0.378235	
676	0.999568	0.000026	0.297546	-0.000026	0.999568	0.218689	
677	0.999033	-0.000096	0.682373	0.000096	0.999033	0.234375	
678	0.999607	-0.000047	0.239502	0.000047	0.999607	0.091278	
679	0.999038	-0.000080	0.750427	0.000080	0.999038	0.263245	
680	0.999444	-0.000032	0.444336	0.000032	0.999444	0.192719	
681	0.999198	0.000026	0.555237	-0.000026	0.999198	0.307953	
682	0.999579	0.000022	0.323425	-0.000022	0.999579	0.150085	
683	0.999090	0.000064	0.514587	-0.000064	0.999090	0.468811	
684	0.999439	0.000102	0.349670	-0.000102	0.999439	0.296265	
685	0.998990	0.000088	0.627930	-0.000088	0.998990	0.353699	
686	0.999627	0.000007	0.286743	-0.000007	0.999627	0.165100	
687	0.999205	0.000040	0.507874	-0.000040	0.999205	0.364288	
688	0.999594	-0.000006	0.269897	0.000006	0.999594	0.198853	
689	0.999840	0.000054	0.086609	-0.000054	0.999840	0.137054	
690	0.999857	-0.000017	0.121277	0.000017	0.999857	0.213745	
691	0.999881	0.000064	0.113770	-0.000064	0.999881	0.299713	
692	1.000000	-0.000011	0.010864	0.000011	1.000000	0.122284	
693	0.999996	-0.000011	0.288330	0.000011	0.999996	0.820526	
694	1.000021	-0.000020	0.053772	0.000020	1.000021	1.074585	
695	1.000007	-0.000031	0.267212	0.000031	1.000007	1.084320	
696	0.999925	0.000043	0.197815	-0.000043	0.999925	0.525696	
697	1.000094	-0.000079	0.154114	0.000079	1.000094	0.766602	
698	0.999970	0.000069	0.288757	-0.000069	0.999970	0.199646	
699	1.000056	-0.000109	1.430786	0.000109	1.000056	0.646820	
700	0.999987	-0.000097	0.274902	0.000097	0.999987	0.163513	
701	1.000230	-0.000128	0.909241	0.000128	1.000230	1.662323	
702	0.999950	-0.000073	0.317261	0.000073	0.999950	0.771973	
703	1.000039	-0.000051	0.581970	0.000051	1.000039	0.614227	
704	1.000049	-0.000020	0.288757	0.000020	1.000049	0.277496	
705	1.000112	0.000012	0.452515	-0.000012	1.000112	0.745087	
706	0.999950	0.000018	0.365112	-0.000018	0.999950	0.438202	
707	1.000080	0.000027	0.605835	-0.000027	1.000080	0.038086	
708	1.000555	0.000040	-0.140991	-0.000040	1.000555	-0.154572	
709	1.001371	0.000027	-0.270691	-0.000027	1.001371	-0.508820	
710	1.000816	0.000082	-0.371826	-0.000082	1.000816	-0.383636	
711	1.001612	0.000030	-0.406372	-0.000030	1.001612	-0.790466	
712	1.000765	0.000096	-0.162415	-0.000096	1.000765	-0.331665	
713	1.001424	0.000038	-0.058105	-0.000038	1.001424	-0.755646	
714	1.000667	-0.000028	-0.001099	0.000028	1.000667	-0.198761	
715	1.001444	0.000013	-0.302307	-0.000013	1.001444	-0.519775	
716	1.000760	0.000059	-0.114441	-0.000059	1.000760	-0.338806	
717	1.001586	-0.000042	-0.411316	0.000042	1.001586	-0.554565	
718	1.000506	0.000047	-0.212524	-0.000047	1.000506	-0.185852	
719	1.001474	-0.000043	-0.240356	0.000043	1.001474	-0.501434	
720	1.000551	-0.000076	0.137390	0.000076	1.000551	-0.261719	
721	1.001337	-0.000012	-0.116211	0.000012	1.001337	-0.525574	
722	1.000621	-0.000095	0.317322	0.000095	1.000621	-0.396332	
723	1.001382	-0.000085	0.592529	0.000085	1.001382	-0.440155	
724	1.000569	-0.000023	0.246704	0.000023	1.000569	-0.299072	
725	1.001376	-0.000042	-0.165100	0.000042	1.001376	-0.401184	
726	1.000681	0.000064	-0.065979	-0.000064	1.000681	-0.277771	
727	1.001608	-0.000009	-0.127014	0.000009	1.001608	-0.575928	
728	1.000696	0.000039	0.111206	-0.000039	1.000696	-0.239380	
729	1.001475	0.000004	0.409912	-0.000004	1.001475	-0.611572	
730	1.000763	-0.000102	0.252136	0.000102	1.000763	-0.305298	
731	1.001404	-0.000047	0.274841	0.000047	1.001404	-0.581329	
732	1.000741	0.000033	-0.090149	-0.000033	1.000741	-0.297241	
733	1.001583	-0.000020	-0.047363	0.000020	1.001583	-0.601685	
734	1.000638	-0.000070	-0.110474	0.000070	1.000638	-0.284332	
735	1.001513	0.000008	-0.964478	-0.000008	1.001513	-0.571045	
736	1.000731	0.000081	-0.544250	-0.000081	1.000731	-0.217438	
737	1.001548	-0.000002	-1.368469	0.000002	1.001548	-0.681976	
738	1.000724	0.000110	-0.802124	-0.000110	1.000724	-0.265625	
739	1.001558	-0.000027	-1.646240	0.000027	1.001558	-0.600861	
740	1.000747	-0.000018	-0.532166	0.000018	1.000747	-0.171173	
741	1.000932	-0.000059	-0.733948	0.000059	1.000932	-0.214966	
742	1.000260	0.000011	-0.260254	-0.000011	1.000260	-0.078918	
743	1.000655	0.000051	-2.333618	-0.000051	1.000655	-0.257294	
744	0.999988	-0.000037	-1.133423	0.000037	0.999988	-0.045929	
745	1.000036	0.000080	-1.708374	-0.000080	1.000036	0.120178	
746	0.999890	0.000138	-0.540344	-0.000138	0.999890	0.202667	
747	0.999981	0.000100	-1.313965	-0.000100	0.999981	0.172546	
748	0.999966	0.000010	-0.508972	-0.000010	0.999966	0.035614	
749	1.000031	0.000061	-0.949585	-0.000061	1.000031	0.191162	
750	0.999983	0.000034	-0.442749	-0.000034	0.999983	0.823975	
751	1.000056	0.000039	-0.817505	-0.000039	1.000056	1.769562	
752	0.999914	0.000064	-0.292236	-0.000064	0.999914	0.833649	
753	0.999444	0.000048	-0.324463	-0.000048	0.999444	1.612946	
754	0.999684	0.000005	0.042603	-0.000005	0.999684	0.412567	
755	0.998672	0.000003	0.844666	-0.000003	0.998672	1.419312	
756	0.999249	-0.000130	0.575623	0.000130	0.999249	0.951050	
757	0.998570	0.000005	0.969360	-0.000005	0.998570	1.700928	
758	0.999170	-0.000197	0.543152	0.000197	0.999170	0.797272	
759	0.998605	-0.000046	0.844116	0.000046	0.998605	1.495361	
760	0.999141	-0.000259	0.509766	0.000259	0.999141	0.880188	
761	0.998642	-0.000220	1.176086	0.000220	0.998642	1.188049	
762	0.999414	-0.000074	0.701050	0.000074	0.999414	0.542999	
763	0.998526	0.000036	1.256653	-0.000036	0.998526	2.048584	
764	0.999372	0.000048	0.426819	-0.000048	0.999372	1.333344	
765	0.998624	0.000190	0.902710	-0.000190	0.998624	1.946136	
766	0.999184	-0.000035	0.615906	0.000035	0.999184	0.494598	
767	0.998608	0.000021	0.865173	-0.000021	0.998608	0.651031	
768	0.999111	0.000007	0.650208	-0.000007	0.999111	0.376312	
769	0.998379	0.000060	1.143311	-0.000060	0.998379	0.478088	
770	0.999198	0.000025	0.699829	-0.000025	0.999198	0.344818	
771	0.998459	0.000020	1.409485	-0.000020	0.998459	0.605621	
772	0.999225	-0.000001	0.713196	0.000001	0.999225	0.342041	
773	0.998970	0.000049	1.448730	-0.000049	0.998970	0.507690	
774	0.999515	0.000006	0.731323	-0.000006	0.999515	0.248352	
775	0.999213	0.000119	1.349426	-0.000119	0.999213	0.235992	
776	0.999596	0.000076	0.882385	-0.000076	0.999596	0.201447	
777	0.999230	-0.000016	1.503235	0.000016	0.999230	0.198669	
778	0.999589	0.000089	0.813904	-0.000089	0.999589	0.246613	
779	0.999165	0.000131	1.616394	-0.000131	0.999165	0.227264	
780	0.999567	0.000074	0.731445	-0.000074	0.999567	0.230499	
781	0.999050	0.000112	1.667664	-0.000112	0.999050	0.409302	
782	0.999485	0.000078	0.605652	-0.000078	0.999485	0.376465	
783	0.999136	0.000234	0.882874	-0.000234	0.999136	0.533844	
784	0.999454	0.000105	0.438538	-0.000105	0.999454	0.331390	
785	0.998931	0.000189	0.813843	-0.000189	0.998931	0.572021	
786	0.999447	0.000128	0.427856	-0.000128	0.999447	0.170288	
787	0.998429	0.000082	1.112122	-0.000082	0.998429	0.498230	
788	0.998901	0.000052	0.723572	-0.000052	0.998901	0.418945	
789	0.998356	0.000043	1.195190	-0.000043	0.998356	0.553772	
790	0.999129	0.000076	0.712769	-0.000076	0.999129	0.300507	
791	0.998228	0.000049	1.345032	-0.000049	0.998228	0.634583	
792	0.999057	0.000055	0.766052	-0.000055	0.999057	0.391968	
793	0.998679	0.000070	0.913086	-0.000070	0.998679	0.484070	
794	0.999422	0.000072	0.413208	-0.000072	0.999422	0.280914	
795	0.998970	0.000043	0.668030	-0.000043	0.998970	0.424774	
796	0.999538	0.000051	0.390137	-0.000051	0.999538	0.161987	
797	0.999066	-0.000036	0.695435	0.000036	0.999066	0.280121	
798	0.999508	0.000139	0.301636	-0.000139	0.999508	0.189484	
799	0.998961	0.000094	0.653015	-0.000094	0.998961	0.352020	
800	0.999355	0.000091	0.468384	-0.000091	0.999355	0.216248	
801	0.998964	0.000017	0.674255	-0.000017	0.998964	0.287231	
802	0.999317	0.000105	0.410461	-0.000105	0.999317	0.202118	
803	0.998653	0.000010	0.875183	-0.000010	0.998653	0.440063	
804	0.999369	0.000065	0.361511	-0.000065	0.999369	0.210114	
805	0.999056	0.000127	0.661255	-0.000127	0.999056	0.361816	
806	0.999370	0.000121	0.429382	-0.000121	0.999370	0.255798	
807	0.998997	0.000063	0.653687	-0.000063	0.998997	0.505493	
808	0.999322	0.000191	0.362366	-0.000191	0.999322	0.415436	
809	0.998844	0.000075	0.800049	-0.000075	0.998844	0.725800	
810	0.998504	0.000156	0.964539	-0.000156	0.998504	0.739471	
811	0.998984	0.000069	0.663574	-0.000069	0.998984	0.548004	
812	0.999532	0.000162	0.221191	-0.000162	0.999532	0.268219	
813	0.999107	0.000098	0.601013	-0.000098	0.999107	0.517975	
814	0.999253	0.000183	0.417847	-0.000183	0.999253	0.497284	
815	0.999005	0.000039	0.679688	-0.000039	0.999005	0.442871	
816	0.999448	0.000115	0.343689	-0.000115	0.999448	0.222900	
817	0.998772	0.000020	0.817078	-0.000020	0.998772	0.527527	
818	0.999338	0.000103	0.371094	-0.000103	0.999338	0.243286	
819	0.998879	0.000075	0.669739	-0.000075	0.998879	0.539642	
820	0.999372	0.000019	0.295410	-0.000019	0.999372	0.346375	
821	0.998972	0.000118	0.513000	-0.000118	0.998972	0.794983	
822	0.999270	0.000072	0.345276	-0.000072	0.999270	0.515625	
823	0.997991	-0.000084	1.325134	0.000084	0.997991	0.954681	
824	0.999258	-0.000069	0.382935	0.000069	0.999258	0.398254	
825	0.998868	-0.000059	0.637085	0.000059	0.998868	0.469238	
826	0.998974	-0.000006	0.571472	0.000006	0.998974	0.334290	
827	0.998242	0.000017	0.933289	-0.000017	0.998242	0.589996	
828	0.998985	-0.000094	0.430969	0.000094	0.998985	0.267975	
829	0.998835	-0.000063	0.512817	0.000063	0.998835	0.470428	
830	0.999295	-0.000013	0.323792	0.000013	0.999295	0.135010	
831	0.998554	0.000010	0.943970	-0.000010	0.998554	0.443817	
832	0.999103	-0.000041	0.554504	0.000041	0.999103	0.223267	
833	0.999064	0.000016	0.605225	-0.000016	0.999064	0.281464	
834	0.999347	-0.000025	0.476746	0.000025	0.999347	0.178619	
835	0.999096	0.000057	-0.159729	-0.000057	0.999096	0.385498	
836	0.998450	-0.000152	1.277161	0.000152	0.998450	0.445831	
837	0.999281	-0.000035	0.046631	0.000035	0.999281	-0.016968	
838	0.999874	-0.000023	-0.053528	0.000023	0.999874	-0.056458	
839	0.999953	-0.000099	0.447937	0.000099	0.999953	-0.075409	
840	0.999984	-0.000075	0.040222	0.000075	0.999984	-0.087921	
841	1.000047	-0.000104	0.489990	0.000104	1.000047	-0.105560	
842	0.999933	-0.000154	0.441528	0.000154	0.999933	-0.104065	
843	1.003107	-0.000019	-1.500305	0.000019	1.003107	-1.150421	
844	1.002380	-0.000107	-1.029785	0.000107	1.002380	-1.360809	
845	1.004896	-0.000110	-1.973572	0.000110	1.004896	-2.010193	
846	1.003439	-0.000132	-1.727051	0.000132	1.003439	-1.346039	
847	1.007285	-0.000168	-3.222107	0.000168	1.007285	-2.649689	
848	1.005359	-0.000027	-2.758728	0.000027	1.005359	-2.070862	
849	1.008841	-0.000153	-3.540710	0.000153	1.008841	-3.299957	
850	1.004532	-0.000150	-1.669922	0.000150	1.004532	-1.704926	
851	1.008861	-0.000246	-2.885498	0.000246	1.008861	-3.289764	
852	1.004355	-0.000150	-1.345459	0.000150	1.004355	-1.693359	
853	1.009072	-0.000176	-2.974548	0.000176	1.009072	-3.873260	
854	1.004526	-0.000118	-1.342896	0.000118	1.004526	-1.936310	
855	1.009001	-0.000067	-2.520874	0.000067	1.009001	-3.707489	
856	1.004520	-0.000055	-1.597473	0.000055	1.004520	-1.942108	
857	1.009007	-0.000021	-2.527649	0.000021	1.009007	-3.485687	
858	1.004572	-0.000153	-1.006348	0.000153	1.004572	-1.840790	
859	1.008848	-0.000042	-1.551147	0.000042	1.008848	-3.716522	
860	1.004579	-0.000132	-0.575073	0.000132	1.004579	-2.151642	
861	1.008990	-0.000091	-0.340210	0.000091	1.008990	-4.537781	
862	1.004531	-0.000112	-0.023010	0.000112	1.004531	-2.446350	
863	1.008846	-0.000073	0.022644	0.000073	1.008846	-4.560211	
864	1.004323	-0.000004	0.049072	0.000004	1.004323	-1.992310	
865	1.008969	-0.000075	-0.121460	0.000075	1.008969	-4.050690	
866	1.004436	-0.000089	-0.173035	0.000089	1.004436	-2.049683	
867	1.009126	-0.000135	-0.444336	0.000135	1.009126	-4.266083	
868	1.004289	-0.000010	-0.128479	0.000010	1.004289	-1.856079	
869	1.009126	0.000054	-0.469482	-0.000054	1.009126	-3.999908	
870	1.004622	-0.000155	-0.164429	0.000155	1.004622	-2.046539	
871	1.009230	-0.000073	-0.438721	0.000073	1.009230	-4.029266	
872	1.004810	-0.000121	-0.156311	0.000121	1.004810	-2.241119	
873	1.009193	0.000017	0.456360	-0.000017	1.009193	-4.132202	
874	1.004577	-0.000051	0.550049	0.000051	1.004577	-2.076050	
875	1.009242	-0.000147	1.297241	0.000147	1.009242	-4.377258	
876	1.004618	-0.000005	0.569458	0.000005	1.004618	-2.194244	
877	1.009267	-0.000075	2.781189	0.000075	1.009267	-4.517181	
878	0.999998	0.000007	0.002502	-0.000007	0.999998	0.007507	
879	1.009187	-0.000060	3.372742	0.000060	1.009187	-4.832123	
880	1.004548	-0.000035	2.207092	0.000035	1.004548	-2.361420	
881	1.009383	-0.000167	4.088806	0.000167	1.009383	-4.560272	
882	1.004730	-0.000010	2.118958	0.000010	1.004730	-2.240997	
883	1.009439	-0.000094	5.927368	0.000094	1.009439	-4.484894	
884	1.004601	-0.000069	3.631287	0.000069	1.004601	-2.401978	
885	1.009187	-0.000068	7.351440	0.000068	1.009187	-4.322174	
886	1.004548	-0.000086	4.026245	0.000086	1.004548	-2.042694	
887	1.009066	-0.000211	8.687378	0.000211	1.009066	-4.297913	
888	1.004515	-0.000052	4.399353	0.000052	1.004515	-2.216583	
889	1.009351	-0.000219	7.836060	0.000219	1.009351	-4.063049	
890	1.004727	-0.000055	3.956909	0.000055	1.004727	-1.954926	
891	1.009162	-0.000128	8.707275	0.000128	1.009162	-3.705353	
892	1.004927	-0.000174	4.403137	0.000174	1.004927	-2.133026	
893	1.009570	-0.000221	7.309814	0.000221	1.009570	-4.633118	
894	1.004735	-0.000137	3.277954	0.000137	1.004735	-2.423096	
895	1.009682	-0.000222	6.488342	0.000222	1.009682	-5.458130	
896	1.004993	-0.000160	2.800842	0.000160	1.004993	-2.865997	
897	1.009651	-0.000109	5.740295	0.000109	1.009651	-4.848999	
898	1.004873	-0.000134	2.429443	0.000134	1.004873	-2.186859	
899	1.009983	-0.000156	3.854126	0.000156	1.009983	-4.735565	
900	1.004800	-0.000120	1.977173	0.000120	1.004800	-2.264038	
901	1.009802	-0.000267	3.859009	0.000267	1.009802	-4.498657	
902	1.005008	-0.000081	1.309814	0.000081	1.005008	-2.461426	
903	1.004919	-0.000196	1.492188	0.000196	1.004919	-2.466644	
904	1.009912	-0.000208	2.532043	0.000208	1.009912	-5.527130	
905	1.005028	-0.000195	0.323059	0.000195	1.005028	-3.356201	
906	1.010166	-0.000311	-1.048340	0.000311	1.010166	-7.061127	
907	1.005083	-0.000065	-0.941467	0.000065	1.005083	-3.219482	
908	1.010143	-0.000116	-1.962769	0.000116	1.010143	-5.496643	
909	1.004914	-0.000078	-1.203979	0.000078	1.004914	-3.030640	
910	1.010376	-0.000040	-2.705750	0.000040	1.010376	-5.602478	
911	1.005127	-0.000089	-1.480713	0.000089	1.005127	-2.689575	
912	1.010224	-0.000108	-2.712891	0.000108	1.010224	-5.576263	
913	1.005197	0.000010	-1.552979	-0.000010	1.005197	-2.782928	
914	1.010314	-0.000193	-3.226257	0.000193	1.010314	-5.819641	
915	1.005194	-0.000034	-1.634033	0.000034	1.005194	-3.283875	
916	1.010566	-0.000022	-3.108765	0.000022	1.010566	-6.757507	
917	1.005260	0.000010	-1.565369	-0.000010	1.005260	-3.361908	
918	1.010400	-0.000055	-3.698425	0.000055	1.010400	-6.179932	
919	1.005388	0.000115	-1.939270	-0.000115	1.005388	-3.136658	
920	1.010904	-0.000058	-4.543945	0.000058	1.010904	-6.236908	
921	1.005440	-0.000012	-2.352478	0.000012	1.005440	-3.051636	
922	1.010615	-0.000084	-5.144836	0.000084	1.010615	-7.217438	
923	1.005252	0.000068	-2.387634	-0.000068	1.005252	-3.900024	
924	1.010801	-0.000025	-5.407654	0.000025	1.010801	-8.912415	
925	1.005536	-0.000010	-3.125793	0.000010	1.005536	-4.152466	
926	1.010516	0.000035	-5.822510	-0.000035	1.010516	-8.945740	
927	1.003028	-0.000055	-1.842957	0.000055	1.003028	-4.114410	
928	1.006014	0.000038	-3.857239	-0.000038	1.006014	-7.996246	
929	1.003037	0.000164	-2.151855	-0.000164	1.003037	-2.928192	
930	1.006046	0.000055	-3.825439	-0.000055	1.006046	-4.917053	
931	1.002860	0.000061	-1.764893	-0.000061	1.002860	-1.859039	
932	1.003202	-0.000075	-2.096130	0.000075	1.003202	-3.444855	
933	1.001414	-0.000041	-0.822632	0.000041	1.001414	-1.671783	
934	1.002083	0.000107	-2.394897	-0.000107	1.002083	-3.005249	
935	1.000992	0.000008	-2.138763	-0.000008	1.000992	-1.460052	
936	1.001915	0.000201	-4.483978	-0.000201	1.001915	-2.594391	
937	1.000873	0.000008	-1.957336	-0.000008	1.000873	-1.176910	
938	1.001937	-0.000021	-4.488617	0.000021	1.001937	-3.359253	
939	1.003743	-0.000066	-2.524200	0.000066	1.003743	-2.765747	
940	1.001354	0.000101	-4.628998	-0.000101	1.001354	-3.292542	
941	1.000543	0.000074	-2.514832	-0.000074	1.000543	-1.301697	
942	1.001408	0.000083	-5.925140	-0.000083	1.001408	-2.829071	
943	1.002023	-0.000157	-3.244507	0.000157	1.002023	-1.670288	
944	1.000369	0.000188	-6.581940	-0.000188	1.000369	-0.780853	
945	1.000107	0.000176	-4.086670	-0.000176	1.000107	-0.043243	
946	0.999953	0.000102	-6.556824	-0.000102	0.999953	0.027618	
947	0.999999	0.000108	-3.553009	-0.000108	0.999999	0.034912	
948	1.000156	0.000254	-7.598450	-0.000254	1.000156	-0.395844	
949	1.000140	0.000048	-4.309021	-0.000048	1.000140	-0.301208	
950	1.000244	0.000152	-8.764221	-0.000152	1.000244	-0.689087	
951	0.999888	0.000156	-4.317322	-0.000156	0.999888	-0.014435	
952	1.000268	0.000136	-6.872437	-0.000136	1.000268	-0.808716	
953	0.999919	0.000185	-3.474304	-0.000185	0.999919	-0.295837	
954	0.999922	0.000223	-6.030396	-0.000223	0.999922	-0.627289	
955	1.000044	0.000041	-3.154968	-0.000041	1.000044	-0.483887	
956	0.999982	0.000175	-7.016418	-0.000175	0.999982	-0.557068	
957	0.999959	0.000178	-3.520020	-0.000178	0.999959	-0.248016	
958	1.000014	0.000123	-6.262939	-0.000123	1.000014	-0.239044	
959	1.000015	0.000075	-2.758850	-0.000075	1.000015	-0.371124	
960	0.999860	0.000140	-5.485352	-0.000140	0.999860	-0.591583	
961	1.000160	0.000008	-2.712280	-0.000008	1.000160	-0.739838	
962	0.999897	0.000137	-6.071045	-0.000137	0.999897	-1.338654	
963	0.999980	0.000145	-2.902710	-0.000145	0.999980	-0.633179	
964	1.000001	0.000029	-6.522644	-0.000029	1.000001	-2.540039	
965	0.999909	0.000261	-3.338135	-0.000261	0.999909	-0.961395	
966	1.000085	-0.000005	-7.037170	0.000005	1.000085	-2.518250	
967	0.999973	0.000009	-3.901001	-0.000009	0.999973	-1.006500	
968	1.000243	0.000245	-8.386902	-0.000245	1.000243	-1.521667	
969	0.999967	0.000128	-4.232422	-0.000128	0.999967	-0.309570	
970	0.999937	0.000149	-7.778992	-0.000149	0.999937	-1.555664	
971	1.000146	0.000035	-4.643921	-0.000035	1.000146	-1.285645	
972	1.000446	-0.000078	-9.920013	0.000078	1.000446	-3.250458	
973	0.999944	0.000260	-5.732605	-0.000260	0.999944	-0.919952	
974	1.000154	0.000312	-12.203369	-0.000312	1.000154	-1.312805	
975	0.999927	0.000119	-5.331055	-0.000119	0.999927	-0.555359	
976	1.000181	0.000207	-10.343842	-0.000207	1.000181	-1.009796	
977	1.000067	0.000209	-5.405334	-0.000209	1.000067	-0.654785	
978	1.000181	0.000299	-9.911987	-0.000299	1.000181	-1.260284	
979	1.000112	0.000222	-5.356018	-0.000222	1.000112	-0.422516	
980	1.000147	0.000139	-10.989258	-0.000139	1.000147	-0.981445	
981	1.000000	0.000221	-4.794434	-0.000221	1.000000	-0.263031	
982	0.999763	0.000222	-8.412903	-0.000222	0.999763	-0.774445	
983	0.999942	0.000243	-3.736572	-0.000243	0.999942	-0.755005	
984	1.000050	0.000238	-7.328491	-0.000238	1.000050	-0.927734	
985	1.000171	0.000119	-4.136719	-0.000119	1.000171	-0.481964	
986	1.000135	0.000047	-8.548950	-0.000047	1.000135	-0.641907	
987	1.000178	0.000279	-4.355896	-0.000279	1.000178	-0.025757	
988	0.999854	0.000420	-8.744385	-0.000420	0.999854	0.032837	
989	0.999921	0.000421	-3.912292	-0.000421	0.999921	0.415192	
990	0.999547	0.000460	-8.700684	-0.000460	0.999547	0.401245	
991	1.004664	0.001273	-4.163391	-0.001273	1.004664	-0.743011	
992	0.997332	0.000531	-6.051819	-0.000531	0.997332	1.472534	
993	0.998757	0.000420	-3.273193	-0.000420	0.998757	0.703400	
994	0.997790	0.002026	-6.111572	-0.002026	0.997790	2.530304	
995	0.998741	0.000067	-2.725525	-0.000067	0.998741	0.432587	
996	0.996395	0.000278	-4.447876	-0.000278	0.996395	1.485718	
997	0.998025	0.000666	-2.057678	-0.000666	0.998025	1.388580	
998	0.996676	0.000224	-4.439941	-0.000224	0.996676	1.357513	
999	0.998037	0.000775	-2.301758	-0.000775	0.998037	1.331573	
1000	0.996648	0.000401	-4.349365	-0.000401	0.996648	1.458435	
1001	0.996993	0.000575	-1.189819	-0.000575	0.996993	1.465607	
1002	0.996655	0.000421	-5.001404	-0.000421	0.996655	1.583374	
