0	1.000000	0.000000	0.000000	0.000000	1.000000	0.000000	
1	0.999965	0.000077	-0.061646	-0.000077	0.999965	0.082153	
2	0.999833	-0.000162	0.391602	0.000162	0.999833	-0.152161	
3	0.999833	-0.000162	0.391602	0.000162	0.999833	-0.152161	
4	0.999997	-0.000055	0.033325	0.000055	0.999997	-0.123047	
5	0.998998	-0.000553	2.162109	0.000553	0.998998	-0.023438	
6	1.000214	-0.000113	-0.305908	0.000113	1.000214	-0.419983	
7	0.999160	0.001302	0.146606	-0.001302	0.999160	2.787964	
8	1.000030	-0.000060	-0.053955	0.000060	1.000030	-0.109497	
9	1.000054	-0.000183	0.008423	0.000183	1.000054	-0.392273	
10	1.000048	-0.000103	0.010986	0.000103	1.000048	-0.210754	
11	1.000083	-0.000082	-0.162231	0.000082	1.000083	-0.186401	
12	1.000006	0.000173	-0.321411	-0.000173	1.000006	0.425781	
13	0.999803	0.000129	0.203003	-0.000129	0.999803	0.515503	
14	1.000257	0.000195	-0.863037	-0.000195	1.000257	0.198975	
15	1.000342	0.000468	-1.197632	-0.000468	1.000342	0.540344	
16	1.000311	0.000212	-1.008789	-0.000212	1.000311	0.093933	
17	1.000514	0.000197	-1.321167	-0.000197	1.000514	-0.146362	
18	1.000271	0.000360	-0.895996	-0.000360	1.000271	0.448608	
19	1.000124	0.000046	-0.282227	-0.000046	1.000124	-0.106995	
20	1.000095	-0.000015	-0.176636	0.000015	1.000095	-0.262634	
21	0.999769	0.000012	0.312988	-0.000012	0.999769	0.362549	
22	0.999813	0.000115	0.171143	-0.000115	0.999813	0.477112	
23	0.999899	-0.000042	0.134399	0.000042	0.999899	0.089294	
24	0.999625	0.000237	0.489624	-0.000237	0.999625	0.697510	
25	1.000127	-0.000162	-0.009766	0.000162	1.000127	-0.441467	
26	1.000004	0.000025	-0.026733	-0.000025	1.000004	0.026184	
27	1.000053	-0.000024	-0.083862	0.000024	1.000053	-0.147034	
28	0.999955	0.000259	-0.340454	-0.000259	0.999955	0.593384	
29	0.999831	0.000409	-0.339722	-0.000409	0.999831	0.957336	
30	1.000708	0.001912	-3.166626	-0.001912	1.000708	2.642334	
31	1.000365	0.000099	-0.909668	-0.000099	1.000365	-0.340271	
32	1.000306	-0.000002	-0.815308	0.000002	1.000306	-0.648743	
33	1.001657	0.001136	-3.963867	-0.001136	1.001657	0.338989	
34	1.001552	-0.000421	-2.348877	0.000421	1.001552	-2.354675	
35	0.998872	0.000126	1.275879	-0.000126	0.998872	-2.723572	
36	0.999278	-0.004433	5.269775	0.004433	0.999278	-7.161499	
37	0.999278	-0.004433	5.269775	0.004433	0.999278	-7.161499	
38	0.999278	-0.004433	5.269775	0.004433	0.999278	-7.161499	
39	0.999278	-0.004433	5.269775	0.004433	0.999278	-7.161499	
40	0.999952	-0.000765	0.794189	0.000765	0.999952	-1.358704	
41	0.997781	0.000578	3.041626	-0.000578	0.997781	2.958923	
42	0.999174	-0.000604	1.874146	0.000604	0.999174	-0.353455	
43	0.999464	0.000921	0.045532	-0.000921	0.999464	2.147827	
44	0.999900	0.000167	-0.076416	-0.000167	0.999900	0.386902	
45	0.999956	0.000257	-0.300537	-0.000257	0.999956	0.480896	
46	1.000720	0.002277	-3.260498	-0.002277	1.000720	3.226501	
47	0.999930	-0.000176	0.241089	0.000176	0.999930	-0.341980	
48	1.000794	-0.000054	-1.414673	0.000054	1.000794	-0.873047	
49	1.000211	-0.000203	-0.453003	0.000203	1.000211	-0.862000	
50	0.999527	-0.001863	2.351807	0.001863	0.999527	-2.899536	
51	1.002075	-0.002890	-0.912720	0.002890	1.002075	-6.778503	
52	1.001205	0.000474	-2.723633	-0.000474	1.001205	-0.459839	
53	1.001814	-0.000168	-2.986816	0.000168	1.001814	-2.112061	
54	1.000182	0.000253	-0.775024	-0.000253	1.000182	0.110352	
55	1.000336	0.000049	-0.738525	-0.000049	1.000336	-0.344971	
56	0.999799	0.000741	-0.537354	-0.000741	0.999799	1.455994	
57	0.999987	0.000360	-0.410278	-0.000360	0.999987	0.891968	
58	0.999217	0.000021	1.211914	-0.000021	0.999217	0.897949	
59	0.998062	-0.000402	3.482422	0.000402	0.998062	1.115845	
60	1.001753	-0.000297	-2.765625	0.000297	1.001753	-2.231079	
61	1.000659	0.000019	-1.274414	-0.000019	1.000659	-0.800537	
62	1.000743	0.000246	-1.574097	-0.000246	1.000743	-0.487854	
63	1.000315	0.000019	-0.577026	-0.000019	1.000315	-0.481689	
64	1.000381	0.000423	-1.080200	-0.000423	1.000381	0.196777	
65	1.001433	-0.000496	-1.987793	0.000496	1.001433	-2.370667	
66	0.999075	0.000020	1.339600	-0.000020	0.999075	0.855896	
67	1.000074	-0.000390	0.001709	0.000390	1.000074	-0.816345	
68	1.001986	0.001682	-5.055786	-0.001682	1.001986	1.054077	
69	1.000235	0.000119	-0.690796	-0.000119	1.000235	-0.179565	
70	0.998775	0.000823	1.269165	-0.000823	0.998775	2.394592	
71	1.001059	0.000990	-2.888306	-0.000990	1.001059	0.480957	
72	1.001517	0.001121	-3.615112	-0.001121	1.001517	0.363281	
73	1.001898	-0.000977	-2.387573	0.000977	1.001898	-3.494812	
74	1.003453	0.001256	-6.824585	-0.001256	1.003453	-1.470825	
75	1.001181	0.002350	-4.230591	-0.002350	1.001181	2.726440	
76	1.003312	0.000183	-5.891724	-0.000183	1.003312	-2.768677	
77	1.002207	-0.000586	-3.099731	0.000586	1.002207	-3.102722	
78	1.000014	-0.000130	-4.858276	0.000130	1.000014	-1.373779	
79	1.000660	0.000419	-1.565552	-0.000419	1.000660	-0.054504	
80	0.999862	0.000051	-4.252808	-0.000051	0.999862	-0.976440	
81	1.000192	0.000014	-4.147827	-0.000014	1.000192	-0.862976	
82	1.003285	-0.001265	-4.678223	0.001265	1.003285	-5.280640	
83	0.999845	-0.000035	-2.963257	0.000035	0.999845	-0.910400	
84	1.009020	-0.002713	-13.584473	0.002713	1.009020	-12.785461	
85	1.001369	0.001546	-3.840454	-0.001546	1.001369	1.121521	
86	1.004892	0.000460	-8.879761	-0.000460	1.004892	-3.777527	
87	1.005201	-0.000922	-8.237061	0.000922	1.005201	-6.404724	
88	1.002721	-0.001599	-3.399414	0.001599	1.002721	-5.320190	
89	1.002721	-0.001599	-3.399414	0.001599	1.002721	-5.320190	
90	1.000008	0.000015	-2.056213	-0.000015	1.000008	-0.626160	
91	0.999090	0.000241	-0.418579	-0.000241	0.999090	0.284790	
92	1.001064	-0.000137	-1.971436	0.000137	1.001064	-1.327026	
93	1.000229	0.000242	-0.835449	-0.000242	1.000229	0.129517	
94	1.000229	0.000242	-0.835449	-0.000242	1.000229	0.129517	
95	1.000057	-0.000024	-0.081665	0.000024	1.000057	-0.153931	
96	0.999996	-0.000071	0.113403	0.000071	0.999996	-0.093201	
97	1.000019	-0.000059	0.051636	0.000059	1.000019	-0.092041	
98	0.999894	-0.000062	0.365845	0.000062	0.999894	0.133484	
99	0.999234	-0.000076	1.549683	0.000076	0.999234	0.790588	
100	0.999824	0.000108	0.298584	-0.000108	0.999824	0.573120	
101	0.999794	-0.000081	0.654053	0.000081	0.999794	0.165894	
102	0.999659	-0.000071	0.790161	0.000071	0.999659	0.357605	
103	0.998535	0.001053	1.690308	-0.001053	0.998535	3.428955	
104	0.999485	-0.000054	1.014648	0.000054	0.999485	0.612732	
105	0.999740	-0.000042	0.682373	0.000042	0.999740	0.261292	
106	0.999857	-0.000134	0.603882	0.000134	0.999857	0.000732	
107	0.999737	-0.000280	0.859009	0.000280	0.999737	-0.199097	
108	0.999921	-0.000059	0.370605	0.000059	0.999921	-0.105652	
109	0.999971	-0.000091	0.170288	0.000091	0.999971	-0.191528	
110	1.000075	0.000077	-0.201050	-0.000077	1.000075	0.042908	
111	0.999937	0.000377	-0.200806	-0.000377	0.999937	0.884949	
112	0.999916	0.000253	-0.089355	-0.000253	0.999916	0.570190	
113	0.999934	-0.000055	0.138550	0.000055	0.999934	-0.196594	
114	1.000078	0.001382	-1.487549	-0.001382	1.000078	2.107666	
115	0.997783	0.005363	-1.332886	-0.005363	0.997783	10.555176	
116	0.992578	-0.000292	7.018188	0.000292	0.992578	3.799133	
117	0.990561	0.000031	8.701660	-0.000031	0.990561	5.428040	
118	0.999326	-0.001680	2.641968	0.001680	0.999326	-2.119690	
119	0.999326	-0.001680	2.641968	0.001680	0.999326	-2.119690	
120	0.992917	-0.000101	6.936768	0.000101	0.992917	3.661255	
121	0.999867	0.000345	-0.199585	-0.000345	0.999867	0.602112	
122	0.991162	0.000063	8.314575	-0.000063	0.991162	4.548767	
123	0.996760	-0.001730	7.007080	0.001730	0.996760	-0.139404	
124	0.996760	-0.001730	7.007080	0.001730	0.996760	-0.139404	
125	1.000455	-0.000161	-0.691284	0.000161	1.000455	-0.772522	
126	1.001391	0.000410	-2.806396	-0.000410	1.001391	-0.673401	
127	1.000548	-0.001443	0.287598	0.001443	1.000548	-3.009827	
128	0.996111	0.000107	3.563843	-0.000107	0.996111	2.206543	
129	0.998448	0.000726	1.814209	-0.000726	0.998448	2.618591	
130	0.999922	0.000123	-0.128296	-0.000123	0.999922	0.284119	
131	1.000041	-0.000207	0.059448	0.000207	1.000041	-0.422852	
132	0.999969	-0.000089	0.107422	0.000089	0.999969	-0.187805	
133	1.000256	-0.000143	-0.442505	0.000143	1.000256	-0.609863	
134	1.000368	-0.000158	-0.722412	0.000158	1.000368	-0.864197	
135	1.000113	-0.000009	-0.340942	0.000009	1.000113	-0.206970	
136	1.000223	0.000009	-0.604492	-0.000009	1.000223	-0.377136	
137	1.000502	0.000950	-1.847412	-0.000950	1.000502	1.329956	
138	0.998738	0.001259	0.901123	-0.001259	0.998738	3.359070	
139	1.000089	-0.000202	0.106689	0.000202	1.000089	-0.376465	
140	0.999646	-0.000690	1.286011	0.000690	0.999646	-0.697327	
141	0.997272	0.005770	-0.468994	-0.005770	0.997272	12.531311	
142	1.001804	-0.005711	2.328247	0.005711	1.001804	-11.403748	
143	0.995677	0.001859	5.659668	-0.001859	0.995677	7.184509	
144	0.999587	0.000411	0.457275	-0.000411	0.999587	1.060791	
145	0.999919	-0.000088	0.593628	0.000088	0.999919	-0.204834	
146	0.999924	0.000047	0.225464	-0.000047	0.999924	-0.027344	
147	0.999864	0.000035	0.216187	-0.000035	0.999864	0.148804	
148	0.999919	-0.000161	0.427124	0.000161	0.999919	-0.299805	
149	1.000065	-0.000195	0.113770	0.000195	1.000065	-0.503967	
150	1.000321	0.000349	-0.911865	-0.000349	1.000321	0.238220	
151	1.000276	0.000093	-0.623169	-0.000093	1.000276	-0.237549	
152	0.999323	0.001512	-0.268677	-0.001512	0.999323	3.022522	
153	1.000392	0.000018	-0.821777	-0.000018	1.000392	-0.485474	
154	1.000392	0.000018	-0.821777	-0.000018	1.000392	-0.485474	
155	0.999931	0.000297	-0.103149	-0.000297	0.999931	0.452026	
156	1.000121	-0.000092	-0.029541	0.000092	1.000121	-0.477539	
157	1.000321	0.000042	-0.542603	-0.000042	1.000321	-0.315430	
158	0.998399	0.000469	2.258301	-0.000469	0.998399	2.189758	
159	1.001100	-0.000228	-1.626343	0.000228	1.001100	-1.599487	
160	1.000149	-0.000215	0.046753	0.000215	1.000149	-0.651428	
161	1.000180	-0.000314	-0.063354	0.000314	1.000180	-0.989075	
162	1.000585	-0.000293	-0.760376	0.000293	1.000585	-1.364990	
163	1.000491	-0.000390	-0.432983	0.000390	1.000491	-1.386047	
164	1.000491	-0.000390	-0.432983	0.000390	1.000491	-1.386047	
165	1.000810	-0.000628	-0.647583	0.000628	1.000810	-1.959351	
166	1.000054	-0.000647	0.648682	0.000647	1.000054	-1.384827	
167	1.000987	0.001184	-2.693848	-0.001184	1.000987	0.957703	
168	1.000850	-0.001141	-0.260620	0.001141	1.000850	-2.812744	
169	1.001107	-0.001101	-0.768188	0.001101	1.001107	-2.942200	
170	1.000129	-0.000155	0.000854	0.000155	1.000129	-0.390076	
171	1.001362	-0.002677	0.471191	0.002677	1.001362	-5.600769	
172	1.000388	-0.001646	0.950684	0.001646	1.000388	-3.111877	
173	0.999912	0.000193	5.390381	-0.000193	0.999912	-0.698730	
174	0.997467	-0.001956	6.102173	0.001956	0.997467	-0.956360	
175	0.999414	-0.004465	5.210205	0.004465	0.999414	-7.014893	
176	0.999888	0.000127	8.130371	-0.000127	0.999888	0.870605	
177	0.995190	0.000969	7.204224	-0.000969	0.995190	6.259888	
178	0.999959	0.000490	9.066284	-0.000490	0.999959	2.025330	
179	0.999959	0.000490	9.066284	-0.000490	0.999959	2.025330	
180	0.998233	0.000566	2.427246	-0.000566	0.998233	2.659302	
181	0.999942	-0.000147	3.025635	0.000147	0.999942	0.633545	
182	0.999546	-0.001688	2.793823	0.001688	0.999546	-1.883362	
183	0.999731	-0.000204	0.693359	0.000204	0.999731	0.271362	
184	1.000043	0.000107	-0.254150	-0.000107	1.000043	0.250854	
185	0.999557	0.001825	-1.122559	-0.001825	0.999557	3.347839	
186	1.000232	0.000187	-2.323120	-0.000187	1.000232	0.289062	
187	1.000151	-0.000231	-2.937134	0.000231	1.000151	0.467651	
188	1.000105	-0.000119	-3.042969	0.000119	1.000105	1.058533	
189	1.000105	-0.000119	-3.042969	0.000119	1.000105	1.058533	
190	1.001027	0.001267	-2.886230	-0.001267	1.001027	1.141479	
191	1.004649	0.003459	-11.208374	-0.003459	1.004649	1.569153	
192	0.999869	-0.000287	-2.662476	0.000287	0.999869	2.337036	
193	1.001285	0.002395	-4.478149	-0.002395	1.001285	3.094788	
194	0.999415	-0.000321	1.234009	0.000321	0.999415	0.135376	
195	1.000739	0.000389	-1.585571	-0.000389	1.000739	0.133362	
196	0.999963	0.000263	-0.322754	-0.000263	0.999963	0.939880	
197	1.000671	0.000172	-1.312744	-0.000172	1.000671	-0.245911	
198	1.000130	0.000435	-0.901611	-0.000435	1.000130	0.809448	
199	1.000341	0.002914	-3.426147	-0.002914	1.000341	4.810974	
200	0.999857	0.000284	-0.104736	-0.000284	0.999857	0.764709	
201	1.000295	0.000049	-1.606323	-0.000049	1.000295	0.784607	
202	1.001091	0.000042	-2.238525	-0.000042	1.001091	-0.520386	
203	0.999713	0.000374	0.225464	-0.000374	0.999713	1.176270	
204	0.999275	0.000493	0.842529	-0.000493	0.999275	1.548096	
205	1.000006	-0.000163	0.465698	0.000163	1.000006	-0.199707	
206	1.000037	-0.000764	0.910400	0.000764	1.000037	-1.129272	
207	0.999650	-0.000356	1.254150	0.000356	0.999650	-0.265259	
208	0.999683	-0.001662	2.194824	0.001662	0.999683	-2.471252	
209	1.000109	0.000305	8.741577	-0.000305	1.000109	-0.631714	
210	1.000411	-0.000154	-0.435181	0.000154	1.000411	-0.598755	
211	0.999709	-0.000186	10.813110	0.000186	0.999709	-0.129700	
212	0.999709	-0.000186	10.813110	0.000186	0.999709	-0.129700	
213	0.999028	-0.000464	22.389343	0.000464	0.999028	0.161621	
214	0.999028	-0.000464	22.389343	0.000464	0.999028	0.161621	
215	0.999028	-0.000464	22.389343	0.000464	0.999028	0.161621	
216	0.998736	0.000550	16.443848	-0.000550	0.998736	1.471436	
217	1.000034	-0.000422	0.430908	0.000422	1.000034	-0.670898	
218	0.999388	0.000776	9.896973	-0.000776	0.999388	1.364380	
219	0.999388	0.000776	9.896973	-0.000776	0.999388	1.364380	
220	1.000339	-0.001025	5.103271	0.001025	1.000339	-1.986877	
221	0.999660	-0.000575	4.128418	0.000575	0.999660	-0.899170	
222	0.997264	-0.000074	4.968018	0.000074	0.997264	2.275879	
223	0.999963	0.000030	5.020386	-0.000030	0.999963	-0.272278	
224	0.999958	-0.000149	16.031982	0.000149	0.999958	-0.636719	
225	0.999622	-0.000282	0.973267	0.000282	0.999622	-0.110229	
226	1.000013	-0.000260	9.428711	0.000260	1.000013	-0.490906	
227	0.999991	-0.000090	10.137695	0.000090	0.999991	-0.327820	
228	1.000468	0.000643	10.649902	-0.000643	1.000468	0.365540	
229	1.001571	-0.000353	20.752563	0.000353	1.001571	-2.393738	
230	1.000530	0.000404	12.570923	-0.000404	1.000530	-0.433777	
231	1.000401	-0.000061	13.234619	0.000061	1.000401	-0.583435	
232	0.999943	-0.000262	12.292603	0.000262	0.999943	-0.504822	
233	0.999894	-0.000308	11.945435	0.000308	0.999894	-0.389648	
234	0.999798	-0.000279	21.150024	0.000279	0.999798	-0.847351	
235	1.000092	-0.000150	10.316528	0.000150	1.000092	-0.239929	
236	1.000002	-0.000085	11.426453	0.000085	1.000002	-0.378906	
237	1.000067	0.000172	13.196167	-0.000172	1.000067	-0.178040	
238	1.000070	-0.000046	11.050903	0.000046	1.000070	-1.250366	
239	1.000271	0.000014	10.841431	-0.000014	1.000271	-1.248474	
240	0.999986	-0.000182	22.352661	0.000182	0.999986	-1.654480	
241	0.999909	-0.000043	12.169983	0.000043	0.999909	-0.722046	
242	1.000848	0.000161	-1.433105	-0.000161	1.000848	-0.732300	
243	0.999179	-0.001455	13.360107	0.001455	0.999179	-1.123657	
244	1.000182	-0.000141	11.013184	0.000141	1.000182	-1.286316	
245	1.000127	-0.000326	21.990417	0.000326	1.000127	-1.501221	
246	1.000441	-0.000107	9.879883	0.000107	1.000441	-1.311401	
247	1.000691	0.000262	10.950073	-0.000262	1.000691	-0.876160	
248	0.999896	-0.000083	11.232422	0.000083	0.999896	-1.028870	
249	1.000111	-0.000110	10.509094	0.000110	1.000111	-0.926270	
250	1.000111	-0.000110	10.509094	0.000110	1.000111	-0.926270	
251	0.999840	-0.000300	4.587524	0.000300	0.999840	-0.922791	
252	0.998137	-0.000866	4.104675	0.000866	0.998137	0.184265	
253	0.997339	-0.000556	5.209839	0.000556	0.997339	1.256775	
254	0.999183	-0.000743	2.163635	0.000743	0.999183	-0.513428	
255	1.000039	-0.000337	0.178955	0.000337	1.000039	-0.777771	
256	1.002734	0.000110	-4.878784	-0.000110	1.002734	-2.459534	
257	1.001568	-0.000108	-3.010376	0.000108	1.001568	-1.691406	
258	0.999689	0.000316	-3.182983	-0.000316	0.999689	-0.500488	
259	1.000107	-0.000131	-2.307190	0.000131	1.000107	-1.058594	
260	1.000107	-0.000131	-2.307190	0.000131	1.000107	-1.058594	
261	1.000278	0.000243	-9.542236	-0.000243	1.000278	-2.690247	
262	1.000238	0.000442	-7.162109	-0.000442	1.000238	-2.304199	
263	1.002674	-0.000346	-4.236206	0.000346	1.002674	-3.200684	
264	1.002674	-0.000346	-4.236206	0.000346	1.002674	-3.200684	
265	1.002674	-0.000346	-4.236206	0.000346	1.002674	-3.200684	
266	0.996567	0.000817	4.995605	-0.000817	0.996567	4.457031	
267	1.001995	-0.002766	-0.946411	0.002766	1.001995	-6.684998	
268	0.999843	-0.000245	0.451538	0.000245	0.999843	-0.355225	
269	0.993513	-0.000088	1.032166	0.000088	0.993513	3.848083	
270	0.993513	-0.000088	1.032166	0.000088	0.993513	3.848083	
271	1.005402	0.000007	-8.592773	-0.000007	1.005402	-5.315369	
272	1.005402	0.000007	-8.592773	-0.000007	1.005402	-5.315369	
273	1.005402	0.000007	-8.592773	-0.000007	1.005402	-5.315369	
274	1.000315	0.000060	-0.591309	-0.000060	1.000315	-0.280884	
275	1.000315	0.000060	-0.591309	-0.000060	1.000315	-0.280884	
276	1.000073	-0.000134	-0.054932	0.000134	1.000073	-0.317627	
277	1.000526	0.000269	-1.065308	-0.000269	1.000526	-0.071472	
278	0.999795	-0.000122	2.239014	0.000122	0.999795	0.036743	
279	0.999679	0.000264	4.306519	-0.000264	0.999679	0.617004	
280	1.000023	-0.000012	0.034302	0.000012	1.000023	0.002319	
281	0.999187	0.000385	0.848999	-0.000385	0.999187	1.368164	
282	0.999927	-0.000069	0.133667	0.000069	0.999927	-0.120483	
283	0.997913	-0.000125	3.474731	0.000125	0.997913	1.647827	
284	0.998387	0.003264	-0.489990	-0.003264	0.998387	6.892090	
285	0.999288	-0.000064	1.049805	0.000064	0.999288	0.471008	
286	0.999766	0.000054	0.137695	-0.000054	0.999766	0.256042	
287	0.999951	0.000087	0.031372	-0.000087	0.999951	0.191467	
288	0.999899	-0.000046	0.070312	0.000046	0.999899	0.027649	
289	0.999972	0.000097	-0.250000	-0.000097	0.999972	0.163635	
290	0.999177	-0.000157	1.659180	0.000157	0.999177	0.567749	
291	1.000153	0.000048	4.572388	-0.000048	1.000153	-0.578674	
292	0.999932	-0.000242	0.406860	0.000242	0.999932	-0.347839	
293	0.999761	0.000080	11.639038	-0.000080	0.999761	-0.252319	
294	0.999761	0.000080	11.639038	-0.000080	0.999761	-0.252319	
295	0.999761	0.000080	11.639038	-0.000080	0.999761	-0.252319	
296	0.999694	-0.000069	13.666382	0.000069	0.999694	-0.059875	
297	1.000169	-0.000217	-0.039429	0.000217	1.000169	-0.584961	
298	1.000296	-0.000013	-0.438721	0.000013	1.000296	-0.358704	
299	0.999904	-0.000218	9.002441	0.000218	0.999904	-1.006287	
300	0.999334	-0.000274	15.596497	0.000274	0.999334	-2.898315	
301	0.999944	-0.000217	6.974548	0.000217	0.999944	-2.386841	
302	0.999752	-0.000123	6.274780	0.000123	0.999752	-2.661804	
303	1.000021	-0.000044	4.508545	0.000044	1.000021	-3.251953	
304	0.999977	0.000330	3.813538	-0.000330	0.999977	-3.492554	
305	0.999127	-0.002992	4.192139	0.002992	0.999127	-4.417969	
306	0.997871	-0.003813	7.128052	0.003813	0.997871	-4.654785	
307	0.998765	-0.003805	5.539307	0.003805	0.998765	-5.437500	
308	1.000065	-0.000201	1.203857	0.000201	1.000065	-3.458069	
309	1.000208	-0.001404	0.943726	0.001404	1.000208	-2.629272	
310	1.000823	-0.001540	0.046021	0.001540	1.000823	-3.422607	
311	1.000427	-0.000216	-0.651855	0.000216	1.000427	-0.928650	
312	1.000371	-0.000098	-0.550171	0.000098	1.000371	-0.577209	
313	1.000048	0.000346	-0.432983	-0.000346	1.000048	0.477844	
314	1.000013	0.000516	-0.532959	-0.000516	1.000013	0.805725	
315	1.000180	0.001539	-1.754028	-0.001539	1.000180	2.375916	
316	1.000588	0.000452	-1.488525	-0.000452	1.000588	0.351562	
317	1.000523	0.000348	-1.410767	-0.000348	1.000523	0.166992	
318	1.000610	0.000579	-1.630127	-0.000579	1.000610	0.548523	
319	1.000328	0.000490	-1.279541	-0.000490	1.000328	0.667358	
320	1.000543	0.001825	-2.619507	-0.001825	1.000543	2.638062	
321	0.999596	0.004386	-3.280640	-0.004386	0.999596	7.887451	
322	0.997574	0.003830	0.659546	-0.003830	0.997574	8.805176	
323	1.000077	-0.000212	-1.809143	0.000212	1.000077	3.745667	
324	0.999936	0.002894	-2.494263	-0.002894	0.999936	5.125610	
325	0.999695	-0.000159	0.654297	0.000159	0.999695	0.086487	
326	0.999915	-0.000260	-1.809082	0.000260	0.999915	2.393188	
327	1.004012	0.003621	-10.188721	-0.003621	1.004012	2.791016	
328	0.999945	0.000140	-1.659607	-0.000140	0.999945	1.760315	
329	0.999691	0.000369	-1.471313	-0.000369	0.999691	2.236755	
330	0.999251	0.000200	-3.356323	-0.000200	0.999251	2.411926	
331	0.996663	0.000226	0.751343	-0.000226	0.996663	2.425354	
332	0.996000	0.000103	0.062134	-0.000103	0.996000	2.449646	
333	0.998134	-0.000137	-1.294861	0.000137	0.998134	1.043945	
334	0.998560	0.000156	-1.465759	-0.000156	0.998560	0.791504	
335	0.993876	0.000758	1.771179	-0.000758	0.993876	3.362854	
336	0.996808	-0.000186	2.146729	0.000186	0.996808	1.131042	
337	0.996505	0.000603	1.912842	-0.000603	0.996505	1.501648	
338	0.998647	0.000112	0.723206	-0.000112	0.998647	-0.149353	
339	0.999464	-0.000090	0.175110	0.000090	0.999464	-0.720581	
340	1.000210	-0.002979	2.390991	0.002979	1.000210	-5.266846	
341	0.999822	0.000063	-0.085144	-0.000063	0.999822	-2.383789	
342	0.999895	0.000011	-0.135376	-0.000011	0.999895	-2.856262	
343	1.000677	-0.002058	0.740723	0.002058	1.000677	-4.147339	
344	0.999823	-0.000219	0.506104	0.000219	0.999823	-0.242920	
345	1.001419	-0.002719	0.130005	0.002719	1.001419	-5.871460	
346	1.000988	-0.001109	-0.595825	0.001109	1.000988	-2.839478	
347	1.000025	-0.000770	0.710938	0.000770	1.000025	-1.535156	
348	1.000032	-0.000516	0.453491	0.000516	1.000032	-1.207947	
349	0.999960	-0.000326	0.461792	0.000326	0.999960	-0.767944	
350	1.000319	-0.000780	0.153809	0.000780	1.000319	-1.838013	
351	0.999295	-0.000169	1.084473	0.000169	0.999295	0.024170	
352	0.999007	-0.000243	1.756470	0.000243	0.999007	0.162720	
353	0.998870	-0.000231	1.973877	0.000231	0.998870	0.536133	
354	0.999029	-0.000098	1.549316	0.000098	0.999029	0.565186	
355	0.998874	0.000188	1.612183	-0.000188	0.998874	1.244995	
356	0.998244	0.000024	1.674011	-0.000024	0.998244	0.888367	
357	0.998644	-0.000028	1.488281	0.000028	0.998644	0.716248	
358	0.999035	-0.000090	1.557861	0.000090	0.999035	0.639343	
359	0.998728	0.000057	1.952026	-0.000057	0.998728	1.203247	
360	0.998872	-0.000028	1.714111	0.000028	0.998872	0.752502	
361	0.999402	-0.000156	1.142090	0.000156	0.999402	0.207336	
362	0.999703	-0.000119	0.615112	0.000119	0.999703	0.025208	
363	0.999661	-0.000105	0.694214	0.000105	0.999661	0.028503	
364	0.999751	-0.000155	0.572998	0.000155	0.999751	-0.177856	
365	0.999751	-0.000155	0.572998	0.000155	0.999751	-0.177856	
366	0.998392	-0.000722	3.356812	0.000722	0.998392	0.232849	
367	1.000009	-0.000026	2.324341	0.000026	1.000009	-0.869751	
368	0.998448	-0.001255	3.765381	0.001255	0.998448	-0.689148	
369	0.996356	-0.000842	6.921631	0.000842	0.996356	1.843628	
370	0.999869	0.000005	4.984619	-0.000005	0.999869	-0.152802	
371	0.999669	-0.000029	0.708740	0.000029	0.999669	0.306885	
372	0.999792	0.000056	0.296753	-0.000056	0.999792	0.425415	
373	1.000194	0.000111	-0.661377	-0.000111	1.000194	0.162720	
374	1.000271	0.000177	-0.789062	-0.000177	1.000271	0.082336	
375	1.000025	-0.000098	-2.732178	0.000098	1.000025	0.207733	
376	1.000424	0.000257	-1.402710	-0.000257	1.000424	-0.023254	
377	0.999890	-0.000019	-1.299683	0.000019	0.999890	-0.269104	
378	1.000323	0.000102	-1.074463	-0.000102	1.000323	-0.199585	
379	1.000586	0.000131	-1.332642	-0.000131	1.000586	-0.310364	
380	1.002006	0.000311	-3.691162	-0.000311	1.002006	-1.329102	
381	0.999947	-0.000069	-2.644226	0.000069	0.999947	-0.055115	
382	1.000024	0.000012	-3.421143	-0.000012	1.000024	0.081299	
383	1.000197	-0.000028	-4.212158	0.000028	1.000197	-0.075378	
384	0.999928	0.000213	-4.507874	-0.000213	0.999928	0.095459	
385	1.000070	0.000274	-9.539917	-0.000274	1.000070	0.024231	
386	1.002200	0.001019	-4.608765	-0.001019	1.002200	-0.322693	
387	1.000056	0.000035	-3.477478	-0.000035	1.000056	-0.163879	
388	1.000165	-0.000028	-2.710754	0.000028	1.000165	-0.518982	
389	0.999964	-0.000110	-2.000427	0.000110	0.999964	-0.637024	
390	1.000072	0.000094	-3.395081	-0.000094	1.000072	-0.688049	
391	1.001280	0.000302	-2.565918	-0.000302	1.001280	-0.686279	
392	1.000092	0.000029	-2.644714	-0.000029	1.000092	-0.387512	
393	1.000017	0.000067	-2.345398	-0.000067	1.000017	-0.104919	
394	0.999965	0.000029	-2.849243	-0.000029	0.999965	-0.178162	
395	0.999942	-0.000179	-5.230774	0.000179	0.999942	-0.932068	
396	0.999995	-0.000236	-2.614136	0.000236	0.999995	-0.800293	
397	0.999873	-0.000335	-2.413086	0.000335	0.999873	-1.281860	
398	1.001789	-0.000411	-2.655273	0.000411	1.001789	-2.345398	
399	1.000091	0.000001	-2.610046	-0.000001	1.000091	-0.914124	
400	1.003541	-0.001047	-5.025635	0.001047	1.003541	-5.033142	
401	1.000711	0.000047	-1.454224	-0.000047	1.000711	-0.672119	
402	1.000770	0.000035	-1.416016	-0.000035	1.000770	-0.682739	
403	1.000325	0.000113	-1.051758	-0.000113	1.000325	-0.176880	
404	1.000290	0.000011	-0.697876	-0.000011	1.000290	-0.397888	
405	1.000157	0.000183	-0.627319	-0.000183	1.000157	0.097473	
406	1.000344	0.000444	-1.272949	-0.000444	1.000344	0.374390	
407	1.000111	0.000099	-0.389771	-0.000099	1.000111	-0.032715	
408	1.000032	-0.000002	-0.081299	0.000002	1.000032	-0.025879	
409	1.000006	-0.000024	-0.022827	0.000024	1.000006	-0.070679	
410	1.000029	-0.000124	0.108398	0.000124	1.000029	-0.299133	
411	1.000112	-0.000002	-0.215088	0.000002	1.000112	-0.145752	
412	1.000051	0.000052	-0.180176	-0.000052	1.000051	0.005127	
413	1.000030	-0.000029	-0.094971	0.000029	1.000030	-0.165710	
414	1.000037	-0.000036	-0.105347	0.000036	1.000037	-0.174072	
415	1.000021	0.000085	-0.123535	-0.000085	1.000021	0.151489	
416	1.000021	0.000085	-0.123535	-0.000085	1.000021	0.151489	
417	0.999967	0.000055	0.008301	-0.000055	0.999967	0.093079	
418	0.999944	-0.000010	0.088135	0.000010	0.999944	0.000000	
419	0.999993	0.000020	-0.059082	-0.000020	0.999993	0.036499	
420	0.999999	-0.000010	-0.050171	0.000010	0.999999	-0.040833	
421	1.000048	-0.000007	-0.147095	0.000007	1.000048	-0.063904	
422	1.000024	0.000008	-0.051025	-0.000008	1.000024	0.029968	
423	1.000008	-0.000081	0.085083	0.000081	1.000008	-0.180115	
424	0.999960	-0.000047	0.219238	0.000047	0.999960	-0.152283	
425	0.999930	-0.000092	0.238525	0.000092	0.999930	-0.100464	
426	0.999982	-0.000029	0.148071	0.000029	0.999982	0.119873	
427	0.999973	-0.000040	0.085449	0.000040	0.999973	-0.000732	
428	0.999968	-0.000111	0.186890	0.000111	0.999968	-0.138611	
429	0.999941	-0.000076	0.233887	0.000076	0.999941	-0.140747	
430	0.999912	0.000154	0.003418	-0.000154	0.999912	0.641724	
431	0.999912	0.000154	0.003418	-0.000154	0.999912	0.641724	
432	0.992744	-0.002183	14.374878	0.002183	0.992744	2.742188	
433	1.000046	-0.000140	0.059937	0.000140	1.000046	-0.264099	
434	0.999725	-0.000108	0.564453	0.000108	0.999725	0.095093	
435	0.998633	0.001043	1.337646	-0.001043	0.998633	3.060486	
436	1.001372	0.003522	-5.500977	-0.003522	1.001372	4.797180	
437	1.002328	0.000978	-4.736572	-0.000978	1.002328	-0.443176	
438	1.007460	-0.000049	-7.144348	0.000049	1.007460	-3.998169	
439	1.007340	0.000020	-7.360535	-0.000020	1.007340	-4.613220	
440	1.001337	0.000507	-2.647827	-0.000507	1.001337	-0.284973	
441	0.999660	-0.000204	0.778442	0.000204	0.999660	0.053162	
442	1.004712	0.000089	-4.247681	-0.000089	1.004712	-2.206055	
443	0.999177	0.001025	0.474365	-0.001025	0.999177	2.610413	
444	1.000850	0.000248	-1.530273	-0.000248	1.000850	-0.308411	
445	1.000678	0.000631	-1.669067	-0.000631	1.000678	0.580444	
446	1.000800	0.000969	-2.196167	-0.000969	1.000800	1.025513	
447	1.000541	0.001585	-2.346558	-0.001585	1.000541	2.212097	
448	1.001208	0.000672	-2.563965	-0.000672	1.001208	0.173950	
449	1.003150	-0.000007	-2.834839	0.000007	1.003150	-0.846863	
450	1.003542	0.000066	-3.145508	-0.000066	1.003542	-1.281921	
451	1.003920	-0.000030	-3.490356	0.000030	1.003920	-0.209229	
452	1.002833	-0.000079	-2.619385	0.000079	1.002833	-0.302368	
453	1.002052	0.000160	-1.985962	-0.000160	1.002052	0.533875	
454	1.000496	0.001575	-2.183594	-0.001575	1.000496	2.546692	
455	1.000475	0.001641	-2.228088	-0.001641	1.000475	2.791260	
456	1.001605	-0.000148	-1.411743	0.000148	1.001605	3.343384	
457	0.999974	0.000794	-0.686401	-0.000794	0.999974	1.528320	
458	0.999964	0.001236	-1.076050	-0.001236	0.999964	2.368469	
459	1.000159	0.000343	-0.741699	-0.000343	1.000159	0.929016	
460	0.999994	0.000192	-0.212036	-0.000192	0.999994	0.765137	
461	0.999950	0.000391	-0.273071	-0.000391	0.999950	1.009521	
462	1.000140	0.000046	-0.347412	-0.000046	1.000140	-0.011475	
463	1.000058	0.000066	-0.223267	-0.000066	1.000058	-0.032227	
464	1.000073	-0.000071	-0.097290	0.000071	1.000073	-0.354980	
465	1.000146	-0.000025	-0.382202	0.000025	1.000146	-0.374390	
466	1.000420	-0.000273	-0.605103	0.000273	1.000420	-1.234680	
467	1.000589	-0.000246	-0.813232	0.000246	1.000589	-1.170837	
468	1.000087	-0.000252	0.093018	0.000252	1.000087	-0.776306	
469	1.000119	-0.000265	0.038696	0.000265	1.000119	-0.942200	
470	1.000098	-0.000252	0.090698	0.000252	1.000098	-0.817261	
471	0.999704	-0.000191	0.728882	0.000191	0.999704	-0.362000	
472	1.000092	0.000009	-0.199341	-0.000009	1.000092	-0.025757	
473	1.000102	-0.000087	-0.114868	0.000087	1.000102	-0.307678	
474	1.000020	-0.000130	0.144653	0.000130	1.000020	-0.267456	
475	1.000002	-0.000062	0.083618	0.000062	1.000002	-0.217224	
476	0.999989	-0.000046	0.090454	0.000046	0.999989	-0.236206	
477	1.000072	-0.000054	-0.140503	0.000054	1.000072	-0.249939	
478	1.000142	-0.000188	-0.173828	0.000188	1.000142	-0.661499	
479	1.000272	-0.000251	-0.331421	0.000251	1.000272	-0.987305	
480	1.000190	-0.000186	-0.227295	0.000186	1.000190	-0.742554	
481	1.000393	-0.000269	-0.565918	0.000269	1.000393	-1.246399	
482	1.000157	-0.000084	-0.218994	0.000084	1.000157	-0.578552	
483	1.000048	-0.000303	0.205688	0.000303	1.000048	-0.900391	
484	1.000092	-0.000249	0.118530	0.000249	1.000092	-0.864807	
485	1.000075	-0.000316	0.222290	0.000316	1.000075	-0.942749	
486	0.999998	-0.000702	0.681519	0.000702	0.999998	-1.342896	
487	1.000098	-0.000143	0.023560	0.000143	1.000098	-0.628540	
488	0.999928	-0.000331	0.566772	0.000331	0.999928	-0.871094	
489	1.000058	-0.000222	0.101807	0.000222	1.000058	-0.803955	
490	0.999865	-0.000472	0.739136	0.000472	0.999865	-0.887024	
491	1.000273	-0.000873	0.226318	0.000873	1.000273	-2.510681	
492	1.000089	-0.000382	0.226929	0.000382	1.000089	-1.247559	
493	0.999898	-0.000020	0.325195	0.000020	0.999898	-1.061951	
494	1.000126	-0.000336	0.039307	0.000336	1.000126	-1.128601	
495	1.000250	-0.000483	0.072510	0.000483	1.000250	-1.362610	
496	1.000337	-0.000769	0.128174	0.000769	1.000337	-1.781860	
497	1.000112	-0.000120	-0.082520	0.000120	1.000112	-0.471741	
498	1.000189	-0.000138	-0.176880	0.000138	1.000189	-0.623718	
499	1.000070	-0.000104	-0.041016	0.000104	1.000070	-0.227112	
500	0.999970	-0.000102	0.236938	0.000102	0.999970	-0.263855	
501	0.999954	-0.000228	0.355957	0.000228	0.999954	-0.546265	
502	0.999977	0.000035	0.047852	-0.000035	0.999977	-0.032654	
503	1.000040	-0.000111	0.080200	0.000111	1.000040	-0.358276	
504	1.000062	-0.000090	-0.015259	0.000090	1.000062	-0.296875	
505	0.999406	0.000877	0.247681	-0.000877	0.999406	1.899597	
506	1.000128	-0.000270	0.067627	0.000270	1.000128	-0.878906	
507	1.000043	-0.000218	0.143311	0.000218	1.000043	-0.633789	
508	1.000126	-0.000271	0.011963	0.000271	1.000126	-0.916626	
509	1.000111	-0.000262	0.105835	0.000262	1.000111	-0.894104	
510	1.000176	-0.000318	-0.040405	0.000318	1.000176	-1.106506	
511	1.000408	-0.000826	0.081421	0.000826	1.000408	-2.076294	
512	1.000307	-0.000321	-0.290649	0.000321	1.000307	-1.261353	
513	1.000236	-0.000220	-0.237671	0.000220	1.000236	-0.950867	
514	1.000221	-0.000199	-0.217651	0.000199	1.000221	-0.851440	
515	1.000232	-0.000284	-0.167358	0.000284	1.000232	-0.892090	
516	1.001036	0.000194	-1.881470	-0.000194	1.001036	-0.771057	
517	1.000036	-0.000073	-0.044556	0.000073	1.000036	-0.177856	
518	1.000013	-0.000039	0.039673	0.000039	1.000013	-0.185547	
519	1.000036	-0.000094	0.089355	0.000094	1.000036	-0.307495	
520	0.999978	0.000009	0.098145	-0.000009	0.999978	-0.025879	
521	0.999978	0.000009	0.098145	-0.000009	0.999978	-0.025879	
522	1.000153	0.000039	-0.407349	-0.000039	1.000153	0.076355	
523	1.000000	-0.000114	0.246948	0.000114	1.000000	-0.343750	
524	1.000078	-0.000093	0.017700	0.000093	1.000078	-0.436340	
525	0.999985	-0.000112	0.234131	0.000112	0.999985	-0.372314	
526	0.999439	-0.001864	2.687744	0.001864	0.999439	-2.690857	
527	1.000067	-0.000476	0.501465	0.000476	1.000067	-1.383240	
528	0.999849	-0.000834	1.170776	0.000834	0.999849	-1.690674	
529	1.000007	-0.000660	0.779419	0.000660	1.000007	-1.653564	
530	0.999790	-0.000665	1.133911	0.000665	0.999790	-1.384521	
531	0.999419	-0.001674	2.534180	0.001674	0.999419	-2.419373	
532	0.999921	-0.000326	0.692017	0.000326	0.999921	-0.691895	
533	0.999172	-0.000359	1.860107	0.000359	0.999172	0.079407	
534	1.000698	-0.003284	1.979248	0.003284	1.000698	-6.269348	
535	0.998668	-0.000663	2.881470	0.000663	0.998668	0.057434	
536	1.000124	-0.000063	7.416870	0.000063	1.000124	0.025757	
537	0.999876	-0.000005	3.412354	0.000005	0.999876	0.322693	
538	1.000027	-0.000043	2.576111	0.000043	1.000027	0.073730	
539	0.996647	-0.000103	5.781128	0.000103	0.996647	2.878235	
540	0.998559	0.000406	2.123779	-0.000406	0.998559	2.099121	
541	0.996987	0.000995	4.189453	-0.000995	0.996987	4.464111	
542	0.999787	0.000005	0.417236	-0.000005	0.999787	0.260803	
543	0.999942	0.000118	-0.024536	-0.000118	0.999942	0.377869	
544	0.999808	0.000101	0.348633	-0.000101	0.999808	0.398804	
545	1.000144	0.000148	-0.449829	-0.000148	1.000144	0.216003	
546	0.998431	0.000495	2.083130	-0.000495	0.998431	2.384827	
547	1.000237	0.000243	-0.809570	-0.000243	1.000237	0.277832	
548	1.002469	0.000301	-4.426636	-0.000301	1.002469	-1.642395	
549	1.001590	0.000618	-3.275757	-0.000618	1.001590	-0.349182	
550	0.997799	-0.001570	5.117432	0.001570	0.997799	-0.479797	
551	0.999996	-0.000083	0.052002	0.000083	0.999996	-0.061096	
552	0.999844	-0.000275	0.475464	0.000275	0.999844	-0.412170	
553	0.999553	0.000662	0.133545	-0.000662	0.999553	1.445190	
554	1.004216	0.003133	-10.060913	-0.003133	1.004216	1.550232	
555	1.002510	-0.000281	-3.930786	0.000281	1.002510	-2.845154	
556	1.002510	-0.000281	-3.930786	0.000281	1.002510	-2.845154	
557	1.000766	0.000655	-16.212158	-0.000655	1.000766	8.017212	
558	1.000464	0.000784	-20.182739	-0.000784	1.000464	9.322205	
559	1.000004	0.000576	-18.289429	-0.000576	1.000004	9.922852	
560	1.000266	-0.000067	-11.508362	0.000067	1.000266	8.803528	
561	1.001914	-0.000215	-22.431824	0.000215	1.001914	11.323914	
562	0.998973	0.000024	-6.471619	-0.000024	0.998973	4.370239	
563	0.999931	-0.000336	-5.079468	0.000336	0.999931	2.440002	
564	1.000328	-0.000058	-4.249451	0.000058	1.000328	1.705261	
565	1.000030	-0.000103	-3.003662	0.000103	1.000030	0.782532	
566	0.999947	-0.000278	-5.029053	0.000278	0.999947	0.575928	
567	1.001312	-0.000093	-2.213135	0.000093	1.001312	-1.403137	
568	1.000068	-0.000015	-1.910156	0.000015	1.000068	-0.552917	
569	1.000985	-0.000084	-1.857422	0.000084	1.000985	-1.173401	
570	1.001170	-0.000108	-2.030212	0.000108	1.001170	-1.317444	
571	1.000245	-0.000019	-1.568176	0.000019	1.000245	-0.689148	
572	1.000344	-0.000161	-1.412964	0.000161	1.000344	-1.415527	
573	1.000143	-0.000303	0.199951	0.000303	1.000143	-0.760376	
574	0.999798	-0.000129	0.836792	0.000129	0.999798	-0.111328	
575	0.999419	-0.000142	1.281372	0.000142	0.999419	0.267273	
576	0.999602	-0.000135	1.066650	0.000135	0.999602	0.100769	
577	0.999067	-0.000846	2.467407	0.000846	0.999067	-0.654724	
578	0.999648	-0.000214	1.020630	0.000214	0.999648	-0.195740	
579	0.999678	-0.000913	1.656982	0.000913	0.999678	-1.457031	
580	1.000948	-0.000967	-0.409302	0.000967	1.000948	-2.703491	
581	0.999867	-0.000450	0.933228	0.000450	0.999867	-1.123108	
582	0.999979	-0.000003	1.205444	0.000003	0.999979	-2.045166	
583	1.001297	-0.000998	-1.164429	0.000998	1.001297	-3.027100	
584	0.999883	-0.001085	1.258789	0.001085	0.999883	-1.809265	
585	0.999519	-0.000157	1.779419	0.000157	0.999519	-1.668579	
586	0.999979	-0.000029	1.068420	0.000029	0.999979	-2.131470	
587	0.999031	-0.000364	3.790405	0.000364	0.999031	-6.982910	
588	0.999877	-0.000067	1.082764	0.000067	0.999877	-5.199097	
589	0.999979	-0.000087	1.124634	0.000087	0.999979	-6.128174	
590	1.000018	0.000002	1.302917	-0.000002	1.000018	-5.998901	
591	1.000015	0.000045	1.098022	-0.000045	1.000015	-5.034302	
592	1.000740	-0.004678	2.970093	0.004678	1.000740	-8.605347	
593	1.000191	-0.000092	0.273499	0.000092	1.000191	-2.317017	
594	0.999734	-0.000969	1.373047	0.000969	0.999734	-1.425049	
595	1.000111	-0.000482	0.365967	0.000482	1.000111	-1.195801	
596	1.000043	-0.000232	0.227661	0.000232	1.000043	-0.584839	
597	1.000164	-0.000016	-0.330811	0.000016	1.000164	-0.282837	
598	0.999957	0.000191	-0.160278	-0.000191	0.999957	0.495911	
599	1.000310	0.001699	-2.041748	-0.001699	1.000310	2.616577	
600	0.999922	0.000258	-0.101807	-0.000258	0.999922	0.716187	
601	0.999897	0.000316	-0.118652	-0.000316	0.999897	0.832520	
602	0.999819	-0.000104	0.388184	0.000104	0.999819	0.015137	
603	0.999614	0.001594	-0.800537	-0.001594	0.999614	3.065918	
604	0.999465	0.002429	-1.334351	-0.002429	0.999465	4.552612	
605	0.998688	0.002280	0.086792	-0.002280	0.998688	5.031372	
606	0.999929	-0.000068	0.312317	0.000068	0.999929	3.486572	
607	0.999239	0.000767	0.566406	-0.000767	0.999239	1.999451	
608	1.000528	0.002040	-2.746826	-0.002040	1.000528	2.967163	
609	1.001451	0.001855	-4.123657	-0.001855	1.001451	1.840393	
610	1.002172	0.002196	-5.712036	-0.002196	1.002172	1.797546	
611	1.000018	0.000228	-6.260498	-0.000228	1.000018	2.592468	
612	1.000018	0.000228	-6.260498	-0.000228	1.000018	2.592468	
613	0.999906	0.000184	-11.787537	-0.000184	0.999906	1.940979	
614	1.000455	0.000084	-0.857544	-0.000084	1.000455	-0.258667	
615	0.999915	0.003326	-2.832520	-0.003326	0.999915	5.794556	
616	1.000499	0.001733	-2.463501	-0.001733	1.000499	2.428589	
617	0.999721	-0.000044	0.480103	0.000044	0.999721	0.190369	
618	0.999256	-0.001133	2.261597	0.001133	0.999256	-1.197937	
619	1.001852	0.000974	-3.983398	-0.000974	1.001852	-0.078491	
620	1.000886	0.000093	-1.590576	-0.000093	1.000886	-0.662292	
621	1.001611	0.001104	-3.700562	-0.001104	1.001611	0.356384	
622	1.000100	-0.000022	-0.163818	0.000022	1.000100	-0.161621	
623	1.000723	-0.001893	0.550049	0.001893	1.000723	-3.798218	
624	1.002387	0.000798	-4.741943	-0.000798	1.002387	-0.886292	
625	1.002475	0.000540	-4.640991	-0.000540	1.002475	-1.371155	
626	0.999076	0.000001	1.514038	-0.000001	0.999076	0.848267	
627	0.999076	0.000001	1.514038	-0.000001	0.999076	0.848267	
628	0.999920	0.001976	-1.723877	-0.001976	0.999920	3.357910	
629	0.999982	0.000219	-3.815918	-0.000219	0.999982	0.272644	
630	0.999957	0.000122	-2.995361	-0.000122	0.999957	0.135803	
631	0.999854	0.000169	-1.999878	-0.000169	0.999854	0.237793	
632	1.001572	0.000072	-2.760742	-0.000072	1.001572	-1.356262	
633	1.000160	0.000210	-0.580688	-0.000210	1.000160	0.267700	
634	1.000001	0.000144	-0.116089	-0.000144	1.000001	0.236511	
635	0.999874	0.000091	0.325439	-0.000091	0.999874	0.296509	
636	1.000090	-0.000100	0.057861	0.000100	1.000090	-0.224854	
637	0.999924	-0.000074	0.298340	0.000074	0.999924	-0.025696	
638	0.999936	-0.000184	0.419067	0.000184	0.999936	-0.249084	
639	0.999894	-0.000070	0.452515	0.000070	0.999894	0.001953	
640	1.000149	-0.000641	0.506836	0.000641	1.000149	-1.243103	
641	0.999857	-0.000162	0.609863	0.000162	0.999857	-0.185181	
642	1.000223	-0.001192	0.960327	0.001192	1.000223	-2.155884	
643	0.999883	-0.000187	0.705811	0.000187	0.999883	-0.344055	
644	0.999880	-0.000235	0.877319	0.000235	0.999880	-0.298706	
645	0.999819	-0.000255	0.962891	0.000255	0.999819	-0.458923	
646	0.999807	-0.000283	0.994751	0.000283	0.999807	-0.468872	
647	1.000749	-0.001400	0.317261	0.001400	1.000749	-3.039612	
648	0.999878	-0.000144	0.539185	0.000144	0.999878	-0.266968	
649	0.999955	-0.000073	0.282104	0.000073	0.999955	-0.119873	
650	1.000019	-0.000182	0.270264	0.000182	1.000019	-0.426758	
651	0.999975	-0.000073	0.229370	0.000073	0.999975	-0.141052	
652	0.999934	-0.000396	0.708496	0.000396	0.999934	-0.843567	
653	0.999952	-0.000164	0.347534	0.000164	0.999952	-0.367310	
654	0.999929	-0.000136	0.378784	0.000136	0.999929	-0.293396	
655	0.999915	-0.000061	0.236694	0.000061	0.999915	-0.058533	
656	0.999952	-0.000169	0.250854	0.000169	0.999952	-0.272034	
657	0.999916	0.000038	0.152344	-0.000038	0.999916	0.114258	
658	0.999928	-0.000007	0.136597	0.000007	0.999928	0.096252	
659	1.000016	0.000083	-0.056274	-0.000083	1.000016	0.244568	
660	0.999873	-0.000068	0.334595	0.000068	0.999873	0.093567	
661	0.999919	-0.000113	0.208740	0.000113	0.999919	-0.016724	
662	0.999911	-0.000059	0.263184	0.000059	0.999911	-0.050720	
663	0.999982	-0.000020	0.023315	0.000020	0.999982	-0.048584	
664	0.999978	0.000024	0.009521	-0.000024	0.999978	0.049011	
665	1.000011	0.000012	-0.091431	-0.000012	1.000011	-0.009827	
666	0.999917	0.000059	0.056396	-0.000059	0.999917	0.156982	
667	1.000035	0.000075	-0.294189	-0.000075	1.000035	0.058350	
668	0.999923	-0.000027	0.164062	0.000027	0.999923	0.025452	
669	0.999920	-0.000021	0.154175	0.000021	0.999920	-0.031860	
670	0.999835	-0.000833	0.900635	0.000833	0.999835	-1.113098	
671	1.000029	-0.000020	-0.103394	0.000020	1.000029	-0.131897	
672	1.000101	-0.000162	-0.094238	0.000162	1.000101	-0.618164	
673	1.000036	-0.000064	0.051636	0.000064	1.000036	-0.260193	
674	1.000100	-0.000023	-0.084961	0.000023	1.000100	-0.210571	
675	0.999965	0.000036	0.076294	-0.000036	0.999965	0.039429	
676	0.999899	0.000046	0.208740	-0.000046	0.999899	0.096558	
677	0.999553	0.000229	0.396057	-0.000229	0.999553	-0.013855	
678	0.999935	-0.000013	0.133911	0.000013	0.999935	0.095093	
679	0.999907	-0.000046	0.165161	0.000046	0.999907	0.086426	
680	0.999919	-0.000037	0.223877	0.000037	0.999919	0.099365	
681	0.999916	-0.000012	0.145020	0.000012	0.999916	0.161438	
682	0.997854	0.000093	3.585815	-0.000093	0.997854	2.078918	
683	1.000018	0.000051	-0.160767	-0.000051	1.000018	0.072815	
684	1.000062	0.000069	-0.221924	-0.000069	1.000062	0.052185	
685	0.999701	0.000372	0.023438	-0.000372	0.999701	0.788147	
686	1.000200	0.000170	-0.696289	-0.000170	1.000200	0.085388	
687	1.000842	0.000266	-1.781128	-0.000266	1.000842	-0.359619	
688	0.999766	0.000740	-0.511841	-0.000740	0.999766	1.446655	
689	1.000629	0.000267	-1.552002	-0.000267	1.000629	-0.134705	
690	1.000971	0.000330	-1.992798	-0.000330	1.000971	-0.315430	
691	1.000192	0.000000	-3.388428	-0.000000	1.000192	0.051575	
692	1.000189	0.000776	-1.043823	-0.000776	1.000189	1.123779	
693	1.003701	0.000186	-6.464966	-0.000186	1.003701	-3.019043	
694	0.999992	0.000062	-4.695312	-0.000062	0.999992	0.104858	
695	0.997039	0.000411	4.564819	-0.000411	0.997039	3.392761	
696	0.999062	0.000623	0.959351	-0.000623	0.999062	1.904907	
697	1.000066	0.000283	-10.826294	-0.000283	1.000066	0.369141	
698	0.999813	-0.000115	0.373047	0.000115	0.999813	0.002441	
699	0.999961	-0.000014	-5.196289	0.000014	0.999961	0.007385	
700	1.000290	-0.000281	-5.692871	0.000281	1.000290	-0.674530	
701	0.999980	0.000100	-4.756226	-0.000100	0.999980	0.044586	
702	0.999980	0.000100	-4.756226	-0.000100	0.999980	0.044586	
703	0.999661	-0.000094	-4.535522	0.000094	0.999661	0.152405	
704	1.000082	-0.000005	-4.281738	0.000005	1.000082	-0.030914	
705	0.999918	0.000246	-3.697266	-0.000246	0.999918	0.375610	
706	1.000086	0.000035	-3.419312	-0.000035	1.000086	0.085358	
707	0.999544	0.000454	0.311157	-0.000454	0.999544	1.158264	
708	0.998166	0.002483	0.846924	-0.002483	0.998166	5.894714	
709	1.001671	0.000224	-3.018555	-0.000224	1.001671	-1.125366	
710	0.999851	0.000028	-2.429688	-0.000028	0.999851	0.263306	
711	0.999491	0.001443	-0.597046	-0.001443	0.999491	2.844971	
712	1.000172	0.000029	-2.436890	-0.000029	1.000172	0.455261	
713	0.999234	0.000442	0.732056	-0.000442	0.999234	1.670837	
714	1.000690	-0.001514	0.341187	0.001514	1.000690	-3.087708	
715	1.011744	0.000846	-11.947632	-0.000846	1.011744	-4.706512	
716	0.999968	-0.000127	0.201294	0.000127	0.999968	-0.140198	
717	0.999733	-0.000691	1.098145	0.000691	0.999733	-0.851562	
718	1.008243	-0.000084	-7.846802	0.000084	1.008243	-4.380493	
719	1.007587	0.000367	-7.421570	-0.000367	1.007587	-4.002808	
720	1.009264	-0.001150	-10.251709	0.001150	1.009264	-6.250732	
721	1.003837	0.003054	-9.212891	-0.003054	1.003837	1.519470	
722	1.003837	0.003054	-9.212891	-0.003054	1.003837	1.519470	
723	1.013409	-0.000050	-11.891113	0.000050	1.013409	-7.887390	
724	1.003122	0.000899	-6.011108	-0.000899	1.003122	-1.329529	
725	1.012387	0.000130	-11.390503	-0.000130	1.012387	-6.881348	
726	1.006346	-0.001647	-9.304443	0.001647	1.006346	-8.541199	
727	1.006346	-0.001647	-9.304443	0.001647	1.006346	-8.541199	
728	0.999866	0.000031	0.366211	-0.000031	0.999866	0.205505	
729	1.000256	-0.000156	-0.065674	0.000156	1.000256	-0.488892	
730	0.999999	-0.000055	0.186279	0.000055	0.999999	-0.048706	
731	0.999929	-0.000331	0.604980	0.000331	0.999929	-0.501587	
732	0.998750	-0.000950	3.041138	0.000950	0.998750	-0.369568	
733	0.996320	0.002887	3.369629	-0.002887	0.996320	8.192932	
734	0.999074	0.000731	1.088501	-0.000731	0.999074	2.171265	
735	0.999883	0.000108	0.185303	-0.000108	0.999883	0.427429	
736	1.000071	0.000023	-0.154053	-0.000023	1.000071	0.094849	
737	0.999908	-0.000704	0.801514	0.000704	0.999908	-1.164062	
738	0.999756	-0.000414	0.995850	0.000414	0.999756	-0.453003	
739	0.999825	0.000166	0.205933	-0.000166	0.999825	0.564514	
740	0.999967	0.000117	0.012085	-0.000117	0.999967	0.294678	
741	0.999963	0.000088	0.109497	-0.000088	0.999963	0.287292	
742	0.999942	0.000058	0.096191	-0.000058	0.999942	0.103210	
743	1.000036	0.000008	-0.062134	-0.000008	1.000036	-0.041931	
744	0.999991	-0.000000	-0.020508	0.000000	0.999991	0.018311	
745	0.997579	0.000205	2.940979	-0.000205	0.997579	2.468567	
746	0.999126	0.000108	1.509277	-0.000108	0.999126	0.939392	
747	0.999324	-0.000067	1.576782	0.000067	0.999324	0.411011	
748	0.999324	-0.000067	1.576782	0.000067	0.999324	0.411011	
749	0.999970	-0.000022	0.086914	0.000022	0.999970	-0.027649	
750	0.999970	-0.000022	0.086914	0.000022	0.999970	-0.027649	
751	1.000009	-0.000068	0.090820	0.000068	1.000009	-0.137451	
752	1.000027	-0.000161	0.119263	0.000161	1.000027	-0.371948	
753	1.000063	-0.000120	0.091431	0.000120	1.000063	-0.388489	
754	1.000150	-0.000051	-0.238037	0.000051	1.000150	-0.254211	
755	0.999969	-0.000035	0.074341	0.000035	0.999969	-0.055420	
756	1.000455	0.000029	-0.857422	-0.000029	1.000455	-0.339294	
757	0.999857	-0.000012	0.308228	0.000012	0.999857	0.098938	
758	1.000096	-0.000016	-0.286133	0.000016	1.000096	-0.056152	
759	0.999961	-0.000047	0.122559	0.000047	0.999961	-0.098450	
760	0.999578	0.000084	0.818481	-0.000084	0.999578	0.495239	
761	1.000293	-0.000105	-0.420288	0.000105	1.000293	-0.367737	
762	1.000254	0.000008	-0.589355	-0.000008	1.000254	-0.305359	
763	1.000449	0.000573	-1.399536	-0.000573	1.000449	0.571106	
764	0.999976	-0.000029	0.174805	0.000029	0.999976	-0.015198	
765	1.000054	-0.000037	-0.072144	0.000037	1.000054	-0.094604	
766	1.000014	0.000250	-0.167236	-0.000250	1.000014	0.455139	
767	0.999971	0.000068	0.036011	-0.000068	0.999971	0.211609	
768	1.000010	0.000160	-0.154297	-0.000160	1.000010	0.343201	
769	1.000013	0.000098	-0.027222	-0.000098	1.000013	0.178528	
770	1.000253	0.000010	-0.741089	-0.000010	1.000253	-0.181152	
771	1.000123	0.000137	-0.531250	-0.000137	1.000123	0.144897	
772	1.000097	0.000298	-0.626831	-0.000298	1.000097	0.340637	
773	0.999655	0.002116	-1.443481	-0.002116	0.999655	3.780457	
774	1.004375	0.000849	-8.395142	-0.000849	1.004375	-2.565613	
775	1.000068	-0.000113	-4.045166	0.000113	1.000068	-0.110962	
776	1.000664	0.000136	-5.972656	-0.000136	1.000664	0.090088	
777	1.000197	0.000041	-5.299194	-0.000041	1.000197	0.077332	
778	1.001339	0.000053	-13.493652	-0.000053	1.001339	-0.588776	
779	1.003523	0.000070	-11.481812	-0.000070	1.003523	-1.855530	
780	1.003583	0.000385	-11.298584	-0.000385	1.003583	-1.355530	
781	1.004106	-0.000050	-11.489014	0.000050	1.004106	-2.246887	
782	1.003049	-0.000019	-11.322998	0.000019	1.003049	-1.751099	
783	1.006801	0.000517	-20.277710	-0.000517	1.006801	-2.524292	
784	1.004420	0.000476	-8.682129	-0.000476	1.004420	-1.307495	
785	1.005023	0.000376	-8.698853	-0.000376	1.005023	-1.798584	
786	1.004763	0.000466	-7.320312	-0.000466	1.004763	-1.371643	
787	1.005643	0.000491	-7.779785	-0.000491	1.005643	-1.564453	
788	1.012423	-0.000036	-14.582275	0.000036	1.012423	-4.622070	
789	1.004608	0.000344	-5.110107	-0.000344	1.004608	-0.195007	
790	1.001398	0.002896	-4.725586	-0.002896	1.001398	4.044983	
791	0.999490	0.004110	-2.763428	-0.004110	0.999490	7.623108	
792	1.003492	0.000240	-3.617493	-0.000240	1.003492	0.506165	
793	1.003492	0.000240	-3.617493	-0.000240	1.003492	0.506165	
794	1.004515	0.000175	-5.223145	-0.000175	1.004515	-0.617188	
795	1.004464	-0.000220	-3.865234	0.000220	1.004464	-1.679749	
796	1.004324	-0.000012	-3.751221	0.000012	1.004324	-1.430237	
797	1.000117	0.001506	-1.420044	-0.001506	1.000117	2.549072	
798	1.006792	0.000030	-5.871948	-0.000030	1.006792	-3.024841	
799	1.001374	-0.001628	-0.712524	0.001628	1.001374	-3.817017	
800	1.000176	0.000188	-0.318115	-0.000188	1.000176	0.212219	
801	0.999706	0.000072	0.524658	-0.000072	0.999706	0.394836	
802	1.000555	-0.001247	0.249146	0.001247	1.000555	-2.636230	
803	0.999657	-0.000393	1.045654	0.000393	0.999657	-0.494507	
804	0.999907	-0.000275	0.476196	0.000275	0.999907	-0.417786	
805	0.999720	-0.000305	1.206299	0.000305	0.999720	-0.338074	
806	0.999707	-0.000508	1.045044	0.000508	0.999707	-0.697205	
807	1.000161	-0.000944	0.606812	0.000944	1.000161	-1.829041	
808	0.999740	-0.000544	1.040771	0.000544	0.999740	-0.821838	
809	0.999572	-0.000279	0.944580	0.000279	0.999572	-0.319824	
810	0.999776	0.000110	0.179565	-0.000110	0.999776	0.278992	
811	0.999843	-0.000165	0.262207	0.000165	0.999843	-0.299622	
812	0.999448	-0.000219	1.243408	0.000219	0.999448	-0.075256	
813	0.999505	-0.000353	1.267944	0.000353	0.999505	-0.327454	
814	0.999823	-0.000246	0.537476	0.000246	0.999823	-0.381226	
815	0.999499	0.000028	0.911743	-0.000028	0.999499	0.325623	
816	0.999341	0.000269	1.117676	-0.000269	0.999341	0.917908	
817	1.000021	-0.000168	0.151489	0.000168	1.000021	-0.321960	
818	1.000226	0.000252	-0.563110	-0.000252	1.000226	0.380066	
819	1.000022	0.000022	-0.061768	-0.000022	1.000022	0.091064	
820	1.000046	-0.000137	-0.024292	0.000137	1.000046	-0.222839	
821	1.000056	-0.000126	-0.060669	0.000126	1.000056	-0.238342	
822	0.999798	-0.000066	0.535645	0.000066	0.999798	-0.069458	
823	1.000157	0.000032	-0.443237	-0.000032	1.000157	-0.090088	
824	0.999983	0.000028	0.027100	-0.000028	0.999983	0.026184	
825	1.000055	-0.000072	0.042603	0.000072	1.000055	-0.149658	
826	0.999878	-0.000027	0.356812	0.000027	0.999878	0.032715	
827	0.999911	-0.000278	0.621826	0.000278	0.999911	-0.383240	
828	0.999773	-0.000170	0.716064	0.000170	0.999773	-0.043701	
829	0.999927	-0.000264	0.356323	0.000264	0.999927	-0.423096	
830	0.999951	-0.000174	0.378784	0.000174	0.999951	-0.415833	
831	1.000027	-0.000465	0.373901	0.000465	1.000027	-0.958557	
832	1.000110	-0.000058	-0.093750	0.000058	1.000110	-0.382324	
833	0.996995	0.006938	-0.819580	-0.006938	0.996995	14.253662	
834	1.000169	-0.000020	-0.324341	0.000020	1.000169	-0.320129	
835	1.000103	0.000011	-0.173584	-0.000011	1.000103	-0.141418	
836	1.000021	0.000111	-0.103394	-0.000111	1.000021	0.142639	
837	0.999945	0.000058	0.032227	-0.000058	0.999945	0.228210	
838	0.999841	-0.000013	0.303955	0.000013	0.999841	0.181641	
839	0.999962	-0.000020	0.085938	0.000020	0.999962	0.002563	
840	0.999885	-0.000007	0.305542	0.000007	0.999885	-0.006531	
841	0.999517	0.000828	0.102295	-0.000828	0.999517	1.768860	
842	0.999807	-0.000050	0.381592	0.000050	0.999807	0.047363	
843	0.997886	-0.000767	4.166992	0.000767	0.997886	0.532532	
844	1.000517	-0.000128	-0.847046	0.000128	1.000517	-0.662109	
845	1.000206	0.000275	-0.739868	-0.000275	1.000206	0.307495	
846	1.000097	0.000096	-0.477173	-0.000096	1.000097	0.043640	
847	0.999937	0.001028	-0.973633	-0.001028	0.999937	1.669373	
848	0.999937	0.001028	-0.973633	-0.001028	0.999937	1.669373	
849	1.000139	-0.000002	-0.243286	0.000002	1.000139	-0.214783	
850	1.000074	-0.000100	-0.102661	0.000100	1.000074	-0.380554	
851	0.999968	0.000028	0.039551	-0.000028	0.999968	-0.040100	
852	1.000345	0.001172	-1.633423	-0.001172	1.000345	1.545654	
853	1.000230	-0.000050	-0.379761	0.000050	1.000230	-0.483521	
854	1.000044	0.000132	-0.321289	-0.000132	1.000044	0.112427	
855	1.000010	-0.000027	0.105713	0.000027	1.000010	-0.096558	
856	1.000297	-0.000286	-0.402100	0.000286	1.000297	-0.746643	
857	1.000066	-0.000052	-0.096558	0.000052	1.000066	-0.214111	
858	1.000154	0.000118	-0.324707	-0.000118	1.000154	0.026550	
859	1.000144	-0.000347	-0.091064	0.000347	1.000144	-0.775635	
860	0.999864	0.000587	-0.276001	-0.000587	0.999864	1.067444	
861	0.999900	-0.000158	0.447876	0.000158	0.999900	-0.190613	
862	1.000000	0.000256	-0.239502	-0.000256	1.000000	0.473083	
863	0.999852	0.001373	-1.071411	-0.001373	0.999852	2.509460	
864	0.999954	0.000246	-0.113525	-0.000246	0.999954	0.509888	
865	0.999914	0.000403	-0.441528	-0.000403	0.999914	0.851990	
866	0.999867	-0.001039	1.018799	0.001039	0.999867	-1.635010	
867	0.999718	0.000989	-0.565796	-0.000989	0.999718	1.772156	
868	0.999718	0.000989	-0.565796	-0.000989	0.999718	1.772156	
869	0.999727	0.002566	-2.088257	-0.002566	0.999727	4.576599	
870	0.999184	0.001092	0.223633	-0.001092	0.999184	2.703796	
871	0.999903	0.000586	-0.664185	-0.000586	0.999903	1.339661	
872	0.999903	0.000586	-0.664185	-0.000586	0.999903	1.339661	
873	0.999948	0.000418	-0.907837	-0.000418	0.999948	1.503723	
874	0.999936	0.000305	-0.395020	-0.000305	0.999936	0.814880	
875	0.999828	0.000238	0.043335	-0.000238	0.999828	0.779785	
876	0.999850	0.000052	0.221680	-0.000052	0.999850	0.278870	
877	1.001043	-0.000408	-1.394043	0.000408	1.001043	-1.661926	
878	1.001124	-0.001306	-0.663086	0.001306	1.001124	-3.365479	
879	1.000914	0.000242	-1.881714	-0.000242	1.000914	-0.789307	
880	1.000664	-0.000047	-1.189453	0.000047	1.000664	-0.991211	
881	1.000475	-0.000025	-0.971313	0.000025	1.000475	-0.841370	
882	0.999818	-0.000803	1.111816	0.000803	0.999818	-1.307922	
883	0.997448	0.000168	7.917114	-0.000168	0.997448	-3.054565	
884	0.997751	0.002149	1.770752	-0.002149	0.997751	5.606873	
885	0.991018	-0.000330	7.745483	0.000330	0.991018	4.518280	
886	0.993040	-0.000443	5.645569	0.000443	0.993040	3.946899	
887	0.999938	-0.001047	0.987793	0.001047	0.999938	-1.675659	
888	0.999864	0.000059	0.089966	-0.000059	0.999864	0.246399	
889	1.000572	-0.000625	-0.498047	0.000625	1.000572	-1.538025	
890	0.999476	-0.000223	-1.379395	0.000223	0.999476	0.194946	
891	0.999818	-0.000036	-2.499634	0.000036	0.999818	0.038879	
892	0.999251	-0.000340	-2.396118	0.000340	0.999251	-0.093872	
893	0.999588	0.000448	0.130005	-0.000448	0.999588	1.129639	
894	1.000077	-0.000219	-6.405762	0.000219	1.000077	-0.395020	
895	0.999907	0.000125	-6.636230	-0.000125	0.999907	0.246460	
896	0.999835	-0.000090	-6.430908	0.000090	0.999835	-0.049866	
897	1.000045	0.000005	-6.060181	-0.000005	1.000045	-0.364319	
898	0.999841	0.000134	-7.471924	-0.000134	0.999841	-0.525208	
899	1.002892	-0.000195	-4.744385	0.000195	1.002892	-3.063843	
900	1.000077	-0.000407	-1.822937	0.000407	1.000077	-1.234497	
901	1.000838	-0.000064	-1.618164	0.000064	1.000838	-1.039368	
902	1.000293	0.000058	-0.859009	-0.000058	1.000293	-0.177856	
903	1.000386	0.000097	-1.039307	-0.000097	1.000386	-0.130066	
904	0.999487	0.001736	-0.711060	-0.001736	0.999487	3.548523	
905	0.999572	0.000197	0.481689	-0.000197	0.999572	1.145935	
906	0.999419	0.000196	0.881104	-0.000196	0.999419	1.310669	
907	1.000051	0.000074	-0.192383	-0.000074	1.000051	0.381042	
908	0.999532	-0.000034	1.003662	0.000034	0.999532	0.724304	
909	0.999814	0.000406	0.062500	-0.000406	0.999814	1.150635	
910	1.000005	0.000052	0.039795	-0.000052	1.000005	0.311951	
911	1.000218	-0.000217	-0.210815	0.000217	1.000218	-0.396729	
912	0.999726	-0.000249	0.845581	0.000249	0.999726	-0.188904	
913	1.000002	-0.000027	0.115234	0.000027	1.000002	0.032776	
914	0.999966	-0.000506	0.499512	0.000506	0.999966	-0.845520	
915	0.999766	0.000004	0.295288	-0.000004	0.999766	0.176880	
916	0.999617	-0.000133	0.704468	0.000133	0.999617	-0.031921	
917	0.999712	0.000086	0.445190	-0.000086	0.999712	0.345215	
918	0.999875	-0.000414	0.478882	0.000414	0.999875	-0.716064	
919	0.999807	-0.000317	0.567749	0.000317	0.999807	-0.674988	
920	1.000206	-0.000398	0.016479	0.000398	1.000206	-0.983337	
921	0.999918	-0.000213	0.316528	0.000213	0.999918	-0.410828	
922	1.000178	-0.000448	0.058472	0.000448	1.000178	-1.140259	
923	1.000170	-0.000098	-0.136719	0.000098	1.000170	-0.500916	
924	1.001646	-0.000652	-2.273438	0.000652	1.001646	-2.746094	
925	1.000138	-0.000085	-0.050049	0.000085	1.000138	-0.545166	
926	1.000442	-0.000175	-0.698242	0.000175	1.000442	-0.819763	
927	1.000166	-0.000273	0.047729	0.000273	1.000166	-0.683777	
928	1.000070	-0.000021	-0.065918	0.000021	1.000070	-0.184387	
929	1.000249	-0.000451	0.308960	0.000451	1.000249	-0.881775	
930	1.000825	0.000359	-0.085205	-0.000359	1.000825	0.427002	
931	0.999682	0.000233	0.585815	-0.000233	0.999682	1.000000	
932	0.999977	-0.000129	0.358643	0.000129	0.999977	-0.176331	
933	1.000071	-0.000267	0.222168	0.000267	1.000071	-0.455627	
934	1.000211	-0.000153	-0.297485	0.000153	1.000211	-0.585266	
935	1.000250	-0.000071	-0.544189	0.000071	1.000250	-0.558655	
936	1.000704	0.000331	-1.623413	-0.000331	1.000704	-0.334473	
937	1.000067	-0.000054	-0.253052	0.000054	1.000067	-0.411804	
938	1.000352	-0.000098	-0.862427	0.000098	1.000352	-0.731934	
939	1.001626	-0.000564	-2.047119	0.000564	1.001626	-2.595215	
940	1.000233	-0.000358	0.008423	0.000358	1.000233	-1.178223	
941	1.000103	-0.000124	-1.322388	0.000124	1.000103	-1.349670	
942	1.000131	0.000329	-0.819824	-0.000329	1.000131	0.134155	
943	1.000119	-0.000110	-0.259521	0.000110	1.000119	-0.382324	
944	0.999798	-0.000354	0.572998	0.000354	0.999798	-0.799927	
945	1.000036	-0.000106	0.065186	0.000106	1.000036	-0.257935	
946	0.999907	-0.000022	0.252319	0.000022	0.999907	0.017761	
947	1.000083	0.000001	-0.319214	-0.000001	1.000083	-0.045593	
948	1.000006	0.000035	-0.145630	-0.000035	1.000006	0.046692	
949	1.000204	0.000159	-0.638794	-0.000159	1.000204	0.064270	
950	0.999850	-0.000034	0.271362	0.000034	0.999850	0.021545	
951	0.999660	-0.000075	0.787720	0.000075	0.999660	0.043152	
952	1.000013	0.000002	-0.070435	-0.000002	1.000013	-0.138855	
953	1.000022	-0.000024	-0.160278	0.000024	1.000022	-0.314575	
954	1.000039	0.000280	-0.597900	-0.000280	1.000039	0.376831	
955	1.000009	0.000047	0.016846	-0.000047	1.000009	0.122925	
956	1.000063	0.000077	-0.153931	-0.000077	1.000063	0.082458	
957	0.999435	0.000932	0.384521	-0.000932	0.999435	2.149170	
958	0.999970	0.000044	-0.000610	-0.000044	0.999970	0.140991	
959	1.000000	-0.000024	-0.027710	0.000024	1.000000	0.019104	
960	1.000060	-0.000119	-0.024170	0.000119	1.000060	-0.361511	
961	1.000013	-0.000213	0.131836	0.000213	1.000013	-0.494934	
962	1.000211	-0.000197	-0.343872	0.000197	1.000211	-0.766602	
963	1.000142	-0.000034	-0.302368	0.000034	1.000142	-0.368774	
964	1.000296	-0.000139	-0.389282	0.000139	1.000296	-0.842957	
965	1.000111	-0.000242	-0.032715	0.000242	1.000111	-0.732117	
966	0.999981	-0.000124	0.275269	0.000124	0.999981	-0.352966	
967	1.000119	-0.000029	-0.217163	0.000029	1.000119	-0.114014	
968	0.999993	-0.000078	0.034546	0.000078	0.999993	-0.144958	
969	0.999443	0.000039	1.150146	-0.000039	0.999443	0.666077	
970	0.999914	-0.000363	0.565918	0.000363	0.999914	-0.643738	
971	1.000107	-0.000139	0.062866	0.000139	1.000107	-0.368347	
972	1.000121	-0.000385	0.361450	0.000385	1.000121	-1.189636	
973	0.999857	0.000031	0.191284	-0.000031	0.999857	0.020386	
974	0.996362	0.000177	3.274902	-0.000177	0.996362	2.359161	
975	0.999036	-0.000150	1.363159	0.000150	0.999036	0.173889	
976	0.998691	0.000489	1.169922	-0.000489	0.998691	1.827454	
977	0.998683	0.000359	1.545654	-0.000359	0.998683	1.626343	
978	0.999671	0.000233	0.272949	-0.000233	0.999671	0.687683	
979	0.999960	0.000030	-0.037598	-0.000030	0.999960	0.106567	
980	0.999922	0.000004	0.092529	-0.000004	0.999922	0.000244	
981	0.999929	-0.000005	0.100464	0.000005	0.999929	-0.013306	
982	1.000047	0.000032	-0.070190	-0.000032	1.000047	-0.107056	
983	1.000089	-0.000039	-0.100830	0.000039	1.000089	-0.213074	
984	1.000511	-0.000528	0.659790	0.000528	1.000511	-1.272583	
985	0.999721	-0.000261	0.636353	0.000261	0.999721	-0.440369	
986	0.999256	0.001377	-0.170898	-0.001377	0.999256	2.828003	
987	0.995850	-0.000221	3.827637	0.000221	0.995850	1.903320	
988	0.995262	-0.000081	4.270996	0.000081	0.995262	2.424805	
989	0.985568	0.000070	13.292236	-0.000070	0.985568	7.948975	
990	0.991879	-0.000276	7.541748	0.000276	0.991879	3.726196	
991	0.990313	0.000108	9.026733	-0.000108	0.990313	4.929626	
992	1.002453	-0.002030	-2.326660	0.002030	1.002453	-5.744812	
993	1.000368	0.000412	-1.015015	-0.000412	1.000368	0.248352	
994	1.003274	-0.003129	-2.730347	0.003129	1.003274	-8.423828	
995	1.000716	0.000406	-1.622314	-0.000406	1.000716	-0.163696	
996	0.994551	0.000049	4.932129	-0.000049	0.994551	2.207458	
997	0.994704	0.000049	4.966187	-0.000049	0.994704	2.090881	
998	0.994657	-0.000162	5.079834	0.000162	0.994657	1.730774	
999	0.988317	-0.000106	10.106689	0.000106	0.988317	5.150696	
1000	0.989391	-0.000382	9.786377	0.000382	0.989391	4.579224	
1001	0.989880	0.000120	8.857056	-0.000120	0.989880	5.290222	
1002	0.991881	-0.000018	7.387085	0.000018	0.991881	4.248413	
1003	0.990948	-0.000020	8.420776	0.000020	0.990948	4.780457	
1004	0.983879	0.000335	15.329712	-0.000335	0.983879	9.450043	
1005	0.993231	0.000454	5.764771	-0.000454	0.993231	4.755402	
1006	0.999777	-0.000223	0.493042	0.000223	0.999777	-0.270569	
1007	0.997341	-0.000157	2.860596	0.000157	0.997341	1.020325	
1008	0.995682	-0.000046	4.218506	0.000046	0.995682	2.378845	
1009	0.993919	-0.000099	6.614014	0.000099	0.993919	2.690338	
1010	0.994808	-0.000023	4.505981	0.000023	0.994808	3.003540	
1011	0.997808	0.000115	1.732910	-0.000115	0.997808	1.680573	
1012	0.996063	-0.000097	3.598877	0.000097	0.996063	2.165710	
1013	0.996673	-0.000042	3.269531	0.000042	0.996673	1.934113	
1014	0.993930	0.001106	4.688599	-0.001106	0.993930	5.810760	
1015	0.998339	0.000264	1.588867	-0.000264	0.998339	1.307007	
1016	0.996533	0.000063	3.065308	-0.000063	0.996533	1.958557	
1017	0.995414	-0.000015	4.223633	0.000015	0.995414	2.256531	
1018	0.994081	0.000123	5.554932	-0.000123	0.994081	3.673096	
1019	0.995620	0.000571	6.934570	-0.000571	0.995620	4.863586	
1020	1.000074	0.000104	-0.363525	-0.000104	1.000074	-0.044067	
1021	1.000077	0.000045	-0.267212	-0.000045	1.000077	-0.172974	
1022	0.999944	-0.000016	0.151001	0.000016	0.999944	-0.083130	
1023	1.000024	-0.000012	-0.014282	0.000012	1.000024	-0.097961	
1024	1.000064	-0.000177	0.210938	0.000177	1.000064	-0.471619	
1025	1.000070	-0.000042	-0.141602	0.000042	1.000070	-0.145813	
1026	0.999953	0.000064	0.013062	-0.000064	0.999953	0.128479	
1027	1.000086	0.000048	-0.292114	-0.000048	1.000086	-0.087585	
1028	1.000090	0.000303	-0.532959	-0.000303	1.000090	0.322144	
1029	1.000444	-0.000572	-3.372803	0.000572	1.000444	-1.195160	
1030	1.000875	-0.000618	-5.706787	0.000618	1.000875	-1.183350	
1031	1.000144	0.000011	-8.165771	-0.000011	1.000144	-0.242920	
1032	1.000199	0.000044	-8.773071	-0.000044	1.000199	-0.151581	
1033	0.999779	0.000227	-8.820190	-0.000227	0.999779	0.116577	
1034	0.999816	0.000170	-16.189575	-0.000170	0.999816	0.078430	
1035	1.000170	-0.000064	-8.587524	0.000064	1.000170	-0.339691	
1036	0.999961	0.000223	-8.246948	-0.000223	0.999961	0.115479	
1037	1.000210	0.000101	-8.994385	-0.000101	1.000210	-0.145752	
1038	0.999950	0.000174	-9.286133	-0.000174	0.999950	0.319916	
1039	0.999905	0.000328	-17.409424	-0.000328	0.999905	0.040283	
1040	1.000012	0.000118	-8.851562	-0.000118	1.000012	-0.082855	
1041	1.000121	0.000072	-8.957520	-0.000072	1.000121	-0.207153	
1042	1.000026	0.000005	-9.314819	-0.000005	1.000026	-0.194366	
1043	0.998999	0.000032	-8.200439	-0.000032	0.998999	-0.222595	
1044	1.001265	-0.000315	-26.832642	0.000315	1.001265	-1.384796	
1045	1.000408	-0.000107	-17.373535	0.000107	1.000408	-0.658203	
1046	1.000032	0.000216	-18.822876	-0.000216	1.000032	-0.078705	
1047	0.999980	0.000085	-0.052856	-0.000085	0.999980	0.135071	
1048	1.000702	0.001938	-2.962646	-0.001938	1.000702	2.572327	
1049	0.997428	0.004071	0.783691	-0.004071	0.997428	9.223328	
1050	0.998946	-0.001381	3.020386	0.001381	0.998946	-1.343079	
1051	0.998946	-0.001381	3.020386	0.001381	0.998946	-1.343079	
1052	0.999551	0.000731	-14.737305	-0.000731	0.999551	0.570618	
1053	0.999943	0.000347	-13.229492	-0.000347	0.999943	0.211761	
1054	0.999943	0.000347	-13.229492	-0.000347	0.999943	0.211761	
1055	0.999670	0.000106	-6.058105	-0.000106	0.999670	0.127472	
1056	0.999430	0.000391	-4.305664	-0.000391	0.999430	0.281555	
1057	0.999956	0.000111	-2.759277	-0.000111	0.999956	-0.067078	
1058	1.000532	0.000713	-1.725586	-0.000713	1.000532	0.548767	
1059	0.999209	-0.006058	6.829956	0.006058	0.999209	-9.527161	
1060	0.998440	0.000289	12.024902	-0.000289	0.998440	0.217590	
1061	0.999801	-0.000067	13.776855	0.000067	0.999801	-0.511932	
1062	0.999519	0.000249	14.686523	-0.000249	0.999519	0.393921	
1063	0.999956	-0.000388	17.097412	0.000388	0.999956	-0.922699	
1064	1.000781	-0.001157	26.729980	0.001157	1.000781	-2.618958	
1065	1.000346	-0.000434	6.427246	0.000434	1.000346	-0.926544	
1066	1.000015	-0.000103	5.136841	0.000103	1.000015	-0.374695	
1067	1.000065	-0.000071	5.132935	0.000071	1.000065	-0.308105	
1068	0.999923	-0.000108	4.242676	0.000108	0.999923	-0.131592	
1069	0.999918	-0.001103	5.417114	0.001103	0.999918	-1.959808	
1070	0.999855	-0.000011	0.465576	0.000011	0.999855	0.056274	
1071	0.999832	-0.001134	1.661743	0.001134	0.999832	-1.760132	
1072	0.999875	-0.000649	1.093994	0.000649	0.999875	-1.048828	
1073	0.999945	-0.001411	1.775391	0.001411	0.999945	-2.295746	
1074	0.999921	-0.000231	0.518799	0.000231	0.999921	-0.588257	
1075	1.000535	-0.000672	-0.251953	0.000672	1.000535	-2.142242	
1076	1.000392	0.000084	-1.012573	-0.000084	1.000392	-0.541138	
1077	0.999883	0.000244	0.563721	-0.000244	0.999883	-0.610107	
1078	1.000399	-0.000725	0.277832	0.000725	1.000399	-2.138367	
1079	1.000672	-0.000054	-1.315186	0.000054	1.000672	-0.985840	
1080	1.000397	-0.000146	-0.921143	0.000146	1.000397	-1.315613	
1081	1.000735	0.000228	-1.866943	-0.000228	1.000735	-0.649170	
1082	1.000156	0.000019	-0.348267	-0.000019	1.000156	-0.457397	
1083	1.000112	-0.000401	0.192261	0.000401	1.000112	-1.153503	
1084	1.000237	-0.000179	-0.217896	0.000179	1.000237	-0.324402	
1085	1.001619	0.000163	-2.961060	-0.000163	1.001619	-1.496246	
1086	1.000291	0.000274	-0.944946	-0.000274	1.000291	-0.017822	
1087	1.000252	-0.000158	-0.569092	0.000158	1.000252	-0.988892	
1088	1.000496	0.000160	-1.204102	-0.000160	1.000496	-0.325684	
1089	1.000119	-0.000123	-0.560547	0.000123	1.000119	-0.403137	
1090	1.001199	-0.000447	-7.861206	0.000447	1.001199	-0.839386	
1091	1.000877	-0.000574	-9.038818	0.000574	1.000877	-1.031158	
1092	1.000447	0.000020	-11.433228	-0.000020	1.000447	0.108582	
1093	1.000197	-0.000002	-13.161865	0.000002	1.000197	-0.577820	
1094	1.000370	0.001227	-12.330322	-0.001227	1.000370	0.991882	
1095	0.999339	0.000056	-12.514648	-0.000056	0.999339	-4.023438	
1096	0.999777	0.000078	-4.514648	-0.000078	0.999777	-4.548431	
1097	0.999848	-0.000084	-3.283081	0.000084	0.999848	-4.695404	
1098	1.000036	0.000270	-2.608521	-0.000270	1.000036	-5.265228	
1099	1.000092	-0.000034	-1.339722	0.000034	1.000092	-4.960297	
1100	1.000191	-0.000241	-1.495605	0.000241	1.000191	-7.690811	
1101	1.000070	0.000032	0.233398	-0.000032	1.000070	-2.676086	
1102	1.000054	0.000260	0.325317	-0.000260	1.000054	-1.937683	
1103	1.000167	0.000126	0.319336	-0.000126	1.000167	-1.373718	
1104	1.001079	-0.001154	-0.537842	0.001154	1.001079	-3.210022	
1105	1.000086	0.000219	2.073242	-0.000219	1.000086	-1.033569	
1106	0.999617	-0.000603	1.568359	0.000603	0.999617	-0.608948	
1107	0.999981	0.000163	1.311035	-0.000163	0.999981	0.675964	
1108	0.999346	-0.000511	1.993286	0.000511	0.999346	-0.079285	
1109	0.999131	-0.000252	1.940674	0.000252	0.999131	0.783936	
1110	0.995723	-0.000993	8.241455	0.000993	0.995723	2.349121	
1111	1.000090	0.000069	0.778442	-0.000069	1.000090	2.419067	
1112	1.000093	0.000130	0.462158	-0.000130	1.000093	2.989349	
1113	1.000045	0.000047	0.470215	-0.000047	1.000045	3.380859	
1114	1.000022	-0.000062	-0.124512	0.000062	1.000022	3.050842	
1115	0.999753	-0.000155	-0.042480	0.000155	0.999753	4.347351	
1116	0.998887	0.000361	1.464600	-0.000361	0.998887	1.980774	
1117	0.999497	0.000491	0.152466	-0.000491	0.999497	1.639221	
1118	0.999628	0.000075	0.733765	-0.000075	0.999628	0.816040	
1119	0.999639	0.000184	0.281616	-0.000184	0.999639	1.181641	
1120	1.000649	-0.000002	-0.895752	0.000002	1.000649	2.625366	
1121	1.004411	0.000218	-3.798462	-0.000218	1.004411	-1.847229	
1122	1.008219	-0.000001	-7.431030	0.000001	1.008219	-4.141022	
1123	1.008261	-0.000071	-7.367065	0.000071	1.008261	-4.450867	
1124	1.006242	-0.000007	-5.418823	0.000007	1.006242	-3.598236	
1125	1.016452	-0.000020	-14.610840	0.000020	1.016452	-8.974854	
1126	1.009326	-0.000025	-8.368530	0.000025	1.009326	-5.102875	
1127	1.009863	-0.000054	-8.878662	0.000054	1.009863	-5.491211	
1128	1.008647	-0.000161	-7.456665	0.000161	1.008647	-5.196564	
1129	1.006900	-0.000124	-6.383545	0.000124	1.006900	-3.885437	
1130	1.021064	0.000213	-19.720337	-0.000213	1.021064	-11.739105	
1131	1.007479	0.000006	-7.232544	-0.000006	1.007479	-4.348022	
1132	1.007642	0.000135	-7.280762	-0.000135	1.007642	-4.281799	
1133	1.006112	-0.000206	-5.332764	0.000206	1.006112	-3.905823	
1134	1.007188	0.000266	-6.963135	-0.000266	1.007188	-3.530212	
1135	1.013267	0.000116	-11.796509	-0.000116	1.013267	-7.300140	
1136	1.007701	-0.000038	-7.064819	0.000038	1.007701	-3.703888	
1137	1.005448	0.000052	-4.264038	-0.000052	1.005448	-2.040924	
1138	1.007887	0.000225	-7.093994	-0.000225	1.007887	-2.815613	
1139	1.006760	-0.000110	-6.098511	0.000110	1.006760	-2.535553	
1140	1.009525	0.000116	-9.329834	-0.000116	1.009525	-2.279449	
1141	1.005830	-0.000103	-5.036255	0.000103	1.005830	-2.489777	
1142	1.006295	0.000140	-5.724976	-0.000140	1.006295	-2.499146	
1143	1.008288	-0.000352	-7.328247	0.000352	1.008288	-4.904724	
1144	1.000814	-0.002047	0.699707	0.002047	1.000814	-4.005493	
1145	1.000939	-0.000014	-0.616577	0.000014	1.000939	0.695709	
1146	1.000213	0.000268	0.398804	-0.000268	1.000213	1.133270	
1147	1.000311	-0.000061	-0.366455	0.000061	1.000311	1.005493	
1148	1.000046	0.000023	0.044800	-0.000023	1.000046	2.120911	
1149	1.000199	0.000097	0.106445	-0.000097	1.000199	2.279449	
1150	1.001660	-0.000155	-1.665649	0.000155	1.001660	4.082855	
1151	1.002382	-0.000314	-2.173584	0.000314	1.002382	0.602295	
1152	1.005512	0.000079	-5.296753	-0.000079	1.005512	-0.762512	
1153	1.004641	-0.000433	-5.060181	0.000433	1.004641	-1.337250	
1154	1.003018	0.000223	-2.970703	-0.000223	1.003018	-0.301056	
1155	1.000424	-0.002435	1.589600	0.002435	1.000424	-4.301941	
1156	1.002776	0.000081	-4.070068	-0.000081	1.002776	-0.187775	
1157	1.001385	0.001442	-3.570801	-0.001442	1.001385	1.296082	
1158	1.001605	0.000159	-2.495972	-0.000159	1.001605	-0.095215	
1159	1.000699	-0.000226	-2.003540	0.000226	1.000699	-0.260254	
1160	1.007147	0.002203	-14.163086	-0.002203	1.007147	-2.216736	
1161	1.001493	0.000126	-8.902222	-0.000126	1.001493	0.187317	
1162	1.003134	-0.000038	-9.929199	0.000038	1.003134	-1.187531	
1163	1.001575	0.000161	-10.307007	-0.000161	1.001575	0.398804	
1164	1.006137	0.001096	-11.448486	-0.001096	1.006137	-2.971436	
1165	1.003870	-0.000637	-24.011475	0.000637	1.003870	-2.593231	
1166	1.001834	0.000160	-10.974487	-0.000160	1.001834	-1.289124	
1167	1.001624	-0.000079	-11.104004	0.000079	1.001624	-1.336304	
1168	1.001768	0.000067	-11.943176	-0.000067	1.001768	-1.162659	
1169	1.001031	-0.000007	-10.990601	0.000007	1.001031	-0.714600	
1170	1.000643	0.000275	-18.879395	-0.000275	1.000643	-0.105927	
1171	1.000096	0.000207	-7.122986	-0.000207	1.000096	-0.072754	
1172	0.999594	0.000290	-5.535034	-0.000290	0.999594	0.434509	
1173	0.999976	0.000320	-5.112427	-0.000320	0.999976	0.157288	
1174	0.999973	0.000320	-4.342163	-0.000320	0.999973	0.444580	
1175	1.000000	-0.000037	-6.021729	0.000037	1.000000	-0.144928	
1176	1.002858	-0.000358	-4.504272	0.000358	1.002858	-3.347900	
1177	1.000179	-0.000294	-2.634644	0.000294	1.000179	-0.890198	
1178	0.999936	-0.002132	-0.489075	0.002132	0.999936	-1.380920	
1179	1.000300	0.000190	-2.932007	-0.000190	1.000300	-0.296387	
1180	0.999807	0.000016	-4.016479	-0.000016	0.999807	-0.728027	
1181	1.000104	-0.000024	-1.763550	0.000024	1.000104	-0.558472	
1182	1.000351	-0.000127	-2.561890	0.000127	1.000351	-0.382080	
1183	0.999877	0.000149	-2.636230	-0.000149	0.999877	0.123138	
1184	1.000014	-0.000073	-1.863403	0.000073	1.000014	-0.255249	
1185	0.999958	0.000636	-4.190063	-0.000636	0.999958	0.981171	
1186	1.000154	-0.000291	-1.742188	0.000291	1.000154	-0.613770	
1187	1.002422	0.000096	-4.170410	-0.000096	1.002422	-2.081604	
1188	0.999896	-0.000118	-1.273804	0.000118	0.999896	-0.209473	
1189	1.000036	-0.000164	-1.757080	0.000164	1.000036	-0.838623	
1190	0.999789	0.000084	-2.557617	-0.000084	0.999789	0.155579	
1191	1.000153	0.000378	-0.808594	-0.000378	1.000153	0.612671	
1192	0.999981	0.000088	-0.277832	-0.000088	0.999981	0.213257	
1193	0.999998	0.000173	-0.367798	-0.000173	0.999998	0.389709	
1194	0.999845	0.000010	0.248291	-0.000010	0.999845	0.140930	
1195	0.999818	-0.000049	0.650146	0.000049	0.999818	0.103577	
1196	1.000006	-0.000059	0.166138	0.000059	1.000006	-0.089783	
1197	0.999858	-0.000097	0.422241	0.000097	0.999858	-0.147339	
1198	0.999953	-0.000389	0.531860	0.000389	0.999953	-0.752075	
1199	1.000008	-0.000145	0.102051	0.000145	1.000008	-0.446289	
1200	1.000206	0.000067	0.242676	-0.000067	1.000206	-0.673157	
1201	0.999918	0.000004	0.321533	-0.000004	0.999918	-0.015991	
1202	1.000158	-0.000301	0.047485	0.000301	1.000158	-0.686829	
