0	1.000000	0.000000	0.000000	0.000000	1.000000	0.000000	
1	1.000000	0.000000	0.000000	0.000000	1.000000	0.000000	
2	1.000000	0.000000	0.000000	0.000000	1.000000	0.000000	
3	1.000000	0.000000	0.000000	0.000000	1.000000	0.000000	
4	1.000000	0.000000	0.000000	0.000000	1.000000	0.000000	
5	1.000000	0.000000	0.000000	0.000000	1.000000	0.000000	
6	1.000000	0.000000	0.000000	0.000000	1.000000	0.000000	
7	1.000000	0.000000	0.000000	0.000000	1.000000	0.000000	
8	1.000000	0.000000	0.000000	0.000000	1.000000	0.000000	
9	1.000000	0.000000	0.000000	0.000000	1.000000	0.000000	
10	1.000000	0.000000	0.000000	0.000000	1.000000	0.000000	
11	1.000000	0.000000	0.000000	0.000000	1.000000	0.000000	
12	1.000000	0.000000	0.000000	0.000000	1.000000	0.000000	
13	1.000000	0.000000	0.000000	0.000000	1.000000	0.000000	
14	1.000000	0.000000	0.000000	0.000000	1.000000	0.000000	
15	1.000000	0.000000	0.000000	0.000000	1.000000	0.000000	
16	1.000000	0.000000	0.000000	0.000000	1.000000	0.000000	
17	1.000000	0.000000	0.000000	0.000000	1.000000	0.000000	
18	1.000000	0.000000	0.000000	0.000000	1.000000	0.000000	
19	1.000000	0.000000	0.000000	0.000000	1.000000	0.000000	
20	1.000000	0.000000	0.000000	0.000000	1.000000	0.000000	
21	1.000000	0.000000	0.000000	0.000000	1.000000	0.000000	
22	1.000000	0.000000	0.000000	0.000000	1.000000	0.000000	
23	1.000000	0.000000	0.000000	0.000000	1.000000	0.000000	
24	1.000000	0.000000	0.000000	0.000000	1.000000	0.000000	
25	1.000000	0.000000	0.000000	0.000000	1.000000	0.000000	
26	1.000000	0.000000	0.000000	0.000000	1.000000	0.000000	
27	1.000000	0.000000	0.000000	0.000000	1.000000	0.000000	
28	1.000000	0.000000	0.000000	0.000000	1.000000	0.000000	
29	0.999824	-0.000226	-0.189148	0.000226	0.999824	0.187378	
30	0.998970	0.000027	0.350586	-0.000027	0.998970	1.554871	
31	0.999144	-0.000032	0.755737	0.000032	0.999144	1.148621	
32	0.999369	-0.000043	0.382507	0.000043	0.999369	0.882385	
33	0.999462	-0.000185	0.211975	0.000185	0.999462	1.463684	
34	0.999726	-0.000036	0.121277	0.000036	0.999726	0.734375	
35	0.999321	-0.000313	0.737976	0.000313	0.999321	0.604248	
36	0.998485	-0.000026	1.691284	0.000026	0.998485	1.299011	
37	0.998467	-0.000217	1.847839	0.000217	0.998467	1.387939	
38	0.998751	-0.000186	2.084534	0.000186	0.998751	1.459595	
39	0.999478	-0.000131	0.933350	0.000131	0.999478	1.049316	
40	0.999966	-0.000179	0.984009	0.000179	0.999966	-0.033997	
41	0.999874	-0.000340	1.047974	0.000340	0.999874	0.264099	
42	0.999636	-0.000162	1.424805	0.000162	0.999636	0.835693	
43	0.996832	-0.000562	4.368195	0.000562	0.996832	1.905334	
44	0.998618	-0.000111	2.298889	0.000111	0.998618	1.065186	
45	0.998144	-0.000181	2.855042	0.000181	0.998144	1.165649	
46	0.999589	-0.000263	0.841675	0.000263	0.999589	0.232605	
47	0.998933	0.000043	1.863464	-0.000043	0.998933	0.913330	
48	0.999270	-0.000531	2.279785	0.000531	0.999270	0.216248	
49	0.999317	0.000137	1.537781	-0.000137	0.999317	0.640503	
50	0.999726	-0.000216	1.135071	0.000216	0.999726	0.001160	
51	1.000178	0.000081	0.390198	-0.000081	1.000178	-0.163574	
52	0.999997	0.000137	0.835327	-0.000137	0.999997	0.085571	
53	1.000216	-0.000259	1.808044	0.000259	1.000216	-0.895203	
54	1.000141	-0.000288	1.049866	0.000288	1.000141	-0.616760	
55	1.000207	0.000071	1.245911	-0.000071	1.000207	-0.544373	
56	1.000102	0.000214	2.133057	-0.000214	1.000102	-0.475586	
57	1.000257	0.000020	1.842712	-0.000020	1.000257	-0.725525	
58	0.999920	-0.000373	2.993652	0.000373	0.999920	-1.141907	
59	0.999937	0.000038	1.050232	-0.000038	0.999937	-0.443726	
60	1.000317	-0.000797	1.297546	0.000797	1.000317	-1.175842	
61	1.000317	-0.000797	1.297546	0.000797	1.000317	-1.175842	
62	1.002715	0.000006	0.125763	-0.000006	1.002715	-2.544983	
63	1.002715	0.000006	0.125763	-0.000006	1.002715	-2.544983	
64	0.999923	-0.000141	0.622803	0.000141	0.999923	-0.163208	
65	0.999923	-0.000141	0.622803	0.000141	0.999923	-0.163208	
66	1.000438	-0.000175	0.618225	0.000175	1.000438	-0.586609	
67	1.001495	-0.000074	0.493958	0.000074	1.001495	-1.457825	
68	1.001495	-0.000074	0.493958	0.000074	1.001495	-1.457825	
69	1.001495	-0.000074	0.493958	0.000074	1.001495	-1.457825	
70	1.001495	-0.000074	0.493958	0.000074	1.001495	-1.457825	
71	1.001495	-0.000074	0.493958	0.000074	1.001495	-1.457825	
72	1.001495	-0.000074	0.493958	0.000074	1.001495	-1.457825	
73	1.001495	-0.000074	0.493958	0.000074	1.001495	-1.457825	
74	1.001495	-0.000074	0.493958	0.000074	1.001495	-1.457825	
75	1.001482	0.002165	-1.840637	-0.002165	1.001482	-0.217773	
76	0.999354	0.000021	1.169861	-0.000021	0.999354	-0.065186	
77	1.000206	-0.003375	3.780457	0.003375	1.000206	-3.573364	
78	0.999627	-0.000275	1.574524	0.000275	0.999627	-0.328308	
79	0.997072	-0.002707	7.809937	0.002707	0.997072	-0.548645	
80	0.999256	0.000516	1.538330	-0.000516	0.999256	1.239075	
81	0.999161	0.000522	1.049072	-0.000522	0.999161	1.350342	
82	0.999859	0.000124	0.826477	-0.000124	0.999859	0.104797	
83	0.999417	-0.000115	1.259399	0.000115	0.999417	0.101807	
84	1.000098	-0.000167	1.184875	0.000167	1.000098	-0.513550	
85	0.999691	-0.000343	1.193359	0.000343	0.999691	-0.286926	
86	0.998821	-0.003070	3.477905	0.003070	0.998821	-4.070923	
87	1.000044	-0.000019	0.447815	0.000019	1.000044	-0.415527	
88	1.000044	-0.000019	0.447815	0.000019	1.000044	-0.415527	
89	1.000044	-0.000019	0.447815	0.000019	1.000044	-0.415527	
90	1.000044	-0.000019	0.447815	0.000019	1.000044	-0.415527	
91	0.999696	0.000178	-0.182312	-0.000178	0.999696	0.228210	
92	1.000098	-0.000062	-1.471436	0.000062	1.000098	-0.240723	
93	0.999179	-0.001905	2.617920	0.001905	0.999179	-2.452759	
94	0.999179	-0.001905	2.617920	0.001905	0.999179	-2.452759	
95	1.000679	0.000114	-2.344116	-0.000114	1.000679	-0.362061	
96	0.997217	0.000870	-0.481873	-0.000870	0.997217	2.634460	
97	0.999390	0.000241	-0.420166	-0.000241	0.999390	0.867371	
98	0.999390	0.000241	-0.420166	-0.000241	0.999390	0.867371	
99	0.999390	0.000241	-0.420166	-0.000241	0.999390	0.867371	
100	0.999390	0.000241	-0.420166	-0.000241	0.999390	0.867371	
101	0.999390	0.000241	-0.420166	-0.000241	0.999390	0.867371	
102	0.999390	0.000241	-0.420166	-0.000241	0.999390	0.867371	
103	0.999390	0.000241	-0.420166	-0.000241	0.999390	0.867371	
104	0.999390	0.000241	-0.420166	-0.000241	0.999390	0.867371	
105	0.999390	0.000241	-0.420166	-0.000241	0.999390	0.867371	
106	0.999390	0.000241	-0.420166	-0.000241	0.999390	0.867371	
107	0.999638	-0.000077	-0.075500	0.000077	0.999638	0.162292	
108	0.999638	-0.000077	-0.075500	0.000077	0.999638	0.162292	
109	0.999638	-0.000077	-0.075500	0.000077	0.999638	0.162292	
110	0.999638	-0.000077	-0.075500	0.000077	0.999638	0.162292	
111	0.999638	-0.000077	-0.075500	0.000077	0.999638	0.162292	
112	0.997952	-0.000611	0.664246	0.000611	0.997952	1.557068	
113	0.996437	-0.000299	2.257568	0.000299	0.996437	2.442017	
114	0.996437	-0.000299	2.257568	0.000299	0.996437	2.442017	
115	0.997662	-0.001084	1.439270	0.001084	0.997662	2.228210	
116	0.997831	-0.002009	3.281921	0.002009	0.997831	-0.856812	
117	0.997831	-0.002009	3.281921	0.002009	0.997831	-0.856812	
118	0.997831	-0.002009	3.281921	0.002009	0.997831	-0.856812	
119	0.997831	-0.002009	3.281921	0.002009	0.997831	-0.856812	
120	0.997831	-0.002009	3.281921	0.002009	0.997831	-0.856812	
121	0.997831	-0.002009	3.281921	0.002009	0.997831	-0.856812	
122	0.997831	-0.002009	3.281921	0.002009	0.997831	-0.856812	
123	1.000168	0.000097	-0.205688	-0.000097	1.000168	-0.152161	
124	1.000168	0.000097	-0.205688	-0.000097	1.000168	-0.152161	
125	0.998692	0.000535	-0.352051	-0.000535	0.998692	1.207153	
126	0.999069	0.000317	-0.203125	-0.000317	0.999069	0.951111	
127	0.999878	0.000124	-0.070984	-0.000124	0.999878	0.206177	
128	1.000643	0.001107	-1.579041	-0.001107	1.000643	0.692810	
129	1.000643	0.001107	-1.579041	-0.001107	1.000643	0.692810	
130	1.000643	0.001107	-1.579041	-0.001107	1.000643	0.692810	
131	1.000643	0.001107	-1.579041	-0.001107	1.000643	0.692810	
132	0.999937	-0.000075	0.039001	0.000075	0.999937	0.018311	
133	0.999937	-0.000075	0.039001	0.000075	0.999937	0.018311	
134	0.999937	-0.000075	0.039001	0.000075	0.999937	0.018311	
135	1.000502	0.000585	-0.780273	-0.000585	1.000502	-0.123901	
136	1.004543	-0.001008	-5.603271	0.001008	1.004543	-5.654114	
137	1.002744	0.000492	-5.087646	-0.000492	1.002744	-1.649292	
138	1.005657	0.003083	-9.253479	-0.003083	1.005657	-1.166138	
139	1.005657	0.003083	-9.253479	-0.003083	1.005657	-1.166138	
140	1.005657	0.003083	-9.253479	-0.003083	1.005657	-1.166138	
141	1.005657	0.003083	-9.253479	-0.003083	1.005657	-1.166138	
142	1.000856	-0.000495	0.590454	0.000495	1.000856	-0.777710	
143	1.000856	-0.000495	0.590454	0.000495	1.000856	-0.777710	
144	1.000856	-0.000495	0.590454	0.000495	1.000856	-0.777710	
145	1.000856	-0.000495	0.590454	0.000495	1.000856	-0.777710	
146	1.000456	-0.000043	3.887451	0.000043	1.000456	-0.601074	
147	1.000456	-0.000043	3.887451	0.000043	1.000456	-0.601074	
148	1.000456	-0.000043	3.887451	0.000043	1.000456	-0.601074	
149	1.000456	-0.000043	3.887451	0.000043	1.000456	-0.601074	
150	1.000456	-0.000043	3.887451	0.000043	1.000456	-0.601074	
151	1.000456	-0.000043	3.887451	0.000043	1.000456	-0.601074	
152	0.999043	0.000004	0.415985	-0.000004	0.999043	1.109680	
153	1.001466	0.001203	-1.761902	-0.001203	1.001466	-0.141541	
154	1.001466	0.001203	-1.761902	-0.001203	1.001466	-0.141541	
155	1.001466	0.001203	-1.761902	-0.001203	1.001466	-0.141541	
156	1.001466	0.001203	-1.761902	-0.001203	1.001466	-0.141541	
157	1.001466	0.001203	-1.761902	-0.001203	1.001466	-0.141541	
158	0.999261	-0.000027	1.911377	0.000027	0.999261	0.754578	
159	0.999261	-0.000027	1.911377	0.000027	0.999261	0.754578	
160	0.999261	-0.000027	1.911377	0.000027	0.999261	0.754578	
161	0.999261	-0.000027	1.911377	0.000027	0.999261	0.754578	
162	0.999261	-0.000027	1.911377	0.000027	0.999261	0.754578	
163	0.999261	-0.000027	1.911377	0.000027	0.999261	0.754578	
164	0.999261	-0.000027	1.911377	0.000027	0.999261	0.754578	
165	0.999261	-0.000027	1.911377	0.000027	0.999261	0.754578	
166	1.001448	-0.000420	0.708496	0.000420	1.001448	-1.447083	
167	1.001666	-0.000136	0.123779	0.000136	1.001666	-1.644226	
168	1.001666	-0.000136	0.123779	0.000136	1.001666	-1.644226	
169	1.001666	-0.000136	0.123779	0.000136	1.001666	-1.644226	
170	1.001666	-0.000136	0.123779	0.000136	1.001666	-1.644226	
171	1.001666	-0.000136	0.123779	0.000136	1.001666	-1.644226	
172	1.001666	-0.000136	0.123779	0.000136	1.001666	-1.644226	
173	1.001666	-0.000136	0.123779	0.000136	1.001666	-1.644226	
174	1.001666	-0.000136	0.123779	0.000136	1.001666	-1.644226	
175	1.001666	-0.000136	0.123779	0.000136	1.001666	-1.644226	
176	1.001666	-0.000136	0.123779	0.000136	1.001666	-1.644226	
177	0.999777	-0.000857	0.619019	0.000857	0.999777	-0.333984	
178	0.999777	-0.000857	0.619019	0.000857	0.999777	-0.333984	
179	0.999777	-0.000857	0.619019	0.000857	0.999777	-0.333984	
180	1.000941	0.000215	-0.254578	-0.000215	1.000941	-0.610168	
181	1.000941	0.000215	-0.254578	-0.000215	1.000941	-0.610168	
182	1.000941	0.000215	-0.254578	-0.000215	1.000941	-0.610168	
183	1.000941	0.000215	-0.254578	-0.000215	1.000941	-0.610168	
184	1.000941	0.000215	-0.254578	-0.000215	1.000941	-0.610168	
185	1.000941	0.000215	-0.254578	-0.000215	1.000941	-0.610168	
186	1.000407	0.000842	-2.558716	-0.000842	1.000407	0.011292	
187	1.000407	0.000842	-2.558716	-0.000842	1.000407	0.011292	
188	1.000407	0.000842	-2.558716	-0.000842	1.000407	0.011292	
189	1.000407	0.000842	-2.558716	-0.000842	1.000407	0.011292	
190	1.000407	0.000842	-2.558716	-0.000842	1.000407	0.011292	
191	1.000407	0.000842	-2.558716	-0.000842	1.000407	0.011292	
192	1.000407	0.000842	-2.558716	-0.000842	1.000407	0.011292	
193	1.000407	0.000842	-2.558716	-0.000842	1.000407	0.011292	
194	1.000407	0.000842	-2.558716	-0.000842	1.000407	0.011292	
195	1.000407	0.000842	-2.558716	-0.000842	1.000407	0.011292	
196	1.000354	-0.000196	0.278717	0.000196	1.000354	-0.445312	
197	1.000354	-0.000196	0.278717	0.000196	1.000354	-0.445312	
198	1.002129	-0.000480	0.158295	0.000480	1.002129	-2.147156	
199	1.002129	-0.000480	0.158295	0.000480	1.002129	-2.147156	
200	1.002129	-0.000480	0.158295	0.000480	1.002129	-2.147156	
201	1.002129	-0.000480	0.158295	0.000480	1.002129	-2.147156	
202	1.002129	-0.000480	0.158295	0.000480	1.002129	-2.147156	
203	1.002129	-0.000480	0.158295	0.000480	1.002129	-2.147156	
204	1.002129	-0.000480	0.158295	0.000480	1.002129	-2.147156	
205	1.002129	-0.000480	0.158295	0.000480	1.002129	-2.147156	
206	1.002129	-0.000480	0.158295	0.000480	1.002129	-2.147156	
207	1.002129	-0.000480	0.158295	0.000480	1.002129	-2.147156	
208	1.002129	-0.000480	0.158295	0.000480	1.002129	-2.147156	
209	1.002129	-0.000480	0.158295	0.000480	1.002129	-2.147156	
210	1.002129	-0.000480	0.158295	0.000480	1.002129	-2.147156	
211	1.002129	-0.000480	0.158295	0.000480	1.002129	-2.147156	
212	1.002129	-0.000480	0.158295	0.000480	1.002129	-2.147156	
213	1.002129	-0.000480	0.158295	0.000480	1.002129	-2.147156	
214	1.002129	-0.000480	0.158295	0.000480	1.002129	-2.147156	
215	1.002129	-0.000480	0.158295	0.000480	1.002129	-2.147156	
216	1.002129	-0.000480	0.158295	0.000480	1.002129	-2.147156	
217	1.002129	-0.000480	0.158295	0.000480	1.002129	-2.147156	
218	1.002129	-0.000480	0.158295	0.000480	1.002129	-2.147156	
219	1.002129	-0.000480	0.158295	0.000480	1.002129	-2.147156	
220	1.002129	-0.000480	0.158295	0.000480	1.002129	-2.147156	
221	1.002129	-0.000480	0.158295	0.000480	1.002129	-2.147156	
222	1.002129	-0.000480	0.158295	0.000480	1.002129	-2.147156	
223	1.002129	-0.000480	0.158295	0.000480	1.002129	-2.147156	
224	1.002129	-0.000480	0.158295	0.000480	1.002129	-2.147156	
225	1.002129	-0.000480	0.158295	0.000480	1.002129	-2.147156	
226	1.002129	-0.000480	0.158295	0.000480	1.002129	-2.147156	
227	1.002129	-0.000480	0.158295	0.000480	1.002129	-2.147156	
228	1.002129	-0.000480	0.158295	0.000480	1.002129	-2.147156	
229	1.002129	-0.000480	0.158295	0.000480	1.002129	-2.147156	
230	0.999962	-0.000699	-0.546875	0.000699	0.999962	-1.330017	
231	1.000669	-0.000016	-4.021118	0.000016	1.000669	-1.076904	
232	1.000669	-0.000016	-4.021118	0.000016	1.000669	-1.076904	
233	1.000669	-0.000016	-4.021118	0.000016	1.000669	-1.076904	
234	1.000669	-0.000016	-4.021118	0.000016	1.000669	-1.076904	
235	0.997550	0.000288	-0.269775	-0.000288	0.997550	2.453552	
236	0.997550	0.000288	-0.269775	-0.000288	0.997550	2.453552	
237	0.996051	0.000081	0.034393	-0.000081	0.996051	3.906494	
238	0.999172	0.000302	-1.614380	-0.000302	0.999172	0.639709	
239	0.999172	0.000302	-1.614380	-0.000302	0.999172	0.639709	
240	0.999172	0.000302	-1.614380	-0.000302	0.999172	0.639709	
241	0.999172	0.000302	-1.614380	-0.000302	0.999172	0.639709	
242	0.999172	0.000302	-1.614380	-0.000302	0.999172	0.639709	
243	0.999172	0.000302	-1.614380	-0.000302	0.999172	0.639709	
244	0.999172	0.000302	-1.614380	-0.000302	0.999172	0.639709	
245	0.999172	0.000302	-1.614380	-0.000302	0.999172	0.639709	
246	0.999172	0.000302	-1.614380	-0.000302	0.999172	0.639709	
247	0.999172	0.000302	-1.614380	-0.000302	0.999172	0.639709	
248	0.999172	0.000302	-1.614380	-0.000302	0.999172	0.639709	
249	0.999172	0.000302	-1.614380	-0.000302	0.999172	0.639709	
250	0.999172	0.000302	-1.614380	-0.000302	0.999172	0.639709	
251	0.999172	0.000302	-1.614380	-0.000302	0.999172	0.639709	
252	0.999172	0.000302	-1.614380	-0.000302	0.999172	0.639709	
253	0.999172	0.000302	-1.614380	-0.000302	0.999172	0.639709	
254	0.999172	0.000302	-1.614380	-0.000302	0.999172	0.639709	
255	0.999172	0.000302	-1.614380	-0.000302	0.999172	0.639709	
256	0.999397	-0.000056	-0.049561	0.000056	0.999397	0.615601	
257	0.999924	-0.000496	-0.782349	0.000496	0.999924	-0.320129	
258	0.996860	0.003132	-2.968658	-0.003132	0.996860	3.372498	
259	0.998896	-0.000427	0.625488	0.000427	0.998896	0.053101	
260	0.998896	-0.000427	0.625488	0.000427	0.998896	0.053101	
261	0.999519	-0.000587	0.786011	0.000587	0.999519	0.331055	
262	0.999069	0.000204	1.057434	-0.000204	0.999069	1.072754	
263	0.999816	-0.000135	0.420227	0.000135	0.999816	0.094055	
264	0.998621	0.000084	1.436584	-0.000084	0.998621	0.928467	
265	0.998621	0.000084	1.436584	-0.000084	0.998621	0.928467	
266	1.002007	-0.000333	0.436157	0.000333	1.002007	-2.121216	
267	0.998652	-0.001303	4.875000	0.001303	0.998652	0.127319	
268	0.999940	0.000754	1.874268	-0.000754	0.999940	0.292419	
269	1.000212	-0.000450	2.321289	0.000450	1.000212	-0.566406	
270	1.000212	-0.000450	2.321289	0.000450	1.000212	-0.566406	
271	1.001244	-0.000098	0.388550	0.000098	1.001244	-1.215393	
272	1.000575	-0.000045	0.806152	0.000045	1.000575	-0.667542	
273	1.000107	-0.000041	1.499451	0.000041	1.000107	-0.096191	
274	1.001290	-0.000651	0.985779	0.000651	1.001290	-1.418762	
275	1.000312	-0.000478	3.477417	0.000478	1.000312	-0.995117	
276	1.000413	-0.000244	1.860046	0.000244	1.000413	-0.497742	
277	0.999861	-0.000345	1.860901	0.000345	0.999861	-0.309814	
278	0.999817	-0.000221	2.487061	0.000221	0.999817	-0.117920	
279	1.000308	-0.000087	1.851868	0.000087	1.000308	-0.516357	
280	1.000644	-0.000295	3.114441	0.000295	1.000644	-1.161194	
281	1.001040	-0.001171	1.615234	0.001171	1.001040	-1.269104	
282	0.999971	0.000076	1.844849	-0.000076	0.999971	0.063049	
283	1.000512	-0.000626	1.720032	0.000626	1.000512	-0.656616	
284	1.000692	-0.000362	1.013062	0.000362	1.000692	-0.811340	
285	1.000568	-0.000140	2.215576	0.000140	1.000568	-1.260376	
286	1.000242	0.000063	1.026550	-0.000063	1.000242	-0.397400	
287	1.001008	0.000129	0.242401	-0.000129	1.001008	-1.000122	
288	1.000455	-0.000098	0.500122	0.000098	1.000455	-0.564331	
289	1.002527	0.003078	-2.966797	-0.003078	1.002527	-1.169739	
290	1.002527	0.003078	-2.966797	-0.003078	1.002527	-1.169739	
291	1.002352	0.001326	-1.331055	-0.001326	1.002352	-2.081787	
292	1.000769	-0.000038	0.441101	0.000038	1.000769	-0.926208	
293	1.002131	-0.000557	-0.442749	0.000557	1.002131	-2.598816	
294	1.001290	0.000047	0.713013	-0.000047	1.001290	-1.313965	
295	0.999960	-0.000664	3.401611	0.000664	0.999960	-0.591431	
296	1.000076	-0.000164	2.420776	0.000164	1.000076	-0.527649	
297	1.001207	0.000734	2.899902	-0.000734	1.001207	-0.088806	
298	1.000356	-0.000925	5.944214	0.000925	1.000356	-0.961487	
299	0.998568	0.000902	6.591492	-0.000902	0.998568	0.776489	
300	0.998568	0.000902	6.591492	-0.000902	0.998568	0.776489	
301	1.002509	0.000557	3.821777	-0.000557	1.002509	-1.356140	
302	1.001033	-0.000597	6.357544	0.000597	1.001033	-1.830383	
303	1.000348	0.000102	6.629028	-0.000102	1.000348	-0.145264	
304	1.000667	0.000512	5.576233	-0.000512	1.000667	-0.305969	
305	0.999815	-0.000847	11.960815	0.000847	0.999815	-0.909485	
306	0.998561	0.000299	5.813416	-0.000299	0.998561	0.922852	
307	0.996470	-0.000404	7.973389	0.000404	0.996470	1.962830	
308	0.999194	0.000184	5.128235	-0.000184	0.999194	0.789978	
309	0.999500	-0.000258	5.598572	0.000258	0.999500	0.150940	
310	0.999500	-0.000258	5.598572	0.000258	0.999500	0.150940	
311	0.999500	-0.000258	5.598572	0.000258	0.999500	0.150940	
312	0.998730	0.002405	3.846802	-0.002405	0.998730	2.058105	
313	0.998730	0.002405	3.846802	-0.002405	0.998730	2.058105	
314	0.998730	0.002405	3.846802	-0.002405	0.998730	2.058105	
315	0.998730	0.002405	3.846802	-0.002405	0.998730	2.058105	
316	0.998730	0.002405	3.846802	-0.002405	0.998730	2.058105	
317	0.999350	0.000121	4.570801	-0.000121	0.999350	0.539917	
318	1.001731	0.000109	-0.050842	-0.000109	1.001731	-1.775085	
319	1.001731	0.000109	-0.050842	-0.000109	1.001731	-1.775085	
320	1.001731	0.000109	-0.050842	-0.000109	1.001731	-1.775085	
321	1.000115	0.003113	-4.231262	-0.003113	1.000115	1.892090	
322	0.999193	0.003324	-3.304077	-0.003324	0.999193	1.507446	
323	1.001479	0.000314	-2.688232	-0.000314	1.001479	-0.997314	
324	0.999257	0.001366	-1.253418	-0.001366	0.999257	0.697571	
325	0.999257	0.001366	-1.253418	-0.001366	0.999257	0.697571	
326	1.001415	0.000927	-1.367493	-0.000927	1.001415	0.062134	
327	1.001415	0.000927	-1.367493	-0.000927	1.001415	0.062134	
328	1.001415	0.000927	-1.367493	-0.000927	1.001415	0.062134	
329	1.001415	0.000927	-1.367493	-0.000927	1.001415	0.062134	
330	1.001415	0.000927	-1.367493	-0.000927	1.001415	0.062134	
331	1.001415	0.000927	-1.367493	-0.000927	1.001415	0.062134	
332	1.001415	0.000927	-1.367493	-0.000927	1.001415	0.062134	
333	0.998865	0.000059	-0.043274	-0.000059	0.998865	1.122314	
334	0.998865	0.000059	-0.043274	-0.000059	0.998865	1.122314	
335	0.998865	0.000059	-0.043274	-0.000059	0.998865	1.122314	
336	0.998865	0.000059	-0.043274	-0.000059	0.998865	1.122314	
337	0.998865	0.000059	-0.043274	-0.000059	0.998865	1.122314	
338	0.998865	0.000059	-0.043274	-0.000059	0.998865	1.122314	
339	0.998865	0.000059	-0.043274	-0.000059	0.998865	1.122314	
340	0.998865	0.000059	-0.043274	-0.000059	0.998865	1.122314	
341	0.998865	0.000059	-0.043274	-0.000059	0.998865	1.122314	
342	0.998865	0.000059	-0.043274	-0.000059	0.998865	1.122314	
343	0.998865	0.000059	-0.043274	-0.000059	0.998865	1.122314	
344	0.998865	0.000059	-0.043274	-0.000059	0.998865	1.122314	
345	0.998865	0.000059	-0.043274	-0.000059	0.998865	1.122314	
346	0.998865	0.000059	-0.043274	-0.000059	0.998865	1.122314	
347	0.998865	0.000059	-0.043274	-0.000059	0.998865	1.122314	
348	0.998865	0.000059	-0.043274	-0.000059	0.998865	1.122314	
349	0.998865	0.000059	-0.043274	-0.000059	0.998865	1.122314	
350	0.998865	0.000059	-0.043274	-0.000059	0.998865	1.122314	
351	0.998865	0.000059	-0.043274	-0.000059	0.998865	1.122314	
352	0.998865	0.000059	-0.043274	-0.000059	0.998865	1.122314	
353	0.998865	0.000059	-0.043274	-0.000059	0.998865	1.122314	
354	0.998865	0.000059	-0.043274	-0.000059	0.998865	1.122314	
355	0.998865	0.000059	-0.043274	-0.000059	0.998865	1.122314	
356	1.001618	0.000028	-13.191223	-0.000028	1.001618	-1.458191	
357	0.997119	-0.000244	-6.517944	0.000244	0.997119	2.099365	
358	1.001387	-0.000825	-10.160522	0.000825	1.001387	-1.080383	
359	0.998584	-0.000791	-7.828735	0.000791	0.998584	-0.418701	
360	0.998584	-0.000791	-7.828735	0.000791	0.998584	-0.418701	
361	0.999957	-0.003454	-6.506714	0.003454	0.999957	-3.943542	
362	0.999420	-0.001656	-6.558472	0.001656	0.999420	-1.190063	
363	0.999420	-0.001656	-6.558472	0.001656	0.999420	-1.190063	
364	0.999420	-0.001656	-6.558472	0.001656	0.999420	-1.190063	
365	0.999420	-0.001656	-6.558472	0.001656	0.999420	-1.190063	
366	0.999420	-0.001656	-6.558472	0.001656	0.999420	-1.190063	
367	0.999420	-0.001656	-6.558472	0.001656	0.999420	-1.190063	
368	0.999420	-0.001656	-6.558472	0.001656	0.999420	-1.190063	
369	0.998426	0.000651	-8.822998	-0.000651	0.998426	2.738220	
370	0.998426	0.000651	-8.822998	-0.000651	0.998426	2.738220	
371	0.998759	-0.003231	-3.247864	0.003231	0.998759	-2.621521	
372	0.999384	-0.001539	-5.210632	0.001539	0.999384	-0.815857	
373	0.999638	-0.001291	-3.987122	0.001291	0.999638	-1.345215	
374	0.998166	-0.000764	-2.937256	0.000764	0.998166	0.459900	
375	0.998166	-0.000764	-2.937256	0.000764	0.998166	0.459900	
376	0.999959	-0.001544	-4.761353	0.001544	0.999959	-0.762451	
377	0.996038	0.002133	-2.695190	-0.002133	0.996038	6.880249	
378	1.001083	0.000126	-7.096741	-0.000126	1.001083	-0.794434	
379	1.000705	0.000123	-6.826355	-0.000123	1.000705	-0.309265	
380	1.000705	0.000123	-6.826355	-0.000123	1.000705	-0.309265	
381	0.995123	0.002729	-5.121582	-0.002729	0.995123	8.421753	
382	0.995123	0.002729	-5.121582	-0.002729	0.995123	8.421753	
383	0.995123	0.002729	-5.121582	-0.002729	0.995123	8.421753	
384	0.995123	0.002729	-5.121582	-0.002729	0.995123	8.421753	
385	0.995123	0.002729	-5.121582	-0.002729	0.995123	8.421753	
386	0.995123	0.002729	-5.121582	-0.002729	0.995123	8.421753	
387	0.995123	0.002729	-5.121582	-0.002729	0.995123	8.421753	
388	0.995123	0.002729	-5.121582	-0.002729	0.995123	8.421753	
389	0.995123	0.002729	-5.121582	-0.002729	0.995123	8.421753	
390	0.995123	0.002729	-5.121582	-0.002729	0.995123	8.421753	
391	0.995123	0.002729	-5.121582	-0.002729	0.995123	8.421753	
392	0.995123	0.002729	-5.121582	-0.002729	0.995123	8.421753	
393	0.995123	0.002729	-5.121582	-0.002729	0.995123	8.421753	
394	0.995123	0.002729	-5.121582	-0.002729	0.995123	8.421753	
395	0.995123	0.002729	-5.121582	-0.002729	0.995123	8.421753	
396	0.995123	0.002729	-5.121582	-0.002729	0.995123	8.421753	
397	0.995123	0.002729	-5.121582	-0.002729	0.995123	8.421753	
398	1.000907	-0.002208	-1.059387	0.002208	1.000907	-3.993958	
399	1.000907	-0.002208	-1.059387	0.002208	1.000907	-3.993958	
400	1.000907	-0.002208	-1.059387	0.002208	1.000907	-3.993958	
401	1.003613	0.001047	4.246887	-0.001047	1.003613	-1.869629	
402	1.010501	-0.005050	-2.221924	0.005050	1.010501	-13.698242	
403	1.002670	-0.000742	0.811829	0.000742	1.002670	-2.823608	
404	1.002670	-0.000742	0.811829	0.000742	1.002670	-2.823608	
405	0.996190	-0.001788	10.885468	0.001788	0.996190	1.540466	
406	0.996190	-0.001788	10.885468	0.001788	0.996190	1.540466	
407	1.000049	-0.002430	10.966980	0.002430	1.000049	-2.265381	
408	0.999154	-0.005158	13.615173	0.005158	0.999154	-3.729431	
409	0.997725	-0.001580	11.569031	0.001580	0.997725	0.590210	
410	0.999109	-0.003276	11.368774	0.003276	0.999109	-0.950134	
411	0.999109	-0.003276	11.368774	0.003276	0.999109	-0.950134	
412	0.993702	-0.001030	11.456787	0.001030	0.993702	4.207458	
413	0.998883	-0.000831	8.313171	0.000831	0.998883	0.251892	
414	0.997940	-0.000841	8.652222	0.000841	0.997940	1.132629	
415	0.997917	-0.000429	7.759155	0.000429	0.997917	0.969177	
416	0.991591	-0.002877	19.083374	0.002877	0.991591	5.799561	
417	0.996543	-0.001510	9.495544	0.001510	0.996543	1.940247	
418	0.999104	-0.000287	7.627869	0.000287	0.999104	0.767761	
419	1.001395	-0.000785	5.584839	0.000785	1.001395	-1.859253	
420	0.997140	-0.000985	8.812500	0.000985	0.997140	1.816895	
421	0.991872	-0.002746	19.624969	0.002746	0.991872	5.730713	
422	0.997260	-0.000753	8.799622	0.000753	0.997260	2.095703	
423	0.998648	0.001471	5.806824	-0.001471	0.998648	2.529785	
424	0.998737	-0.000448	7.922668	0.000448	0.998737	0.558594	
425	0.999661	0.000202	6.734436	-0.000202	0.999661	2.139099	
426	1.009803	-0.001034	0.580627	0.001034	1.009803	-9.977539	
427	0.999000	0.000968	7.130310	-0.000968	0.999000	2.376404	
428	0.998601	0.000445	8.375061	-0.000445	0.998601	2.137756	
429	0.998536	-0.003488	11.563782	0.003488	0.998536	-0.424988	
430	0.998360	-0.002246	10.667725	0.002246	0.998360	0.487793	
431	0.996452	-0.000601	17.228882	0.000601	0.996452	2.657715	
432	0.995612	0.000635	9.406342	-0.000635	0.995612	4.056580	
433	0.999850	-0.000778	9.531616	0.000778	0.999850	-0.447144	
434	0.999205	-0.000754	9.532776	0.000754	0.999205	0.173523	
435	1.001530	-0.000706	7.643799	0.000706	1.001530	-1.877625	
436	1.001563	-0.008997	27.057007	0.008997	1.001563	-6.262756	
437	0.998591	-0.000682	11.511108	0.000682	0.998591	0.663208	
438	0.998734	-0.000891	11.784180	0.000891	0.998734	0.546753	
439	1.000674	-0.001050	10.692322	0.001050	1.000674	-1.222229	
440	1.000616	-0.000711	10.871338	0.000711	1.000616	-1.073914	
441	0.995532	-0.001100	24.424133	0.001100	0.995532	3.300232	
442	0.996467	0.000355	12.597168	-0.000355	0.996467	2.321228	
443	0.997880	0.001180	11.465881	-0.001180	0.997880	1.874207	
444	1.007938	-0.000069	-0.326477	0.000069	1.007938	-8.015869	
445	1.007938	-0.000069	-0.326477	0.000069	1.007938	-8.015869	
446	1.007938	-0.000069	-0.326477	0.000069	1.007938	-8.015869	
447	0.995105	-0.000644	13.951172	0.000644	0.995105	3.648315	
448	0.996193	-0.000704	12.067139	0.000704	0.996193	3.087708	
449	1.008307	-0.001085	0.697205	0.001085	1.008307	-8.405884	
450	1.007666	-0.000684	0.268066	0.000684	1.007666	-7.694458	
451	0.993661	0.002659	14.771912	-0.002659	0.993661	6.850098	
452	0.998439	0.000590	6.449341	-0.000590	0.998439	1.818481	
453	1.000275	0.000298	4.580933	-0.000298	1.000275	0.151917	
454	0.999518	0.000785	3.285217	-0.000785	0.999518	0.919556	
455	0.999791	0.000568	1.689819	-0.000568	0.999791	0.548279	
456	0.999758	0.001804	1.011475	-0.001804	0.999758	1.784119	
457	1.000164	0.000744	-0.697693	-0.000744	1.000164	0.801819	
458	0.999454	0.000658	-1.007263	-0.000658	0.999454	0.940186	
459	0.999646	0.000545	-1.770569	-0.000545	0.999646	0.770874	
460	0.999988	0.000536	-2.761047	-0.000536	0.999988	0.512329	
461	0.999309	0.001475	-5.092468	-0.001475	0.999309	1.552185	
462	0.997818	0.002930	-1.308594	-0.002930	0.997818	3.398499	
463	0.999092	0.001349	-1.673706	-0.001349	0.999092	0.941833	
464	0.999516	0.000442	-1.005005	-0.000442	0.999516	2.732849	
465	0.998852	-0.001829	0.706299	0.001829	0.998852	3.429199	
466	0.998852	-0.001829	0.706299	0.001829	0.998852	3.429199	
467	0.994768	0.006653	1.604614	-0.006653	0.994768	10.673035	
468	0.997221	0.001108	-1.140503	-0.001108	0.997221	2.831055	
469	1.001143	-0.007349	0.865662	0.007349	1.001143	-0.669128	
470	0.999289	0.000357	-1.277649	-0.000357	0.999289	7.317932	
471	0.996343	0.000748	-0.712158	-0.000748	0.996343	4.010071	
472	0.999788	0.000560	-0.738281	-0.000560	0.999788	0.616394	
473	0.999623	0.000146	-0.964783	-0.000146	0.999623	0.379456	
474	1.000707	0.001690	-2.670349	-0.001690	1.000707	0.393494	
475	1.001367	0.000535	-1.967773	-0.000535	1.001367	-0.782654	
476	1.001537	0.002305	-4.833252	-0.002305	1.001537	0.499146	
477	1.002398	0.001068	-3.519714	-0.001068	1.002398	-1.211731	
478	0.999838	0.000733	-1.992981	-0.000733	0.999838	0.967102	
479	0.999680	0.000396	-2.671692	-0.000396	0.999680	0.461975	
480	0.999781	0.000366	-2.759460	-0.000366	0.999781	0.662476	
481	0.999727	0.001534	-5.126953	-0.001534	0.999727	1.728088	
482	0.996214	-0.000857	-0.246948	0.000857	0.996214	4.237915	
483	0.992645	-0.000155	0.457336	0.000155	0.992645	7.405701	
484	0.992787	0.002502	-5.804626	-0.002502	0.992787	8.954956	
485	0.989477	-0.000174	-4.748657	0.000174	0.989477	4.565613	
486	0.989477	-0.000174	-4.748657	0.000174	0.989477	4.565613	
487	0.996439	0.000479	-14.596252	-0.000479	0.996439	-0.907288	
488	1.000129	0.001378	-17.485962	-0.001378	1.000129	-2.070801	
489	0.998032	0.005003	-12.508789	-0.005003	0.998032	5.582092	
490	0.998032	0.005003	-12.508789	-0.005003	0.998032	5.582092	
491	0.998032	0.005003	-12.508789	-0.005003	0.998032	5.582092	
492	0.998032	0.005003	-12.508789	-0.005003	0.998032	5.582092	
493	0.995305	0.001181	-11.428406	-0.001181	0.995305	7.237000	
494	0.995305	0.001181	-11.428406	-0.001181	0.995305	7.237000	
495	1.007184	0.007382	-19.566467	-0.007382	1.007184	3.310852	
496	1.007184	0.007382	-19.566467	-0.007382	1.007184	3.310852	
497	1.002029	-0.000798	-4.811523	0.000798	1.002029	-2.735352	
498	0.999225	0.000248	-0.854980	-0.000248	0.999225	0.932739	
499	0.993840	0.005646	2.746826	-0.005646	0.993840	15.698425	
500	0.991375	0.010770	3.136353	-0.010770	0.991375	26.823303	
501	0.991375	0.010770	3.136353	-0.010770	0.991375	26.823303	
502	0.997309	0.000051	-0.007690	-0.000051	0.997309	2.611633	
503	0.999983	-0.000325	-1.183594	0.000325	0.999983	-0.266968	
504	0.993546	0.006979	-1.288269	-0.006979	0.993546	2.466125	
505	0.998206	0.007661	-3.237854	-0.007661	0.998206	-7.325134	
506	0.998206	0.007661	-3.237854	-0.007661	0.998206	-7.325134	
507	0.996847	-0.004512	4.327148	0.004512	0.996847	-1.442200	
508	1.002406	-0.000132	-2.542236	0.000132	1.002406	1.936462	
509	1.000738	-0.001542	0.979248	0.001542	1.000738	5.573853	
510	1.000738	-0.001542	0.979248	0.001542	1.000738	5.573853	
511	1.000738	-0.001542	0.979248	0.001542	1.000738	5.573853	
512	0.998481	0.000234	3.133789	-0.000234	0.998481	5.148254	
513	1.000845	-0.004854	4.606140	0.004854	1.000845	-1.339172	
514	1.000845	-0.004854	4.606140	0.004854	1.000845	-1.339172	
515	1.000845	-0.004854	4.606140	0.004854	1.000845	-1.339172	
516	1.000845	-0.004854	4.606140	0.004854	1.000845	-1.339172	
517	1.000845	-0.004854	4.606140	0.004854	1.000845	-1.339172	
518	1.000845	-0.004854	4.606140	0.004854	1.000845	-1.339172	
519	1.000845	-0.004854	4.606140	0.004854	1.000845	-1.339172	
520	1.000845	-0.004854	4.606140	0.004854	1.000845	-1.339172	
521	1.000845	-0.004854	4.606140	0.004854	1.000845	-1.339172	
522	1.000578	-0.001036	1.000427	0.001036	1.000578	-0.472778	
523	0.999151	-0.000242	0.509338	0.000242	0.999151	0.692383	
524	0.999151	-0.000242	0.509338	0.000242	0.999151	0.692383	
525	0.997099	-0.000101	0.326843	0.000101	0.997099	2.869202	
526	0.997099	-0.000101	0.326843	0.000101	0.997099	2.869202	
527	1.001995	0.000765	-1.108612	-0.000765	1.001995	-1.872437	
528	1.001995	0.000765	-1.108612	-0.000765	1.001995	-1.872437	
529	1.001995	0.000765	-1.108612	-0.000765	1.001995	-1.872437	
530	1.000127	-0.000783	1.228882	0.000783	1.000127	-0.956116	
531	1.000127	-0.000783	1.228882	0.000783	1.000127	-0.956116	
532	1.000127	-0.000783	1.228882	0.000783	1.000127	-0.956116	
533	1.000127	-0.000783	1.228882	0.000783	1.000127	-0.956116	
534	1.000127	-0.000783	1.228882	0.000783	1.000127	-0.956116	
535	1.000127	-0.000783	1.228882	0.000783	1.000127	-0.956116	
536	1.000127	-0.000783	1.228882	0.000783	1.000127	-0.956116	
537	1.000127	-0.000783	1.228882	0.000783	1.000127	-0.956116	
538	1.000127	-0.000783	1.228882	0.000783	1.000127	-0.956116	
539	1.000127	-0.000783	1.228882	0.000783	1.000127	-0.956116	
540	1.000127	-0.000783	1.228882	0.000783	1.000127	-0.956116	
541	1.000127	-0.000783	1.228882	0.000783	1.000127	-0.956116	
542	1.000127	-0.000783	1.228882	0.000783	1.000127	-0.956116	
543	1.000127	-0.000783	1.228882	0.000783	1.000127	-0.956116	
544	1.000127	-0.000783	1.228882	0.000783	1.000127	-0.956116	
545	1.000127	-0.000783	1.228882	0.000783	1.000127	-0.956116	
546	1.000127	-0.000783	1.228882	0.000783	1.000127	-0.956116	
547	1.000127	-0.000783	1.228882	0.000783	1.000127	-0.956116	
548	1.000127	-0.000783	1.228882	0.000783	1.000127	-0.956116	
549	1.000127	-0.000783	1.228882	0.000783	1.000127	-0.956116	
550	1.000127	-0.000783	1.228882	0.000783	1.000127	-0.956116	
551	1.000127	-0.000783	1.228882	0.000783	1.000127	-0.956116	
552	1.000127	-0.000783	1.228882	0.000783	1.000127	-0.956116	
553	1.000127	-0.000783	1.228882	0.000783	1.000127	-0.956116	
554	1.000127	-0.000783	1.228882	0.000783	1.000127	-0.956116	
555	1.000127	-0.000783	1.228882	0.000783	1.000127	-0.956116	
556	1.000127	-0.000783	1.228882	0.000783	1.000127	-0.956116	
557	1.000127	-0.000783	1.228882	0.000783	1.000127	-0.956116	
558	0.999769	-0.000834	6.349854	0.000834	0.999769	-0.474548	
559	0.999769	-0.000834	6.349854	0.000834	0.999769	-0.474548	
560	1.000691	-0.000769	5.899292	0.000769	1.000691	-1.443787	
561	1.000691	-0.000769	5.899292	0.000769	1.000691	-1.443787	
562	1.000095	-0.000484	5.973572	0.000484	1.000095	-0.692505	
563	0.999282	0.000559	5.420105	-0.000559	0.999282	0.726868	
564	1.000831	-0.000235	6.204529	0.000235	1.000831	-1.101440	
565	0.998416	-0.001004	7.520752	0.001004	0.998416	0.476868	
566	0.997898	-0.000226	12.567444	0.000226	0.997898	1.312012	
567	0.999185	0.000751	5.405151	-0.000751	0.999185	1.044006	
568	0.999384	0.000933	5.198425	-0.000933	0.999384	0.957825	
569	1.001522	-0.000665	4.765503	0.000665	1.001522	-1.891907	
570	1.000158	0.000006	4.945190	-0.000006	1.000158	-0.041138	
571	1.000940	0.000075	4.148438	-0.000075	1.000940	-0.867676	
572	1.001580	0.000111	6.692017	-0.000111	1.001580	-1.391785	
573	0.997113	0.000908	7.193542	-0.000908	0.997113	2.856445	
574	1.001765	-0.000235	4.170898	0.000235	1.001765	-2.011047	
575	1.001937	-0.000200	3.523071	0.000200	1.001937	-1.752502	
576	1.000309	0.000069	4.605591	-0.000069	1.000309	-0.506470	
577	1.000309	0.000069	4.605591	-0.000069	1.000309	-0.506470	
578	0.998783	0.000107	0.259583	-0.000107	0.998783	1.267578	
579	0.998783	0.000107	0.259583	-0.000107	0.998783	1.267578	
580	0.999279	0.000408	-0.551697	-0.000408	0.999279	0.794739	
581	0.999279	0.000408	-0.551697	-0.000408	0.999279	0.794739	
582	0.999279	0.000408	-0.551697	-0.000408	0.999279	0.794739	
583	0.999279	0.000408	-0.551697	-0.000408	0.999279	0.794739	
584	0.999279	0.000408	-0.551697	-0.000408	0.999279	0.794739	
585	0.999279	0.000408	-0.551697	-0.000408	0.999279	0.794739	
586	0.995621	0.002577	-2.277679	-0.002577	0.995621	4.734314	
587	0.995621	0.002577	-2.277679	-0.002577	0.995621	4.734314	
588	0.995621	0.002577	-2.277679	-0.002577	0.995621	4.734314	
589	0.995621	0.002577	-2.277679	-0.002577	0.995621	4.734314	
590	0.998407	-0.000996	1.088043	0.000996	0.998407	1.563965	
591	0.998193	0.000145	-0.225159	-0.000145	0.998193	1.838318	
592	0.998193	0.000145	-0.225159	-0.000145	0.998193	1.838318	
593	1.000192	-0.001024	-1.033508	0.001024	1.000192	-0.898010	
594	0.999372	-0.000141	-0.753296	0.000141	0.999372	0.400757	
595	0.999020	-0.000872	-0.224243	0.000872	0.999020	-0.194763	
596	1.000191	-0.000354	-2.761719	0.000354	1.000191	-0.227417	
597	0.999442	0.000464	-7.298218	-0.000464	0.999442	0.938721	
598	0.999400	-0.000466	-4.325073	0.000466	0.999400	0.142273	
599	0.999484	0.000362	-4.415161	-0.000362	0.999484	0.738708	
600	0.999148	-0.000048	-4.065430	0.000048	0.999148	0.589172	
601	0.999482	-0.000117	-3.689209	0.000117	0.999482	0.164490	
602	0.999598	-0.000322	-8.140137	0.000322	0.999598	0.363342	
603	0.999382	-0.000090	-3.199768	0.000090	0.999382	0.494751	
604	0.999255	0.000072	-2.840759	-0.000072	0.999255	0.917175	
605	1.000768	-0.000224	-3.694275	0.000224	1.000768	-0.843201	
606	1.001024	0.000329	-4.570679	-0.000329	1.001024	-0.515991	
607	1.001997	0.000068	-10.576721	-0.000068	1.001997	-1.497498	
608	1.000677	0.000896	-5.777039	-0.000896	1.000677	0.327942	
609	0.994718	0.003667	-3.524384	-0.003667	0.994718	5.569031	
610	1.002647	0.001156	-7.315582	-0.001156	1.002647	-1.334534	
611	1.002647	0.001156	-7.315582	-0.001156	1.002647	-1.334534	
612	1.002647	0.001156	-7.315582	-0.001156	1.002647	-1.334534	
613	1.002647	0.001156	-7.315582	-0.001156	1.002647	-1.334534	
614	1.002647	0.001156	-7.315582	-0.001156	1.002647	-1.334534	
615	1.001342	0.000782	-5.598572	-0.000782	1.001342	-0.759705	
616	1.001342	0.000782	-5.598572	-0.000782	1.001342	-0.759705	
617	1.001342	0.000782	-5.598572	-0.000782	1.001342	-0.759705	
618	0.999343	0.000759	-1.270813	-0.000759	0.999343	0.762085	
619	0.999166	0.000388	-0.475952	-0.000388	0.999166	0.896729	
620	1.000065	-0.000257	-1.338745	0.000257	1.000065	-0.455872	
621	0.998819	-0.000972	0.918457	0.000972	0.998819	-0.522888	
622	0.998890	0.000078	-2.829346	-0.000078	0.998890	1.639465	
623	0.998828	-0.000200	0.052246	0.000200	0.998828	0.925293	
624	1.001367	-0.000325	-2.204956	0.000325	1.001367	-1.718994	
625	0.996908	0.000406	-0.144470	-0.000406	0.996908	3.110962	
626	0.999808	-0.000150	0.076782	0.000150	0.999808	0.171387	
627	0.999808	-0.000150	0.076782	0.000150	0.999808	0.171387	
628	0.999808	-0.000150	0.076782	0.000150	0.999808	0.171387	
629	0.999808	-0.000150	0.076782	0.000150	0.999808	0.171387	
630	0.999808	-0.000150	0.076782	0.000150	0.999808	0.171387	
631	0.999808	-0.000150	0.076782	0.000150	0.999808	0.171387	
632	0.999808	-0.000150	0.076782	0.000150	0.999808	0.171387	
633	0.999808	-0.000150	0.076782	0.000150	0.999808	0.171387	
634	0.999808	-0.000150	0.076782	0.000150	0.999808	0.171387	
635	0.999808	-0.000150	0.076782	0.000150	0.999808	0.171387	
636	0.999808	-0.000150	0.076782	0.000150	0.999808	0.171387	
637	0.999808	-0.000150	0.076782	0.000150	0.999808	0.171387	
638	0.999808	-0.000150	0.076782	0.000150	0.999808	0.171387	
639	0.999808	-0.000150	0.076782	0.000150	0.999808	0.171387	
640	0.999808	-0.000150	0.076782	0.000150	0.999808	0.171387	
641	0.999808	-0.000150	0.076782	0.000150	0.999808	0.171387	
642	0.999808	-0.000150	0.076782	0.000150	0.999808	0.171387	
643	0.999808	-0.000150	0.076782	0.000150	0.999808	0.171387	
644	0.999808	-0.000150	0.076782	0.000150	0.999808	0.171387	
645	0.999808	-0.000150	0.076782	0.000150	0.999808	0.171387	
646	0.999808	-0.000150	0.076782	0.000150	0.999808	0.171387	
647	1.008332	0.002101	-2.559265	-0.002101	1.008332	-8.333496	
648	1.004822	0.001603	-1.985229	-0.001603	1.004822	-4.507507	
649	1.004794	0.000711	-0.926514	-0.000711	1.004794	-4.646484	
650	1.006349	-0.000473	-0.621094	0.000473	1.006349	-7.155884	
651	1.005865	0.000600	-0.995361	-0.000600	1.005865	-5.974304	
652	1.005865	0.000600	-0.995361	-0.000600	1.005865	-5.974304	
653	1.005865	0.000600	-0.995361	-0.000600	1.005865	-5.974304	
654	1.016660	-0.001465	-6.881470	0.001465	1.016660	-13.844971	
655	1.004795	0.000725	-0.534973	-0.000725	1.004795	-4.804382	
656	1.004795	0.000725	-0.534973	-0.000725	1.004795	-4.804382	
657	1.004795	0.000725	-0.534973	-0.000725	1.004795	-4.804382	
658	1.004795	0.000725	-0.534973	-0.000725	1.004795	-4.804382	
659	1.004795	0.000725	-0.534973	-0.000725	1.004795	-4.804382	
660	1.002604	0.000200	0.075195	-0.000200	1.002604	-3.097473	
661	1.008077	-0.000065	-1.980957	0.000065	1.008077	-7.587219	
662	1.018241	-0.001279	-1.762878	0.001279	1.018241	-17.507080	
663	1.006079	-0.000237	-0.090454	0.000237	1.006079	-6.095764	
664	1.006079	-0.000237	-0.090454	0.000237	1.006079	-6.095764	
665	1.002988	0.000948	-1.317993	-0.000948	1.002988	-3.040894	
666	1.009808	0.003320	-6.164795	-0.003320	1.009808	-5.610718	
667	1.009808	0.003320	-6.164795	-0.003320	1.009808	-5.610718	
668	1.003353	0.006226	-2.402954	-0.006226	1.003353	-0.010254	
669	1.014752	0.006032	-18.809814	-0.006032	1.014752	-5.454102	
670	0.999253	-0.000060	3.201782	0.000060	0.999253	0.657104	
671	1.006269	-0.008683	2.561157	0.008683	1.006269	-13.616211	
672	1.006269	-0.008683	2.561157	0.008683	1.006269	-13.616211	
673	1.006269	-0.008683	2.561157	0.008683	1.006269	-13.616211	
674	1.006269	-0.008683	2.561157	0.008683	1.006269	-13.616211	
675	1.006269	-0.008683	2.561157	0.008683	1.006269	-13.616211	
676	1.006269	-0.008683	2.561157	0.008683	1.006269	-13.616211	
677	1.006269	-0.008683	2.561157	0.008683	1.006269	-13.616211	
678	1.006269	-0.008683	2.561157	0.008683	1.006269	-13.616211	
679	1.006269	-0.008683	2.561157	0.008683	1.006269	-13.616211	
680	0.998536	0.000315	1.692627	-0.000315	0.998536	3.105957	
681	1.002711	-0.001672	0.479370	0.001672	1.002711	-1.804810	
682	0.999479	-0.002734	3.006348	0.002734	0.999479	0.120300	
683	1.000613	-0.001077	1.119263	0.001077	1.000613	-0.714600	
684	0.998864	-0.002098	6.684082	0.002098	0.998864	-0.709961	
685	0.999741	0.000269	2.799927	-0.000269	0.999741	1.386047	
686	0.999365	0.000235	3.001465	-0.000235	0.999365	1.591980	
687	0.997468	0.000800	5.375122	-0.000800	0.997468	4.373352	
688	0.998793	0.000015	2.262695	-0.000015	0.998793	1.875977	
689	0.999877	-0.000529	3.023560	0.000529	0.999877	1.111938	
690	1.001954	0.000576	-0.277100	-0.000576	1.001954	0.625488	
691	1.001411	-0.000414	3.734192	0.000414	1.001411	-0.000854	
692	1.001411	-0.000414	3.734192	0.000414	1.001411	-0.000854	
693	1.000940	-0.000157	2.834167	0.000157	1.000940	1.440674	
694	1.000184	0.000363	3.927856	-0.000363	1.000184	2.127014	
695	1.001235	-0.000551	2.982788	0.000551	1.001235	0.046875	
696	1.000483	0.000075	1.906738	-0.000075	1.000483	1.361572	
697	1.004483	-0.003375	-0.609375	0.003375	1.004483	-6.908142	
698	1.000301	0.000174	1.706421	-0.000174	1.000301	0.894836	
699	1.001417	-0.002641	1.779053	0.002641	1.001417	-4.312622	
700	1.000230	0.000408	0.995117	-0.000408	1.000230	0.919128	
701	0.999832	-0.000382	-0.210205	0.000382	0.999832	0.718994	
702	0.999480	0.001600	-2.176880	-0.001600	0.999480	3.418335	
703	0.999651	0.000338	-1.550781	-0.000338	0.999651	1.358582	
704	0.998937	0.000413	-0.539795	-0.000413	0.998937	1.831238	
705	0.998661	-0.000177	-0.452271	0.000177	0.998661	1.429016	
706	0.999106	0.000133	-0.828369	-0.000133	0.999106	1.402710	
707	0.999340	0.001136	-1.538086	-0.001136	0.999340	2.447083	
708	0.999867	0.000424	-0.894897	-0.000424	0.999867	1.282166	
709	0.999661	-0.000218	-0.759644	0.000218	0.999661	0.605530	
710	0.999684	-0.000149	-0.702026	0.000149	0.999684	0.402832	
711	0.999596	0.000918	-0.655151	-0.000918	0.999596	2.014465	
712	0.999195	-0.000007	-0.724609	0.000007	0.999195	1.111755	
713	0.999678	-0.000241	-0.576904	0.000241	0.999678	0.218445	
714	0.999803	0.000388	-0.771362	-0.000388	0.999803	0.664062	
715	0.999765	0.000163	-0.615234	-0.000163	0.999765	0.314514	
716	0.999705	-0.000108	-0.752808	0.000108	0.999705	0.340332	
717	0.999436	0.000462	-2.642944	-0.000462	0.999436	0.985413	
718	0.999492	0.000606	-1.733765	-0.000606	0.999492	1.275696	
719	1.000494	-0.001484	-1.976685	0.001484	1.000494	-2.552368	
720	0.999742	0.000389	-1.854858	-0.000389	0.999742	1.084412	
721	0.999817	0.000065	-1.580200	-0.000065	0.999817	0.628418	
722	0.999752	-0.000160	-2.477295	0.000160	0.999752	0.540039	
723	0.999932	0.000080	-1.264526	-0.000080	0.999932	0.274353	
724	0.999946	0.000145	-1.455200	-0.000145	0.999946	0.517273	
725	0.998877	0.001374	-0.353882	-0.001374	0.998877	2.746033	
726	0.999971	-0.000329	-2.338623	0.000329	0.999971	-0.179688	
727	0.996780	-0.000041	0.528687	0.000041	0.996780	2.137329	
728	0.999911	0.000241	-1.951660	-0.000241	0.999911	0.265686	
729	1.000147	0.000004	-3.009277	-0.000004	1.000147	-0.087219	
730	1.000176	0.000106	-3.148682	-0.000106	1.000176	-0.230042	
731	1.000088	-0.000195	-2.607178	0.000195	1.000088	-0.642395	
732	1.000088	-0.000195	-2.607178	0.000195	1.000088	-0.642395	
733	1.000248	-0.000494	0.101440	0.000494	1.000248	-0.932251	
734	1.000237	-0.000292	0.371216	0.000292	1.000237	-0.512939	
735	1.000224	-0.000199	0.570984	0.000199	1.000224	-0.484802	
736	1.000174	-0.000111	0.982056	0.000111	1.000174	-0.524780	
737	1.000063	-0.000083	0.973267	0.000083	1.000063	-0.392029	
738	1.000019	-0.000295	1.820862	0.000295	1.000019	-0.671814	
739	1.000104	-0.000017	0.707581	0.000017	1.000104	-0.241028	
740	1.000122	-0.000289	0.794495	0.000289	1.000122	-0.491577	
741	1.000170	-0.000063	0.613037	0.000063	1.000170	-0.565491	
742	1.000001	-0.000059	1.214294	0.000059	1.000001	-0.041504	
743	0.999849	-0.000415	2.036377	0.000415	0.999849	-0.397888	
744	0.999831	-0.000180	1.290588	0.000180	0.999831	-0.106018	
745	0.999705	-0.000201	1.519897	0.000201	0.999705	-0.125305	
746	0.999871	-0.000254	1.888611	0.000254	0.999871	-0.161987	
747	0.999821	-0.000257	2.923279	0.000257	0.999821	-0.441650	
748	0.996987	0.000079	7.278992	-0.000079	0.996987	2.341003	
749	0.999726	-0.000513	3.907288	0.000513	0.999726	-0.225403	
750	0.999726	-0.000513	3.907288	0.000513	0.999726	-0.225403	
751	0.999726	-0.000513	3.907288	0.000513	0.999726	-0.225403	
752	0.999726	-0.000513	3.907288	0.000513	0.999726	-0.225403	
753	0.999726	-0.000513	3.907288	0.000513	0.999726	-0.225403	
754	0.999726	-0.000513	3.907288	0.000513	0.999726	-0.225403	
755	0.996684	0.004912	0.285522	-0.004912	0.996684	7.461182	
756	0.999471	0.001272	-1.175171	-0.001272	0.999471	0.581421	
757	1.000857	0.001368	-1.026855	-0.001368	1.000857	1.105896	
758	0.999777	0.000569	1.985107	-0.000569	0.999777	-0.348694	
759	0.999215	-0.000065	1.677063	0.000065	0.999215	0.219238	
760	1.003715	-0.000149	0.992432	0.000149	1.003715	-2.454956	
761	1.003715	-0.000149	0.992432	0.000149	1.003715	-2.454956	
762	1.003715	-0.000149	0.992432	0.000149	1.003715	-2.454956	
763	1.003715	-0.000149	0.992432	0.000149	1.003715	-2.454956	
764	1.003715	-0.000149	0.992432	0.000149	1.003715	-2.454956	
765	1.003715	-0.000149	0.992432	0.000149	1.003715	-2.454956	
766	1.001571	-0.000125	-0.106201	0.000125	1.001571	-1.770691	
767	0.997632	0.000547	-0.290466	-0.000547	0.997632	2.244568	
768	0.999997	-0.000712	-1.008179	0.000712	0.999997	-1.462891	
769	1.000483	-0.000771	-0.761719	0.000771	1.000483	-0.965088	
770	1.001079	-0.001430	-1.407349	0.001430	1.001079	-2.696167	
771	1.000437	-0.000165	-1.720459	0.000165	1.000437	-0.867737	
772	1.000244	0.000176	-1.539185	-0.000176	1.000244	-0.091614	
773	0.999959	-0.000238	-2.049011	0.000238	0.999959	-0.963501	
774	0.998861	-0.000630	0.274597	0.000630	0.998861	0.480835	
775	1.000481	-0.000690	-0.869629	0.000690	1.000481	-1.179871	
776	1.000721	0.000144	-0.826111	-0.000144	1.000721	-0.512390	
777	0.999483	0.000265	-0.601074	-0.000265	0.999483	0.449951	
778	0.999483	0.000265	-0.601074	-0.000265	0.999483	0.449951	
779	0.999483	0.000265	-0.601074	-0.000265	0.999483	0.449951	
780	0.999284	-0.000113	-0.007874	0.000113	0.999284	0.660950	
781	0.999496	0.000153	-0.240234	-0.000153	0.999496	0.625427	
782	0.999529	0.000276	-0.521606	-0.000276	0.999529	0.813660	
783	0.999529	0.000276	-0.521606	-0.000276	0.999529	0.813660	
784	0.996554	-0.000402	0.724121	0.000402	0.996554	3.210083	
785	0.996554	-0.000402	0.724121	0.000402	0.996554	3.210083	
786	0.996554	-0.000402	0.724121	0.000402	0.996554	3.210083	
787	0.996554	-0.000402	0.724121	0.000402	0.996554	3.210083	
788	0.996554	-0.000402	0.724121	0.000402	0.996554	3.210083	
789	0.996554	-0.000402	0.724121	0.000402	0.996554	3.210083	
790	0.996554	-0.000402	0.724121	0.000402	0.996554	3.210083	
791	0.996554	-0.000402	0.724121	0.000402	0.996554	3.210083	
792	0.999262	-0.000099	0.117004	0.000099	0.999262	0.656372	
793	0.999262	-0.000099	0.117004	0.000099	0.999262	0.656372	
794	0.998570	-0.000179	0.285522	0.000179	0.998570	1.158508	
795	0.999331	-0.000057	0.241516	0.000057	0.999331	0.420349	
796	0.997970	-0.000559	2.158142	0.000559	0.997970	1.008484	
797	0.997375	-0.000528	2.722534	0.000528	0.997375	1.429993	
798	0.998827	0.000241	-0.186646	-0.000241	0.998827	0.771240	
799	0.999985	-0.000040	-0.511536	0.000040	0.999985	-0.150146	
800	0.999879	-0.000463	-0.044373	0.000463	0.999879	-0.393311	
801	0.999774	-0.000203	-0.407043	0.000203	0.999774	-0.226624	
802	0.999594	-0.000025	-0.478943	0.000025	0.999594	0.248291	
803	0.998226	0.000377	-0.317688	-0.000377	0.998226	1.383972	
804	0.999561	-0.000273	-0.385498	0.000273	0.999561	-0.556824	
805	0.999549	0.000204	-0.608643	-0.000204	0.999549	0.196899	
806	0.999745	0.000196	-0.587158	-0.000196	0.999745	0.606384	
807	0.999686	-0.000160	-0.190491	0.000160	0.999686	-0.210327	
808	0.999578	-0.000144	-0.717529	0.000144	0.999578	-0.134338	
809	0.999865	0.000206	-0.479431	-0.000206	0.999865	0.387146	
810	0.999740	0.000130	-0.326233	-0.000130	0.999740	0.445984	
811	0.999756	0.000239	-0.360840	-0.000239	0.999756	0.417358	
812	0.999789	-0.000067	-0.268066	0.000067	0.999789	-0.006409	
813	0.999371	0.000014	-0.291931	-0.000014	0.999371	0.690979	
814	0.999666	0.000060	-0.484802	-0.000060	0.999666	0.273743	
815	0.999706	0.000386	-0.810242	-0.000386	0.999706	0.892090	
816	0.999793	0.000441	-0.944275	-0.000441	0.999793	0.814819	
817	0.999609	0.000154	-0.725830	-0.000154	0.999609	0.734131	
818	0.999088	0.000638	-2.003601	-0.000638	0.999088	1.557739	
819	0.998742	0.000421	-1.710327	-0.000421	0.998742	1.742432	
820	0.999387	0.000246	-3.729126	-0.000246	0.999387	1.403992	
821	0.999889	0.000112	-4.811218	-0.000112	0.999889	0.996948	
822	0.999978	0.000146	-3.874695	-0.000146	0.999978	1.195496	
823	1.000061	-0.000084	-4.754395	0.000084	1.000061	0.756836	
824	0.999706	0.000299	-1.151855	-0.000299	0.999706	0.874573	
825	1.000090	-0.000080	-0.461426	0.000080	1.000090	0.349792	
826	1.000277	-0.000028	0.190125	0.000028	1.000277	-0.023987	
827	1.000290	-0.000174	0.600708	0.000174	1.000290	-0.051270	
828	1.001778	-0.000430	0.496948	0.000430	1.001778	-1.625793	
829	1.000320	-0.000053	1.033020	0.000053	1.000320	-0.060120	
830	1.000419	-0.000026	1.062317	0.000026	1.000419	-0.211670	
831	1.000604	-0.000078	0.774719	0.000078	1.000604	-0.612732	
832	1.000332	-0.000168	1.245422	0.000168	1.000332	-0.196777	
833	0.999542	-0.000498	3.304810	0.000498	0.999542	0.214233	
834	1.000306	-0.000024	1.410400	0.000024	1.000306	-0.059082	
835	1.000626	-0.000268	1.475586	0.000268	1.000626	-0.572510	
836	1.000417	-0.000234	1.441162	0.000234	1.000417	-0.371155	
837	0.999768	-0.000347	2.179016	0.000347	0.999768	-0.190613	
838	0.999449	-0.000056	3.856323	0.000056	0.999449	0.340332	
839	1.000413	-0.000096	1.380432	0.000096	1.000413	-0.339417	
840	1.000185	-0.000264	1.698975	0.000264	1.000185	-0.405334	
841	1.000302	-0.000175	1.630981	0.000175	1.000302	-0.529114	
842	0.999956	-0.000037	2.413635	0.000037	0.999956	-0.266541	
843	1.001636	-0.000617	3.142456	0.000617	1.001636	-2.538086	
844	1.000397	-0.000347	2.743896	0.000347	1.000397	-1.124878	
845	1.000075	-0.000208	3.375793	0.000208	1.000075	-0.820557	
846	1.000187	-0.000228	2.989136	0.000228	1.000187	-0.824036	
847	1.000193	0.000220	2.619507	-0.000220	1.000193	-0.322205	
848	1.000892	-0.000775	3.592041	0.000775	1.000892	-1.978699	
849	1.000243	-0.000172	1.830627	0.000172	1.000243	-0.443848	
850	1.000235	-0.000028	1.584778	0.000028	1.000235	-0.312561	
851	1.000319	-0.000034	1.248535	0.000034	1.000319	-0.297058	
852	1.000360	0.000106	1.407654	-0.000106	1.000360	-0.395630	
853	1.001003	0.000299	1.555969	-0.000299	1.001003	-0.635437	
854	1.000099	0.000369	0.722656	-0.000369	1.000099	0.075256	
855	1.000181	0.000320	0.192749	-0.000320	1.000181	0.046204	
856	1.000069	0.000170	-0.248230	-0.000170	1.000069	-0.167969	
857	0.999956	0.000362	-0.982239	-0.000362	0.999956	0.177307	
858	0.999545	0.000235	-1.060852	-0.000235	0.999545	-0.081848	
859	0.999383	0.000599	-0.506165	-0.000599	0.999383	0.643921	
860	0.998876	0.000290	0.093628	-0.000290	0.998876	0.768982	
861	0.998569	0.000127	0.406738	-0.000127	0.998569	1.367798	
862	1.000012	-0.000050	-0.101990	0.000050	1.000012	-0.182556	
863	0.998718	0.000185	0.881927	-0.000185	0.998718	0.917786	
864	0.998733	0.000175	0.273407	-0.000175	0.998733	1.106567	
865	0.999690	0.000662	-0.858551	-0.000662	0.999690	0.308044	
866	1.000195	0.000404	-1.345215	-0.000404	1.000195	0.182556	
867	1.001820	0.000797	-2.294556	-0.000797	1.001820	-1.138428	
868	0.992929	0.003251	-3.072845	-0.003251	0.992929	7.509583	
869	0.992929	0.003251	-3.072845	-0.003251	0.992929	7.509583	
870	0.992929	0.003251	-3.072845	-0.003251	0.992929	7.509583	
871	1.000356	0.000055	-0.074951	-0.000055	1.000356	-0.456970	
872	1.000356	0.000055	-0.074951	-0.000055	1.000356	-0.456970	
873	1.000356	0.000055	-0.074951	-0.000055	1.000356	-0.456970	
874	1.001100	0.000145	-1.702576	-0.000145	1.001100	-0.804871	
875	1.001100	0.000145	-1.702576	-0.000145	1.001100	-0.804871	
876	1.001100	0.000145	-1.702576	-0.000145	1.001100	-0.804871	
877	1.001100	0.000145	-1.702576	-0.000145	1.001100	-0.804871	
878	1.001100	0.000145	-1.702576	-0.000145	1.001100	-0.804871	
879	1.001100	0.000145	-1.702576	-0.000145	1.001100	-0.804871	
880	1.001100	0.000145	-1.702576	-0.000145	1.001100	-0.804871	
881	1.001100	0.000145	-1.702576	-0.000145	1.001100	-0.804871	
882	1.001100	0.000145	-1.702576	-0.000145	1.001100	-0.804871	
883	1.001100	0.000145	-1.702576	-0.000145	1.001100	-0.804871	
884	1.001100	0.000145	-1.702576	-0.000145	1.001100	-0.804871	
885	1.001100	0.000145	-1.702576	-0.000145	1.001100	-0.804871	
886	1.001100	0.000145	-1.702576	-0.000145	1.001100	-0.804871	
887	1.001100	0.000145	-1.702576	-0.000145	1.001100	-0.804871	
888	1.001100	0.000145	-1.702576	-0.000145	1.001100	-0.804871	
889	1.001100	0.000145	-1.702576	-0.000145	1.001100	-0.804871	
890	1.001100	0.000145	-1.702576	-0.000145	1.001100	-0.804871	
891	1.001100	0.000145	-1.702576	-0.000145	1.001100	-0.804871	
892	1.001100	0.000145	-1.702576	-0.000145	1.001100	-0.804871	
893	1.001100	0.000145	-1.702576	-0.000145	1.001100	-0.804871	
894	1.001100	0.000145	-1.702576	-0.000145	1.001100	-0.804871	
895	1.001100	0.000145	-1.702576	-0.000145	1.001100	-0.804871	
896	1.001100	0.000145	-1.702576	-0.000145	1.001100	-0.804871	
897	1.001100	0.000145	-1.702576	-0.000145	1.001100	-0.804871	
898	1.001100	0.000145	-1.702576	-0.000145	1.001100	-0.804871	
899	1.001100	0.000145	-1.702576	-0.000145	1.001100	-0.804871	
900	1.001100	0.000145	-1.702576	-0.000145	1.001100	-0.804871	
901	1.001100	0.000145	-1.702576	-0.000145	1.001100	-0.804871	
902	0.999597	-0.000121	0.026489	0.000121	0.999597	0.401367	
903	0.999597	-0.000121	0.026489	0.000121	0.999597	0.401367	
904	0.999597	-0.000121	0.026489	0.000121	0.999597	0.401367	
905	0.999597	-0.000121	0.026489	0.000121	0.999597	0.401367	
906	1.001231	-0.000971	-1.104980	0.000971	1.001231	-2.243774	
907	0.999427	-0.000040	-0.248108	0.000040	0.999427	0.560669	
908	0.999206	0.000059	-0.008606	-0.000059	0.999206	0.739258	
909	0.999206	0.000059	-0.008606	-0.000059	0.999206	0.739258	
910	0.999842	-0.000273	0.216370	0.000273	0.999842	0.177734	
911	0.999842	-0.000273	0.216370	0.000273	0.999842	0.177734	
912	0.999980	0.000044	-0.225952	-0.000044	0.999980	-0.047668	
913	0.999980	0.000044	-0.225952	-0.000044	0.999980	-0.047668	
914	0.999980	0.000044	-0.225952	-0.000044	0.999980	-0.047668	
915	0.999980	0.000044	-0.225952	-0.000044	0.999980	-0.047668	
916	0.999980	0.000044	-0.225952	-0.000044	0.999980	-0.047668	
917	0.999980	0.000044	-0.225952	-0.000044	0.999980	-0.047668	
918	0.999980	0.000044	-0.225952	-0.000044	0.999980	-0.047668	
919	0.999980	0.000044	-0.225952	-0.000044	0.999980	-0.047668	
920	0.999980	0.000044	-0.225952	-0.000044	0.999980	-0.047668	
921	0.999980	0.000044	-0.225952	-0.000044	0.999980	-0.047668	
922	0.999980	0.000044	-0.225952	-0.000044	0.999980	-0.047668	
