0	1.000000	0.000000	0.000000	0.000000	1.000000	0.000000	
1	1.000000	0.000000	0.000000	0.000000	1.000000	0.000000	
2	1.000000	0.000000	0.000000	0.000000	1.000000	0.000000	
3	1.001678	0.000935	-1.768616	-0.000935	1.001678	-1.278442	
4	0.999247	0.000686	-0.454010	-0.000686	0.999247	0.932007	
5	0.999247	0.000686	-0.454010	-0.000686	0.999247	0.932007	
6	0.999247	0.000686	-0.454010	-0.000686	0.999247	0.932007	
7	0.999247	0.000686	-0.454010	-0.000686	0.999247	0.932007	
8	0.998902	-0.000002	0.324463	0.000002	0.998902	1.058228	
9	0.998902	-0.000002	0.324463	0.000002	0.998902	1.058228	
10	0.999512	0.002192	-2.181244	-0.002192	0.999512	1.132874	
11	0.999512	0.002192	-2.181244	-0.002192	0.999512	1.132874	
12	0.999512	0.002192	-2.181244	-0.002192	0.999512	1.132874	
13	0.999512	0.002192	-2.181244	-0.002192	0.999512	1.132874	
14	0.999512	0.002192	-2.181244	-0.002192	0.999512	1.132874	
15	0.999512	0.002192	-2.181244	-0.002192	0.999512	1.132874	
16	0.999512	0.002192	-2.181244	-0.002192	0.999512	1.132874	
17	0.995917	0.001927	-0.762207	-0.001927	0.995917	4.549316	
18	0.997073	0.002215	-1.084656	-0.002215	0.997073	3.802673	
19	0.997073	0.002215	-1.084656	-0.002215	0.997073	3.802673	
20	0.999457	0.000008	0.326477	-0.000008	0.999457	0.439758	
21	0.999457	0.000008	0.326477	-0.000008	0.999457	0.439758	
22	0.999457	0.000008	0.326477	-0.000008	0.999457	0.439758	
23	0.999457	0.000008	0.326477	-0.000008	0.999457	0.439758	
24	0.999729	0.000365	-0.270142	-0.000365	0.999729	0.407471	
25	0.999729	0.000365	-0.270142	-0.000365	0.999729	0.407471	
26	0.999729	0.000365	-0.270142	-0.000365	0.999729	0.407471	
27	1.000373	0.000239	-0.343567	-0.000239	1.000373	-0.266113	
28	1.000373	0.000239	-0.343567	-0.000239	1.000373	-0.266113	
29	1.000256	0.000753	-0.870544	-0.000753	1.000256	0.022034	
30	1.000256	0.000753	-0.870544	-0.000753	1.000256	0.022034	
31	1.000256	0.000753	-0.870544	-0.000753	1.000256	0.022034	
32	1.000256	0.000753	-0.870544	-0.000753	1.000256	0.022034	
33	1.000256	0.000753	-0.870544	-0.000753	1.000256	0.022034	
34	0.999820	-0.000207	0.227722	0.000207	0.999820	0.056335	
35	0.999820	-0.000207	0.227722	0.000207	0.999820	0.056335	
36	0.998265	0.000716	-0.193726	-0.000716	0.998265	2.019470	
37	0.998265	0.000716	-0.193726	-0.000716	0.998265	2.019470	
38	0.998265	0.000716	-0.193726	-0.000716	0.998265	2.019470	
39	0.998265	0.000716	-0.193726	-0.000716	0.998265	2.019470	
40	0.998265	0.000716	-0.193726	-0.000716	0.998265	2.019470	
41	0.998265	0.000716	-0.193726	-0.000716	0.998265	2.019470	
42	0.998265	0.000716	-0.193726	-0.000716	0.998265	2.019470	
43	0.998265	0.000716	-0.193726	-0.000716	0.998265	2.019470	
44	0.998265	0.000716	-0.193726	-0.000716	0.998265	2.019470	
45	0.998265	0.000716	-0.193726	-0.000716	0.998265	2.019470	
46	0.998265	0.000716	-0.193726	-0.000716	0.998265	2.019470	
47	0.998265	0.000716	-0.193726	-0.000716	0.998265	2.019470	
48	0.998265	0.000716	-0.193726	-0.000716	0.998265	2.019470	
49	0.998265	0.000716	-0.193726	-0.000716	0.998265	2.019470	
50	0.998265	0.000716	-0.193726	-0.000716	0.998265	2.019470	
51	0.998265	0.000716	-0.193726	-0.000716	0.998265	2.019470	
52	0.998265	0.000716	-0.193726	-0.000716	0.998265	2.019470	
53	1.000545	0.000237	-0.438965	-0.000237	1.000545	-0.507324	
54	1.000545	0.000237	-0.438965	-0.000237	1.000545	-0.507324	
55	1.000545	0.000237	-0.438965	-0.000237	1.000545	-0.507324	
56	1.000545	0.000237	-0.438965	-0.000237	1.000545	-0.507324	
57	0.999335	0.000364	-0.094482	-0.000364	0.999335	0.791016	
58	0.999335	0.000364	-0.094482	-0.000364	0.999335	0.791016	
59	0.999335	0.000364	-0.094482	-0.000364	0.999335	0.791016	
60	1.001966	-0.000572	-0.111847	0.000572	1.001966	-2.145020	
61	1.000077	0.000051	-0.197693	-0.000051	1.000077	-0.048096	
62	1.000077	0.000051	-0.197693	-0.000051	1.000077	-0.048096	
63	1.000077	0.000051	-0.197693	-0.000051	1.000077	-0.048096	
64	1.000077	0.000051	-0.197693	-0.000051	1.000077	-0.048096	
65	0.999925	0.000446	-0.443176	-0.000446	0.999925	0.208374	
66	0.999204	0.000491	-0.263489	-0.000491	0.999204	0.994019	
67	0.999204	0.000491	-0.263489	-0.000491	0.999204	0.994019	
68	1.000192	-0.000004	-0.149658	0.000004	1.000192	-0.198364	
69	1.000192	-0.000004	-0.149658	0.000004	1.000192	-0.198364	
70	1.000192	-0.000004	-0.149658	0.000004	1.000192	-0.198364	
71	1.000192	-0.000004	-0.149658	0.000004	1.000192	-0.198364	
72	1.001153	-0.001526	1.039337	0.001526	1.001153	-1.778503	
73	0.999692	-0.000893	0.934326	0.000893	0.999692	0.006470	
74	1.000079	-0.000076	0.001740	0.000076	1.000079	-0.123230	
75	1.000079	-0.000076	0.001740	0.000076	1.000079	-0.123230	
76	1.000079	-0.000076	0.001740	0.000076	1.000079	-0.123230	
77	1.000079	-0.000076	0.001740	0.000076	1.000079	-0.123230	
78	0.998110	0.001256	-0.790771	-0.001256	0.998110	2.221924	
79	0.998110	0.001256	-0.790771	-0.001256	0.998110	2.221924	
80	1.001669	0.001293	-1.900818	-0.001293	1.001669	-1.273376	
81	0.999020	0.001181	-0.849487	-0.001181	0.999020	1.436646	
82	0.999506	0.001095	-0.890564	-0.001095	0.999506	0.988831	
83	0.999506	0.001095	-0.890564	-0.001095	0.999506	0.988831	
84	0.999405	0.000196	-0.034271	-0.000196	0.999405	0.650513	
85	0.999405	0.000196	-0.034271	-0.000196	0.999405	0.650513	
86	0.997274	0.002134	-1.387451	-0.002134	0.997274	3.196045	
87	0.997274	0.002134	-1.387451	-0.002134	0.997274	3.196045	
88	0.998245	-0.000302	0.794495	0.000302	0.998245	1.767639	
89	0.998245	-0.000302	0.794495	0.000302	0.998245	1.767639	
90	1.000277	-0.000164	0.022644	0.000164	1.000277	-0.271729	
91	1.000277	-0.000164	0.022644	0.000164	1.000277	-0.271729	
92	0.999662	0.000277	-0.172882	-0.000277	0.999662	0.475159	
93	0.999662	0.000277	-0.172882	-0.000277	0.999662	0.475159	
94	0.997670	0.001233	-0.176147	-0.001233	0.997670	2.635925	
95	0.999210	0.000467	-0.181854	-0.000467	0.999210	1.011963	
96	0.998704	0.000392	-0.029114	-0.000392	0.998704	1.436340	
97	0.998704	0.000392	-0.029114	-0.000392	0.998704	1.436340	
98	0.998704	0.000392	-0.029114	-0.000392	0.998704	1.436340	
99	0.998704	0.000392	-0.029114	-0.000392	0.998704	1.436340	
100	0.998818	-0.000185	0.553711	0.000185	0.998818	1.138000	
101	0.998818	-0.000185	0.553711	0.000185	0.998818	1.138000	
102	0.999953	0.000491	-0.544067	-0.000491	0.999953	0.245972	
103	0.999953	0.000491	-0.544067	-0.000491	0.999953	0.245972	
104	0.999953	0.000491	-0.544067	-0.000491	0.999953	0.245972	
105	0.999129	0.002118	-1.876770	-0.002118	0.999129	1.675903	
106	0.999129	0.002118	-1.876770	-0.002118	0.999129	1.675903	
107	0.999129	0.002118	-1.876770	-0.002118	0.999129	1.675903	
108	0.999945	-0.000167	0.152710	0.000167	0.999945	-0.009216	
109	0.999154	0.001931	-1.736450	-0.001931	0.999154	1.374023	
110	0.998457	0.000787	-0.253357	-0.000787	0.998457	1.802979	
111	0.998457	0.000787	-0.253357	-0.000787	0.998457	1.802979	
112	0.998457	0.000787	-0.253357	-0.000787	0.998457	1.802979	
113	0.998457	0.000787	-0.253357	-0.000787	0.998457	1.802979	
114	0.999900	-0.000070	0.069275	0.000070	0.999900	0.105530	
115	0.999900	-0.000070	0.069275	0.000070	0.999900	0.105530	
116	1.000306	0.000105	-0.253052	-0.000105	1.000306	-0.267151	
117	1.000152	0.000713	-0.791199	-0.000713	1.000152	0.089661	
118	1.000152	0.000713	-0.791199	-0.000713	1.000152	0.089661	
119	1.000152	0.000713	-0.791199	-0.000713	1.000152	0.089661	
120	0.999346	0.001367	-1.487732	-0.001367	0.999346	1.487305	
121	0.999346	0.001367	-1.487732	-0.001367	0.999346	1.487305	
122	0.999489	0.002866	-2.758545	-0.002866	0.999489	2.089661	
123	0.999489	0.002866	-2.758545	-0.002866	0.999489	2.089661	
124	0.999489	0.002866	-2.758545	-0.002866	0.999489	2.089661	
125	0.997072	-0.001148	2.122955	0.001148	0.997072	2.657288	
126	0.997072	-0.001148	2.122955	0.001148	0.997072	2.657288	
127	0.997904	0.000885	-0.130066	-0.000885	0.997904	2.410217	
128	0.997904	0.000885	-0.130066	-0.000885	0.997904	2.410217	
129	1.000705	-0.000064	-0.094727	0.000064	1.000705	-0.776367	
130	0.999880	0.000313	-0.280518	-0.000313	0.999880	0.185974	
131	0.999880	0.000313	-0.280518	-0.000313	0.999880	0.185974	
132	1.000202	-0.000016	-0.048157	0.000016	1.000202	-0.243042	
133	0.999725	0.000117	-0.072571	-0.000117	0.999725	0.330017	
134	1.003043	0.005702	-6.112549	-0.005702	1.003043	2.851379	
135	1.000820	0.000223	-0.501831	-0.000223	1.000820	-0.747864	
136	1.000011	0.000135	-0.094666	-0.000135	1.000011	0.063171	
137	1.000011	0.000135	-0.094666	-0.000135	1.000011	0.063171	
138	1.001183	0.000031	-0.439514	-0.000031	1.001183	-1.176758	
139	0.999981	-0.001092	1.136230	0.001092	0.999981	-0.336487	
140	0.999981	-0.001092	1.136230	0.001092	0.999981	-0.336487	
141	0.998780	0.000091	0.263184	-0.000091	0.998780	1.262451	
142	0.998780	0.000091	0.263184	-0.000091	0.998780	1.262451	
143	0.998780	0.000091	0.263184	-0.000091	0.998780	1.262451	
144	1.000203	-0.000593	0.545166	0.000593	1.000203	-0.384216	
145	0.999911	0.002121	-2.101013	-0.002121	0.999911	0.933899	
146	0.999911	0.002121	-2.101013	-0.002121	0.999911	0.933899	
147	0.999911	0.002121	-2.101013	-0.002121	0.999911	0.933899	
148	0.997782	0.000005	0.688416	-0.000005	0.997782	2.284058	
149	1.004314	0.000227	-5.223267	-0.000227	1.004314	-2.117981	
150	0.997632	-0.001407	2.215759	0.001407	0.997632	1.957397	
151	0.997632	-0.001407	2.215759	0.001407	0.997632	1.957397	
152	1.006262	-0.002051	-5.259766	0.002051	1.006262	-5.970520	
153	1.005370	0.001893	-7.156433	-0.001893	1.005370	-1.847778	
154	1.005370	0.001893	-7.156433	-0.001893	1.005370	-1.847778	
155	1.005370	0.001893	-7.156433	-0.001893	1.005370	-1.847778	
156	1.005370	0.001893	-7.156433	-0.001893	1.005370	-1.847778	
157	1.004343	0.000166	-5.249512	-0.000166	1.004343	-2.544250	
158	1.004343	0.000166	-5.249512	-0.000166	1.004343	-2.544250	
159	1.004343	0.000166	-5.249512	-0.000166	1.004343	-2.544250	
160	1.005678	-0.000850	-5.674377	0.000850	1.005678	-3.735229	
161	1.005678	-0.000850	-5.674377	0.000850	1.005678	-3.735229	
162	0.997584	0.001326	-0.626953	-0.001326	0.997584	2.879211	
163	0.997584	0.001326	-0.626953	-0.001326	0.997584	2.879211	
164	1.004441	0.001721	-6.855225	-0.001721	1.004441	-0.299622	
165	1.005126	0.000301	-5.919006	-0.000301	1.005126	-2.714722	
166	1.005126	0.000301	-5.919006	-0.000301	1.005126	-2.714722	
167	1.005126	0.000301	-5.919006	-0.000301	1.005126	-2.714722	
168	1.005126	0.000301	-5.919006	-0.000301	1.005126	-2.714722	
169	1.005126	0.000301	-5.919006	-0.000301	1.005126	-2.714722	
170	1.005126	0.000301	-5.919006	-0.000301	1.005126	-2.714722	
171	1.005126	0.000301	-5.919006	-0.000301	1.005126	-2.714722	
172	1.005949	0.006799	-10.486786	-0.006799	1.005949	-1.847778	
173	1.004422	-0.001310	-2.729309	0.001310	1.004422	-3.302490	
174	1.004422	-0.001310	-2.729309	0.001310	1.004422	-3.302490	
175	1.004422	-0.001310	-2.729309	0.001310	1.004422	-3.302490	
176	1.004422	-0.001310	-2.729309	0.001310	1.004422	-3.302490	
177	1.004422	-0.001310	-2.729309	0.001310	1.004422	-3.302490	
178	0.999140	-0.000324	0.575806	0.000324	0.999140	0.826660	
179	0.999140	-0.000324	0.575806	0.000324	0.999140	0.826660	
180	0.999140	-0.000324	0.575806	0.000324	0.999140	0.826660	
181	0.999818	0.000048	-0.057495	-0.000048	0.999818	0.238586	
182	0.999818	0.000048	-0.057495	-0.000048	0.999818	0.238586	
183	0.999818	0.000048	-0.057495	-0.000048	0.999818	0.238586	
184	0.999818	0.000048	-0.057495	-0.000048	0.999818	0.238586	
185	1.005380	-0.000936	-2.581360	0.000936	1.005380	-3.253723	
186	1.001243	0.003154	-3.776459	-0.003154	1.001243	-0.006409	
187	1.001243	0.003154	-3.776459	-0.003154	1.001243	-0.006409	
188	1.001960	0.001516	-2.806274	-0.001516	1.001960	0.774475	
189	1.001960	0.001516	-2.806274	-0.001516	1.001960	0.774475	
190	1.001960	0.001516	-2.806274	-0.001516	1.001960	0.774475	
191	1.001960	0.001516	-2.806274	-0.001516	1.001960	0.774475	
192	1.001960	0.001516	-2.806274	-0.001516	1.001960	0.774475	
193	1.001960	0.001516	-2.806274	-0.001516	1.001960	0.774475	
194	1.001960	0.001516	-2.806274	-0.001516	1.001960	0.774475	
195	1.001960	0.001516	-2.806274	-0.001516	1.001960	0.774475	
196	1.001960	0.001516	-2.806274	-0.001516	1.001960	0.774475	
197	1.006211	-0.003355	2.299072	0.003355	1.006211	-6.659119	
198	1.006211	-0.003355	2.299072	0.003355	1.006211	-6.659119	
199	1.006211	-0.003355	2.299072	0.003355	1.006211	-6.659119	
200	1.006211	-0.003355	2.299072	0.003355	1.006211	-6.659119	
201	1.005601	0.000042	-0.906738	-0.000042	1.005601	-3.332703	
202	1.001443	0.000468	1.595551	-0.000468	1.001443	-0.181213	
203	1.001443	0.000468	1.595551	-0.000468	1.001443	-0.181213	
204	1.003753	0.000889	-1.627014	-0.000889	1.003753	-1.189636	
205	0.999438	0.004096	-4.098602	-0.004096	0.999438	2.298462	
206	1.006180	-0.000576	-3.781616	0.000576	1.006180	-3.991455	
207	1.010513	0.000226	-7.211853	-0.000226	1.010513	-5.442749	
208	1.010513	0.000226	-7.211853	-0.000226	1.010513	-5.442749	
209	1.010513	0.000226	-7.211853	-0.000226	1.010513	-5.442749	
210	1.006072	-0.001923	-2.136230	0.001923	1.006072	-4.992371	
211	1.006072	-0.001923	-2.136230	0.001923	1.006072	-4.992371	
212	1.006072	-0.001923	-2.136230	0.001923	1.006072	-4.992371	
213	1.005285	-0.000496	-1.370972	0.000496	1.005285	-3.135620	
214	1.005633	-0.001085	-2.117218	0.001085	1.005633	-3.689819	
215	1.005633	-0.001085	-2.117218	0.001085	1.005633	-3.689819	
216	1.000875	-0.001627	1.401245	0.001627	1.000875	-1.338928	
217	1.000875	-0.001627	1.401245	0.001627	1.000875	-1.338928	
218	1.002388	-0.000720	0.322388	0.000720	1.002388	-1.952454	
219	1.002388	-0.000720	0.322388	0.000720	1.002388	-1.952454	
220	0.997687	-0.000358	3.691406	0.000358	0.997687	1.211243	
221	1.000273	0.000127	1.530945	-0.000127	1.000273	-0.188232	
222	0.998561	-0.000395	3.614624	0.000395	0.998561	0.351990	
223	0.999762	-0.000511	6.392822	0.000511	0.999762	-0.463684	
224	1.000596	0.000596	2.902802	-0.000596	1.000596	-0.446106	
225	0.999660	0.000723	2.600464	-0.000723	0.999660	0.961914	
226	0.997561	-0.000553	4.120178	0.000553	0.997561	1.341125	
227	0.997561	-0.000553	4.120178	0.000553	0.997561	1.341125	
228	0.997561	-0.000553	4.120178	0.000553	0.997561	1.341125	
229	0.997895	0.000671	4.872070	-0.000671	0.997895	2.636902	
230	0.997895	0.000671	4.872070	-0.000671	0.997895	2.636902	
231	1.000122	-0.000342	5.643005	0.000342	1.000122	-0.858582	
232	0.998477	0.000763	3.553955	-0.000763	0.998477	2.199158	
233	0.998477	0.000763	3.553955	-0.000763	0.998477	2.199158	
234	1.001497	-0.000897	1.190674	0.000897	1.001497	-1.664429	
235	1.001497	-0.000897	1.190674	0.000897	1.001497	-1.664429	
236	1.001497	-0.000897	1.190674	0.000897	1.001497	-1.664429	
237	0.998488	-0.001324	2.446594	0.001324	0.998488	0.990112	
238	1.001250	-0.000303	0.083862	0.000303	1.001250	-1.190247	
239	1.001250	-0.000303	0.083862	0.000303	1.001250	-1.190247	
240	0.998631	-0.000726	1.630859	0.000726	0.998631	0.877930	
241	0.998290	0.000593	1.332703	-0.000593	0.998290	2.028809	
242	0.998375	0.001139	-0.118225	-0.001139	0.998375	1.937500	
243	1.000081	-0.000606	1.931030	0.000606	1.000081	-0.315186	
244	0.999951	-0.000003	1.390564	0.000003	0.999951	-0.175964	
245	1.001174	0.001073	-0.659973	-0.001073	1.001174	0.051392	
246	1.000425	0.000037	0.145935	-0.000037	1.000425	-0.440430	
247	0.997333	-0.004743	6.112793	0.004743	0.997333	0.358948	
248	1.000740	0.000806	-1.067505	-0.000806	1.000740	-0.453064	
249	1.000537	-0.002096	2.310760	0.002096	1.000537	-1.146973	
250	1.000537	-0.002096	2.310760	0.002096	1.000537	-1.146973	
251	1.000537	-0.002096	2.310760	0.002096	1.000537	-1.146973	
252	0.998229	0.000063	2.925476	-0.000063	0.998229	1.696899	
253	0.998590	-0.002561	3.100708	0.002561	0.998590	0.819397	
254	0.998590	-0.002561	3.100708	0.002561	0.998590	0.819397	
255	0.998590	-0.002561	3.100708	0.002561	0.998590	0.819397	
256	1.000126	0.000035	0.085144	-0.000035	1.000126	0.082703	
257	1.000126	0.000035	0.085144	-0.000035	1.000126	0.082703	
258	1.000126	0.000035	0.085144	-0.000035	1.000126	0.082703	
259	0.998571	-0.001265	1.670624	0.001265	0.998571	1.264526	
260	0.998571	-0.001265	1.670624	0.001265	0.998571	1.264526	
261	0.999570	-0.000389	0.545349	0.000389	0.999570	-0.815674	
262	1.000852	-0.000014	-0.522156	0.000014	1.000852	0.271912	
263	1.000852	-0.000014	-0.522156	0.000014	1.000852	0.271912	
264	1.000852	-0.000014	-0.522156	0.000014	1.000852	0.271912	
265	0.999396	0.000712	-0.398102	-0.000712	0.999396	1.074829	
266	0.999259	0.001237	-0.760681	-0.001237	0.999259	0.633423	
267	0.999259	0.001237	-0.760681	-0.001237	0.999259	0.633423	
268	0.999259	0.001237	-0.760681	-0.001237	0.999259	0.633423	
269	0.999450	0.000850	-0.706909	-0.000850	0.999450	0.834778	
270	0.999450	0.000850	-0.706909	-0.000850	0.999450	0.834778	
271	0.999450	0.000850	-0.706909	-0.000850	0.999450	0.834778	
272	0.999450	0.000850	-0.706909	-0.000850	0.999450	0.834778	
273	0.999450	0.000850	-0.706909	-0.000850	0.999450	0.834778	
274	0.999450	0.000850	-0.706909	-0.000850	0.999450	0.834778	
275	0.999450	0.000850	-0.706909	-0.000850	0.999450	0.834778	
276	0.999450	0.000850	-0.706909	-0.000850	0.999450	0.834778	
277	1.000305	0.000553	-0.792999	-0.000553	1.000305	-0.000854	
278	1.000305	0.000553	-0.792999	-0.000553	1.000305	-0.000854	
279	1.000305	0.000553	-0.792999	-0.000553	1.000305	-0.000854	
280	1.000305	0.000553	-0.792999	-0.000553	1.000305	-0.000854	
281	1.000305	0.000553	-0.792999	-0.000553	1.000305	-0.000854	
282	1.000305	0.000553	-0.792999	-0.000553	1.000305	-0.000854	
283	1.000305	0.000553	-0.792999	-0.000553	1.000305	-0.000854	
284	1.000305	0.000553	-0.792999	-0.000553	1.000305	-0.000854	
285	1.000305	0.000553	-0.792999	-0.000553	1.000305	-0.000854	
286	1.000305	0.000553	-0.792999	-0.000553	1.000305	-0.000854	
287	1.000305	0.000553	-0.792999	-0.000553	1.000305	-0.000854	
288	1.000305	0.000553	-0.792999	-0.000553	1.000305	-0.000854	
289	1.000305	0.000553	-0.792999	-0.000553	1.000305	-0.000854	
290	0.999094	0.001485	-1.245300	-0.001485	0.999094	1.423767	
291	0.999094	0.001485	-1.245300	-0.001485	0.999094	1.423767	
292	0.999094	0.001485	-1.245300	-0.001485	0.999094	1.423767	
293	1.000233	-0.000091	-0.005615	0.000091	1.000233	-0.249634	
294	0.999221	0.000612	-0.340393	-0.000612	0.999221	1.011658	
295	0.999221	0.000612	-0.340393	-0.000612	0.999221	1.011658	
296	0.999221	0.000612	-0.340393	-0.000612	0.999221	1.011658	
297	0.999221	0.000612	-0.340393	-0.000612	0.999221	1.011658	
298	0.999221	0.000612	-0.340393	-0.000612	0.999221	1.011658	
299	0.999221	0.000612	-0.340393	-0.000612	0.999221	1.011658	
300	0.999221	0.000612	-0.340393	-0.000612	0.999221	1.011658	
301	0.999221	0.000612	-0.340393	-0.000612	0.999221	1.011658	
302	0.999221	0.000612	-0.340393	-0.000612	0.999221	1.011658	
303	0.999221	0.000612	-0.340393	-0.000612	0.999221	1.011658	
304	0.999221	0.000612	-0.340393	-0.000612	0.999221	1.011658	
305	0.999221	0.000612	-0.340393	-0.000612	0.999221	1.011658	
306	0.999221	0.000612	-0.340393	-0.000612	0.999221	1.011658	
307	0.999221	0.000612	-0.340393	-0.000612	0.999221	1.011658	
308	0.999221	0.000612	-0.340393	-0.000612	0.999221	1.011658	
309	0.999221	0.000612	-0.340393	-0.000612	0.999221	1.011658	
310	0.999874	0.000012	0.082275	-0.000012	0.999874	0.100403	
311	0.999874	0.000012	0.082275	-0.000012	0.999874	0.100403	
312	0.999874	0.000012	0.082275	-0.000012	0.999874	0.100403	
313	0.999874	0.000012	0.082275	-0.000012	0.999874	0.100403	
314	0.999874	0.000012	0.082275	-0.000012	0.999874	0.100403	
315	0.999874	0.000012	0.082275	-0.000012	0.999874	0.100403	
316	0.999874	0.000012	0.082275	-0.000012	0.999874	0.100403	
317	0.999874	0.000012	0.082275	-0.000012	0.999874	0.100403	
318	0.999874	0.000012	0.082275	-0.000012	0.999874	0.100403	
319	0.999874	0.000012	0.082275	-0.000012	0.999874	0.100403	
320	0.999874	0.000012	0.082275	-0.000012	0.999874	0.100403	
321	0.999874	0.000012	0.082275	-0.000012	0.999874	0.100403	
322	0.999874	0.000012	0.082275	-0.000012	0.999874	0.100403	
323	0.999874	0.000012	0.082275	-0.000012	0.999874	0.100403	
324	0.999874	0.000012	0.082275	-0.000012	0.999874	0.100403	
325	0.999874	0.000012	0.082275	-0.000012	0.999874	0.100403	
326	0.999874	0.000012	0.082275	-0.000012	0.999874	0.100403	
327	0.999874	0.000012	0.082275	-0.000012	0.999874	0.100403	
328	0.999874	0.000012	0.082275	-0.000012	0.999874	0.100403	
329	0.999874	0.000012	0.082275	-0.000012	0.999874	0.100403	
330	0.999874	0.000012	0.082275	-0.000012	0.999874	0.100403	
331	0.999874	0.000012	0.082275	-0.000012	0.999874	0.100403	
332	0.999874	0.000012	0.082275	-0.000012	0.999874	0.100403	
333	0.999874	0.000012	0.082275	-0.000012	0.999874	0.100403	
334	0.999874	0.000012	0.082275	-0.000012	0.999874	0.100403	
335	0.999874	0.000012	0.082275	-0.000012	0.999874	0.100403	
336	0.999874	0.000012	0.082275	-0.000012	0.999874	0.100403	
337	0.999874	0.000012	0.082275	-0.000012	0.999874	0.100403	
338	0.999874	0.000012	0.082275	-0.000012	0.999874	0.100403	
339	0.999874	0.000012	0.082275	-0.000012	0.999874	0.100403	
340	0.999874	0.000012	0.082275	-0.000012	0.999874	0.100403	
341	0.999874	0.000012	0.082275	-0.000012	0.999874	0.100403	
342	0.999874	0.000012	0.082275	-0.000012	0.999874	0.100403	
343	0.999874	0.000012	0.082275	-0.000012	0.999874	0.100403	
344	0.999874	0.000012	0.082275	-0.000012	0.999874	0.100403	
345	0.999874	0.000012	0.082275	-0.000012	0.999874	0.100403	
346	0.999874	0.000012	0.082275	-0.000012	0.999874	0.100403	
347	0.999874	0.000012	0.082275	-0.000012	0.999874	0.100403	
348	0.999874	0.000012	0.082275	-0.000012	0.999874	0.100403	
349	0.999874	0.000012	0.082275	-0.000012	0.999874	0.100403	
350	0.999874	0.000012	0.082275	-0.000012	0.999874	0.100403	
351	0.999874	0.000012	0.082275	-0.000012	0.999874	0.100403	
352	0.999874	0.000012	0.082275	-0.000012	0.999874	0.100403	
353	0.999874	0.000012	0.082275	-0.000012	0.999874	0.100403	
354	0.999874	0.000012	0.082275	-0.000012	0.999874	0.100403	
355	0.999874	0.000012	0.082275	-0.000012	0.999874	0.100403	
356	0.999874	0.000012	0.082275	-0.000012	0.999874	0.100403	
357	0.999874	0.000012	0.082275	-0.000012	0.999874	0.100403	
358	0.999874	0.000012	0.082275	-0.000012	0.999874	0.100403	
359	0.999874	0.000012	0.082275	-0.000012	0.999874	0.100403	
360	0.999874	0.000012	0.082275	-0.000012	0.999874	0.100403	
361	0.999874	0.000012	0.082275	-0.000012	0.999874	0.100403	
362	0.999874	0.000012	0.082275	-0.000012	0.999874	0.100403	
363	0.999874	0.000012	0.082275	-0.000012	0.999874	0.100403	
364	0.999874	0.000012	0.082275	-0.000012	0.999874	0.100403	
365	0.999874	0.000012	0.082275	-0.000012	0.999874	0.100403	
366	0.999874	0.000012	0.082275	-0.000012	0.999874	0.100403	
367	0.999874	0.000012	0.082275	-0.000012	0.999874	0.100403	
368	0.999874	0.000012	0.082275	-0.000012	0.999874	0.100403	
369	0.999874	0.000012	0.082275	-0.000012	0.999874	0.100403	
370	0.999874	0.000012	0.082275	-0.000012	0.999874	0.100403	
371	0.999874	0.000012	0.082275	-0.000012	0.999874	0.100403	
372	0.999874	0.000012	0.082275	-0.000012	0.999874	0.100403	
373	0.999874	0.000012	0.082275	-0.000012	0.999874	0.100403	
374	0.999874	0.000012	0.082275	-0.000012	0.999874	0.100403	
375	0.999874	0.000012	0.082275	-0.000012	0.999874	0.100403	
376	0.999874	0.000012	0.082275	-0.000012	0.999874	0.100403	
377	0.999874	0.000012	0.082275	-0.000012	0.999874	0.100403	
378	0.999874	0.000012	0.082275	-0.000012	0.999874	0.100403	
379	0.999874	0.000012	0.082275	-0.000012	0.999874	0.100403	
380	0.999874	0.000012	0.082275	-0.000012	0.999874	0.100403	
381	0.999874	0.000012	0.082275	-0.000012	0.999874	0.100403	
382	0.999874	0.000012	0.082275	-0.000012	0.999874	0.100403	
383	0.999874	0.000012	0.082275	-0.000012	0.999874	0.100403	
384	0.999874	0.000012	0.082275	-0.000012	0.999874	0.100403	
385	0.999874	0.000012	0.082275	-0.000012	0.999874	0.100403	
386	0.999874	0.000012	0.082275	-0.000012	0.999874	0.100403	
387	0.999874	0.000012	0.082275	-0.000012	0.999874	0.100403	
388	0.999874	0.000012	0.082275	-0.000012	0.999874	0.100403	
389	0.999874	0.000012	0.082275	-0.000012	0.999874	0.100403	
390	0.999874	0.000012	0.082275	-0.000012	0.999874	0.100403	
391	0.999874	0.000012	0.082275	-0.000012	0.999874	0.100403	
392	0.999874	0.000012	0.082275	-0.000012	0.999874	0.100403	
393	0.999874	0.000012	0.082275	-0.000012	0.999874	0.100403	
394	0.999874	0.000012	0.082275	-0.000012	0.999874	0.100403	
395	0.999874	0.000012	0.082275	-0.000012	0.999874	0.100403	
396	0.999874	0.000012	0.082275	-0.000012	0.999874	0.100403	
397	0.999874	0.000012	0.082275	-0.000012	0.999874	0.100403	
398	0.999874	0.000012	0.082275	-0.000012	0.999874	0.100403	
399	0.999874	0.000012	0.082275	-0.000012	0.999874	0.100403	
400	0.999874	0.000012	0.082275	-0.000012	0.999874	0.100403	
401	0.999874	0.000012	0.082275	-0.000012	0.999874	0.100403	
402	0.999874	0.000012	0.082275	-0.000012	0.999874	0.100403	
403	0.999874	0.000012	0.082275	-0.000012	0.999874	0.100403	
404	0.999874	0.000012	0.082275	-0.000012	0.999874	0.100403	
405	0.999874	0.000012	0.082275	-0.000012	0.999874	0.100403	
406	0.999874	0.000012	0.082275	-0.000012	0.999874	0.100403	
407	0.999874	0.000012	0.082275	-0.000012	0.999874	0.100403	
408	0.999874	0.000012	0.082275	-0.000012	0.999874	0.100403	
409	0.999874	0.000012	0.082275	-0.000012	0.999874	0.100403	
410	0.999874	0.000012	0.082275	-0.000012	0.999874	0.100403	
411	0.999874	0.000012	0.082275	-0.000012	0.999874	0.100403	
412	0.999874	0.000012	0.082275	-0.000012	0.999874	0.100403	
413	0.999874	0.000012	0.082275	-0.000012	0.999874	0.100403	
414	0.999874	0.000012	0.082275	-0.000012	0.999874	0.100403	
415	0.999874	0.000012	0.082275	-0.000012	0.999874	0.100403	
416	0.999874	0.000012	0.082275	-0.000012	0.999874	0.100403	
417	0.999874	0.000012	0.082275	-0.000012	0.999874	0.100403	
418	0.999874	0.000012	0.082275	-0.000012	0.999874	0.100403	
419	0.999874	0.000012	0.082275	-0.000012	0.999874	0.100403	
420	0.999874	0.000012	0.082275	-0.000012	0.999874	0.100403	
421	0.999874	0.000012	0.082275	-0.000012	0.999874	0.100403	
422	0.999874	0.000012	0.082275	-0.000012	0.999874	0.100403	
423	0.999874	0.000012	0.082275	-0.000012	0.999874	0.100403	
424	0.999874	0.000012	0.082275	-0.000012	0.999874	0.100403	
425	0.999874	0.000012	0.082275	-0.000012	0.999874	0.100403	
426	0.999874	0.000012	0.082275	-0.000012	0.999874	0.100403	
427	0.999874	0.000012	0.082275	-0.000012	0.999874	0.100403	
428	1.000321	-0.007326	16.291321	0.007326	1.000321	-14.167877	
429	1.000321	-0.007326	16.291321	0.007326	1.000321	-14.167877	
430	1.000321	-0.007326	16.291321	0.007326	1.000321	-14.167877	
431	1.000321	-0.007326	16.291321	0.007326	1.000321	-14.167877	
432	1.000321	-0.007326	16.291321	0.007326	1.000321	-14.167877	
433	1.000321	-0.007326	16.291321	0.007326	1.000321	-14.167877	
434	1.000321	-0.007326	16.291321	0.007326	1.000321	-14.167877	
435	1.000321	-0.007326	16.291321	0.007326	1.000321	-14.167877	
436	1.000321	-0.007326	16.291321	0.007326	1.000321	-14.167877	
437	1.000321	-0.007326	16.291321	0.007326	1.000321	-14.167877	
438	1.000321	-0.007326	16.291321	0.007326	1.000321	-14.167877	
439	1.000321	-0.007326	16.291321	0.007326	1.000321	-14.167877	
440	1.000321	-0.007326	16.291321	0.007326	1.000321	-14.167877	
441	1.000321	-0.007326	16.291321	0.007326	1.000321	-14.167877	
442	1.000321	-0.007326	16.291321	0.007326	1.000321	-14.167877	
443	1.000321	-0.007326	16.291321	0.007326	1.000321	-14.167877	
444	1.000321	-0.007326	16.291321	0.007326	1.000321	-14.167877	
445	1.000321	-0.007326	16.291321	0.007326	1.000321	-14.167877	
446	1.000321	-0.007326	16.291321	0.007326	1.000321	-14.167877	
447	1.000321	-0.007326	16.291321	0.007326	1.000321	-14.167877	
448	1.000321	-0.007326	16.291321	0.007326	1.000321	-14.167877	
449	1.000321	-0.007326	16.291321	0.007326	1.000321	-14.167877	
450	1.000321	-0.007326	16.291321	0.007326	1.000321	-14.167877	
451	1.000321	-0.007326	16.291321	0.007326	1.000321	-14.167877	
452	1.000321	-0.007326	16.291321	0.007326	1.000321	-14.167877	
453	1.000321	-0.007326	16.291321	0.007326	1.000321	-14.167877	
454	1.000321	-0.007326	16.291321	0.007326	1.000321	-14.167877	
455	1.000321	-0.007326	16.291321	0.007326	1.000321	-14.167877	
456	1.000321	-0.007326	16.291321	0.007326	1.000321	-14.167877	
457	1.000321	-0.007326	16.291321	0.007326	1.000321	-14.167877	
458	1.000321	-0.007326	16.291321	0.007326	1.000321	-14.167877	
459	1.000321	-0.007326	16.291321	0.007326	1.000321	-14.167877	
460	1.000321	-0.007326	16.291321	0.007326	1.000321	-14.167877	
461	1.000321	-0.007326	16.291321	0.007326	1.000321	-14.167877	
462	1.000321	-0.007326	16.291321	0.007326	1.000321	-14.167877	
463	1.000321	-0.007326	16.291321	0.007326	1.000321	-14.167877	
464	1.000321	-0.007326	16.291321	0.007326	1.000321	-14.167877	
465	1.000321	-0.007326	16.291321	0.007326	1.000321	-14.167877	
466	1.000321	-0.007326	16.291321	0.007326	1.000321	-14.167877	
467	1.000321	-0.007326	16.291321	0.007326	1.000321	-14.167877	
468	1.000321	-0.007326	16.291321	0.007326	1.000321	-14.167877	
469	1.000321	-0.007326	16.291321	0.007326	1.000321	-14.167877	
470	1.000321	-0.007326	16.291321	0.007326	1.000321	-14.167877	
471	1.000321	-0.007326	16.291321	0.007326	1.000321	-14.167877	
472	1.000321	-0.007326	16.291321	0.007326	1.000321	-14.167877	
473	1.000321	-0.007326	16.291321	0.007326	1.000321	-14.167877	
474	1.000321	-0.007326	16.291321	0.007326	1.000321	-14.167877	
475	1.000321	-0.007326	16.291321	0.007326	1.000321	-14.167877	
476	1.000321	-0.007326	16.291321	0.007326	1.000321	-14.167877	
477	1.000321	-0.007326	16.291321	0.007326	1.000321	-14.167877	
478	1.000321	-0.007326	16.291321	0.007326	1.000321	-14.167877	
479	1.000321	-0.007326	16.291321	0.007326	1.000321	-14.167877	
480	1.000321	-0.007326	16.291321	0.007326	1.000321	-14.167877	
481	1.000321	-0.007326	16.291321	0.007326	1.000321	-14.167877	
482	1.000321	-0.007326	16.291321	0.007326	1.000321	-14.167877	
483	1.000321	-0.007326	16.291321	0.007326	1.000321	-14.167877	
484	1.000321	-0.007326	16.291321	0.007326	1.000321	-14.167877	
485	1.000321	-0.007326	16.291321	0.007326	1.000321	-14.167877	
486	1.000321	-0.007326	16.291321	0.007326	1.000321	-14.167877	
487	1.000321	-0.007326	16.291321	0.007326	1.000321	-14.167877	
488	1.000321	-0.007326	16.291321	0.007326	1.000321	-14.167877	
489	1.000321	-0.007326	16.291321	0.007326	1.000321	-14.167877	
490	1.000321	-0.007326	16.291321	0.007326	1.000321	-14.167877	
491	1.000321	-0.007326	16.291321	0.007326	1.000321	-14.167877	
492	1.000321	-0.007326	16.291321	0.007326	1.000321	-14.167877	
493	1.000321	-0.007326	16.291321	0.007326	1.000321	-14.167877	
494	1.000321	-0.007326	16.291321	0.007326	1.000321	-14.167877	
495	1.000321	-0.007326	16.291321	0.007326	1.000321	-14.167877	
496	1.000321	-0.007326	16.291321	0.007326	1.000321	-14.167877	
497	1.000321	-0.007326	16.291321	0.007326	1.000321	-14.167877	
498	1.000321	-0.007326	16.291321	0.007326	1.000321	-14.167877	
499	1.000321	-0.007326	16.291321	0.007326	1.000321	-14.167877	
500	1.000321	-0.007326	16.291321	0.007326	1.000321	-14.167877	
501	1.000321	-0.007326	16.291321	0.007326	1.000321	-14.167877	
502	1.000321	-0.007326	16.291321	0.007326	1.000321	-14.167877	
503	1.000321	-0.007326	16.291321	0.007326	1.000321	-14.167877	
504	1.000321	-0.007326	16.291321	0.007326	1.000321	-14.167877	
505	1.000321	-0.007326	16.291321	0.007326	1.000321	-14.167877	
506	1.000321	-0.007326	16.291321	0.007326	1.000321	-14.167877	
507	1.000321	-0.007326	16.291321	0.007326	1.000321	-14.167877	
508	1.000321	-0.007326	16.291321	0.007326	1.000321	-14.167877	
509	1.000321	-0.007326	16.291321	0.007326	1.000321	-14.167877	
510	1.000321	-0.007326	16.291321	0.007326	1.000321	-14.167877	
511	1.000321	-0.007326	16.291321	0.007326	1.000321	-14.167877	
512	1.000321	-0.007326	16.291321	0.007326	1.000321	-14.167877	
513	1.000321	-0.007326	16.291321	0.007326	1.000321	-14.167877	
514	1.000321	-0.007326	16.291321	0.007326	1.000321	-14.167877	
515	1.000321	-0.007326	16.291321	0.007326	1.000321	-14.167877	
516	1.000321	-0.007326	16.291321	0.007326	1.000321	-14.167877	
517	1.000321	-0.007326	16.291321	0.007326	1.000321	-14.167877	
518	1.000321	-0.007326	16.291321	0.007326	1.000321	-14.167877	
519	1.000321	-0.007326	16.291321	0.007326	1.000321	-14.167877	
520	1.000321	-0.007326	16.291321	0.007326	1.000321	-14.167877	
521	1.000321	-0.007326	16.291321	0.007326	1.000321	-14.167877	
522	1.000321	-0.007326	16.291321	0.007326	1.000321	-14.167877	
523	1.000321	-0.007326	16.291321	0.007326	1.000321	-14.167877	
524	1.000321	-0.007326	16.291321	0.007326	1.000321	-14.167877	
525	1.000321	-0.007326	16.291321	0.007326	1.000321	-14.167877	
526	1.000321	-0.007326	16.291321	0.007326	1.000321	-14.167877	
527	1.000321	-0.007326	16.291321	0.007326	1.000321	-14.167877	
528	1.000321	-0.007326	16.291321	0.007326	1.000321	-14.167877	
529	1.000321	-0.007326	16.291321	0.007326	1.000321	-14.167877	
530	1.000321	-0.007326	16.291321	0.007326	1.000321	-14.167877	
531	1.000321	-0.007326	16.291321	0.007326	1.000321	-14.167877	
532	1.000321	-0.007326	16.291321	0.007326	1.000321	-14.167877	
533	1.000321	-0.007326	16.291321	0.007326	1.000321	-14.167877	
534	0.996604	0.001398	-0.127380	-0.001398	0.996604	3.924500	
535	0.996604	0.001398	-0.127380	-0.001398	0.996604	3.924500	
536	0.996604	0.001398	-0.127380	-0.001398	0.996604	3.924500	
537	0.996604	0.001398	-0.127380	-0.001398	0.996604	3.924500	
538	0.996604	0.001398	-0.127380	-0.001398	0.996604	3.924500	
539	0.996604	0.001398	-0.127380	-0.001398	0.996604	3.924500	
540	0.996604	0.001398	-0.127380	-0.001398	0.996604	3.924500	
541	0.996604	0.001398	-0.127380	-0.001398	0.996604	3.924500	
542	0.996604	0.001398	-0.127380	-0.001398	0.996604	3.924500	
543	0.996604	0.001398	-0.127380	-0.001398	0.996604	3.924500	
544	0.996604	0.001398	-0.127380	-0.001398	0.996604	3.924500	
545	0.996604	0.001398	-0.127380	-0.001398	0.996604	3.924500	
546	0.996604	0.001398	-0.127380	-0.001398	0.996604	3.924500	
547	0.996604	0.001398	-0.127380	-0.001398	0.996604	3.924500	
548	1.010480	0.003148	-29.165863	-0.003148	1.010480	-2.390137	
549	1.010480	0.003148	-29.165863	-0.003148	1.010480	-2.390137	
550	1.010480	0.003148	-29.165863	-0.003148	1.010480	-2.390137	
551	1.010480	0.003148	-29.165863	-0.003148	1.010480	-2.390137	
552	1.010480	0.003148	-29.165863	-0.003148	1.010480	-2.390137	
553	1.010480	0.003148	-29.165863	-0.003148	1.010480	-2.390137	
554	1.010480	0.003148	-29.165863	-0.003148	1.010480	-2.390137	
555	1.010480	0.003148	-29.165863	-0.003148	1.010480	-2.390137	
556	1.010480	0.003148	-29.165863	-0.003148	1.010480	-2.390137	
557	1.010480	0.003148	-29.165863	-0.003148	1.010480	-2.390137	
558	1.010480	0.003148	-29.165863	-0.003148	1.010480	-2.390137	
559	1.010480	0.003148	-29.165863	-0.003148	1.010480	-2.390137	
560	1.010480	0.003148	-29.165863	-0.003148	1.010480	-2.390137	
561	1.010480	0.003148	-29.165863	-0.003148	1.010480	-2.390137	
562	1.010480	0.003148	-29.165863	-0.003148	1.010480	-2.390137	
563	1.010480	0.003148	-29.165863	-0.003148	1.010480	-2.390137	
564	1.010480	0.003148	-29.165863	-0.003148	1.010480	-2.390137	
565	1.010480	0.003148	-29.165863	-0.003148	1.010480	-2.390137	
566	1.010480	0.003148	-29.165863	-0.003148	1.010480	-2.390137	
567	1.010480	0.003148	-29.165863	-0.003148	1.010480	-2.390137	
568	1.010480	0.003148	-29.165863	-0.003148	1.010480	-2.390137	
569	1.010480	0.003148	-29.165863	-0.003148	1.010480	-2.390137	
570	1.010480	0.003148	-29.165863	-0.003148	1.010480	-2.390137	
571	1.010480	0.003148	-29.165863	-0.003148	1.010480	-2.390137	
572	1.010480	0.003148	-29.165863	-0.003148	1.010480	-2.390137	
573	1.010480	0.003148	-29.165863	-0.003148	1.010480	-2.390137	
574	1.010480	0.003148	-29.165863	-0.003148	1.010480	-2.390137	
575	1.010480	0.003148	-29.165863	-0.003148	1.010480	-2.390137	
576	0.997819	0.022727	-17.787476	-0.022727	0.997819	25.218964	
577	0.997819	0.022727	-17.787476	-0.022727	0.997819	25.218964	
578	0.997819	0.022727	-17.787476	-0.022727	0.997819	25.218964	
579	0.997819	0.022727	-17.787476	-0.022727	0.997819	25.218964	
580	0.997819	0.022727	-17.787476	-0.022727	0.997819	25.218964	
581	0.997819	0.022727	-17.787476	-0.022727	0.997819	25.218964	
582	0.997819	0.022727	-17.787476	-0.022727	0.997819	25.218964	
583	0.997819	0.022727	-17.787476	-0.022727	0.997819	25.218964	
584	0.997819	0.022727	-17.787476	-0.022727	0.997819	25.218964	
585	0.997819	0.022727	-17.787476	-0.022727	0.997819	25.218964	
586	0.997819	0.022727	-17.787476	-0.022727	0.997819	25.218964	
587	0.997819	0.022727	-17.787476	-0.022727	0.997819	25.218964	
588	0.997819	0.022727	-17.787476	-0.022727	0.997819	25.218964	
589	0.997819	0.022727	-17.787476	-0.022727	0.997819	25.218964	
590	0.997819	0.022727	-17.787476	-0.022727	0.997819	25.218964	
591	0.997819	0.022727	-17.787476	-0.022727	0.997819	25.218964	
592	0.997819	0.022727	-17.787476	-0.022727	0.997819	25.218964	
593	0.997819	0.022727	-17.787476	-0.022727	0.997819	25.218964	
594	0.997819	0.022727	-17.787476	-0.022727	0.997819	25.218964	
595	0.997819	0.022727	-17.787476	-0.022727	0.997819	25.218964	
596	0.997819	0.022727	-17.787476	-0.022727	0.997819	25.218964	
597	0.997819	0.022727	-17.787476	-0.022727	0.997819	25.218964	
598	0.997819	0.022727	-17.787476	-0.022727	0.997819	25.218964	
599	0.997819	0.022727	-17.787476	-0.022727	0.997819	25.218964	
600	0.992854	-0.007669	-8.297119	0.007669	0.992854	-11.616638	
601	0.992854	-0.007669	-8.297119	0.007669	0.992854	-11.616638	
602	0.992854	-0.007669	-8.297119	0.007669	0.992854	-11.616638	
603	0.992854	-0.007669	-8.297119	0.007669	0.992854	-11.616638	
604	0.992854	-0.007669	-8.297119	0.007669	0.992854	-11.616638	
605	0.999068	0.000906	-0.604675	-0.000906	0.999068	1.255066	
606	0.999068	0.000906	-0.604675	-0.000906	0.999068	1.255066	
607	0.999068	0.000906	-0.604675	-0.000906	0.999068	1.255066	
608	0.999068	0.000906	-0.604675	-0.000906	0.999068	1.255066	
609	0.999068	0.000906	-0.604675	-0.000906	0.999068	1.255066	
610	0.999068	0.000906	-0.604675	-0.000906	0.999068	1.255066	
611	0.999068	0.000906	-0.604675	-0.000906	0.999068	1.255066	
612	0.999068	0.000906	-0.604675	-0.000906	0.999068	1.255066	
613	0.999068	0.000906	-0.604675	-0.000906	0.999068	1.255066	
614	0.997462	0.052927	-30.310669	-0.052927	0.997462	70.528793	
615	0.997462	0.052927	-30.310669	-0.052927	0.997462	70.528793	
616	0.996368	0.014736	-18.718384	-0.014736	0.996368	33.960266	
617	0.996368	0.014736	-18.718384	-0.014736	0.996368	33.960266	
618	0.996368	0.014736	-18.718384	-0.014736	0.996368	33.960266	
619	0.996368	0.014736	-18.718384	-0.014736	0.996368	33.960266	
620	0.996368	0.014736	-18.718384	-0.014736	0.996368	33.960266	
621	0.996368	0.014736	-18.718384	-0.014736	0.996368	33.960266	
622	0.996368	0.014736	-18.718384	-0.014736	0.996368	33.960266	
623	0.996368	0.014736	-18.718384	-0.014736	0.996368	33.960266	
624	0.996368	0.014736	-18.718384	-0.014736	0.996368	33.960266	
625	0.996368	0.014736	-18.718384	-0.014736	0.996368	33.960266	
626	0.996368	0.014736	-18.718384	-0.014736	0.996368	33.960266	
627	0.996368	0.014736	-18.718384	-0.014736	0.996368	33.960266	
628	0.996368	0.014736	-18.718384	-0.014736	0.996368	33.960266	
629	0.996368	0.014736	-18.718384	-0.014736	0.996368	33.960266	
630	0.996368	0.014736	-18.718384	-0.014736	0.996368	33.960266	
631	0.996368	0.014736	-18.718384	-0.014736	0.996368	33.960266	
632	0.996368	0.014736	-18.718384	-0.014736	0.996368	33.960266	
633	0.996368	0.014736	-18.718384	-0.014736	0.996368	33.960266	
634	0.999689	0.000151	-0.054688	-0.000151	0.999689	0.369934	
635	1.000001	0.000002	-0.002075	-0.000002	1.000001	-0.000793	
636	1.000428	0.002311	-2.444305	-0.002311	1.000428	0.293335	
637	1.000428	0.002311	-2.444305	-0.002311	1.000428	0.293335	
638	1.000428	0.002311	-2.444305	-0.002311	1.000428	0.293335	
639	1.000428	0.002311	-2.444305	-0.002311	1.000428	0.293335	
640	1.000428	0.002311	-2.444305	-0.002311	1.000428	0.293335	
641	1.000428	0.002311	-2.444305	-0.002311	1.000428	0.293335	
642	1.000428	0.002311	-2.444305	-0.002311	1.000428	0.293335	
643	1.000428	0.002311	-2.444305	-0.002311	1.000428	0.293335	
644	1.000428	0.002311	-2.444305	-0.002311	1.000428	0.293335	
645	1.000428	0.002311	-2.444305	-0.002311	1.000428	0.293335	
646	1.000428	0.002311	-2.444305	-0.002311	1.000428	0.293335	
647	1.000428	0.002311	-2.444305	-0.002311	1.000428	0.293335	
648	1.000428	0.002311	-2.444305	-0.002311	1.000428	0.293335	
649	1.000428	0.002311	-2.444305	-0.002311	1.000428	0.293335	
650	1.000428	0.002311	-2.444305	-0.002311	1.000428	0.293335	
651	1.000428	0.002311	-2.444305	-0.002311	1.000428	0.293335	
652	1.000428	0.002311	-2.444305	-0.002311	1.000428	0.293335	
653	1.000428	0.002311	-2.444305	-0.002311	1.000428	0.293335	
654	1.000428	0.002311	-2.444305	-0.002311	1.000428	0.293335	
655	1.000428	0.002311	-2.444305	-0.002311	1.000428	0.293335	
656	1.000428	0.002311	-2.444305	-0.002311	1.000428	0.293335	
657	1.000428	0.002311	-2.444305	-0.002311	1.000428	0.293335	
658	1.000428	0.002311	-2.444305	-0.002311	1.000428	0.293335	
659	1.000428	0.002311	-2.444305	-0.002311	1.000428	0.293335	
660	1.000428	0.002311	-2.444305	-0.002311	1.000428	0.293335	
661	1.000428	0.002311	-2.444305	-0.002311	1.000428	0.293335	
662	1.000428	0.002311	-2.444305	-0.002311	1.000428	0.293335	
663	1.000428	0.002311	-2.444305	-0.002311	1.000428	0.293335	
664	1.000428	0.002311	-2.444305	-0.002311	1.000428	0.293335	
665	1.000428	0.002311	-2.444305	-0.002311	1.000428	0.293335	
666	1.000428	0.002311	-2.444305	-0.002311	1.000428	0.293335	
667	1.000428	0.002311	-2.444305	-0.002311	1.000428	0.293335	
668	1.000428	0.002311	-2.444305	-0.002311	1.000428	0.293335	
669	1.000428	0.002311	-2.444305	-0.002311	1.000428	0.293335	
670	1.000428	0.002311	-2.444305	-0.002311	1.000428	0.293335	
671	1.000428	0.002311	-2.444305	-0.002311	1.000428	0.293335	
672	1.000428	0.002311	-2.444305	-0.002311	1.000428	0.293335	
673	1.000428	0.002311	-2.444305	-0.002311	1.000428	0.293335	
674	1.000428	0.002311	-2.444305	-0.002311	1.000428	0.293335	
675	1.000428	0.002311	-2.444305	-0.002311	1.000428	0.293335	
676	1.000428	0.002311	-2.444305	-0.002311	1.000428	0.293335	
677	1.000428	0.002311	-2.444305	-0.002311	1.000428	0.293335	
678	1.000428	0.002311	-2.444305	-0.002311	1.000428	0.293335	
679	1.000428	0.002311	-2.444305	-0.002311	1.000428	0.293335	
680	1.000428	0.002311	-2.444305	-0.002311	1.000428	0.293335	
681	1.000428	0.002311	-2.444305	-0.002311	1.000428	0.293335	
682	1.000428	0.002311	-2.444305	-0.002311	1.000428	0.293335	
683	1.000428	0.002311	-2.444305	-0.002311	1.000428	0.293335	
684	1.000428	0.002311	-2.444305	-0.002311	1.000428	0.293335	
685	1.000428	0.002311	-2.444305	-0.002311	1.000428	0.293335	
686	1.000428	0.002311	-2.444305	-0.002311	1.000428	0.293335	
687	1.000428	0.002311	-2.444305	-0.002311	1.000428	0.293335	
688	1.000428	0.002311	-2.444305	-0.002311	1.000428	0.293335	
689	1.000428	0.002311	-2.444305	-0.002311	1.000428	0.293335	
690	1.000428	0.002311	-2.444305	-0.002311	1.000428	0.293335	
691	1.000428	0.002311	-2.444305	-0.002311	1.000428	0.293335	
692	1.000428	0.002311	-2.444305	-0.002311	1.000428	0.293335	
693	1.000428	0.002311	-2.444305	-0.002311	1.000428	0.293335	
694	1.000428	0.002311	-2.444305	-0.002311	1.000428	0.293335	
695	1.000428	0.002311	-2.444305	-0.002311	1.000428	0.293335	
696	1.000428	0.002311	-2.444305	-0.002311	1.000428	0.293335	
697	1.000428	0.002311	-2.444305	-0.002311	1.000428	0.293335	
698	1.000428	0.002311	-2.444305	-0.002311	1.000428	0.293335	
699	1.000428	0.002311	-2.444305	-0.002311	1.000428	0.293335	
700	1.000428	0.002311	-2.444305	-0.002311	1.000428	0.293335	
701	1.000428	0.002311	-2.444305	-0.002311	1.000428	0.293335	
702	1.000428	0.002311	-2.444305	-0.002311	1.000428	0.293335	
703	1.000428	0.002311	-2.444305	-0.002311	1.000428	0.293335	
704	1.000428	0.002311	-2.444305	-0.002311	1.000428	0.293335	
705	1.000428	0.002311	-2.444305	-0.002311	1.000428	0.293335	
706	1.000428	0.002311	-2.444305	-0.002311	1.000428	0.293335	
707	1.000428	0.002311	-2.444305	-0.002311	1.000428	0.293335	
708	1.000428	0.002311	-2.444305	-0.002311	1.000428	0.293335	
709	1.000428	0.002311	-2.444305	-0.002311	1.000428	0.293335	
710	1.000428	0.002311	-2.444305	-0.002311	1.000428	0.293335	
711	1.000428	0.002311	-2.444305	-0.002311	1.000428	0.293335	
712	1.000428	0.002311	-2.444305	-0.002311	1.000428	0.293335	
713	1.000428	0.002311	-2.444305	-0.002311	1.000428	0.293335	
714	1.000428	0.002311	-2.444305	-0.002311	1.000428	0.293335	
715	1.000428	0.002311	-2.444305	-0.002311	1.000428	0.293335	
716	1.000428	0.002311	-2.444305	-0.002311	1.000428	0.293335	
717	1.000428	0.002311	-2.444305	-0.002311	1.000428	0.293335	
718	1.000428	0.002311	-2.444305	-0.002311	1.000428	0.293335	
719	1.000428	0.002311	-2.444305	-0.002311	1.000428	0.293335	
720	1.000428	0.002311	-2.444305	-0.002311	1.000428	0.293335	
721	1.000428	0.002311	-2.444305	-0.002311	1.000428	0.293335	
722	1.000428	0.002311	-2.444305	-0.002311	1.000428	0.293335	
723	1.000428	0.002311	-2.444305	-0.002311	1.000428	0.293335	
724	1.000428	0.002311	-2.444305	-0.002311	1.000428	0.293335	
725	1.000428	0.002311	-2.444305	-0.002311	1.000428	0.293335	
726	1.000428	0.002311	-2.444305	-0.002311	1.000428	0.293335	
727	1.000428	0.002311	-2.444305	-0.002311	1.000428	0.293335	
728	1.000428	0.002311	-2.444305	-0.002311	1.000428	0.293335	
729	1.000428	0.002311	-2.444305	-0.002311	1.000428	0.293335	
730	1.000428	0.002311	-2.444305	-0.002311	1.000428	0.293335	
731	1.000428	0.002311	-2.444305	-0.002311	1.000428	0.293335	
732	1.000428	0.002311	-2.444305	-0.002311	1.000428	0.293335	
733	1.000428	0.002311	-2.444305	-0.002311	1.000428	0.293335	
734	1.000428	0.002311	-2.444305	-0.002311	1.000428	0.293335	
735	1.000428	0.002311	-2.444305	-0.002311	1.000428	0.293335	
736	1.000778	0.000300	22.787476	-0.000300	1.000778	-4.256210	
737	1.000778	0.000300	22.787476	-0.000300	1.000778	-4.256210	
738	1.000778	0.000300	22.787476	-0.000300	1.000778	-4.256210	
739	1.000778	0.000300	22.787476	-0.000300	1.000778	-4.256210	
740	1.000778	0.000300	22.787476	-0.000300	1.000778	-4.256210	
741	1.000778	0.000300	22.787476	-0.000300	1.000778	-4.256210	
742	1.000778	0.000300	22.787476	-0.000300	1.000778	-4.256210	
743	1.000778	0.000300	22.787476	-0.000300	1.000778	-4.256210	
744	1.000778	0.000300	22.787476	-0.000300	1.000778	-4.256210	
745	1.000778	0.000300	22.787476	-0.000300	1.000778	-4.256210	
746	1.000778	0.000300	22.787476	-0.000300	1.000778	-4.256210	
747	1.000778	0.000300	22.787476	-0.000300	1.000778	-4.256210	
748	1.000778	0.000300	22.787476	-0.000300	1.000778	-4.256210	
749	1.000778	0.000300	22.787476	-0.000300	1.000778	-4.256210	
750	1.000778	0.000300	22.787476	-0.000300	1.000778	-4.256210	
751	1.000778	0.000300	22.787476	-0.000300	1.000778	-4.256210	
752	1.000778	0.000300	22.787476	-0.000300	1.000778	-4.256210	
753	1.000778	0.000300	22.787476	-0.000300	1.000778	-4.256210	
754	1.000778	0.000300	22.787476	-0.000300	1.000778	-4.256210	
755	1.000778	0.000300	22.787476	-0.000300	1.000778	-4.256210	
756	1.000778	0.000300	22.787476	-0.000300	1.000778	-4.256210	
757	1.000778	0.000300	22.787476	-0.000300	1.000778	-4.256210	
758	0.994252	0.002713	28.287354	-0.002713	0.994252	1.368530	
759	0.994252	0.002713	28.287354	-0.002713	0.994252	1.368530	
760	0.994252	0.002713	28.287354	-0.002713	0.994252	1.368530	
761	0.994252	0.002713	28.287354	-0.002713	0.994252	1.368530	
762	0.994252	0.002713	28.287354	-0.002713	0.994252	1.368530	
763	0.994252	0.002713	28.287354	-0.002713	0.994252	1.368530	
764	0.994252	0.002713	28.287354	-0.002713	0.994252	1.368530	
765	0.994252	0.002713	28.287354	-0.002713	0.994252	1.368530	
766	0.994252	0.002713	28.287354	-0.002713	0.994252	1.368530	
767	0.994252	0.002713	28.287354	-0.002713	0.994252	1.368530	
768	0.994252	0.002713	28.287354	-0.002713	0.994252	1.368530	
769	0.994252	0.002713	28.287354	-0.002713	0.994252	1.368530	
770	0.994252	0.002713	28.287354	-0.002713	0.994252	1.368530	
771	0.994252	0.002713	28.287354	-0.002713	0.994252	1.368530	
772	0.994252	0.002713	28.287354	-0.002713	0.994252	1.368530	
773	0.994252	0.002713	28.287354	-0.002713	0.994252	1.368530	
774	0.994252	0.002713	28.287354	-0.002713	0.994252	1.368530	
775	0.994252	0.002713	28.287354	-0.002713	0.994252	1.368530	
776	0.994252	0.002713	28.287354	-0.002713	0.994252	1.368530	
777	0.994252	0.002713	28.287354	-0.002713	0.994252	1.368530	
778	0.994252	0.002713	28.287354	-0.002713	0.994252	1.368530	
779	0.994252	0.002713	28.287354	-0.002713	0.994252	1.368530	
780	0.994252	0.002713	28.287354	-0.002713	0.994252	1.368530	
781	0.994252	0.002713	28.287354	-0.002713	0.994252	1.368530	
782	0.994252	0.002713	28.287354	-0.002713	0.994252	1.368530	
783	0.994252	0.002713	28.287354	-0.002713	0.994252	1.368530	
784	0.994252	0.002713	28.287354	-0.002713	0.994252	1.368530	
785	0.994252	0.002713	28.287354	-0.002713	0.994252	1.368530	
786	1.002469	0.015123	20.291870	-0.015123	1.002469	24.480484	
787	1.002469	0.015123	20.291870	-0.015123	1.002469	24.480484	
788	1.002469	0.015123	20.291870	-0.015123	1.002469	24.480484	
789	1.002469	0.015123	20.291870	-0.015123	1.002469	24.480484	
790	1.002469	0.015123	20.291870	-0.015123	1.002469	24.480484	
791	1.002469	0.015123	20.291870	-0.015123	1.002469	24.480484	
792	1.002469	0.015123	20.291870	-0.015123	1.002469	24.480484	
793	1.002469	0.015123	20.291870	-0.015123	1.002469	24.480484	
794	1.002469	0.015123	20.291870	-0.015123	1.002469	24.480484	
795	1.002469	0.015123	20.291870	-0.015123	1.002469	24.480484	
796	1.002513	0.014884	15.703857	-0.014884	1.002513	19.804199	
797	1.002513	0.014884	15.703857	-0.014884	1.002513	19.804199	
798	1.002513	0.014884	15.703857	-0.014884	1.002513	19.804199	
799	1.002513	0.014884	15.703857	-0.014884	1.002513	19.804199	
800	1.002513	0.014884	15.703857	-0.014884	1.002513	19.804199	
801	1.002513	0.014884	15.703857	-0.014884	1.002513	19.804199	
802	1.002513	0.014884	15.703857	-0.014884	1.002513	19.804199	
803	1.002513	0.014884	15.703857	-0.014884	1.002513	19.804199	
804	1.002513	0.014884	15.703857	-0.014884	1.002513	19.804199	
805	1.002154	0.000570	-1.279785	-0.000570	1.002154	-1.971497	
806	1.002154	0.000570	-1.279785	-0.000570	1.002154	-1.971497	
807	1.002154	0.000570	-1.279785	-0.000570	1.002154	-1.971497	
808	1.002154	0.000570	-1.279785	-0.000570	1.002154	-1.971497	
809	1.002154	0.000570	-1.279785	-0.000570	1.002154	-1.971497	
810	1.002154	0.000570	-1.279785	-0.000570	1.002154	-1.971497	
811	1.002154	0.000570	-1.279785	-0.000570	1.002154	-1.971497	
812	1.002154	0.000570	-1.279785	-0.000570	1.002154	-1.971497	
813	1.002154	0.000570	-1.279785	-0.000570	1.002154	-1.971497	
814	1.002154	0.000570	-1.279785	-0.000570	1.002154	-1.971497	
815	1.002154	0.000570	-1.279785	-0.000570	1.002154	-1.971497	
816	1.002154	0.000570	-1.279785	-0.000570	1.002154	-1.971497	
817	1.002154	0.000570	-1.279785	-0.000570	1.002154	-1.971497	
818	1.002154	0.000570	-1.279785	-0.000570	1.002154	-1.971497	
819	1.002154	0.000570	-1.279785	-0.000570	1.002154	-1.971497	
820	1.002154	0.000570	-1.279785	-0.000570	1.002154	-1.971497	
821	1.002154	0.000570	-1.279785	-0.000570	1.002154	-1.971497	
822	0.990479	0.003970	16.896606	-0.003970	0.990479	-3.427124	
823	0.990479	0.003970	16.896606	-0.003970	0.990479	-3.427124	
824	1.000073	-0.005391	2.582886	0.005391	1.000073	-18.680115	
825	1.006639	-0.003693	-4.907959	0.003693	1.006639	-18.286346	
826	1.005882	-0.017539	2.763306	0.017539	1.005882	-32.283386	
827	1.005882	-0.017539	2.763306	0.017539	1.005882	-32.283386	
828	1.003333	-0.017638	5.203552	0.017638	1.003333	-30.820251	
829	1.001993	-0.013916	4.319336	0.013916	1.001993	-25.089172	
830	1.004203	-0.010556	1.538330	0.010556	1.004203	-22.945679	
831	1.004203	-0.010556	1.538330	0.010556	1.004203	-22.945679	
832	1.002620	-0.009127	5.889038	0.009127	1.002620	-20.387573	
833	0.998354	-0.007101	10.347656	0.007101	0.998354	-16.468323	
834	1.001455	-0.010784	9.478394	0.010784	1.001455	-21.145081	
835	1.001455	-0.010784	9.478394	0.010784	1.001455	-21.145081	
836	1.001455	-0.010784	9.478394	0.010784	1.001455	-21.145081	
837	1.001455	-0.010784	9.478394	0.010784	1.001455	-21.145081	
838	0.995224	-0.007986	15.839478	0.007986	0.995224	-11.707977	
839	0.995224	-0.007986	15.839478	0.007986	0.995224	-11.707977	
840	0.995224	-0.007986	15.839478	0.007986	0.995224	-11.707977	
841	0.988652	-0.001984	19.827637	0.001984	0.988652	-3.029907	
842	0.987578	-0.003080	20.283203	0.003080	0.987578	-6.751312	
843	0.987578	-0.003080	20.283203	0.003080	0.987578	-6.751312	
844	0.987578	-0.003080	20.283203	0.003080	0.987578	-6.751312	
845	0.987578	-0.003080	20.283203	0.003080	0.987578	-6.751312	
846	0.987578	-0.003080	20.283203	0.003080	0.987578	-6.751312	
847	0.987578	-0.003080	20.283203	0.003080	0.987578	-6.751312	
848	0.987578	-0.003080	20.283203	0.003080	0.987578	-6.751312	
849	0.987578	-0.003080	20.283203	0.003080	0.987578	-6.751312	
850	0.987578	-0.003080	20.283203	0.003080	0.987578	-6.751312	
851	0.987578	-0.003080	20.283203	0.003080	0.987578	-6.751312	
852	0.987578	-0.003080	20.283203	0.003080	0.987578	-6.751312	
853	0.987578	-0.003080	20.283203	0.003080	0.987578	-6.751312	
854	0.987578	-0.003080	20.283203	0.003080	0.987578	-6.751312	
855	0.987578	-0.003080	20.283203	0.003080	0.987578	-6.751312	
856	1.007854	-0.013097	12.601257	0.013097	1.007854	-15.052490	
857	1.007854	-0.013097	12.601257	0.013097	1.007854	-15.052490	
858	1.007854	-0.013097	12.601257	0.013097	1.007854	-15.052490	
859	1.007854	-0.013097	12.601257	0.013097	1.007854	-15.052490	
860	1.007854	-0.013097	12.601257	0.013097	1.007854	-15.052490	
861	1.007854	-0.013097	12.601257	0.013097	1.007854	-15.052490	
862	1.007854	-0.013097	12.601257	0.013097	1.007854	-15.052490	
863	1.007854	-0.013097	12.601257	0.013097	1.007854	-15.052490	
864	1.007854	-0.013097	12.601257	0.013097	1.007854	-15.052490	
865	1.007854	-0.013097	12.601257	0.013097	1.007854	-15.052490	
866	1.007854	-0.013097	12.601257	0.013097	1.007854	-15.052490	
867	1.007854	-0.013097	12.601257	0.013097	1.007854	-15.052490	
868	1.007854	-0.013097	12.601257	0.013097	1.007854	-15.052490	
869	1.007854	-0.013097	12.601257	0.013097	1.007854	-15.052490	
870	1.007854	-0.013097	12.601257	0.013097	1.007854	-15.052490	
871	1.007854	-0.013097	12.601257	0.013097	1.007854	-15.052490	
872	1.007854	-0.013097	12.601257	0.013097	1.007854	-15.052490	
873	1.007854	-0.013097	12.601257	0.013097	1.007854	-15.052490	
874	1.007854	-0.013097	12.601257	0.013097	1.007854	-15.052490	
875	1.007854	-0.013097	12.601257	0.013097	1.007854	-15.052490	
876	1.007854	-0.013097	12.601257	0.013097	1.007854	-15.052490	
877	1.007854	-0.013097	12.601257	0.013097	1.007854	-15.052490	
878	1.007854	-0.013097	12.601257	0.013097	1.007854	-15.052490	
879	1.007854	-0.013097	12.601257	0.013097	1.007854	-15.052490	
880	1.007854	-0.013097	12.601257	0.013097	1.007854	-15.052490	
881	1.007854	-0.013097	12.601257	0.013097	1.007854	-15.052490	
882	1.007854	-0.013097	12.601257	0.013097	1.007854	-15.052490	
883	1.007854	-0.013097	12.601257	0.013097	1.007854	-15.052490	
884	1.007854	-0.013097	12.601257	0.013097	1.007854	-15.052490	
885	1.007854	-0.013097	12.601257	0.013097	1.007854	-15.052490	
886	1.007854	-0.013097	12.601257	0.013097	1.007854	-15.052490	
887	1.007854	-0.013097	12.601257	0.013097	1.007854	-15.052490	
888	1.007854	-0.013097	12.601257	0.013097	1.007854	-15.052490	
889	1.007854	-0.013097	12.601257	0.013097	1.007854	-15.052490	
890	1.007854	-0.013097	12.601257	0.013097	1.007854	-15.052490	
891	1.007854	-0.013097	12.601257	0.013097	1.007854	-15.052490	
892	1.007854	-0.013097	12.601257	0.013097	1.007854	-15.052490	
893	1.007854	-0.013097	12.601257	0.013097	1.007854	-15.052490	
894	1.007854	-0.013097	12.601257	0.013097	1.007854	-15.052490	
895	1.007854	-0.013097	12.601257	0.013097	1.007854	-15.052490	
896	1.007854	-0.013097	12.601257	0.013097	1.007854	-15.052490	
897	1.007854	-0.013097	12.601257	0.013097	1.007854	-15.052490	
898	1.007854	-0.013097	12.601257	0.013097	1.007854	-15.052490	
899	1.007854	-0.013097	12.601257	0.013097	1.007854	-15.052490	
900	1.007854	-0.013097	12.601257	0.013097	1.007854	-15.052490	
901	1.007854	-0.013097	12.601257	0.013097	1.007854	-15.052490	
902	1.007854	-0.013097	12.601257	0.013097	1.007854	-15.052490	
903	1.007854	-0.013097	12.601257	0.013097	1.007854	-15.052490	
904	1.007854	-0.013097	12.601257	0.013097	1.007854	-15.052490	
905	1.007854	-0.013097	12.601257	0.013097	1.007854	-15.052490	
906	1.007854	-0.013097	12.601257	0.013097	1.007854	-15.052490	
907	1.007854	-0.013097	12.601257	0.013097	1.007854	-15.052490	
908	1.007854	-0.013097	12.601257	0.013097	1.007854	-15.052490	
909	1.007854	-0.013097	12.601257	0.013097	1.007854	-15.052490	
910	1.007854	-0.013097	12.601257	0.013097	1.007854	-15.052490	
911	1.007854	-0.013097	12.601257	0.013097	1.007854	-15.052490	
912	1.007854	-0.013097	12.601257	0.013097	1.007854	-15.052490	
913	1.007854	-0.013097	12.601257	0.013097	1.007854	-15.052490	
914	1.007854	-0.013097	12.601257	0.013097	1.007854	-15.052490	
915	1.007854	-0.013097	12.601257	0.013097	1.007854	-15.052490	
916	1.007854	-0.013097	12.601257	0.013097	1.007854	-15.052490	
917	1.007854	-0.013097	12.601257	0.013097	1.007854	-15.052490	
918	1.007854	-0.013097	12.601257	0.013097	1.007854	-15.052490	
919	1.007854	-0.013097	12.601257	0.013097	1.007854	-15.052490	
920	1.007854	-0.013097	12.601257	0.013097	1.007854	-15.052490	
921	1.007854	-0.013097	12.601257	0.013097	1.007854	-15.052490	
922	1.007854	-0.013097	12.601257	0.013097	1.007854	-15.052490	
923	1.007854	-0.013097	12.601257	0.013097	1.007854	-15.052490	
924	1.007854	-0.013097	12.601257	0.013097	1.007854	-15.052490	
925	1.007854	-0.013097	12.601257	0.013097	1.007854	-15.052490	
926	1.007854	-0.013097	12.601257	0.013097	1.007854	-15.052490	
927	1.007854	-0.013097	12.601257	0.013097	1.007854	-15.052490	
928	1.007854	-0.013097	12.601257	0.013097	1.007854	-15.052490	
929	1.007854	-0.013097	12.601257	0.013097	1.007854	-15.052490	
930	1.007854	-0.013097	12.601257	0.013097	1.007854	-15.052490	
931	1.007854	-0.013097	12.601257	0.013097	1.007854	-15.052490	
932	1.007854	-0.013097	12.601257	0.013097	1.007854	-15.052490	
933	1.007854	-0.013097	12.601257	0.013097	1.007854	-15.052490	
934	1.007854	-0.013097	12.601257	0.013097	1.007854	-15.052490	
935	1.007854	-0.013097	12.601257	0.013097	1.007854	-15.052490	
936	1.007854	-0.013097	12.601257	0.013097	1.007854	-15.052490	
937	1.007854	-0.013097	12.601257	0.013097	1.007854	-15.052490	
938	1.007854	-0.013097	12.601257	0.013097	1.007854	-15.052490	
939	1.007854	-0.013097	12.601257	0.013097	1.007854	-15.052490	
940	1.007854	-0.013097	12.601257	0.013097	1.007854	-15.052490	
941	1.007854	-0.013097	12.601257	0.013097	1.007854	-15.052490	
942	1.007854	-0.013097	12.601257	0.013097	1.007854	-15.052490	
943	1.007854	-0.013097	12.601257	0.013097	1.007854	-15.052490	
944	1.007854	-0.013097	12.601257	0.013097	1.007854	-15.052490	
945	1.007854	-0.013097	12.601257	0.013097	1.007854	-15.052490	
946	1.007854	-0.013097	12.601257	0.013097	1.007854	-15.052490	
947	1.007854	-0.013097	12.601257	0.013097	1.007854	-15.052490	
948	1.007854	-0.013097	12.601257	0.013097	1.007854	-15.052490	
949	1.007854	-0.013097	12.601257	0.013097	1.007854	-15.052490	
950	1.007854	-0.013097	12.601257	0.013097	1.007854	-15.052490	
951	1.007854	-0.013097	12.601257	0.013097	1.007854	-15.052490	
952	1.007854	-0.013097	12.601257	0.013097	1.007854	-15.052490	
953	1.007854	-0.013097	12.601257	0.013097	1.007854	-15.052490	
954	1.007854	-0.013097	12.601257	0.013097	1.007854	-15.052490	
955	1.007854	-0.013097	12.601257	0.013097	1.007854	-15.052490	
956	1.007854	-0.013097	12.601257	0.013097	1.007854	-15.052490	
957	1.007854	-0.013097	12.601257	0.013097	1.007854	-15.052490	
958	1.007854	-0.013097	12.601257	0.013097	1.007854	-15.052490	
959	1.007854	-0.013097	12.601257	0.013097	1.007854	-15.052490	
960	1.007854	-0.013097	12.601257	0.013097	1.007854	-15.052490	
961	1.007854	-0.013097	12.601257	0.013097	1.007854	-15.052490	
962	1.007854	-0.013097	12.601257	0.013097	1.007854	-15.052490	
963	1.007854	-0.013097	12.601257	0.013097	1.007854	-15.052490	
964	1.007854	-0.013097	12.601257	0.013097	1.007854	-15.052490	
965	1.007854	-0.013097	12.601257	0.013097	1.007854	-15.052490	
966	1.007854	-0.013097	12.601257	0.013097	1.007854	-15.052490	
967	1.007854	-0.013097	12.601257	0.013097	1.007854	-15.052490	
968	1.007854	-0.013097	12.601257	0.013097	1.007854	-15.052490	
969	1.007854	-0.013097	12.601257	0.013097	1.007854	-15.052490	
970	1.007854	-0.013097	12.601257	0.013097	1.007854	-15.052490	
971	1.007854	-0.013097	12.601257	0.013097	1.007854	-15.052490	
972	1.007854	-0.013097	12.601257	0.013097	1.007854	-15.052490	
973	1.007854	-0.013097	12.601257	0.013097	1.007854	-15.052490	
974	1.007854	-0.013097	12.601257	0.013097	1.007854	-15.052490	
975	1.007854	-0.013097	12.601257	0.013097	1.007854	-15.052490	
976	1.007854	-0.013097	12.601257	0.013097	1.007854	-15.052490	
977	1.007854	-0.013097	12.601257	0.013097	1.007854	-15.052490	
978	1.007854	-0.013097	12.601257	0.013097	1.007854	-15.052490	
979	1.007854	-0.013097	12.601257	0.013097	1.007854	-15.052490	
980	1.007854	-0.013097	12.601257	0.013097	1.007854	-15.052490	
981	1.007854	-0.013097	12.601257	0.013097	1.007854	-15.052490	
982	1.007854	-0.013097	12.601257	0.013097	1.007854	-15.052490	
983	1.007854	-0.013097	12.601257	0.013097	1.007854	-15.052490	
984	1.007854	-0.013097	12.601257	0.013097	1.007854	-15.052490	
985	0.997266	0.025191	-18.986450	-0.025191	0.997266	16.046204	
986	0.997266	0.025191	-18.986450	-0.025191	0.997266	16.046204	
987	0.997266	0.025191	-18.986450	-0.025191	0.997266	16.046204	
988	0.997266	0.025191	-18.986450	-0.025191	0.997266	16.046204	
989	0.997266	0.025191	-18.986450	-0.025191	0.997266	16.046204	
990	0.997266	0.025191	-18.986450	-0.025191	0.997266	16.046204	
991	0.997266	0.025191	-18.986450	-0.025191	0.997266	16.046204	
992	0.997266	0.025191	-18.986450	-0.025191	0.997266	16.046204	
993	0.997266	0.025191	-18.986450	-0.025191	0.997266	16.046204	
994	0.997266	0.025191	-18.986450	-0.025191	0.997266	16.046204	
995	0.997266	0.025191	-18.986450	-0.025191	0.997266	16.046204	
996	0.997266	0.025191	-18.986450	-0.025191	0.997266	16.046204	
997	0.997266	0.025191	-18.986450	-0.025191	0.997266	16.046204	
998	0.997266	0.025191	-18.986450	-0.025191	0.997266	16.046204	
999	0.997266	0.025191	-18.986450	-0.025191	0.997266	16.046204	
1000	0.997266	0.025191	-18.986450	-0.025191	0.997266	16.046204	
1001	0.997266	0.025191	-18.986450	-0.025191	0.997266	16.046204	
1002	0.997266	0.025191	-18.986450	-0.025191	0.997266	16.046204	
1003	0.997266	0.025191	-18.986450	-0.025191	0.997266	16.046204	
1004	0.997266	0.025191	-18.986450	-0.025191	0.997266	16.046204	
1005	0.997266	0.025191	-18.986450	-0.025191	0.997266	16.046204	
1006	0.997266	0.025191	-18.986450	-0.025191	0.997266	16.046204	
1007	0.997266	0.025191	-18.986450	-0.025191	0.997266	16.046204	
1008	0.997266	0.025191	-18.986450	-0.025191	0.997266	16.046204	
1009	0.997266	0.025191	-18.986450	-0.025191	0.997266	16.046204	
1010	0.997266	0.025191	-18.986450	-0.025191	0.997266	16.046204	
1011	0.997266	0.025191	-18.986450	-0.025191	0.997266	16.046204	
1012	0.997266	0.025191	-18.986450	-0.025191	0.997266	16.046204	
1013	0.997266	0.025191	-18.986450	-0.025191	0.997266	16.046204	
1014	0.997266	0.025191	-18.986450	-0.025191	0.997266	16.046204	
1015	0.997266	0.025191	-18.986450	-0.025191	0.997266	16.046204	
1016	0.997266	0.025191	-18.986450	-0.025191	0.997266	16.046204	
1017	0.997266	0.025191	-18.986450	-0.025191	0.997266	16.046204	
1018	0.997266	0.025191	-18.986450	-0.025191	0.997266	16.046204	
1019	0.997266	0.025191	-18.986450	-0.025191	0.997266	16.046204	
1020	0.997266	0.025191	-18.986450	-0.025191	0.997266	16.046204	
1021	0.997266	0.025191	-18.986450	-0.025191	0.997266	16.046204	
1022	0.997266	0.025191	-18.986450	-0.025191	0.997266	16.046204	
1023	0.997266	0.025191	-18.986450	-0.025191	0.997266	16.046204	
1024	0.997266	0.025191	-18.986450	-0.025191	0.997266	16.046204	
1025	0.997266	0.025191	-18.986450	-0.025191	0.997266	16.046204	
1026	0.997266	0.025191	-18.986450	-0.025191	0.997266	16.046204	
1027	0.997266	0.025191	-18.986450	-0.025191	0.997266	16.046204	
1028	0.997266	0.025191	-18.986450	-0.025191	0.997266	16.046204	
1029	0.997266	0.025191	-18.986450	-0.025191	0.997266	16.046204	
1030	0.997266	0.025191	-18.986450	-0.025191	0.997266	16.046204	
1031	0.997266	0.025191	-18.986450	-0.025191	0.997266	16.046204	
1032	0.997266	0.025191	-18.986450	-0.025191	0.997266	16.046204	
1033	0.997266	0.025191	-18.986450	-0.025191	0.997266	16.046204	
1034	0.997266	0.025191	-18.986450	-0.025191	0.997266	16.046204	
1035	0.997266	0.025191	-18.986450	-0.025191	0.997266	16.046204	
1036	0.997266	0.025191	-18.986450	-0.025191	0.997266	16.046204	
1037	0.997266	0.025191	-18.986450	-0.025191	0.997266	16.046204	
1038	0.997266	0.025191	-18.986450	-0.025191	0.997266	16.046204	
1039	0.997266	0.025191	-18.986450	-0.025191	0.997266	16.046204	
1040	0.997266	0.025191	-18.986450	-0.025191	0.997266	16.046204	
1041	0.997266	0.025191	-18.986450	-0.025191	0.997266	16.046204	
1042	0.997266	0.025191	-18.986450	-0.025191	0.997266	16.046204	
1043	0.997266	0.025191	-18.986450	-0.025191	0.997266	16.046204	
1044	0.997266	0.025191	-18.986450	-0.025191	0.997266	16.046204	
1045	0.997266	0.025191	-18.986450	-0.025191	0.997266	16.046204	
1046	0.997266	0.025191	-18.986450	-0.025191	0.997266	16.046204	
1047	0.997266	0.025191	-18.986450	-0.025191	0.997266	16.046204	
1048	0.997266	0.025191	-18.986450	-0.025191	0.997266	16.046204	
1049	0.997266	0.025191	-18.986450	-0.025191	0.997266	16.046204	
1050	0.997266	0.025191	-18.986450	-0.025191	0.997266	16.046204	
1051	0.997266	0.025191	-18.986450	-0.025191	0.997266	16.046204	
1052	0.997266	0.025191	-18.986450	-0.025191	0.997266	16.046204	
1053	0.997266	0.025191	-18.986450	-0.025191	0.997266	16.046204	
1054	0.997266	0.025191	-18.986450	-0.025191	0.997266	16.046204	
1055	0.997266	0.025191	-18.986450	-0.025191	0.997266	16.046204	
1056	0.997266	0.025191	-18.986450	-0.025191	0.997266	16.046204	
1057	0.997266	0.025191	-18.986450	-0.025191	0.997266	16.046204	
1058	0.997266	0.025191	-18.986450	-0.025191	0.997266	16.046204	
1059	0.997266	0.025191	-18.986450	-0.025191	0.997266	16.046204	
1060	1.000142	-0.000093	0.045746	0.000093	1.000142	-0.172974	
1061	1.000142	-0.000093	0.045746	0.000093	1.000142	-0.172974	
1062	1.000067	0.000012	-0.033173	-0.000012	1.000067	-0.066589	
1063	1.000067	0.000012	-0.033173	-0.000012	1.000067	-0.066589	
1064	0.999964	-0.000041	0.051514	0.000041	0.999964	0.027954	
1065	0.999964	-0.000041	0.051514	0.000041	0.999964	0.027954	
1066	0.998319	-0.001381	1.886688	0.001381	0.998319	1.328308	
1067	0.998319	-0.001381	1.886688	0.001381	0.998319	1.328308	
1068	0.997708	0.001134	-0.503113	-0.001134	0.997708	2.624390	
1069	1.000001	0.000289	-0.288910	-0.000289	1.000001	0.092163	
1070	0.998638	-0.046099	39.916748	0.046099	0.998638	-46.510101	
1071	0.998638	-0.046099	39.916748	0.046099	0.998638	-46.510101	
1072	0.998638	-0.046099	39.916748	0.046099	0.998638	-46.510101	
1073	0.998638	-0.046099	39.916748	0.046099	0.998638	-46.510101	
1074	0.998638	-0.046099	39.916748	0.046099	0.998638	-46.510101	
1075	0.998638	-0.046099	39.916748	0.046099	0.998638	-46.510101	
1076	1.003018	-0.043976	29.671570	0.043976	1.003018	-46.568970	
1077	0.999523	-0.048002	31.259155	0.048002	0.999523	-48.400085	
1078	0.999523	-0.048002	31.259155	0.048002	0.999523	-48.400085	
1079	0.999523	-0.048002	31.259155	0.048002	0.999523	-48.400085	
1080	1.003625	-0.035207	27.769043	0.035207	1.003625	-36.168945	
1081	0.999107	-0.042755	31.692749	0.042755	0.999107	-40.864685	
1082	1.001343	-0.039296	30.223999	0.039296	1.001343	-38.549393	
1083	1.001343	-0.039296	30.223999	0.039296	1.001343	-38.549393	
1084	0.997935	-0.042102	35.347595	0.042102	0.997935	-36.727371	
1085	0.997935	-0.042102	35.347595	0.042102	0.997935	-36.727371	
1086	0.997935	-0.042102	35.347595	0.042102	0.997935	-36.727371	
1087	0.997935	-0.042102	35.347595	0.042102	0.997935	-36.727371	
1088	0.997935	-0.042102	35.347595	0.042102	0.997935	-36.727371	
1089	1.002568	-0.079158	40.399963	0.079158	1.002568	-62.807678	
1090	1.002568	-0.079158	40.399963	0.079158	1.002568	-62.807678	
1091	1.002568	-0.079158	40.399963	0.079158	1.002568	-62.807678	
1092	1.002568	-0.079158	40.399963	0.079158	1.002568	-62.807678	
1093	1.002568	-0.079158	40.399963	0.079158	1.002568	-62.807678	
1094	1.002568	-0.079158	40.399963	0.079158	1.002568	-62.807678	
1095	1.002568	-0.079158	40.399963	0.079158	1.002568	-62.807678	
1096	1.002568	-0.079158	40.399963	0.079158	1.002568	-62.807678	
1097	1.002568	-0.079158	40.399963	0.079158	1.002568	-62.807678	
1098	1.002568	-0.079158	40.399963	0.079158	1.002568	-62.807678	
1099	1.002568	-0.079158	40.399963	0.079158	1.002568	-62.807678	
1100	1.002568	-0.079158	40.399963	0.079158	1.002568	-62.807678	
1101	1.002568	-0.079158	40.399963	0.079158	1.002568	-62.807678	
1102	1.002568	-0.079158	40.399963	0.079158	1.002568	-62.807678	
1103	1.002568	-0.079158	40.399963	0.079158	1.002568	-62.807678	
1104	1.002568	-0.079158	40.399963	0.079158	1.002568	-62.807678	
1105	1.002568	-0.079158	40.399963	0.079158	1.002568	-62.807678	
1106	1.002568	-0.079158	40.399963	0.079158	1.002568	-62.807678	
1107	1.002568	-0.079158	40.399963	0.079158	1.002568	-62.807678	
1108	1.002568	-0.079158	40.399963	0.079158	1.002568	-62.807678	
1109	1.002568	-0.079158	40.399963	0.079158	1.002568	-62.807678	
1110	1.002568	-0.079158	40.399963	0.079158	1.002568	-62.807678	
1111	1.002568	-0.079158	40.399963	0.079158	1.002568	-62.807678	
1112	1.002568	-0.079158	40.399963	0.079158	1.002568	-62.807678	
1113	1.002568	-0.079158	40.399963	0.079158	1.002568	-62.807678	
1114	1.002568	-0.079158	40.399963	0.079158	1.002568	-62.807678	
1115	1.002568	-0.079158	40.399963	0.079158	1.002568	-62.807678	
1116	1.002568	-0.079158	40.399963	0.079158	1.002568	-62.807678	
1117	1.002568	-0.079158	40.399963	0.079158	1.002568	-62.807678	
1118	1.002568	-0.079158	40.399963	0.079158	1.002568	-62.807678	
1119	1.002568	-0.079158	40.399963	0.079158	1.002568	-62.807678	
1120	1.002568	-0.079158	40.399963	0.079158	1.002568	-62.807678	
1121	1.002568	-0.079158	40.399963	0.079158	1.002568	-62.807678	
1122	1.002568	-0.079158	40.399963	0.079158	1.002568	-62.807678	
1123	1.002568	-0.079158	40.399963	0.079158	1.002568	-62.807678	
1124	1.002568	-0.079158	40.399963	0.079158	1.002568	-62.807678	
1125	1.002568	-0.079158	40.399963	0.079158	1.002568	-62.807678	
1126	1.002568	-0.079158	40.399963	0.079158	1.002568	-62.807678	
1127	1.002568	-0.079158	40.399963	0.079158	1.002568	-62.807678	
1128	1.002568	-0.079158	40.399963	0.079158	1.002568	-62.807678	
1129	1.002568	-0.079158	40.399963	0.079158	1.002568	-62.807678	
1130	1.002568	-0.079158	40.399963	0.079158	1.002568	-62.807678	
1131	1.002568	-0.079158	40.399963	0.079158	1.002568	-62.807678	
1132	1.002568	-0.079158	40.399963	0.079158	1.002568	-62.807678	
1133	1.002568	-0.079158	40.399963	0.079158	1.002568	-62.807678	
1134	1.002568	-0.079158	40.399963	0.079158	1.002568	-62.807678	
1135	1.002568	-0.079158	40.399963	0.079158	1.002568	-62.807678	
1136	1.002568	-0.079158	40.399963	0.079158	1.002568	-62.807678	
1137	1.002568	-0.079158	40.399963	0.079158	1.002568	-62.807678	
1138	1.002568	-0.079158	40.399963	0.079158	1.002568	-62.807678	
1139	1.002568	-0.079158	40.399963	0.079158	1.002568	-62.807678	
1140	1.002568	-0.079158	40.399963	0.079158	1.002568	-62.807678	
1141	1.002568	-0.079158	40.399963	0.079158	1.002568	-62.807678	
1142	1.002568	-0.079158	40.399963	0.079158	1.002568	-62.807678	
1143	1.002568	-0.079158	40.399963	0.079158	1.002568	-62.807678	
1144	1.002568	-0.079158	40.399963	0.079158	1.002568	-62.807678	
1145	1.002568	-0.079158	40.399963	0.079158	1.002568	-62.807678	
1146	1.002568	-0.079158	40.399963	0.079158	1.002568	-62.807678	
1147	1.002568	-0.079158	40.399963	0.079158	1.002568	-62.807678	
1148	0.999376	0.000822	-0.663849	-0.000822	0.999376	0.871521	
1149	0.999376	0.000822	-0.663849	-0.000822	0.999376	0.871521	
1150	0.999376	0.000822	-0.663849	-0.000822	0.999376	0.871521	
1151	0.999376	0.000822	-0.663849	-0.000822	0.999376	0.871521	
1152	0.999376	0.000822	-0.663849	-0.000822	0.999376	0.871521	
1153	0.999376	0.000822	-0.663849	-0.000822	0.999376	0.871521	
1154	0.999376	0.000822	-0.663849	-0.000822	0.999376	0.871521	
1155	0.999376	0.000822	-0.663849	-0.000822	0.999376	0.871521	
1156	0.999376	0.000822	-0.663849	-0.000822	0.999376	0.871521	
1157	0.999376	0.000822	-0.663849	-0.000822	0.999376	0.871521	
1158	0.999376	0.000822	-0.663849	-0.000822	0.999376	0.871521	
1159	0.999376	0.000822	-0.663849	-0.000822	0.999376	0.871521	
1160	0.999376	0.000822	-0.663849	-0.000822	0.999376	0.871521	
1161	0.999376	0.000822	-0.663849	-0.000822	0.999376	0.871521	
1162	0.999376	0.000822	-0.663849	-0.000822	0.999376	0.871521	
1163	0.999376	0.000822	-0.663849	-0.000822	0.999376	0.871521	
1164	0.999376	0.000822	-0.663849	-0.000822	0.999376	0.871521	
1165	0.999376	0.000822	-0.663849	-0.000822	0.999376	0.871521	
1166	0.999376	0.000822	-0.663849	-0.000822	0.999376	0.871521	
1167	0.999376	0.000822	-0.663849	-0.000822	0.999376	0.871521	
1168	0.999376	0.000822	-0.663849	-0.000822	0.999376	0.871521	
1169	0.999376	0.000822	-0.663849	-0.000822	0.999376	0.871521	
1170	0.999376	0.000822	-0.663849	-0.000822	0.999376	0.871521	
1171	0.999376	0.000822	-0.663849	-0.000822	0.999376	0.871521	
1172	0.999376	0.000822	-0.663849	-0.000822	0.999376	0.871521	
1173	0.999376	0.000822	-0.663849	-0.000822	0.999376	0.871521	
1174	0.999376	0.000822	-0.663849	-0.000822	0.999376	0.871521	
1175	0.999376	0.000822	-0.663849	-0.000822	0.999376	0.871521	
1176	0.999376	0.000822	-0.663849	-0.000822	0.999376	0.871521	
1177	0.999376	0.000822	-0.663849	-0.000822	0.999376	0.871521	
1178	0.999376	0.000822	-0.663849	-0.000822	0.999376	0.871521	
1179	0.999376	0.000822	-0.663849	-0.000822	0.999376	0.871521	
1180	0.999376	0.000822	-0.663849	-0.000822	0.999376	0.871521	
1181	0.999376	0.000822	-0.663849	-0.000822	0.999376	0.871521	
1182	0.999376	0.000822	-0.663849	-0.000822	0.999376	0.871521	
1183	0.999376	0.000822	-0.663849	-0.000822	0.999376	0.871521	
1184	0.999376	0.000822	-0.663849	-0.000822	0.999376	0.871521	
1185	0.999376	0.000822	-0.663849	-0.000822	0.999376	0.871521	
1186	0.999376	0.000822	-0.663849	-0.000822	0.999376	0.871521	
1187	0.999376	0.000822	-0.663849	-0.000822	0.999376	0.871521	
1188	0.999376	0.000822	-0.663849	-0.000822	0.999376	0.871521	
1189	0.999376	0.000822	-0.663849	-0.000822	0.999376	0.871521	
1190	0.999376	0.000822	-0.663849	-0.000822	0.999376	0.871521	
1191	0.999376	0.000822	-0.663849	-0.000822	0.999376	0.871521	
1192	1.000797	0.001304	-1.527649	-0.001304	1.000797	-0.400513	
1193	1.000797	0.001304	-1.527649	-0.001304	1.000797	-0.400513	
1194	0.998091	0.001917	-1.433075	-0.001917	0.998091	2.448486	
1195	0.998091	0.001917	-1.433075	-0.001917	0.998091	2.448486	
1196	0.998009	-0.000533	-0.238708	0.000533	0.998009	-0.172791	
1197	0.998009	-0.000533	-0.238708	0.000533	0.998009	-0.172791	
1198	0.998009	-0.000533	-0.238708	0.000533	0.998009	-0.172791	
1199	0.997349	-0.000323	1.239380	0.000323	0.997349	2.538452	
1200	0.997349	-0.000323	1.239380	0.000323	0.997349	2.538452	
1201	1.000645	-0.000017	-0.182068	0.000017	1.000645	-0.670410	
1202	1.000645	-0.000017	-0.182068	0.000017	1.000645	-0.670410	
