0	1.000000	0.000000	0.000000	0.000000	1.000000	0.000000	
1	1.001054	0.000065	-1.791748	-0.000065	1.001054	0.681702	
2	1.001732	0.000251	-2.212524	-0.000251	1.001732	0.637695	
3	1.002212	0.000316	-2.125916	-0.000316	1.002212	0.782166	
4	1.002274	-0.000354	-2.054443	0.000354	1.002274	-0.065491	
5	1.002667	0.000128	-2.982849	-0.000128	1.002667	-0.048279	
6	1.003439	0.000362	-3.193848	-0.000362	1.003439	0.076904	
7	1.003185	-0.000036	-2.548767	0.000036	1.003185	0.374878	
8	1.003435	-0.000238	-3.395020	0.000238	1.003435	0.033936	
9	1.004134	-0.000006	-4.287781	0.000006	1.004134	-0.074768	
10	1.005741	-0.000099	-5.420288	0.000099	1.005741	-1.326172	
11	1.005313	-0.000009	-6.026672	0.000009	1.005313	-1.498657	
12	1.004895	0.000278	-5.784546	-0.000278	1.004895	-1.193970	
13	1.009328	0.005749	-13.225647	-0.005749	1.009328	5.319641	
14	1.005674	-0.000496	-6.653381	0.000496	1.005674	-1.338257	
15	1.005894	0.000132	-6.340271	-0.000132	1.005894	-0.432800	
16	1.005994	-0.000584	-5.563599	0.000584	1.005994	-1.512268	
17	1.006256	-0.000958	-7.085815	0.000958	1.006256	-2.472168	
18	1.013182	-0.001334	-14.997375	0.001334	1.013182	-5.409790	
19	1.007084	-0.001160	-6.393494	0.001160	1.007084	-3.045837	
20	1.007720	-0.001310	-7.915588	0.001310	1.007720	-3.216675	
21	1.008465	-0.001205	-8.427490	0.001205	1.008465	-3.554016	
22	1.009321	0.000511	-9.103943	-0.000511	1.009321	-1.667908	
23	1.015750	0.002098	-19.013550	-0.002098	1.015750	-3.047821	
24	1.006878	0.000482	-7.447205	-0.000482	1.006878	-1.496155	
25	1.007285	-0.000425	-7.449219	0.000425	1.007285	-2.069214	
26	1.007587	0.000360	-8.545349	-0.000360	1.007587	-1.829529	
27	1.007228	-0.000413	-7.016296	0.000413	1.007228	-1.569153	
28	1.007228	-0.000413	-7.016296	0.000413	1.007228	-1.569153	
29	1.005219	-0.005729	-3.598328	0.005729	1.005219	-6.533417	
30	1.008960	-0.000712	-8.684204	0.000712	1.008960	-2.892151	
31	1.008960	-0.000712	-8.684204	0.000712	1.008960	-2.892151	
32	1.007714	0.000001	-7.541626	-0.000001	1.007714	-1.910706	
33	1.007714	0.000001	-7.541626	-0.000001	1.007714	-1.910706	
34	1.007714	0.000001	-7.541626	-0.000001	1.007714	-1.910706	
35	1.007714	0.000001	-7.541626	-0.000001	1.007714	-1.910706	
36	1.007714	0.000001	-7.541626	-0.000001	1.007714	-1.910706	
37	1.007714	0.000001	-7.541626	-0.000001	1.007714	-1.910706	
38	1.007714	0.000001	-7.541626	-0.000001	1.007714	-1.910706	
39	1.007714	0.000001	-7.541626	-0.000001	1.007714	-1.910706	
40	1.007714	0.000001	-7.541626	-0.000001	1.007714	-1.910706	
41	1.007714	0.000001	-7.541626	-0.000001	1.007714	-1.910706	
42	1.007714	0.000001	-7.541626	-0.000001	1.007714	-1.910706	
43	1.007714	0.000001	-7.541626	-0.000001	1.007714	-1.910706	
44	0.999386	0.001043	-0.278748	-0.001043	0.999386	0.434357	
45	0.995071	0.015401	-0.726135	-0.015401	0.995071	17.235748	
46	0.995071	0.015401	-0.726135	-0.015401	0.995071	17.235748	
47	1.003317	0.012746	-7.542969	-0.012746	1.003317	14.042450	
48	1.003317	0.012746	-7.542969	-0.012746	1.003317	14.042450	
49	1.001431	0.005034	-4.039124	-0.005034	1.001431	8.681793	
50	1.008504	-0.004251	-7.471191	0.004251	1.008504	-1.993774	
51	1.004455	-0.003283	-2.898010	0.003283	1.004455	0.271759	
52	1.004455	-0.003283	-2.898010	0.003283	1.004455	0.271759	
53	1.004455	-0.003283	-2.898010	0.003283	1.004455	0.271759	
54	0.984330	-0.011685	19.361145	0.011685	0.984330	-7.290222	
55	0.980144	-0.015280	24.557739	0.015280	0.980144	-9.962585	
56	0.980144	-0.015280	24.557739	0.015280	0.980144	-9.962585	
57	0.980144	-0.015280	24.557739	0.015280	0.980144	-9.962585	
58	0.980144	-0.015280	24.557739	0.015280	0.980144	-9.962585	
59	0.980144	-0.015280	24.557739	0.015280	0.980144	-9.962585	
60	0.980144	-0.015280	24.557739	0.015280	0.980144	-9.962585	
61	0.980144	-0.015280	24.557739	0.015280	0.980144	-9.962585	
62	0.980144	-0.015280	24.557739	0.015280	0.980144	-9.962585	
63	0.980144	-0.015280	24.557739	0.015280	0.980144	-9.962585	
64	0.980144	-0.015280	24.557739	0.015280	0.980144	-9.962585	
65	0.980144	-0.015280	24.557739	0.015280	0.980144	-9.962585	
66	0.980144	-0.015280	24.557739	0.015280	0.980144	-9.962585	
67	0.980144	-0.015280	24.557739	0.015280	0.980144	-9.962585	
68	0.980144	-0.015280	24.557739	0.015280	0.980144	-9.962585	
69	0.980144	-0.015280	24.557739	0.015280	0.980144	-9.962585	
70	0.980144	-0.015280	24.557739	0.015280	0.980144	-9.962585	
71	0.980144	-0.015280	24.557739	0.015280	0.980144	-9.962585	
72	0.980144	-0.015280	24.557739	0.015280	0.980144	-9.962585	
73	1.005460	0.017775	-8.998169	-0.017775	1.005460	15.098969	
74	1.005460	0.017775	-8.998169	-0.017775	1.005460	15.098969	
75	1.005460	0.017775	-8.998169	-0.017775	1.005460	15.098969	
76	1.005460	0.017775	-8.998169	-0.017775	1.005460	15.098969	
77	1.005460	0.017775	-8.998169	-0.017775	1.005460	15.098969	
78	1.005460	0.017775	-8.998169	-0.017775	1.005460	15.098969	
79	1.005460	0.017775	-8.998169	-0.017775	1.005460	15.098969	
80	1.005460	0.017775	-8.998169	-0.017775	1.005460	15.098969	
81	1.005460	0.017775	-8.998169	-0.017775	1.005460	15.098969	
82	1.005460	0.017775	-8.998169	-0.017775	1.005460	15.098969	
83	1.002316	0.002037	-5.055359	-0.002037	1.002316	-0.462280	
84	1.002316	0.002037	-5.055359	-0.002037	1.002316	-0.462280	
85	1.002316	0.002037	-5.055359	-0.002037	1.002316	-0.462280	
86	1.002316	0.002037	-5.055359	-0.002037	1.002316	-0.462280	
87	1.002316	0.002037	-5.055359	-0.002037	1.002316	-0.462280	
88	0.997723	0.000175	2.296265	-0.000175	0.997723	2.398743	
89	0.997723	0.000175	2.296265	-0.000175	0.997723	2.398743	
90	0.997723	0.000175	2.296265	-0.000175	0.997723	2.398743	
91	0.998014	0.002667	-0.149902	-0.002667	0.998014	2.197510	
92	0.998014	0.002667	-0.149902	-0.002667	0.998014	2.197510	
93	1.000153	-0.001924	-1.272156	0.001924	1.000153	-3.004852	
94	1.000153	-0.001924	-1.272156	0.001924	1.000153	-3.004852	
95	1.000153	-0.001924	-1.272156	0.001924	1.000153	-3.004852	
96	1.000153	-0.001924	-1.272156	0.001924	1.000153	-3.004852	
97	1.000153	-0.001924	-1.272156	0.001924	1.000153	-3.004852	
98	1.000153	-0.001924	-1.272156	0.001924	1.000153	-3.004852	
99	1.000153	-0.001924	-1.272156	0.001924	1.000153	-3.004852	
100	1.000694	-0.002379	-1.133362	0.002379	1.000694	-0.369995	
101	1.000694	-0.002379	-1.133362	0.002379	1.000694	-0.369995	
102	1.000694	-0.002379	-1.133362	0.002379	1.000694	-0.369995	
103	0.997559	-0.000317	2.013000	0.000317	0.997559	3.385315	
104	0.989130	-0.005174	11.292969	0.005174	0.989130	3.837036	
105	0.998278	0.001714	-0.721191	-0.001714	0.998278	2.429565	
106	0.998046	0.001500	0.993042	-0.001500	0.998046	4.668823	
107	0.995662	0.000352	2.918091	-0.000352	0.995662	4.019501	
108	0.996082	0.000073	3.223389	-0.000073	0.996082	2.471924	
109	0.996082	0.000073	3.223389	-0.000073	0.996082	2.471924	
110	0.996242	0.000583	2.513184	-0.000583	0.996242	3.289368	
111	0.995544	-0.002564	6.368652	0.002564	0.995544	2.570740	
112	0.995544	-0.002564	6.368652	0.002564	0.995544	2.570740	
113	0.995544	-0.002564	6.368652	0.002564	0.995544	2.570740	
114	0.995544	-0.002564	6.368652	0.002564	0.995544	2.570740	
115	0.995544	-0.002564	6.368652	0.002564	0.995544	2.570740	
116	0.995964	0.002042	2.067261	-0.002042	0.995964	4.692078	
117	0.995964	0.002042	2.067261	-0.002042	0.995964	4.692078	
118	0.995964	0.002042	2.067261	-0.002042	0.995964	4.692078	
119	0.995964	0.002042	2.067261	-0.002042	0.995964	4.692078	
120	0.995964	0.002042	2.067261	-0.002042	0.995964	4.692078	
121	0.995964	0.002042	2.067261	-0.002042	0.995964	4.692078	
122	0.995964	0.002042	2.067261	-0.002042	0.995964	4.692078	
123	0.995964	0.002042	2.067261	-0.002042	0.995964	4.692078	
124	0.995964	0.002042	2.067261	-0.002042	0.995964	4.692078	
125	0.991160	0.009932	-5.116333	-0.009932	0.991160	15.316101	
126	0.992672	0.001827	2.594238	-0.001827	0.992672	7.673218	
127	0.993603	-0.001015	4.953003	0.001015	0.993603	2.115051	
128	0.993603	-0.001015	4.953003	0.001015	0.993603	2.115051	
129	0.993603	-0.001015	4.953003	0.001015	0.993603	2.115051	
130	0.993603	-0.001015	4.953003	0.001015	0.993603	2.115051	
131	0.993603	-0.001015	4.953003	0.001015	0.993603	2.115051	
132	0.993603	-0.001015	4.953003	0.001015	0.993603	2.115051	
133	0.993603	-0.001015	4.953003	0.001015	0.993603	2.115051	
134	0.993603	-0.001015	4.953003	0.001015	0.993603	2.115051	
135	0.986330	-0.004206	14.562256	0.004206	0.986330	-0.303772	
136	0.986624	-0.003032	14.141296	0.003032	0.986624	0.520691	
137	0.986366	-0.002599	15.302368	0.002599	0.986366	1.912476	
138	0.988694	-0.001772	12.546875	0.001772	0.988694	2.743530	
139	0.988694	-0.001772	12.546875	0.001772	0.988694	2.743530	
140	0.990027	0.000770	10.571777	-0.000770	0.990027	4.268005	
141	0.991326	-0.001423	9.951355	0.001423	0.991326	0.676392	
142	0.984820	0.001102	13.029175	-0.001102	0.984820	6.951050	
143	0.987257	-0.001605	15.252563	0.001605	0.987257	3.561218	
144	0.987257	-0.001605	15.252563	0.001605	0.987257	3.561218	
145	0.987101	-0.001181	14.926025	0.001181	0.987101	2.948425	
146	0.987275	-0.001950	15.856934	0.001950	0.987275	2.028870	
147	0.990712	-0.004742	15.072449	0.004742	0.990712	-4.655701	
148	0.982269	0.001825	16.503906	-0.001825	0.982269	9.942810	
149	0.980954	0.004938	19.427063	-0.004938	0.980954	15.898499	
150	0.987642	-0.000396	13.768005	0.000396	0.987642	3.898132	
151	0.978347	-0.006833	26.252991	0.006833	0.978347	4.576172	
152	0.978347	-0.006833	26.252991	0.006833	0.978347	4.576172	
153	0.987303	-0.001572	14.825500	0.001572	0.987303	2.107239	
154	0.987303	-0.001572	14.825500	0.001572	0.987303	2.107239	
155	0.987753	-0.002668	13.763916	0.002668	0.987753	-0.249329	
156	0.991543	0.000344	7.795410	-0.000344	0.991543	-1.270325	
157	0.991817	0.001046	6.216797	-0.001046	0.991817	-0.716919	
158	0.991730	-0.003065	9.767395	0.003065	0.991730	-3.271606	
159	0.991730	-0.003065	9.767395	0.003065	0.991730	-3.271606	
160	0.995318	0.003254	1.512451	-0.003254	0.995318	3.210083	
161	0.992397	-0.003363	9.264465	0.003363	0.992397	-1.118286	
162	0.991292	0.001502	7.165588	-0.001502	0.991292	4.598389	
163	0.993010	0.000105	7.151001	-0.000105	0.993010	2.523438	
164	0.982664	0.001550	14.284668	-0.001550	0.982664	5.627350	
165	0.994775	0.000931	4.252808	-0.000931	0.994775	2.663452	
166	0.995078	0.000657	4.633362	-0.000657	0.995078	2.635559	
167	0.995159	0.000071	3.279724	-0.000071	0.995159	1.512085	
168	0.996248	0.001115	2.110291	-0.001115	0.996248	1.263855	
169	0.996105	-0.002120	5.967407	0.002120	0.996105	-3.379211	
170	0.996946	-0.010466	8.293640	0.010466	0.996946	-9.478394	
171	0.996529	0.000716	2.696716	-0.000716	0.996529	1.374695	
172	0.997658	-0.000549	3.008850	0.000549	0.997658	-0.260925	
173	0.994141	-0.000683	6.389221	0.000683	0.994141	2.300415	
174	0.990596	0.000868	9.958252	-0.000868	0.990596	5.593323	
175	0.999306	-0.000120	1.585876	0.000120	0.999306	-0.877747	
176	0.996969	0.000280	2.657715	-0.000280	0.996969	0.749512	
177	1.002466	0.003730	-4.432068	-0.003730	1.002466	-0.136475	
178	0.998590	0.000052	3.080200	-0.000052	0.998590	0.888123	
179	1.005902	0.007787	-11.684387	-0.007787	1.005902	0.178040	
180	1.000717	0.000025	1.252747	-0.000025	1.000717	-0.436951	
181	0.998075	-0.002717	4.716553	0.002717	0.998075	-0.594299	
182	0.997581	-0.002565	3.724060	0.002565	0.997581	-1.476318	
183	1.002217	-0.000996	-0.147278	0.000996	1.002217	-3.352051	
184	0.995118	-0.000108	6.965027	0.000108	0.995118	5.235352	
185	0.998689	-0.001203	1.750366	0.001203	0.998689	-0.242920	
186	1.002156	0.000251	-0.901367	-0.000251	1.002156	-0.591675	
187	0.998763	-0.000415	2.512085	0.000415	0.998763	1.801758	
188	1.002805	0.000097	-3.038147	-0.000097	1.002805	-1.935181	
189	1.002805	0.000097	-3.038147	-0.000097	1.002805	-1.935181	
190	1.010784	0.005751	-13.108276	-0.005751	1.010784	-0.786743	
191	1.009181	0.003371	-11.584900	-0.003371	1.009181	-1.103943	
192	1.007738	0.001381	-9.235413	-0.001381	1.007738	-1.179077	
193	1.007738	0.001381	-9.235413	-0.001381	1.007738	-1.179077	
194	1.007738	0.001381	-9.235413	-0.001381	1.007738	-1.179077	
195	1.007738	0.001381	-9.235413	-0.001381	1.007738	-1.179077	
196	1.007738	0.001381	-9.235413	-0.001381	1.007738	-1.179077	
197	1.007738	0.001381	-9.235413	-0.001381	1.007738	-1.179077	
198	1.007738	0.001381	-9.235413	-0.001381	1.007738	-1.179077	
199	1.007738	0.001381	-9.235413	-0.001381	1.007738	-1.179077	
200	1.007738	0.001381	-9.235413	-0.001381	1.007738	-1.179077	
201	1.007738	0.001381	-9.235413	-0.001381	1.007738	-1.179077	
202	1.007738	0.001381	-9.235413	-0.001381	1.007738	-1.179077	
203	1.007738	0.001381	-9.235413	-0.001381	1.007738	-1.179077	
204	1.007738	0.001381	-9.235413	-0.001381	1.007738	-1.179077	
205	1.007738	0.001381	-9.235413	-0.001381	1.007738	-1.179077	
206	1.007738	0.001381	-9.235413	-0.001381	1.007738	-1.179077	
207	1.007738	0.001381	-9.235413	-0.001381	1.007738	-1.179077	
208	1.007738	0.001381	-9.235413	-0.001381	1.007738	-1.179077	
209	1.007738	0.001381	-9.235413	-0.001381	1.007738	-1.179077	
210	1.007837	0.004773	-11.637512	-0.004773	1.007837	2.557800	
211	1.007837	0.004773	-11.637512	-0.004773	1.007837	2.557800	
212	1.009724	0.004369	-14.815735	-0.004369	1.009724	2.666931	
213	1.009724	0.004369	-14.815735	-0.004369	1.009724	2.666931	
214	1.009724	0.004369	-14.815735	-0.004369	1.009724	2.666931	
215	1.010148	-0.011272	1.165588	0.011272	1.010148	-13.552979	
216	1.008230	-0.004281	-3.736877	0.004281	1.008230	-5.295471	
217	1.011238	-0.000028	-10.993958	0.000028	1.011238	-4.262817	
218	1.008220	-0.000982	-7.265991	0.000982	1.008220	-2.621887	
219	1.015676	-0.001767	-13.795471	0.001767	1.015676	-4.703064	
220	1.009103	-0.002030	-7.224365	0.002030	1.009103	-3.805969	
221	1.009103	-0.002030	-7.224365	0.002030	1.009103	-3.805969	
222	1.009103	-0.002030	-7.224365	0.002030	1.009103	-3.805969	
223	1.008340	-0.022907	12.098145	0.022907	1.008340	-26.318237	
224	1.008340	-0.022907	12.098145	0.022907	1.008340	-26.318237	
225	1.008919	-0.013783	6.247070	0.013783	1.008919	-17.445740	
226	1.009954	-0.012034	2.676270	0.012034	1.009954	-16.646179	
227	1.008409	-0.000671	-7.470459	0.000671	1.008409	-4.546753	
228	1.008409	-0.000671	-7.470459	0.000671	1.008409	-4.546753	
229	1.008409	-0.000671	-7.470459	0.000671	1.008409	-4.546753	
230	1.006435	-0.007670	-2.208008	0.007670	1.006435	-11.839447	
231	1.006652	0.004161	-8.561096	-0.004161	1.006652	-0.891663	
232	1.008410	-0.000337	-6.263733	0.000337	1.008410	-5.199524	
233	1.009025	-0.000354	-7.373047	0.000354	1.009025	-5.607666	
234	1.009025	-0.000354	-7.373047	0.000354	1.009025	-5.607666	
235	1.009025	-0.000354	-7.373047	0.000354	1.009025	-5.607666	
236	1.008317	-0.000278	-5.420105	0.000278	1.008317	-5.257599	
237	1.010068	-0.002480	-6.325073	0.002480	1.010068	-8.454803	
238	1.010068	-0.002480	-6.325073	0.002480	1.010068	-8.454803	
239	1.010068	-0.002480	-6.325073	0.002480	1.010068	-8.454803	
240	1.010068	-0.002480	-6.325073	0.002480	1.010068	-8.454803	
241	1.010068	-0.002480	-6.325073	0.002480	1.010068	-8.454803	
242	1.010068	-0.002480	-6.325073	0.002480	1.010068	-8.454803	
243	1.010068	-0.002480	-6.325073	0.002480	1.010068	-8.454803	
244	1.010068	-0.002480	-6.325073	0.002480	1.010068	-8.454803	
245	1.010068	-0.002480	-6.325073	0.002480	1.010068	-8.454803	
246	1.010068	-0.002480	-6.325073	0.002480	1.010068	-8.454803	
247	1.010068	-0.002480	-6.325073	0.002480	1.010068	-8.454803	
248	1.010068	-0.002480	-6.325073	0.002480	1.010068	-8.454803	
249	1.010068	-0.002480	-6.325073	0.002480	1.010068	-8.454803	
250	1.010068	-0.002480	-6.325073	0.002480	1.010068	-8.454803	
251	1.010068	-0.002480	-6.325073	0.002480	1.010068	-8.454803	
252	1.010068	-0.002480	-6.325073	0.002480	1.010068	-8.454803	
253	1.010068	-0.002480	-6.325073	0.002480	1.010068	-8.454803	
254	1.010068	-0.002480	-6.325073	0.002480	1.010068	-8.454803	
255	1.010068	-0.002480	-6.325073	0.002480	1.010068	-8.454803	
256	1.010068	-0.002480	-6.325073	0.002480	1.010068	-8.454803	
257	1.010068	-0.002480	-6.325073	0.002480	1.010068	-8.454803	
258	1.010068	-0.002480	-6.325073	0.002480	1.010068	-8.454803	
259	1.010068	-0.002480	-6.325073	0.002480	1.010068	-8.454803	
260	1.010068	-0.002480	-6.325073	0.002480	1.010068	-8.454803	
261	1.010068	-0.002480	-6.325073	0.002480	1.010068	-8.454803	
262	1.010068	-0.002480	-6.325073	0.002480	1.010068	-8.454803	
263	1.010068	-0.002480	-6.325073	0.002480	1.010068	-8.454803	
264	1.010068	-0.002480	-6.325073	0.002480	1.010068	-8.454803	
265	1.010068	-0.002480	-6.325073	0.002480	1.010068	-8.454803	
266	1.010068	-0.002480	-6.325073	0.002480	1.010068	-8.454803	
267	1.010068	-0.002480	-6.325073	0.002480	1.010068	-8.454803	
268	1.010068	-0.002480	-6.325073	0.002480	1.010068	-8.454803	
269	1.010068	-0.002480	-6.325073	0.002480	1.010068	-8.454803	
270	1.010068	-0.002480	-6.325073	0.002480	1.010068	-8.454803	
271	0.993064	-0.002334	8.123718	0.002334	0.993064	-0.919617	
272	0.994545	-0.001662	6.660706	0.001662	0.994545	-0.542816	
273	0.994545	-0.001662	6.660706	0.001662	0.994545	-0.542816	
274	0.992873	-0.006860	8.747681	0.006860	0.992873	-6.007233	
275	0.987499	-0.013536	16.773926	0.013536	0.987499	-13.502625	
276	0.987499	-0.013536	16.773926	0.013536	0.987499	-13.502625	
277	0.987499	-0.013536	16.773926	0.013536	0.987499	-13.502625	
278	0.987499	-0.013536	16.773926	0.013536	0.987499	-13.502625	
279	0.987499	-0.013536	16.773926	0.013536	0.987499	-13.502625	
280	0.987499	-0.013536	16.773926	0.013536	0.987499	-13.502625	
281	0.987499	-0.013536	16.773926	0.013536	0.987499	-13.502625	
282	0.987499	-0.013536	16.773926	0.013536	0.987499	-13.502625	
283	0.987499	-0.013536	16.773926	0.013536	0.987499	-13.502625	
284	0.997183	0.003906	1.146851	-0.003906	0.997183	5.212433	
285	0.997183	0.003906	1.146851	-0.003906	0.997183	5.212433	
286	0.994669	0.007593	1.696228	-0.007593	0.994669	10.361359	
287	0.994003	0.001209	4.475037	-0.001209	0.994003	5.037537	
288	0.994003	0.001209	4.475037	-0.001209	0.994003	5.037537	
289	0.994003	0.001209	4.475037	-0.001209	0.994003	5.037537	
290	0.994003	0.001209	4.475037	-0.001209	0.994003	5.037537	
291	0.994003	-0.000100	4.660889	0.000100	0.994003	3.516754	
292	0.994003	-0.000100	4.660889	0.000100	0.994003	3.516754	
293	1.004214	-0.010861	3.955566	0.010861	1.004214	-14.453125	
294	0.992255	-0.006932	8.398499	0.006932	0.992255	-2.528748	
295	0.992255	-0.006932	8.398499	0.006932	0.992255	-2.528748	
296	0.993782	-0.004501	7.009766	0.004501	0.993782	0.189087	
297	0.995693	-0.005021	6.562134	0.005021	0.995693	-2.702393	
298	0.991554	-0.003024	7.419006	0.003024	0.991554	1.019348	
299	0.990930	-0.001885	7.940430	0.001885	0.990930	2.066833	
300	0.981115	-0.000786	15.262512	0.000786	0.981115	7.190979	
301	0.988285	-0.001242	10.869019	0.001242	0.988285	3.997009	
302	0.990172	0.001334	7.606995	-0.001334	0.990172	5.118042	
303	0.990044	0.000041	9.103760	-0.000041	0.990044	4.406189	
304	0.990660	0.000198	8.208252	-0.000198	0.990660	3.796387	
305	0.990660	0.000198	8.208252	-0.000198	0.990660	3.796387	
306	0.990399	0.006661	3.680481	-0.006661	0.990399	10.722839	
307	0.990896	-0.002487	12.062500	0.002487	0.990896	1.630493	
308	0.992821	-0.002188	9.270752	0.002188	0.992821	-0.037598	
309	0.989390	0.000064	12.457031	-0.000064	0.989390	6.024841	
310	0.976058	-0.000531	25.114075	0.000531	0.976058	11.146301	
311	0.988920	-0.000478	13.633362	0.000478	0.988920	4.374023	
312	0.988920	-0.000478	13.633362	0.000478	0.988920	4.374023	
313	0.988281	0.000899	13.354553	-0.000899	0.988281	6.794678	
314	0.988281	0.000899	13.354553	-0.000899	0.988281	6.794678	
315	0.988281	0.000899	13.354553	-0.000899	0.988281	6.794678	
316	0.988281	0.000899	13.354553	-0.000899	0.988281	6.794678	
317	0.988281	0.000899	13.354553	-0.000899	0.988281	6.794678	
318	0.988281	0.000899	13.354553	-0.000899	0.988281	6.794678	
319	0.988281	0.000899	13.354553	-0.000899	0.988281	6.794678	
320	0.988281	0.000899	13.354553	-0.000899	0.988281	6.794678	
321	0.995026	-0.003257	7.718262	0.003257	0.995026	-4.999756	
322	0.992472	-0.004645	10.167480	0.004645	0.992472	-6.147888	
323	0.992472	-0.004645	10.167480	0.004645	0.992472	-6.147888	
324	0.992306	-0.000131	8.531982	0.000131	0.992306	-2.815826	
325	0.992306	-0.000131	8.531982	0.000131	0.992306	-2.815826	
326	0.997816	0.000089	3.112000	-0.000089	0.997816	-4.482910	
327	0.997816	0.000089	3.112000	-0.000089	0.997816	-4.482910	
328	0.997816	0.000089	3.112000	-0.000089	0.997816	-4.482910	
329	0.997816	0.000089	3.112000	-0.000089	0.997816	-4.482910	
330	0.997816	0.000089	3.112000	-0.000089	0.997816	-4.482910	
331	0.995360	0.000071	4.312439	-0.000071	0.995360	-1.935181	
332	1.003154	-0.006572	-0.598755	0.006572	1.003154	-17.674133	
333	1.003154	-0.006572	-0.598755	0.006572	1.003154	-17.674133	
334	1.003355	0.001635	-3.993530	-0.001635	1.003355	-7.612244	
335	1.003355	0.001635	-3.993530	-0.001635	1.003355	-7.612244	
336	0.997835	0.006844	-4.264343	-0.006844	0.997835	4.384888	
337	1.001806	-0.002398	1.313904	0.002398	1.001806	-6.499084	
338	0.993489	0.000975	4.311523	-0.000975	0.993489	5.743439	
339	0.992322	0.002633	4.430115	-0.002633	0.992322	7.695068	
340	0.992322	0.002633	4.430115	-0.002633	0.992322	7.695068	
341	0.991490	0.000867	7.012451	-0.000867	0.991490	6.954895	
342	0.991490	0.000867	7.012451	-0.000867	0.991490	6.954895	
343	0.992834	0.000405	6.923950	-0.000405	0.992834	6.421143	
344	0.992370	-0.000075	7.480408	0.000075	0.992370	7.825378	
345	0.992370	-0.000075	7.480408	0.000075	0.992370	7.825378	
346	0.992370	-0.000075	7.480408	0.000075	0.992370	7.825378	
347	0.992370	-0.000075	7.480408	0.000075	0.992370	7.825378	
348	0.992370	-0.000075	7.480408	0.000075	0.992370	7.825378	
349	0.992370	-0.000075	7.480408	0.000075	0.992370	7.825378	
350	0.992370	-0.000075	7.480408	0.000075	0.992370	7.825378	
351	0.992370	-0.000075	7.480408	0.000075	0.992370	7.825378	
352	0.992370	-0.000075	7.480408	0.000075	0.992370	7.825378	
353	0.992370	-0.000075	7.480408	0.000075	0.992370	7.825378	
354	0.992370	-0.000075	7.480408	0.000075	0.992370	7.825378	
355	0.992370	-0.000075	7.480408	0.000075	0.992370	7.825378	
356	0.992370	-0.000075	7.480408	0.000075	0.992370	7.825378	
357	1.001494	-0.002386	0.989380	0.002386	1.001494	-2.353882	
358	1.001494	-0.002386	0.989380	0.002386	1.001494	-2.353882	
359	1.001494	-0.002386	0.989380	0.002386	1.001494	-2.353882	
360	1.001494	-0.002386	0.989380	0.002386	1.001494	-2.353882	
361	1.009028	0.001060	-7.703369	-0.001060	1.009028	-3.250549	
362	1.010068	0.001792	-10.523193	-0.001792	1.010068	-3.857239	
363	1.010068	0.001792	-10.523193	-0.001792	1.010068	-3.857239	
364	1.010068	0.001792	-10.523193	-0.001792	1.010068	-3.857239	
365	1.010068	0.001792	-10.523193	-0.001792	1.010068	-3.857239	
366	1.010068	0.001792	-10.523193	-0.001792	1.010068	-3.857239	
367	1.010068	0.001792	-10.523193	-0.001792	1.010068	-3.857239	
368	1.010068	0.001792	-10.523193	-0.001792	1.010068	-3.857239	
369	1.010068	0.001792	-10.523193	-0.001792	1.010068	-3.857239	
370	1.010068	0.001792	-10.523193	-0.001792	1.010068	-3.857239	
371	1.010068	0.001792	-10.523193	-0.001792	1.010068	-3.857239	
372	1.010068	0.001792	-10.523193	-0.001792	1.010068	-3.857239	
373	1.010068	0.001792	-10.523193	-0.001792	1.010068	-3.857239	
374	1.010068	0.001792	-10.523193	-0.001792	1.010068	-3.857239	
375	1.010068	0.001792	-10.523193	-0.001792	1.010068	-3.857239	
376	1.010068	0.001792	-10.523193	-0.001792	1.010068	-3.857239	
377	1.010068	0.001792	-10.523193	-0.001792	1.010068	-3.857239	
378	1.010068	0.001792	-10.523193	-0.001792	1.010068	-3.857239	
379	1.005849	0.000068	-7.077026	-0.000068	1.005849	-2.608521	
380	1.005849	0.000068	-7.077026	-0.000068	1.005849	-2.608521	
381	1.005849	0.000068	-7.077026	-0.000068	1.005849	-2.608521	
382	1.005849	0.000068	-7.077026	-0.000068	1.005849	-2.608521	
383	1.009918	-0.012236	1.260376	0.012236	1.009918	-16.884155	
384	1.009918	-0.012236	1.260376	0.012236	1.009918	-16.884155	
385	1.009918	-0.012236	1.260376	0.012236	1.009918	-16.884155	
386	1.009918	-0.012236	1.260376	0.012236	1.009918	-16.884155	
387	1.009918	-0.012236	1.260376	0.012236	1.009918	-16.884155	
388	1.009918	-0.012236	1.260376	0.012236	1.009918	-16.884155	
389	1.009918	-0.012236	1.260376	0.012236	1.009918	-16.884155	
390	1.009918	-0.012236	1.260376	0.012236	1.009918	-16.884155	
391	1.009918	-0.012236	1.260376	0.012236	1.009918	-16.884155	
392	1.009918	-0.012236	1.260376	0.012236	1.009918	-16.884155	
393	1.005853	-0.002921	-9.149841	0.002921	1.005853	-5.432861	
394	1.005853	-0.002921	-9.149841	0.002921	1.005853	-5.432861	
395	1.005853	-0.002921	-9.149841	0.002921	1.005853	-5.432861	
396	1.005853	-0.002921	-9.149841	0.002921	1.005853	-5.432861	
397	1.005853	-0.002921	-9.149841	0.002921	1.005853	-5.432861	
398	1.005853	-0.002921	-9.149841	0.002921	1.005853	-5.432861	
399	1.005853	-0.002921	-9.149841	0.002921	1.005853	-5.432861	
400	1.005853	-0.002921	-9.149841	0.002921	1.005853	-5.432861	
401	1.005853	-0.002921	-9.149841	0.002921	1.005853	-5.432861	
402	1.005853	-0.002921	-9.149841	0.002921	1.005853	-5.432861	
403	1.005853	-0.002921	-9.149841	0.002921	1.005853	-5.432861	
404	1.005853	-0.002921	-9.149841	0.002921	1.005853	-5.432861	
405	1.005853	-0.002921	-9.149841	0.002921	1.005853	-5.432861	
406	1.005853	-0.002921	-9.149841	0.002921	1.005853	-5.432861	
407	1.005853	-0.002921	-9.149841	0.002921	1.005853	-5.432861	
408	1.005853	-0.002921	-9.149841	0.002921	1.005853	-5.432861	
409	1.005853	-0.002921	-9.149841	0.002921	1.005853	-5.432861	
410	1.005853	-0.002921	-9.149841	0.002921	1.005853	-5.432861	
411	1.005853	-0.002921	-9.149841	0.002921	1.005853	-5.432861	
412	1.005853	-0.002921	-9.149841	0.002921	1.005853	-5.432861	
413	1.005853	-0.002921	-9.149841	0.002921	1.005853	-5.432861	
414	1.005853	-0.002921	-9.149841	0.002921	1.005853	-5.432861	
415	1.005853	-0.002921	-9.149841	0.002921	1.005853	-5.432861	
416	1.005853	-0.002921	-9.149841	0.002921	1.005853	-5.432861	
417	1.005853	-0.002921	-9.149841	0.002921	1.005853	-5.432861	
418	1.004980	0.000522	-5.431335	-0.000522	1.004980	-1.538940	
419	1.006398	0.000471	-7.579651	-0.000471	1.006398	-2.929749	
420	1.004506	0.000627	-4.905640	-0.000627	1.004506	-0.133118	
421	1.004506	0.000627	-4.905640	-0.000627	1.004506	-0.133118	
422	1.004506	0.000627	-4.905640	-0.000627	1.004506	-0.133118	
423	1.004506	0.000627	-4.905640	-0.000627	1.004506	-0.133118	
424	1.004506	0.000627	-4.905640	-0.000627	1.004506	-0.133118	
425	1.004506	0.000627	-4.905640	-0.000627	1.004506	-0.133118	
426	1.004506	0.000627	-4.905640	-0.000627	1.004506	-0.133118	
427	1.004506	0.000627	-4.905640	-0.000627	1.004506	-0.133118	
428	1.004506	0.000627	-4.905640	-0.000627	1.004506	-0.133118	
429	1.004506	0.000627	-4.905640	-0.000627	1.004506	-0.133118	
430	1.004506	0.000627	-4.905640	-0.000627	1.004506	-0.133118	
431	1.004506	0.000627	-4.905640	-0.000627	1.004506	-0.133118	
432	1.004506	0.000627	-4.905640	-0.000627	1.004506	-0.133118	
433	1.004506	0.000627	-4.905640	-0.000627	1.004506	-0.133118	
434	1.004506	0.000627	-4.905640	-0.000627	1.004506	-0.133118	
435	1.004506	0.000627	-4.905640	-0.000627	1.004506	-0.133118	
436	1.004506	0.000627	-4.905640	-0.000627	1.004506	-0.133118	
437	1.004506	0.000627	-4.905640	-0.000627	1.004506	-0.133118	
438	1.004506	0.000627	-4.905640	-0.000627	1.004506	-0.133118	
439	1.004506	0.000627	-4.905640	-0.000627	1.004506	-0.133118	
440	1.004506	0.000627	-4.905640	-0.000627	1.004506	-0.133118	
441	1.004506	0.000627	-4.905640	-0.000627	1.004506	-0.133118	
442	1.004506	0.000627	-4.905640	-0.000627	1.004506	-0.133118	
443	1.004506	0.000627	-4.905640	-0.000627	1.004506	-0.133118	
444	1.004506	0.000627	-4.905640	-0.000627	1.004506	-0.133118	
445	1.004506	0.000627	-4.905640	-0.000627	1.004506	-0.133118	
446	1.004506	0.000627	-4.905640	-0.000627	1.004506	-0.133118	
447	1.004506	0.000627	-4.905640	-0.000627	1.004506	-0.133118	
448	1.004506	0.000627	-4.905640	-0.000627	1.004506	-0.133118	
449	1.004506	0.000627	-4.905640	-0.000627	1.004506	-0.133118	
450	1.004506	0.000627	-4.905640	-0.000627	1.004506	-0.133118	
451	1.004506	0.000627	-4.905640	-0.000627	1.004506	-0.133118	
452	0.998239	0.003490	-1.950928	-0.003490	0.998239	0.957825	
453	0.998239	0.003490	-1.950928	-0.003490	0.998239	0.957825	
454	0.998239	0.003490	-1.950928	-0.003490	0.998239	0.957825	
455	0.998239	0.003490	-1.950928	-0.003490	0.998239	0.957825	
456	0.998239	0.003490	-1.950928	-0.003490	0.998239	0.957825	
457	0.998239	0.003490	-1.950928	-0.003490	0.998239	0.957825	
458	0.998239	0.003490	-1.950928	-0.003490	0.998239	0.957825	
459	0.998239	0.003490	-1.950928	-0.003490	0.998239	0.957825	
460	0.998239	0.003490	-1.950928	-0.003490	0.998239	0.957825	
461	0.998239	0.003490	-1.950928	-0.003490	0.998239	0.957825	
462	0.998239	0.003490	-1.950928	-0.003490	0.998239	0.957825	
463	0.998239	0.003490	-1.950928	-0.003490	0.998239	0.957825	
464	0.998239	0.003490	-1.950928	-0.003490	0.998239	0.957825	
465	0.998239	0.003490	-1.950928	-0.003490	0.998239	0.957825	
466	0.998239	0.003490	-1.950928	-0.003490	0.998239	0.957825	
467	0.998239	0.003490	-1.950928	-0.003490	0.998239	0.957825	
468	0.998239	0.003490	-1.950928	-0.003490	0.998239	0.957825	
469	0.998239	0.003490	-1.950928	-0.003490	0.998239	0.957825	
470	0.998239	0.003490	-1.950928	-0.003490	0.998239	0.957825	
471	0.998239	0.003490	-1.950928	-0.003490	0.998239	0.957825	
472	0.998239	0.003490	-1.950928	-0.003490	0.998239	0.957825	
473	0.998239	0.003490	-1.950928	-0.003490	0.998239	0.957825	
474	0.992851	-0.000565	7.421448	0.000565	0.992851	10.303528	
475	0.992443	-0.001895	7.780212	0.001895	0.992443	8.194092	
476	0.992443	-0.001895	7.780212	0.001895	0.992443	8.194092	
477	0.992443	-0.001895	7.780212	0.001895	0.992443	8.194092	
478	0.992443	-0.001895	7.780212	0.001895	0.992443	8.194092	
479	0.992443	-0.001895	7.780212	0.001895	0.992443	8.194092	
480	0.992443	-0.001895	7.780212	0.001895	0.992443	8.194092	
481	0.992443	-0.001895	7.780212	0.001895	0.992443	8.194092	
482	0.992443	-0.001895	7.780212	0.001895	0.992443	8.194092	
483	0.992443	-0.001895	7.780212	0.001895	0.992443	8.194092	
484	0.992443	-0.001895	7.780212	0.001895	0.992443	8.194092	
485	0.992443	-0.001895	7.780212	0.001895	0.992443	8.194092	
486	0.992443	-0.001895	7.780212	0.001895	0.992443	8.194092	
487	0.992443	-0.001895	7.780212	0.001895	0.992443	8.194092	
488	0.992443	-0.001895	7.780212	0.001895	0.992443	8.194092	
489	0.992443	-0.001895	7.780212	0.001895	0.992443	8.194092	
490	0.992443	-0.001895	7.780212	0.001895	0.992443	8.194092	
491	0.992443	-0.001895	7.780212	0.001895	0.992443	8.194092	
492	0.992443	-0.001895	7.780212	0.001895	0.992443	8.194092	
493	0.992443	-0.001895	7.780212	0.001895	0.992443	8.194092	
494	0.986868	0.001709	9.253296	-0.001709	0.986868	6.453369	
495	0.986868	0.001709	9.253296	-0.001709	0.986868	6.453369	
496	0.986868	0.001709	9.253296	-0.001709	0.986868	6.453369	
497	0.986868	0.001709	9.253296	-0.001709	0.986868	6.453369	
498	0.986868	0.001709	9.253296	-0.001709	0.986868	6.453369	
499	0.986868	0.001709	9.253296	-0.001709	0.986868	6.453369	
500	0.986868	0.001709	9.253296	-0.001709	0.986868	6.453369	
501	0.986868	0.001709	9.253296	-0.001709	0.986868	6.453369	
502	0.986868	0.001709	9.253296	-0.001709	0.986868	6.453369	
503	0.986868	0.001709	9.253296	-0.001709	0.986868	6.453369	
504	0.986868	0.001709	9.253296	-0.001709	0.986868	6.453369	
505	0.986868	0.001709	9.253296	-0.001709	0.986868	6.453369	
506	0.986868	0.001709	9.253296	-0.001709	0.986868	6.453369	
507	0.986868	0.001709	9.253296	-0.001709	0.986868	6.453369	
508	0.986868	0.001709	9.253296	-0.001709	0.986868	6.453369	
509	0.986868	0.001709	9.253296	-0.001709	0.986868	6.453369	
510	1.003792	0.001650	-5.781250	-0.001650	1.003792	-2.019897	
511	1.003792	0.001650	-5.781250	-0.001650	1.003792	-2.019897	
512	1.003792	0.001650	-5.781250	-0.001650	1.003792	-2.019897	
513	1.003792	0.001650	-5.781250	-0.001650	1.003792	-2.019897	
514	1.003792	0.001650	-5.781250	-0.001650	1.003792	-2.019897	
515	1.003792	0.001650	-5.781250	-0.001650	1.003792	-2.019897	
516	1.003792	0.001650	-5.781250	-0.001650	1.003792	-2.019897	
517	1.003792	0.001650	-5.781250	-0.001650	1.003792	-2.019897	
518	1.003792	0.001650	-5.781250	-0.001650	1.003792	-2.019897	
519	1.003792	0.001650	-5.781250	-0.001650	1.003792	-2.019897	
520	1.003792	0.001650	-5.781250	-0.001650	1.003792	-2.019897	
521	1.003792	0.001650	-5.781250	-0.001650	1.003792	-2.019897	
522	1.003792	0.001650	-5.781250	-0.001650	1.003792	-2.019897	
523	1.003792	0.001650	-5.781250	-0.001650	1.003792	-2.019897	
524	1.003591	-0.007623	2.511597	0.007623	1.003591	-9.637085	
525	1.003591	-0.007623	2.511597	0.007623	1.003591	-9.637085	
526	1.003591	-0.007623	2.511597	0.007623	1.003591	-9.637085	
527	1.000960	0.002928	-0.989746	-0.002928	1.000960	3.843079	
528	1.004095	-0.002918	-3.679565	0.002918	1.004095	-2.585449	
529	0.999339	-0.000027	-1.730103	0.000027	0.999339	0.826538	
530	1.001790	0.001573	-6.043152	-0.001573	1.001790	0.716736	
531	1.001790	0.001573	-6.043152	-0.001573	1.001790	0.716736	
532	1.001790	0.001573	-6.043152	-0.001573	1.001790	0.716736	
533	1.001790	0.001573	-6.043152	-0.001573	1.001790	0.716736	
534	1.001790	0.001573	-6.043152	-0.001573	1.001790	0.716736	
535	1.001790	0.001573	-6.043152	-0.001573	1.001790	0.716736	
536	1.001790	0.001573	-6.043152	-0.001573	1.001790	0.716736	
537	1.001790	0.001573	-6.043152	-0.001573	1.001790	0.716736	
538	1.001790	0.001573	-6.043152	-0.001573	1.001790	0.716736	
539	1.001790	0.001573	-6.043152	-0.001573	1.001790	0.716736	
540	1.001790	0.001573	-6.043152	-0.001573	1.001790	0.716736	
541	1.001790	0.001573	-6.043152	-0.001573	1.001790	0.716736	
542	1.001790	0.001573	-6.043152	-0.001573	1.001790	0.716736	
543	1.001790	0.001573	-6.043152	-0.001573	1.001790	0.716736	
544	1.001790	0.001573	-6.043152	-0.001573	1.001790	0.716736	
545	1.001790	0.001573	-6.043152	-0.001573	1.001790	0.716736	
546	1.001790	0.001573	-6.043152	-0.001573	1.001790	0.716736	
547	1.001790	0.001573	-6.043152	-0.001573	1.001790	0.716736	
548	1.001790	0.001573	-6.043152	-0.001573	1.001790	0.716736	
549	1.001790	0.001573	-6.043152	-0.001573	1.001790	0.716736	
550	1.001790	0.001573	-6.043152	-0.001573	1.001790	0.716736	
551	1.001790	0.001573	-6.043152	-0.001573	1.001790	0.716736	
552	1.001790	0.001573	-6.043152	-0.001573	1.001790	0.716736	
553	1.001790	0.001573	-6.043152	-0.001573	1.001790	0.716736	
554	1.001790	0.001573	-6.043152	-0.001573	1.001790	0.716736	
555	1.001790	0.001573	-6.043152	-0.001573	1.001790	0.716736	
556	1.001790	0.001573	-6.043152	-0.001573	1.001790	0.716736	
557	1.001790	0.001573	-6.043152	-0.001573	1.001790	0.716736	
558	1.001790	0.001573	-6.043152	-0.001573	1.001790	0.716736	
559	1.001790	0.001573	-6.043152	-0.001573	1.001790	0.716736	
560	1.001790	0.001573	-6.043152	-0.001573	1.001790	0.716736	
561	1.001790	0.001573	-6.043152	-0.001573	1.001790	0.716736	
562	1.001790	0.001573	-6.043152	-0.001573	1.001790	0.716736	
563	1.001790	0.001573	-6.043152	-0.001573	1.001790	0.716736	
564	1.001790	0.001573	-6.043152	-0.001573	1.001790	0.716736	
565	1.001790	0.001573	-6.043152	-0.001573	1.001790	0.716736	
566	1.001790	0.001573	-6.043152	-0.001573	1.001790	0.716736	
567	1.001045	-0.011343	8.568665	0.011343	1.001045	-12.050903	
568	1.001045	-0.011343	8.568665	0.011343	1.001045	-12.050903	
569	1.001045	-0.011343	8.568665	0.011343	1.001045	-12.050903	
570	1.001045	-0.011343	8.568665	0.011343	1.001045	-12.050903	
571	1.001045	-0.011343	8.568665	0.011343	1.001045	-12.050903	
572	1.001045	-0.011343	8.568665	0.011343	1.001045	-12.050903	
573	1.001045	-0.011343	8.568665	0.011343	1.001045	-12.050903	
574	1.001045	-0.011343	8.568665	0.011343	1.001045	-12.050903	
575	1.001045	-0.011343	8.568665	0.011343	1.001045	-12.050903	
576	1.001045	-0.011343	8.568665	0.011343	1.001045	-12.050903	
577	1.001045	-0.011343	8.568665	0.011343	1.001045	-12.050903	
578	1.001045	-0.011343	8.568665	0.011343	1.001045	-12.050903	
579	1.001045	-0.011343	8.568665	0.011343	1.001045	-12.050903	
580	1.001045	-0.011343	8.568665	0.011343	1.001045	-12.050903	
581	1.001045	-0.011343	8.568665	0.011343	1.001045	-12.050903	
582	1.001045	-0.011343	8.568665	0.011343	1.001045	-12.050903	
583	1.001045	-0.011343	8.568665	0.011343	1.001045	-12.050903	
584	1.001045	-0.011343	8.568665	0.011343	1.001045	-12.050903	
585	1.001045	-0.011343	8.568665	0.011343	1.001045	-12.050903	
586	1.001045	-0.011343	8.568665	0.011343	1.001045	-12.050903	
587	1.001045	-0.011343	8.568665	0.011343	1.001045	-12.050903	
588	1.001045	-0.011343	8.568665	0.011343	1.001045	-12.050903	
589	1.001045	-0.011343	8.568665	0.011343	1.001045	-12.050903	
590	1.001045	-0.011343	8.568665	0.011343	1.001045	-12.050903	
591	1.001045	-0.011343	8.568665	0.011343	1.001045	-12.050903	
592	1.001045	-0.011343	8.568665	0.011343	1.001045	-12.050903	
593	1.001045	-0.011343	8.568665	0.011343	1.001045	-12.050903	
594	1.001045	-0.011343	8.568665	0.011343	1.001045	-12.050903	
595	1.001045	-0.011343	8.568665	0.011343	1.001045	-12.050903	
596	1.001045	-0.011343	8.568665	0.011343	1.001045	-12.050903	
597	1.001045	-0.011343	8.568665	0.011343	1.001045	-12.050903	
598	1.001045	-0.011343	8.568665	0.011343	1.001045	-12.050903	
599	1.001045	-0.011343	8.568665	0.011343	1.001045	-12.050903	
600	1.001045	-0.011343	8.568665	0.011343	1.001045	-12.050903	
601	1.001045	-0.011343	8.568665	0.011343	1.001045	-12.050903	
602	1.001045	-0.011343	8.568665	0.011343	1.001045	-12.050903	
603	1.001045	-0.011343	8.568665	0.011343	1.001045	-12.050903	
604	1.001045	-0.011343	8.568665	0.011343	1.001045	-12.050903	
605	1.001045	-0.011343	8.568665	0.011343	1.001045	-12.050903	
606	0.990370	-0.003443	7.518005	0.003443	0.990370	-0.170776	
607	0.990370	-0.003443	7.518005	0.003443	0.990370	-0.170776	
608	0.991233	-0.000734	10.598389	0.000734	0.991233	5.714691	
609	0.991233	-0.000734	10.598389	0.000734	0.991233	5.714691	
610	0.991233	-0.000734	10.598389	0.000734	0.991233	5.714691	
611	0.991233	-0.000734	10.598389	0.000734	0.991233	5.714691	
612	0.991233	-0.000734	10.598389	0.000734	0.991233	5.714691	
613	0.991233	-0.000734	10.598389	0.000734	0.991233	5.714691	
614	0.994329	-0.002648	4.755005	0.002648	0.994329	1.258789	
615	0.992532	0.000465	4.554443	-0.000465	0.992532	5.425415	
616	0.988926	0.000548	5.717651	-0.000548	0.988926	5.117981	
617	0.988926	0.000548	5.717651	-0.000548	0.988926	5.117981	
618	0.988926	0.000548	5.717651	-0.000548	0.988926	5.117981	
619	0.988926	0.000548	5.717651	-0.000548	0.988926	5.117981	
620	0.988926	0.000548	5.717651	-0.000548	0.988926	5.117981	
621	0.988926	0.000548	5.717651	-0.000548	0.988926	5.117981	
622	0.988926	0.000548	5.717651	-0.000548	0.988926	5.117981	
623	0.994189	-0.000707	-0.176758	0.000707	0.994189	0.286774	
624	0.992741	0.003087	-0.263611	-0.003087	0.992741	5.817017	
625	0.997666	0.000586	-2.294800	-0.000586	0.997666	1.066895	
626	0.997106	-0.000063	-1.346863	0.000063	0.997106	1.048950	
627	0.996069	0.001275	0.424927	-0.001275	0.996069	5.097168	
628	0.997498	-0.000270	0.174988	0.000270	0.997498	2.584900	
629	1.000275	0.000611	-3.417175	-0.000611	1.000275	-0.392212	
630	0.999400	0.000671	-1.071228	-0.000671	0.999400	1.623840	
631	0.996736	-0.002963	1.754761	0.002963	0.996736	0.841187	
632	0.996736	-0.002963	1.754761	0.002963	0.996736	0.841187	
633	0.999837	-0.000983	-0.039551	0.000983	0.999837	0.927429	
634	1.001400	0.000841	-3.328491	-0.000841	1.001400	0.164795	
635	1.001778	0.000132	-2.451233	-0.000132	1.001778	-0.340576	
636	1.001356	0.000707	-2.504578	-0.000707	1.001356	0.723755	
637	1.004504	0.000560	-7.089844	-0.000560	1.004504	-2.795349	
638	1.003788	0.000671	-3.243347	-0.000671	1.003788	-0.394958	
639	1.002866	-0.000013	-1.507202	0.000013	1.002866	-0.207703	
640	1.003961	-0.000159	-3.708618	0.000159	1.003961	-0.882568	
641	1.005105	0.000142	-4.226440	-0.000142	1.005105	-1.161926	
642	1.005105	0.000142	-4.226440	-0.000142	1.005105	-1.161926	
643	1.004410	-0.000435	-3.094482	0.000435	1.004410	-2.274841	
644	1.004410	-0.000435	-3.094482	0.000435	1.004410	-2.274841	
645	1.004410	-0.000435	-3.094482	0.000435	1.004410	-2.274841	
646	1.004410	-0.000435	-3.094482	0.000435	1.004410	-2.274841	
647	1.004410	-0.000435	-3.094482	0.000435	1.004410	-2.274841	
648	1.004410	-0.000435	-3.094482	0.000435	1.004410	-2.274841	
649	1.004410	-0.000435	-3.094482	0.000435	1.004410	-2.274841	
650	1.004410	-0.000435	-3.094482	0.000435	1.004410	-2.274841	
651	1.004410	-0.000435	-3.094482	0.000435	1.004410	-2.274841	
652	1.004410	-0.000435	-3.094482	0.000435	1.004410	-2.274841	
653	1.004410	-0.000435	-3.094482	0.000435	1.004410	-2.274841	
654	1.004410	-0.000435	-3.094482	0.000435	1.004410	-2.274841	
655	1.004410	-0.000435	-3.094482	0.000435	1.004410	-2.274841	
656	1.004410	-0.000435	-3.094482	0.000435	1.004410	-2.274841	
657	1.004410	-0.000435	-3.094482	0.000435	1.004410	-2.274841	
658	1.004410	-0.000435	-3.094482	0.000435	1.004410	-2.274841	
659	1.004410	-0.000435	-3.094482	0.000435	1.004410	-2.274841	
660	1.004410	-0.000435	-3.094482	0.000435	1.004410	-2.274841	
661	1.004410	-0.000435	-3.094482	0.000435	1.004410	-2.274841	
662	1.004410	-0.000435	-3.094482	0.000435	1.004410	-2.274841	
663	1.004410	-0.000435	-3.094482	0.000435	1.004410	-2.274841	
664	1.004410	-0.000435	-3.094482	0.000435	1.004410	-2.274841	
665	1.004410	-0.000435	-3.094482	0.000435	1.004410	-2.274841	
666	1.004410	-0.000435	-3.094482	0.000435	1.004410	-2.274841	
667	1.004410	-0.000435	-3.094482	0.000435	1.004410	-2.274841	
668	1.004410	-0.000435	-3.094482	0.000435	1.004410	-2.274841	
669	1.004410	-0.000435	-3.094482	0.000435	1.004410	-2.274841	
670	1.004410	-0.000435	-3.094482	0.000435	1.004410	-2.274841	
671	1.004410	-0.000435	-3.094482	0.000435	1.004410	-2.274841	
672	1.004410	-0.000435	-3.094482	0.000435	1.004410	-2.274841	
673	1.004410	-0.000435	-3.094482	0.000435	1.004410	-2.274841	
674	1.004410	-0.000435	-3.094482	0.000435	1.004410	-2.274841	
675	1.004410	-0.000435	-3.094482	0.000435	1.004410	-2.274841	
676	1.004410	-0.000435	-3.094482	0.000435	1.004410	-2.274841	
677	1.004410	-0.000435	-3.094482	0.000435	1.004410	-2.274841	
678	1.004410	-0.000435	-3.094482	0.000435	1.004410	-2.274841	
679	1.004410	-0.000435	-3.094482	0.000435	1.004410	-2.274841	
680	1.004410	-0.000435	-3.094482	0.000435	1.004410	-2.274841	
681	1.004410	-0.000435	-3.094482	0.000435	1.004410	-2.274841	
682	1.004410	-0.000435	-3.094482	0.000435	1.004410	-2.274841	
683	1.004410	-0.000435	-3.094482	0.000435	1.004410	-2.274841	
684	1.004410	-0.000435	-3.094482	0.000435	1.004410	-2.274841	
685	1.004410	-0.000435	-3.094482	0.000435	1.004410	-2.274841	
686	1.004410	-0.000435	-3.094482	0.000435	1.004410	-2.274841	
687	1.004410	-0.000435	-3.094482	0.000435	1.004410	-2.274841	
688	1.004410	-0.000435	-3.094482	0.000435	1.004410	-2.274841	
689	1.004410	-0.000435	-3.094482	0.000435	1.004410	-2.274841	
690	1.004410	-0.000435	-3.094482	0.000435	1.004410	-2.274841	
691	1.004410	-0.000435	-3.094482	0.000435	1.004410	-2.274841	
692	1.004410	-0.000435	-3.094482	0.000435	1.004410	-2.274841	
693	1.004410	-0.000435	-3.094482	0.000435	1.004410	-2.274841	
694	1.004410	-0.000435	-3.094482	0.000435	1.004410	-2.274841	
695	1.004410	-0.000435	-3.094482	0.000435	1.004410	-2.274841	
696	1.004410	-0.000435	-3.094482	0.000435	1.004410	-2.274841	
697	1.004410	-0.000435	-3.094482	0.000435	1.004410	-2.274841	
698	1.004410	-0.000435	-3.094482	0.000435	1.004410	-2.274841	
699	1.004410	-0.000435	-3.094482	0.000435	1.004410	-2.274841	
700	1.004410	-0.000435	-3.094482	0.000435	1.004410	-2.274841	
701	1.004410	-0.000435	-3.094482	0.000435	1.004410	-2.274841	
702	1.004410	-0.000435	-3.094482	0.000435	1.004410	-2.274841	
703	1.004410	-0.000435	-3.094482	0.000435	1.004410	-2.274841	
704	1.004410	-0.000435	-3.094482	0.000435	1.004410	-2.274841	
705	1.004410	-0.000435	-3.094482	0.000435	1.004410	-2.274841	
706	1.004410	-0.000435	-3.094482	0.000435	1.004410	-2.274841	
707	1.004410	-0.000435	-3.094482	0.000435	1.004410	-2.274841	
708	1.004410	-0.000435	-3.094482	0.000435	1.004410	-2.274841	
709	1.004410	-0.000435	-3.094482	0.000435	1.004410	-2.274841	
710	1.004410	-0.000435	-3.094482	0.000435	1.004410	-2.274841	
711	1.004410	-0.000435	-3.094482	0.000435	1.004410	-2.274841	
712	1.004410	-0.000435	-3.094482	0.000435	1.004410	-2.274841	
713	1.004410	-0.000435	-3.094482	0.000435	1.004410	-2.274841	
714	1.004410	-0.000435	-3.094482	0.000435	1.004410	-2.274841	
715	1.004410	-0.000435	-3.094482	0.000435	1.004410	-2.274841	
716	1.004410	-0.000435	-3.094482	0.000435	1.004410	-2.274841	
717	1.004410	-0.000435	-3.094482	0.000435	1.004410	-2.274841	
718	1.005935	-0.000118	-14.910278	0.000118	1.005935	-2.987366	
719	1.008226	-0.002295	-15.831421	0.002295	1.008226	-5.884247	
720	1.006413	0.000916	-19.335449	-0.000916	1.006413	-1.925964	
721	1.004598	0.001647	-15.448242	-0.001647	1.004598	2.692017	
722	1.004598	0.001647	-15.448242	-0.001647	1.004598	2.692017	
723	1.005895	0.004762	-16.759338	-0.004762	1.005895	0.993591	
724	1.007276	0.001018	-10.444763	-0.001018	1.007276	-2.618347	
725	1.005519	0.002109	-9.595642	-0.002109	1.005519	-0.794861	
726	1.006543	-0.000889	-6.520569	0.000889	1.006543	-4.080200	
727	1.009927	-0.001496	-10.360229	0.001496	1.009927	-3.681580	
728	1.005629	0.000283	-7.316833	-0.000283	1.005629	-0.565247	
729	1.003632	-0.000879	-5.037781	0.000879	1.003632	0.355835	
730	1.005965	-0.000393	-8.705200	0.000393	1.005965	0.148376	
731	1.006307	-0.002312	-9.260376	0.002312	1.006307	-2.839783	
732	1.006307	-0.002312	-9.260376	0.002312	1.006307	-2.839783	
733	0.998880	0.001727	-3.587769	-0.001727	0.998880	5.048096	
734	0.997693	0.000967	-1.927490	-0.000967	0.997693	4.410767	
735	0.997693	0.000967	-1.927490	-0.000967	0.997693	4.410767	
736	0.997165	0.000867	-0.783569	-0.000867	0.997165	2.149658	
737	0.998197	-0.003159	1.533264	0.003159	0.998197	-1.546387	
738	0.998197	-0.003159	1.533264	0.003159	0.998197	-1.546387	
739	0.999291	0.001152	2.074829	-0.001152	0.999291	0.967712	
740	1.000520	-0.000587	2.556580	0.000587	1.000520	-1.543884	
741	1.000520	-0.000587	2.556580	0.000587	1.000520	-1.543884	
742	1.000750	-0.000345	2.660156	0.000345	1.000750	-1.668945	
743	1.000750	-0.000345	2.660156	0.000345	1.000750	-1.668945	
744	1.001698	-0.000629	0.433655	0.000629	1.001698	-1.701050	
745	1.000593	0.000136	1.875549	-0.000136	1.000593	-2.137390	
746	1.000509	0.000316	3.544434	-0.000316	1.000509	-2.268799	
747	0.997924	-0.001351	5.072266	0.001351	0.997924	-3.259094	
748	0.997924	-0.001351	5.072266	0.001351	0.997924	-3.259094	
749	0.997924	-0.001351	5.072266	0.001351	0.997924	-3.259094	
750	0.996732	0.001368	3.443115	-0.001368	0.996732	4.177490	
751	0.996723	0.002350	1.672485	-0.002350	0.996723	5.411804	
752	0.996723	0.002350	1.672485	-0.002350	0.996723	5.411804	
753	0.996723	0.002350	1.672485	-0.002350	0.996723	5.411804	
754	0.996723	0.002350	1.672485	-0.002350	0.996723	5.411804	
755	0.996723	0.002350	1.672485	-0.002350	0.996723	5.411804	
756	0.996723	0.002350	1.672485	-0.002350	0.996723	5.411804	
757	0.996723	0.002350	1.672485	-0.002350	0.996723	5.411804	
758	0.996723	0.002350	1.672485	-0.002350	0.996723	5.411804	
759	0.996723	0.002350	1.672485	-0.002350	0.996723	5.411804	
760	0.996723	0.002350	1.672485	-0.002350	0.996723	5.411804	
761	0.996723	0.002350	1.672485	-0.002350	0.996723	5.411804	
762	0.996723	0.002350	1.672485	-0.002350	0.996723	5.411804	
763	0.996723	0.002350	1.672485	-0.002350	0.996723	5.411804	
764	0.996723	0.002350	1.672485	-0.002350	0.996723	5.411804	
765	0.996723	0.002350	1.672485	-0.002350	0.996723	5.411804	
766	0.998512	0.000330	2.661377	-0.000330	0.998512	0.763306	
767	0.998512	0.000330	2.661377	-0.000330	0.998512	0.763306	
768	0.998512	0.000330	2.661377	-0.000330	0.998512	0.763306	
769	0.998512	0.000330	2.661377	-0.000330	0.998512	0.763306	
770	0.998512	0.000330	2.661377	-0.000330	0.998512	0.763306	
771	0.998512	0.000330	2.661377	-0.000330	0.998512	0.763306	
772	0.998512	0.000330	2.661377	-0.000330	0.998512	0.763306	
773	0.998512	0.000330	2.661377	-0.000330	0.998512	0.763306	
774	0.998512	0.000330	2.661377	-0.000330	0.998512	0.763306	
775	0.998512	0.000330	2.661377	-0.000330	0.998512	0.763306	
776	0.998512	0.000330	2.661377	-0.000330	0.998512	0.763306	
777	0.998512	0.000330	2.661377	-0.000330	0.998512	0.763306	
778	0.998512	0.000330	2.661377	-0.000330	0.998512	0.763306	
779	0.998512	0.000330	2.661377	-0.000330	0.998512	0.763306	
780	0.998512	0.000330	2.661377	-0.000330	0.998512	0.763306	
781	0.998512	0.000330	2.661377	-0.000330	0.998512	0.763306	
782	0.998512	0.000330	2.661377	-0.000330	0.998512	0.763306	
783	0.998512	0.000330	2.661377	-0.000330	0.998512	0.763306	
784	0.998512	0.000330	2.661377	-0.000330	0.998512	0.763306	
785	0.998512	0.000330	2.661377	-0.000330	0.998512	0.763306	
786	0.998512	0.000330	2.661377	-0.000330	0.998512	0.763306	
787	0.998512	0.000330	2.661377	-0.000330	0.998512	0.763306	
788	0.998512	0.000330	2.661377	-0.000330	0.998512	0.763306	
789	0.998512	0.000330	2.661377	-0.000330	0.998512	0.763306	
790	0.998512	0.000330	2.661377	-0.000330	0.998512	0.763306	
791	0.998512	0.000330	2.661377	-0.000330	0.998512	0.763306	
792	0.998512	0.000330	2.661377	-0.000330	0.998512	0.763306	
793	0.998512	0.000330	2.661377	-0.000330	0.998512	0.763306	
794	0.998512	0.000330	2.661377	-0.000330	0.998512	0.763306	
795	0.998512	0.000330	2.661377	-0.000330	0.998512	0.763306	
796	0.998512	0.000330	2.661377	-0.000330	0.998512	0.763306	
797	0.998512	0.000330	2.661377	-0.000330	0.998512	0.763306	
798	0.998512	0.000330	2.661377	-0.000330	0.998512	0.763306	
799	0.998512	0.000330	2.661377	-0.000330	0.998512	0.763306	
800	0.998512	0.000330	2.661377	-0.000330	0.998512	0.763306	
801	0.998512	0.000330	2.661377	-0.000330	0.998512	0.763306	
802	0.998512	0.000330	2.661377	-0.000330	0.998512	0.763306	
803	0.998512	0.000330	2.661377	-0.000330	0.998512	0.763306	
804	0.998512	0.000330	2.661377	-0.000330	0.998512	0.763306	
805	0.998512	0.000330	2.661377	-0.000330	0.998512	0.763306	
806	0.998512	0.000330	2.661377	-0.000330	0.998512	0.763306	
807	0.998512	0.000330	2.661377	-0.000330	0.998512	0.763306	
808	0.998512	0.000330	2.661377	-0.000330	0.998512	0.763306	
809	0.998512	0.000330	2.661377	-0.000330	0.998512	0.763306	
810	0.998512	0.000330	2.661377	-0.000330	0.998512	0.763306	
811	0.998512	0.000330	2.661377	-0.000330	0.998512	0.763306	
812	0.998512	0.000330	2.661377	-0.000330	0.998512	0.763306	
813	0.998512	0.000330	2.661377	-0.000330	0.998512	0.763306	
814	0.998512	0.000330	2.661377	-0.000330	0.998512	0.763306	
815	0.998512	0.000330	2.661377	-0.000330	0.998512	0.763306	
816	0.998512	0.000330	2.661377	-0.000330	0.998512	0.763306	
817	0.998512	0.000330	2.661377	-0.000330	0.998512	0.763306	
818	0.998512	0.000330	2.661377	-0.000330	0.998512	0.763306	
819	0.998512	0.000330	2.661377	-0.000330	0.998512	0.763306	
820	0.998512	0.000330	2.661377	-0.000330	0.998512	0.763306	
821	0.998512	0.000330	2.661377	-0.000330	0.998512	0.763306	
822	0.994821	-0.002308	5.205200	0.002308	0.994821	0.920837	
823	0.994821	-0.002308	5.205200	0.002308	0.994821	0.920837	
824	0.994821	-0.002308	5.205200	0.002308	0.994821	0.920837	
825	0.994821	-0.002308	5.205200	0.002308	0.994821	0.920837	
826	0.994821	-0.002308	5.205200	0.002308	0.994821	0.920837	
827	0.994821	-0.002308	5.205200	0.002308	0.994821	0.920837	
828	0.994821	-0.002308	5.205200	0.002308	0.994821	0.920837	
829	0.994821	-0.002308	5.205200	0.002308	0.994821	0.920837	
830	0.994821	-0.002308	5.205200	0.002308	0.994821	0.920837	
831	0.994821	-0.002308	5.205200	0.002308	0.994821	0.920837	
832	0.990041	-0.002291	10.108887	0.002291	0.990041	4.400330	
833	0.990041	-0.002291	10.108887	0.002291	0.990041	4.400330	
834	0.990041	-0.002291	10.108887	0.002291	0.990041	4.400330	
835	0.990041	-0.002291	10.108887	0.002291	0.990041	4.400330	
836	0.990041	-0.002291	10.108887	0.002291	0.990041	4.400330	
837	0.994463	-0.001043	4.280457	0.001043	0.994463	2.458130	
838	0.994463	-0.001043	4.280457	0.001043	0.994463	2.458130	
839	0.996682	-0.001135	2.808899	0.001135	0.996682	-0.389587	
840	0.995509	-0.001328	3.684143	0.001328	0.995509	0.734497	
841	0.995509	-0.001328	3.684143	0.001328	0.995509	0.734497	
842	0.995509	-0.001328	3.684143	0.001328	0.995509	0.734497	
843	0.995509	-0.001328	3.684143	0.001328	0.995509	0.734497	
844	0.995509	-0.001328	3.684143	0.001328	0.995509	0.734497	
845	0.995509	-0.001328	3.684143	0.001328	0.995509	0.734497	
846	0.995509	-0.001328	3.684143	0.001328	0.995509	0.734497	
847	0.995509	-0.001328	3.684143	0.001328	0.995509	0.734497	
848	0.995509	-0.001328	3.684143	0.001328	0.995509	0.734497	
849	0.995509	-0.001328	3.684143	0.001328	0.995509	0.734497	
850	0.997394	0.002528	1.609680	-0.002528	0.997394	4.744568	
851	0.997394	0.002528	1.609680	-0.002528	0.997394	4.744568	
852	0.997394	0.002528	1.609680	-0.002528	0.997394	4.744568	
853	0.997394	0.002528	1.609680	-0.002528	0.997394	4.744568	
854	1.001564	-0.001644	3.605652	0.001644	1.001564	-0.405396	
855	1.005058	0.001220	-2.765503	-0.001220	1.005058	-1.488342	
856	1.005535	0.002248	-0.739563	-0.002248	1.005535	-0.588318	
857	1.002371	-0.000096	4.006226	0.000096	1.002371	1.178345	
858	1.002371	-0.000096	4.006226	0.000096	1.002371	1.178345	
859	1.000425	-0.000283	4.476562	0.000283	1.000425	2.573914	
860	1.002743	-0.000287	3.104553	0.000287	1.002743	0.061279	
861	0.999175	0.001250	4.924561	-0.001250	0.999175	5.067841	
862	0.999165	-0.000029	5.521667	0.000029	0.999165	1.953613	
863	0.999165	-0.000029	5.521667	0.000029	0.999165	1.953613	
864	0.999165	-0.000029	5.521667	0.000029	0.999165	1.953613	
865	0.999165	-0.000029	5.521667	0.000029	0.999165	1.953613	
866	0.999165	-0.000029	5.521667	0.000029	0.999165	1.953613	
867	0.999165	-0.000029	5.521667	0.000029	0.999165	1.953613	
868	0.999165	-0.000029	5.521667	0.000029	0.999165	1.953613	
869	0.999165	-0.000029	5.521667	0.000029	0.999165	1.953613	
870	0.999165	-0.000029	5.521667	0.000029	0.999165	1.953613	
871	0.999165	-0.000029	5.521667	0.000029	0.999165	1.953613	
872	0.999165	-0.000029	5.521667	0.000029	0.999165	1.953613	
873	0.999165	-0.000029	5.521667	0.000029	0.999165	1.953613	
874	0.999165	-0.000029	5.521667	0.000029	0.999165	1.953613	
875	0.999165	-0.000029	5.521667	0.000029	0.999165	1.953613	
876	0.999165	-0.000029	5.521667	0.000029	0.999165	1.953613	
877	0.999165	-0.000029	5.521667	0.000029	0.999165	1.953613	
878	0.999165	-0.000029	5.521667	0.000029	0.999165	1.953613	
879	0.999165	-0.000029	5.521667	0.000029	0.999165	1.953613	
880	0.999165	-0.000029	5.521667	0.000029	0.999165	1.953613	
881	0.999165	-0.000029	5.521667	0.000029	0.999165	1.953613	
882	0.999165	-0.000029	5.521667	0.000029	0.999165	1.953613	
883	0.999165	-0.000029	5.521667	0.000029	0.999165	1.953613	
884	0.999165	-0.000029	5.521667	0.000029	0.999165	1.953613	
885	0.999165	-0.000029	5.521667	0.000029	0.999165	1.953613	
886	0.999165	-0.000029	5.521667	0.000029	0.999165	1.953613	
887	0.999165	-0.000029	5.521667	0.000029	0.999165	1.953613	
888	0.999165	-0.000029	5.521667	0.000029	0.999165	1.953613	
889	0.999165	-0.000029	5.521667	0.000029	0.999165	1.953613	
890	0.999165	-0.000029	5.521667	0.000029	0.999165	1.953613	
891	0.999165	-0.000029	5.521667	0.000029	0.999165	1.953613	
892	0.999165	-0.000029	5.521667	0.000029	0.999165	1.953613	
893	0.999165	-0.000029	5.521667	0.000029	0.999165	1.953613	
894	0.999165	-0.000029	5.521667	0.000029	0.999165	1.953613	
895	0.999165	-0.000029	5.521667	0.000029	0.999165	1.953613	
896	0.999165	-0.000029	5.521667	0.000029	0.999165	1.953613	
897	0.999165	-0.000029	5.521667	0.000029	0.999165	1.953613	
898	0.999165	-0.000029	5.521667	0.000029	0.999165	1.953613	
899	0.999165	-0.000029	5.521667	0.000029	0.999165	1.953613	
900	0.999165	-0.000029	5.521667	0.000029	0.999165	1.953613	
901	0.999165	-0.000029	5.521667	0.000029	0.999165	1.953613	
902	0.999165	-0.000029	5.521667	0.000029	0.999165	1.953613	
903	0.999165	-0.000029	5.521667	0.000029	0.999165	1.953613	
904	0.999165	-0.000029	5.521667	0.000029	0.999165	1.953613	
905	0.999165	-0.000029	5.521667	0.000029	0.999165	1.953613	
906	0.999165	-0.000029	5.521667	0.000029	0.999165	1.953613	
907	0.999165	-0.000029	5.521667	0.000029	0.999165	1.953613	
908	0.999165	-0.000029	5.521667	0.000029	0.999165	1.953613	
909	0.999165	-0.000029	5.521667	0.000029	0.999165	1.953613	
910	0.999165	-0.000029	5.521667	0.000029	0.999165	1.953613	
911	0.999165	-0.000029	5.521667	0.000029	0.999165	1.953613	
912	0.999165	-0.000029	5.521667	0.000029	0.999165	1.953613	
913	0.999165	-0.000029	5.521667	0.000029	0.999165	1.953613	
914	0.999165	-0.000029	5.521667	0.000029	0.999165	1.953613	
915	0.999165	-0.000029	5.521667	0.000029	0.999165	1.953613	
916	0.999165	-0.000029	5.521667	0.000029	0.999165	1.953613	
917	0.999165	-0.000029	5.521667	0.000029	0.999165	1.953613	
918	0.999165	-0.000029	5.521667	0.000029	0.999165	1.953613	
919	0.999165	-0.000029	5.521667	0.000029	0.999165	1.953613	
920	0.999165	-0.000029	5.521667	0.000029	0.999165	1.953613	
921	0.999165	-0.000029	5.521667	0.000029	0.999165	1.953613	
922	0.999165	-0.000029	5.521667	0.000029	0.999165	1.953613	
923	0.999165	-0.000029	5.521667	0.000029	0.999165	1.953613	
924	0.999165	-0.000029	5.521667	0.000029	0.999165	1.953613	
925	0.999165	-0.000029	5.521667	0.000029	0.999165	1.953613	
926	0.999165	-0.000029	5.521667	0.000029	0.999165	1.953613	
927	0.999165	-0.000029	5.521667	0.000029	0.999165	1.953613	
928	0.999165	-0.000029	5.521667	0.000029	0.999165	1.953613	
929	0.999165	-0.000029	5.521667	0.000029	0.999165	1.953613	
930	0.999165	-0.000029	5.521667	0.000029	0.999165	1.953613	
931	0.999165	-0.000029	5.521667	0.000029	0.999165	1.953613	
932	0.999165	-0.000029	5.521667	0.000029	0.999165	1.953613	
933	0.999165	-0.000029	5.521667	0.000029	0.999165	1.953613	
934	0.999165	-0.000029	5.521667	0.000029	0.999165	1.953613	
935	0.999165	-0.000029	5.521667	0.000029	0.999165	1.953613	
936	0.999165	-0.000029	5.521667	0.000029	0.999165	1.953613	
937	0.999165	-0.000029	5.521667	0.000029	0.999165	1.953613	
938	0.999165	-0.000029	5.521667	0.000029	0.999165	1.953613	
939	0.999165	-0.000029	5.521667	0.000029	0.999165	1.953613	
940	0.999165	-0.000029	5.521667	0.000029	0.999165	1.953613	
941	0.999165	-0.000029	5.521667	0.000029	0.999165	1.953613	
942	0.999165	-0.000029	5.521667	0.000029	0.999165	1.953613	
943	0.999165	-0.000029	5.521667	0.000029	0.999165	1.953613	
944	0.999165	-0.000029	5.521667	0.000029	0.999165	1.953613	
945	0.999165	-0.000029	5.521667	0.000029	0.999165	1.953613	
946	0.999165	-0.000029	5.521667	0.000029	0.999165	1.953613	
947	0.999165	-0.000029	5.521667	0.000029	0.999165	1.953613	
948	0.999165	-0.000029	5.521667	0.000029	0.999165	1.953613	
949	0.999165	-0.000029	5.521667	0.000029	0.999165	1.953613	
950	0.999165	-0.000029	5.521667	0.000029	0.999165	1.953613	
951	0.999165	-0.000029	5.521667	0.000029	0.999165	1.953613	
952	0.999165	-0.000029	5.521667	0.000029	0.999165	1.953613	
953	0.999165	-0.000029	5.521667	0.000029	0.999165	1.953613	
954	0.999165	-0.000029	5.521667	0.000029	0.999165	1.953613	
955	0.999165	-0.000029	5.521667	0.000029	0.999165	1.953613	
956	0.999165	-0.000029	5.521667	0.000029	0.999165	1.953613	
957	0.999165	-0.000029	5.521667	0.000029	0.999165	1.953613	
958	0.999165	-0.000029	5.521667	0.000029	0.999165	1.953613	
959	0.999165	-0.000029	5.521667	0.000029	0.999165	1.953613	
960	0.999165	-0.000029	5.521667	0.000029	0.999165	1.953613	
961	0.999165	-0.000029	5.521667	0.000029	0.999165	1.953613	
962	0.999165	-0.000029	5.521667	0.000029	0.999165	1.953613	
963	0.999165	-0.000029	5.521667	0.000029	0.999165	1.953613	
964	0.999165	-0.000029	5.521667	0.000029	0.999165	1.953613	
965	0.999165	-0.000029	5.521667	0.000029	0.999165	1.953613	
966	0.999165	-0.000029	5.521667	0.000029	0.999165	1.953613	
967	0.999165	-0.000029	5.521667	0.000029	0.999165	1.953613	
968	0.999165	-0.000029	5.521667	0.000029	0.999165	1.953613	
969	0.999165	-0.000029	5.521667	0.000029	0.999165	1.953613	
970	0.999165	-0.000029	5.521667	0.000029	0.999165	1.953613	
971	0.998063	0.000215	-2.769531	-0.000215	0.998063	8.045959	
972	0.998063	0.000215	-2.769531	-0.000215	0.998063	8.045959	
973	0.998063	0.000215	-2.769531	-0.000215	0.998063	8.045959	
974	0.998063	0.000215	-2.769531	-0.000215	0.998063	8.045959	
975	0.998063	0.000215	-2.769531	-0.000215	0.998063	8.045959	
976	0.998063	0.000215	-2.769531	-0.000215	0.998063	8.045959	
977	0.998063	0.000215	-2.769531	-0.000215	0.998063	8.045959	
978	0.998063	0.000215	-2.769531	-0.000215	0.998063	8.045959	
979	0.998063	0.000215	-2.769531	-0.000215	0.998063	8.045959	
980	0.998063	0.000215	-2.769531	-0.000215	0.998063	8.045959	
981	0.998063	0.000215	-2.769531	-0.000215	0.998063	8.045959	
982	0.998063	0.000215	-2.769531	-0.000215	0.998063	8.045959	
983	0.998063	0.000215	-2.769531	-0.000215	0.998063	8.045959	
984	0.998063	0.000215	-2.769531	-0.000215	0.998063	8.045959	
985	0.998063	0.000215	-2.769531	-0.000215	0.998063	8.045959	
986	0.998063	0.000215	-2.769531	-0.000215	0.998063	8.045959	
987	0.998063	0.000215	-2.769531	-0.000215	0.998063	8.045959	
988	0.998063	0.000215	-2.769531	-0.000215	0.998063	8.045959	
989	0.998063	0.000215	-2.769531	-0.000215	0.998063	8.045959	
990	0.998063	0.000215	-2.769531	-0.000215	0.998063	8.045959	
991	0.998063	0.000215	-2.769531	-0.000215	0.998063	8.045959	
992	0.998063	0.000215	-2.769531	-0.000215	0.998063	8.045959	
993	1.013858	0.000157	-20.026794	-0.000157	1.013858	-14.341309	
994	1.013858	0.000157	-20.026794	-0.000157	1.013858	-14.341309	
995	1.013858	0.000157	-20.026794	-0.000157	1.013858	-14.341309	
996	0.965113	-0.047484	75.241150	0.047484	0.965113	-21.753906	
997	0.965113	-0.047484	75.241150	0.047484	0.965113	-21.753906	
998	0.989850	-0.068384	58.120056	0.068384	0.989850	-59.955688	
999	0.989850	-0.068384	58.120056	0.068384	0.989850	-59.955688	
1000	0.989850	-0.068384	58.120056	0.068384	0.989850	-59.955688	
1001	0.989850	-0.068384	58.120056	0.068384	0.989850	-59.955688	
1002	0.989850	-0.068384	58.120056	0.068384	0.989850	-59.955688	
1003	0.989850	-0.068384	58.120056	0.068384	0.989850	-59.955688	
1004	0.989850	-0.068384	58.120056	0.068384	0.989850	-59.955688	
1005	0.989850	-0.068384	58.120056	0.068384	0.989850	-59.955688	
1006	0.971695	-0.007318	37.919312	0.007318	0.971695	10.528015	
1007	0.971695	-0.007318	37.919312	0.007318	0.971695	10.528015	
1008	1.000240	-0.020843	3.771484	0.020843	1.000240	-23.503296	
1009	1.000240	-0.020843	3.771484	0.020843	1.000240	-23.503296	
1010	1.000240	-0.020843	3.771484	0.020843	1.000240	-23.503296	
1011	1.000240	-0.020843	3.771484	0.020843	1.000240	-23.503296	
1012	1.000240	-0.020843	3.771484	0.020843	1.000240	-23.503296	
1013	1.000240	-0.020843	3.771484	0.020843	1.000240	-23.503296	
1014	1.000240	-0.020843	3.771484	0.020843	1.000240	-23.503296	
1015	1.000240	-0.020843	3.771484	0.020843	1.000240	-23.503296	
1016	1.000240	-0.020843	3.771484	0.020843	1.000240	-23.503296	
1017	1.000240	-0.020843	3.771484	0.020843	1.000240	-23.503296	
1018	1.000240	-0.020843	3.771484	0.020843	1.000240	-23.503296	
1019	1.000240	-0.020843	3.771484	0.020843	1.000240	-23.503296	
1020	1.000240	-0.020843	3.771484	0.020843	1.000240	-23.503296	
1021	1.000240	-0.020843	3.771484	0.020843	1.000240	-23.503296	
1022	1.000240	-0.020843	3.771484	0.020843	1.000240	-23.503296	
1023	1.000240	-0.020843	3.771484	0.020843	1.000240	-23.503296	
1024	1.000240	-0.020843	3.771484	0.020843	1.000240	-23.503296	
1025	1.000240	-0.020843	3.771484	0.020843	1.000240	-23.503296	
1026	1.000240	-0.020843	3.771484	0.020843	1.000240	-23.503296	
1027	1.000240	-0.020843	3.771484	0.020843	1.000240	-23.503296	
1028	1.000240	-0.020843	3.771484	0.020843	1.000240	-23.503296	
1029	1.000240	-0.020843	3.771484	0.020843	1.000240	-23.503296	
1030	1.000240	-0.020843	3.771484	0.020843	1.000240	-23.503296	
1031	1.000240	-0.020843	3.771484	0.020843	1.000240	-23.503296	
1032	0.982749	-0.009515	24.491821	0.009515	0.982749	1.635818	
1033	0.982749	-0.009515	24.491821	0.009515	0.982749	1.635818	
1034	0.982749	-0.009515	24.491821	0.009515	0.982749	1.635818	
1035	0.982749	-0.009515	24.491821	0.009515	0.982749	1.635818	
1036	0.982749	-0.009515	24.491821	0.009515	0.982749	1.635818	
1037	0.982749	-0.009515	24.491821	0.009515	0.982749	1.635818	
1038	0.982749	-0.009515	24.491821	0.009515	0.982749	1.635818	
1039	0.982749	-0.009515	24.491821	0.009515	0.982749	1.635818	
1040	0.982749	-0.009515	24.491821	0.009515	0.982749	1.635818	
1041	0.982749	-0.009515	24.491821	0.009515	0.982749	1.635818	
1042	0.982749	-0.009515	24.491821	0.009515	0.982749	1.635818	
1043	0.982749	-0.009515	24.491821	0.009515	0.982749	1.635818	
1044	0.982749	-0.009515	24.491821	0.009515	0.982749	1.635818	
1045	0.982749	-0.009515	24.491821	0.009515	0.982749	1.635818	
1046	0.982749	-0.009515	24.491821	0.009515	0.982749	1.635818	
1047	0.982749	-0.009515	24.491821	0.009515	0.982749	1.635818	
1048	0.982749	-0.009515	24.491821	0.009515	0.982749	1.635818	
1049	0.982749	-0.009515	24.491821	0.009515	0.982749	1.635818	
1050	0.982749	-0.009515	24.491821	0.009515	0.982749	1.635818	
1051	0.982749	-0.009515	24.491821	0.009515	0.982749	1.635818	
1052	0.982749	-0.009515	24.491821	0.009515	0.982749	1.635818	
1053	0.982749	-0.009515	24.491821	0.009515	0.982749	1.635818	
1054	0.982749	-0.009515	24.491821	0.009515	0.982749	1.635818	
1055	0.996741	0.000682	-1.658325	-0.000682	0.996741	3.001160	
1056	0.996741	0.000682	-1.658325	-0.000682	0.996741	3.001160	
1057	0.996741	0.000682	-1.658325	-0.000682	0.996741	3.001160	
1058	0.994698	0.000320	4.053955	-0.000320	0.994698	4.994812	
1059	0.994698	0.000320	4.053955	-0.000320	0.994698	4.994812	
1060	0.996308	0.000015	3.924927	-0.000015	0.996308	1.109619	
1061	0.990270	-0.002241	7.313354	0.002241	0.990270	3.532715	
1062	0.997116	0.000176	2.168091	-0.000176	0.997116	0.728699	
1063	0.997667	0.000607	2.864502	-0.000607	0.997667	2.018066	
1064	0.997667	0.000607	2.864502	-0.000607	0.997667	2.018066	
1065	0.999607	0.001872	1.248596	-0.001872	0.999607	1.892761	
1066	0.999933	0.000595	2.583374	-0.000595	0.999933	2.003906	
1067	0.999462	0.000447	2.199829	-0.000447	0.999462	1.207153	
1068	1.000799	0.000921	1.468018	-0.000921	1.000799	-0.864624	
1069	1.000799	0.000921	1.468018	-0.000921	1.000799	-0.864624	
1070	0.998588	-0.000668	7.051636	0.000668	0.998588	0.131226	
1071	0.998588	-0.000668	7.051636	0.000668	0.998588	0.131226	
1072	0.998588	-0.000668	7.051636	0.000668	0.998588	0.131226	
1073	0.998588	-0.000668	7.051636	0.000668	0.998588	0.131226	
1074	0.998588	-0.000668	7.051636	0.000668	0.998588	0.131226	
1075	0.998588	-0.000668	7.051636	0.000668	0.998588	0.131226	
1076	0.998588	-0.000668	7.051636	0.000668	0.998588	0.131226	
1077	0.998588	-0.000668	7.051636	0.000668	0.998588	0.131226	
1078	0.998588	-0.000668	7.051636	0.000668	0.998588	0.131226	
1079	0.998588	-0.000668	7.051636	0.000668	0.998588	0.131226	
1080	0.998588	-0.000668	7.051636	0.000668	0.998588	0.131226	
1081	0.998588	-0.000668	7.051636	0.000668	0.998588	0.131226	
1082	0.998588	-0.000668	7.051636	0.000668	0.998588	0.131226	
1083	0.998588	-0.000668	7.051636	0.000668	0.998588	0.131226	
1084	0.998588	-0.000668	7.051636	0.000668	0.998588	0.131226	
1085	0.998588	-0.000668	7.051636	0.000668	0.998588	0.131226	
1086	0.998588	-0.000668	7.051636	0.000668	0.998588	0.131226	
1087	0.998588	-0.000668	7.051636	0.000668	0.998588	0.131226	
1088	0.998588	-0.000668	7.051636	0.000668	0.998588	0.131226	
1089	0.998588	-0.000668	7.051636	0.000668	0.998588	0.131226	
1090	0.998588	-0.000668	7.051636	0.000668	0.998588	0.131226	
1091	0.998588	-0.000668	7.051636	0.000668	0.998588	0.131226	
1092	0.998588	-0.000668	7.051636	0.000668	0.998588	0.131226	
1093	0.998588	-0.000668	7.051636	0.000668	0.998588	0.131226	
1094	0.998588	-0.000668	7.051636	0.000668	0.998588	0.131226	
1095	0.998588	-0.000668	7.051636	0.000668	0.998588	0.131226	
1096	0.998588	-0.000668	7.051636	0.000668	0.998588	0.131226	
1097	1.003570	-0.001543	0.851318	0.001543	1.003570	-3.081116	
1098	1.006645	0.005606	-9.366455	-0.005606	1.006645	4.500916	
1099	0.998187	0.002741	4.897095	-0.002741	0.998187	7.725342	
1100	0.998187	0.002741	4.897095	-0.002741	0.998187	7.725342	
1101	0.998187	0.002741	4.897095	-0.002741	0.998187	7.725342	
1102	1.003699	0.000659	0.734253	-0.000659	1.003699	-2.063538	
1103	1.003699	0.000659	0.734253	-0.000659	1.003699	-2.063538	
1104	1.003699	0.000659	0.734253	-0.000659	1.003699	-2.063538	
1105	1.003699	0.000659	0.734253	-0.000659	1.003699	-2.063538	
1106	1.003699	0.000659	0.734253	-0.000659	1.003699	-2.063538	
1107	1.003699	0.000659	0.734253	-0.000659	1.003699	-2.063538	
1108	1.003699	0.000659	0.734253	-0.000659	1.003699	-2.063538	
1109	1.003699	0.000659	0.734253	-0.000659	1.003699	-2.063538	
1110	1.003699	0.000659	0.734253	-0.000659	1.003699	-2.063538	
1111	1.003699	0.000659	0.734253	-0.000659	1.003699	-2.063538	
1112	1.003699	0.000659	0.734253	-0.000659	1.003699	-2.063538	
1113	1.003699	0.000659	0.734253	-0.000659	1.003699	-2.063538	
1114	1.003699	0.000659	0.734253	-0.000659	1.003699	-2.063538	
1115	1.003699	0.000659	0.734253	-0.000659	1.003699	-2.063538	
1116	1.004062	0.001352	-0.128052	-0.001352	1.004062	-2.995667	
1117	1.000685	0.001699	5.309082	-0.001699	1.000685	-0.096680	
1118	1.001545	0.001909	4.183838	-0.001909	1.001545	-0.369507	
1119	1.006292	-0.000367	-2.614258	0.000367	1.006292	-6.995911	
1120	1.006292	-0.000367	-2.614258	0.000367	1.006292	-6.995911	
1121	1.006292	-0.000367	-2.614258	0.000367	1.006292	-6.995911	
1122	1.006292	-0.000367	-2.614258	0.000367	1.006292	-6.995911	
1123	1.006292	-0.000367	-2.614258	0.000367	1.006292	-6.995911	
1124	1.006292	-0.000367	-2.614258	0.000367	1.006292	-6.995911	
1125	1.006292	-0.000367	-2.614258	0.000367	1.006292	-6.995911	
1126	1.006292	-0.000367	-2.614258	0.000367	1.006292	-6.995911	
1127	1.006292	-0.000367	-2.614258	0.000367	1.006292	-6.995911	
1128	1.006292	-0.000367	-2.614258	0.000367	1.006292	-6.995911	
1129	1.006292	-0.000367	-2.614258	0.000367	1.006292	-6.995911	
1130	1.006292	-0.000367	-2.614258	0.000367	1.006292	-6.995911	
1131	1.006292	-0.000367	-2.614258	0.000367	1.006292	-6.995911	
1132	1.006292	-0.000367	-2.614258	0.000367	1.006292	-6.995911	
1133	1.006292	-0.000367	-2.614258	0.000367	1.006292	-6.995911	
1134	1.006292	-0.000367	-2.614258	0.000367	1.006292	-6.995911	
1135	1.006292	-0.000367	-2.614258	0.000367	1.006292	-6.995911	
1136	1.009510	-0.001675	-10.837158	0.001675	1.009510	-9.457397	
1137	1.009510	-0.001675	-10.837158	0.001675	1.009510	-9.457397	
1138	1.009510	-0.001675	-10.837158	0.001675	1.009510	-9.457397	
1139	1.009510	-0.001675	-10.837158	0.001675	1.009510	-9.457397	
1140	1.009510	-0.001675	-10.837158	0.001675	1.009510	-9.457397	
1141	1.009510	-0.001675	-10.837158	0.001675	1.009510	-9.457397	
1142	1.009510	-0.001675	-10.837158	0.001675	1.009510	-9.457397	
1143	1.009510	-0.001675	-10.837158	0.001675	1.009510	-9.457397	
1144	1.009510	-0.001675	-10.837158	0.001675	1.009510	-9.457397	
1145	1.009510	-0.001675	-10.837158	0.001675	1.009510	-9.457397	
1146	1.009510	-0.001675	-10.837158	0.001675	1.009510	-9.457397	
1147	1.009510	-0.001675	-10.837158	0.001675	1.009510	-9.457397	
1148	1.009510	-0.001675	-10.837158	0.001675	1.009510	-9.457397	
1149	1.009510	-0.001675	-10.837158	0.001675	1.009510	-9.457397	
1150	1.009510	-0.001675	-10.837158	0.001675	1.009510	-9.457397	
1151	1.009510	-0.001675	-10.837158	0.001675	1.009510	-9.457397	
1152	1.009510	-0.001675	-10.837158	0.001675	1.009510	-9.457397	
1153	1.009510	-0.001675	-10.837158	0.001675	1.009510	-9.457397	
1154	1.000134	-0.000524	7.636475	0.000524	1.000134	-0.795593	
1155	1.000134	-0.000524	7.636475	0.000524	1.000134	-0.795593	
1156	1.000134	-0.000524	7.636475	0.000524	1.000134	-0.795593	
1157	1.000134	-0.000524	7.636475	0.000524	1.000134	-0.795593	
1158	1.000134	-0.000524	7.636475	0.000524	1.000134	-0.795593	
1159	1.000134	-0.000524	7.636475	0.000524	1.000134	-0.795593	
1160	1.000134	-0.000524	7.636475	0.000524	1.000134	-0.795593	
1161	1.000134	-0.000524	7.636475	0.000524	1.000134	-0.795593	
1162	1.000134	-0.000524	7.636475	0.000524	1.000134	-0.795593	
1163	1.000134	-0.000524	7.636475	0.000524	1.000134	-0.795593	
1164	1.000134	-0.000524	7.636475	0.000524	1.000134	-0.795593	
1165	1.000134	-0.000524	7.636475	0.000524	1.000134	-0.795593	
1166	1.000134	-0.000524	7.636475	0.000524	1.000134	-0.795593	
1167	1.000134	-0.000524	7.636475	0.000524	1.000134	-0.795593	
1168	1.000134	-0.000524	7.636475	0.000524	1.000134	-0.795593	
1169	1.000134	-0.000524	7.636475	0.000524	1.000134	-0.795593	
1170	1.000134	-0.000524	7.636475	0.000524	1.000134	-0.795593	
1171	1.000134	-0.000524	7.636475	0.000524	1.000134	-0.795593	
1172	1.000134	-0.000524	7.636475	0.000524	1.000134	-0.795593	
1173	1.000134	-0.000524	7.636475	0.000524	1.000134	-0.795593	
1174	1.000134	-0.000524	7.636475	0.000524	1.000134	-0.795593	
1175	1.000134	-0.000524	7.636475	0.000524	1.000134	-0.795593	
1176	1.000134	-0.000524	7.636475	0.000524	1.000134	-0.795593	
1177	1.000134	-0.000524	7.636475	0.000524	1.000134	-0.795593	
1178	1.000134	-0.000524	7.636475	0.000524	1.000134	-0.795593	
1179	1.000134	-0.000524	7.636475	0.000524	1.000134	-0.795593	
1180	1.000134	-0.000524	7.636475	0.000524	1.000134	-0.795593	
1181	1.000134	-0.000524	7.636475	0.000524	1.000134	-0.795593	
1182	1.000134	-0.000524	7.636475	0.000524	1.000134	-0.795593	
1183	1.000134	-0.000524	7.636475	0.000524	1.000134	-0.795593	
1184	1.000134	-0.000524	7.636475	0.000524	1.000134	-0.795593	
1185	1.000134	-0.000524	7.636475	0.000524	1.000134	-0.795593	
1186	1.000134	-0.000524	7.636475	0.000524	1.000134	-0.795593	
1187	1.000134	-0.000524	7.636475	0.000524	1.000134	-0.795593	
1188	1.000134	-0.000524	7.636475	0.000524	1.000134	-0.795593	
1189	1.000134	-0.000524	7.636475	0.000524	1.000134	-0.795593	
1190	1.000134	-0.000524	7.636475	0.000524	1.000134	-0.795593	
1191	1.000134	-0.000524	7.636475	0.000524	1.000134	-0.795593	
1192	1.000134	-0.000524	7.636475	0.000524	1.000134	-0.795593	
1193	1.000134	-0.000524	7.636475	0.000524	1.000134	-0.795593	
1194	1.000134	-0.000524	7.636475	0.000524	1.000134	-0.795593	
1195	1.000134	-0.000524	7.636475	0.000524	1.000134	-0.795593	
1196	1.000134	-0.000524	7.636475	0.000524	1.000134	-0.795593	
1197	1.000134	-0.000524	7.636475	0.000524	1.000134	-0.795593	
1198	1.000134	-0.000524	7.636475	0.000524	1.000134	-0.795593	
1199	1.000134	-0.000524	7.636475	0.000524	1.000134	-0.795593	
1200	1.000134	-0.000524	7.636475	0.000524	1.000134	-0.795593	
1201	1.000134	-0.000524	7.636475	0.000524	1.000134	-0.795593	
1202	1.000134	-0.000524	7.636475	0.000524	1.000134	-0.795593	
